220,140,1091,626,366,293,1,-1,-1,-1
221,140,1084,599,358,288,1,-1,-1,-1
222,140,1076,577,350,283,1,-1,-1,-1
223,140,1065,554,343,279,1,-1,-1,-1
224,140,1058,534,335,273,1,-1,-1,-1
225,140,1046,513,328,267,1,-1,-1,-1
226,140,1035,495,321,262,1,-1,-1,-1
227,140,1025,478,316,257,1,-1,-1,-1
228,140,1014,462,309,251,1,-1,-1,-1
229,140,1003,446,303,245,1,-1,-1,-1
230,140,993,431,297,240,1,-1,-1,-1
231,140,985,418,291,235,1,-1,-1,-1
232,140,975,405,285,230,1,-1,-1,-1
233,140,966,393,279,225,1,-1,-1,-1
234,140,959,380,272,220,1,-1,-1,-1
235,140,951,369,266,215,1,-1,-1,-1
236,140,945,357,260,211,1,-1,-1,-1
237,140,939,348,255,207,1,-1,-1,-1
238,140,933,337,250,204,1,-1,-1,-1
239,140,927,326,245,200,1,-1,-1,-1
240,140,923,316,240,197,1,-1,-1,-1
241,140,922,307,235,193,1,-1,-1,-1
242,140,920,299,231,190,1,-1,-1,-1
243,140,918,292,226,187,1,-1,-1,-1
244,140,917,284,222,184,1,-1,-1,-1
245,140,916,277,218,181,1,-1,-1,-1
246,140,915,271,215,178,1,-1,-1,-1
247,140,914,266,211,176,1,-1,-1,-1
248,140,914,261,208,173,1,-1,-1,-1
249,140,913,256,204,170,1,-1,-1,-1
250,140,912,250,201,168,1,-1,-1,-1
251,140,911,245,197,165,1,-1,-1,-1
252,140,910,241,194,163,1,-1,-1,-1
253,140,909,237,191,161,1,-1,-1,-1
254,140,909,233,187,158,1,-1,-1,-1
255,140,908,229,184,155,1,-1,-1,-1
256,140,906,225,182,152,1,-1,-1,-1
257,140,904,222,179,149,1,-1,-1,-1
258,140,901,218,176,147,1,-1,-1,-1
259,140,900,215,174,144,1,-1,-1,-1
260,140,898,211,171,142,1,-1,-1,-1
261,140,896,207,169,139,1,-1,-1,-1
262,140,894,203,167,137,1,-1,-1,-1
263,140,892,199,165,135,1,-1,-1,-1
264,140,890,195,163,134,1,-1,-1,-1
265,140,890,191,160,132,1,-1,-1,-1
266,140,888,187,158,130,1,-1,-1,-1
267,140,887,184,156,128,1,-1,-1,-1
268,140,886,181,154,126,1,-1,-1,-1
269,140,884,177,152,124,1,-1,-1,-1
270,140,882,174,150,123,1,-1,-1,-1
271,140,881,170,148,121,1,-1,-1,-1
272,140,881,167,145,120,1,-1,-1,-1
273,140,881,165,143,118,1,-1,-1,-1
274,140,880,163,141,117,1,-1,-1,-1
275,140,880,160,139,115,1,-1,-1,-1
276,140,880,159,137,114,1,-1,-1,-1
277,140,879,156,136,112,1,-1,-1,-1
278,140,879,154,134,111,1,-1,-1,-1
279,140,878,151,132,110,1,-1,-1,-1
280,140,877,150,131,108,1,-1,-1,-1
281,140,876,148,129,107,1,-1,-1,-1
282,140,876,146,128,106,1,-1,-1,-1
283,140,875,144,126,105,1,-1,-1,-1
284,140,875,142,125,103,1,-1,-1,-1
285,140,875,139,124,102,1,-1,-1,-1
286,140,874,137,123,100,1,-1,-1,-1
287,140,873,136,122,99,1,-1,-1,-1
288,140,872,135,121,98,1,-1,-1,-1
289,140,871,131,120,97,1,-1,-1,-1
290,140,869,130,119,96,1,-1,-1,-1
291,140,868,127,119,96,1,-1,-1,-1
292,140,866,126,118,95,1,-1,-1,-1
293,140,865,123,118,95,1,-1,-1,-1
294,140,864,122,117,94,1,-1,-1,-1
295,140,863,120,117,93,1,-1,-1,-1
296,140,862,118,116,92,1,-1,-1,-1
297,140,862,117,116,91,1,-1,-1,-1
298,140,860,115,116,90,1,-1,-1,-1
299,140,860,115,115,89,1,-1,-1,-1
300,140,859,114,114,88,1,-1,-1,-1
301,140,857,112,114,87,1,-1,-1,-1
302,140,856,110,113,87,1,-1,-1,-1
303,140,855,108,112,87,1,-1,-1,-1
304,140,854,105,111,86,1,-1,-1,-1
305,140,854,103,110,86,1,-1,-1,-1
306,140,853,100,109,85,1,-1,-1,-1
307,140,850,99,109,85,1,-1,-1,-1
308,140,849,97,108,84,1,-1,-1,-1
309,140,848,96,108,83,1,-1,-1,-1
310,140,848,96,107,82,1,-1,-1,-1
311,140,847,95,108,81,1,-1,-1,-1
312,140,845,94,107,81,1,-1,-1,-1
313,140,844,92,107,80,1,-1,-1,-1
314,140,843,91,107,80,1,-1,-1,-1
315,140,841,90,106,80,1,-1,-1,-1
316,140,839,87,106,80,1,-1,-1,-1
317,140,839,85,106,80,1,-1,-1,-1
318,140,839,83,105,80,1,-1,-1,-1
319,140,838,82,105,79,1,-1,-1,-1
320,140,837,81,105,78,1,-1,-1,-1
321,140,837,80,104,78,1,-1,-1,-1
322,140,837,80,104,77,1,-1,-1,-1
323,140,836,78,103,77,1,-1,-1,-1
324,140,836,78,103,77,1,-1,-1,-1
325,140,836,77,102,76,1,-1,-1,-1
326,140,836,77,101,76,1,-1,-1,-1
327,140,837,76,101,75,1,-1,-1,-1
411,141,1378,99,209,181,1,-1,-1,-1
412,141,1367,100,217,180,1,-1,-1,-1
413,141,1355,103,225,178,1,-1,-1,-1
414,141,1345,105,235,178,1,-1,-1,-1
415,141,1337,106,245,177,1,-1,-1,-1
416,141,1331,108,254,176,1,-1,-1,-1
417,141,1326,109,264,176,1,-1,-1,-1
418,141,1319,110,273,174,1,-1,-1,-1
419,141,1313,110,281,173,1,-1,-1,-1
420,141,1308,112,286,171,1,-1,-1,-1
421,141,1304,112,291,170,1,-1,-1,-1
422,141,1296,114,295,168,1,-1,-1,-1
423,141,1288,115,299,168,1,-1,-1,-1
424,141,1275,117,304,167,1,-1,-1,-1
425,141,1264,117,310,167,1,-1,-1,-1
426,141,1257,118,315,167,1,-1,-1,-1
427,141,1252,119,319,167,1,-1,-1,-1
428,141,1248,119,323,167,1,-1,-1,-1
429,141,1245,118,327,167,1,-1,-1,-1
430,141,1243,119,329,166,1,-1,-1,-1
431,141,1242,119,331,166,1,-1,-1,-1
432,141,1242,119,333,166,1,-1,-1,-1
433,141,1242,119,334,165,1,-1,-1,-1
434,141,1242,119,334,165,1,-1,-1,-1
435,141,1243,120,335,164,1,-1,-1,-1
436,141,1243,121,335,164,1,-1,-1,-1
437,141,1243,121,335,164,1,-1,-1,-1
438,141,1243,121,335,163,1,-1,-1,-1
439,141,1243,121,335,163,1,-1,-1,-1
440,141,1243,121,335,163,1,-1,-1,-1
441,141,1243,121,335,163,1,-1,-1,-1
442,141,1243,121,335,162,1,-1,-1,-1
443,141,1243,120,335,162,1,-1,-1,-1
444,141,1244,120,335,162,1,-1,-1,-1
445,141,1245,120,335,162,1,-1,-1,-1
446,141,1245,120,335,162,1,-1,-1,-1
447,141,1244,120,335,162,1,-1,-1,-1
448,141,1244,120,334,161,1,-1,-1,-1
449,141,1244,121,334,161,1,-1,-1,-1
450,141,1244,121,334,161,1,-1,-1,-1
451,141,1243,121,334,161,1,-1,-1,-1
452,141,1243,121,333,161,1,-1,-1,-1
453,141,1243,121,333,161,1,-1,-1,-1
454,141,1244,121,333,161,1,-1,-1,-1
455,141,1244,121,332,160,1,-1,-1,-1
456,141,1245,121,332,160,1,-1,-1,-1
457,141,1245,121,333,160,1,-1,-1,-1
458,141,1245,121,333,161,1,-1,-1,-1
459,141,1244,120,333,161,1,-1,-1,-1
460,141,1244,120,334,161,1,-1,-1,-1
461,141,1245,120,334,161,1,-1,-1,-1
462,141,1245,121,334,161,1,-1,-1,-1
463,141,1245,121,334,161,1,-1,-1,-1
464,141,1244,121,334,161,1,-1,-1,-1
465,141,1244,121,334,160,1,-1,-1,-1
466,141,1244,122,334,160,1,-1,-1,-1
467,141,1244,122,334,160,1,-1,-1,-1
468,141,1245,122,333,160,1,-1,-1,-1
469,141,1245,122,332,160,1,-1,-1,-1
470,141,1246,122,332,160,1,-1,-1,-1
471,141,1247,122,331,160,1,-1,-1,-1
472,141,1246,122,331,160,1,-1,-1,-1
473,141,1246,122,330,160,1,-1,-1,-1
474,141,1247,122,330,160,1,-1,-1,-1
475,141,1248,122,330,159,1,-1,-1,-1
476,141,1247,122,329,159,1,-1,-1,-1
477,141,1247,123,329,159,1,-1,-1,-1
478,141,1247,122,329,159,1,-1,-1,-1
479,141,1248,122,329,159,1,-1,-1,-1
480,141,1247,122,329,159,1,-1,-1,-1
481,141,1247,122,329,159,1,-1,-1,-1
482,141,1247,122,330,159,1,-1,-1,-1
483,141,1247,122,330,159,1,-1,-1,-1
484,141,1248,122,330,160,1,-1,-1,-1
485,141,1247,122,330,160,1,-1,-1,-1
486,141,1246,122,330,160,1,-1,-1,-1
487,141,1246,122,330,160,1,-1,-1,-1
488,141,1247,122,330,160,1,-1,-1,-1
489,141,1247,122,330,160,1,-1,-1,-1
490,141,1247,122,330,160,1,-1,-1,-1
491,141,1247,122,330,160,1,-1,-1,-1
492,141,1247,122,330,160,1,-1,-1,-1
493,141,1248,121,330,160,1,-1,-1,-1
494,141,1248,122,330,159,1,-1,-1,-1
495,141,1249,121,329,159,1,-1,-1,-1
496,141,1249,121,329,159,1,-1,-1,-1
497,141,1249,121,329,159,1,-1,-1,-1
498,141,1249,121,329,159,1,-1,-1,-1
499,141,1249,121,329,159,1,-1,-1,-1
500,141,1249,121,329,159,1,-1,-1,-1
501,141,1249,121,329,159,1,-1,-1,-1
502,141,1248,120,329,159,1,-1,-1,-1
503,141,1248,121,329,159,1,-1,-1,-1
504,141,1249,121,329,159,1,-1,-1,-1
505,141,1249,122,328,159,1,-1,-1,-1
506,141,1249,122,328,159,1,-1,-1,-1
507,141,1249,122,328,159,1,-1,-1,-1
508,141,1250,123,328,159,1,-1,-1,-1
509,141,1250,122,327,159,1,-1,-1,-1
510,141,1250,122,327,158,1,-1,-1,-1
511,141,1250,121,327,158,1,-1,-1,-1
512,141,1250,121,327,159,1,-1,-1,-1
513,141,1250,121,327,159,1,-1,-1,-1
514,141,1250,121,327,159,1,-1,-1,-1
515,141,1250,121,326,159,1,-1,-1,-1
516,141,1250,121,326,159,1,-1,-1,-1
517,141,1250,121,326,159,1,-1,-1,-1
518,141,1250,121,326,159,1,-1,-1,-1
519,141,1251,121,326,159,1,-1,-1,-1
520,141,1250,121,326,159,1,-1,-1,-1
521,141,1251,121,326,159,1,-1,-1,-1
522,141,1251,121,326,159,1,-1,-1,-1
523,141,1251,121,326,158,1,-1,-1,-1
524,141,1250,122,325,158,1,-1,-1,-1
525,141,1250,122,325,158,1,-1,-1,-1
526,141,1250,122,325,158,1,-1,-1,-1
527,141,1251,123,325,158,1,-1,-1,-1
528,141,1250,122,324,158,1,-1,-1,-1
529,141,1250,123,324,158,1,-1,-1,-1
530,141,1250,123,324,157,1,-1,-1,-1
531,141,1250,123,324,157,1,-1,-1,-1
532,141,1250,124,323,157,1,-1,-1,-1
533,141,1249,124,324,156,1,-1,-1,-1
534,141,1245,125,324,156,1,-1,-1,-1
535,141,1240,125,324,155,1,-1,-1,-1
536,141,1233,126,325,155,1,-1,-1,-1
537,141,1226,128,324,154,1,-1,-1,-1
538,141,1220,130,323,154,1,-1,-1,-1
539,141,1215,130,322,154,1,-1,-1,-1
540,141,1208,130,322,154,1,-1,-1,-1
541,141,1201,130,321,154,1,-1,-1,-1
542,141,1193,132,320,154,1,-1,-1,-1
543,141,1181,135,319,154,1,-1,-1,-1
544,141,1168,137,318,154,1,-1,-1,-1
545,141,1154,139,318,153,1,-1,-1,-1
546,141,1138,141,318,153,1,-1,-1,-1
547,141,1122,143,317,153,1,-1,-1,-1
548,141,1106,144,317,153,1,-1,-1,-1
549,141,1086,146,317,153,1,-1,-1,-1
550,141,1065,148,317,152,1,-1,-1,-1
551,141,1056,149,317,152,1,-1,-1,-1
552,141,1040,150,318,152,1,-1,-1,-1
553,141,1020,152,319,153,1,-1,-1,-1
554,141,1002,152,321,153,1,-1,-1,-1
555,141,984,153,323,154,1,-1,-1,-1
556,141,969,155,324,154,1,-1,-1,-1
557,141,953,156,324,154,1,-1,-1,-1
558,141,935,157,324,154,1,-1,-1,-1
559,141,920,159,323,154,1,-1,-1,-1
560,141,904,161,320,155,1,-1,-1,-1
561,141,887,162,317,155,1,-1,-1,-1
562,141,869,164,312,155,1,-1,-1,-1
563,141,855,165,307,155,1,-1,-1,-1
564,141,840,167,302,155,1,-1,-1,-1
565,141,825,169,297,155,1,-1,-1,-1
566,141,811,171,293,155,1,-1,-1,-1
567,141,797,174,288,156,1,-1,-1,-1
568,141,784,176,284,156,1,-1,-1,-1
569,141,772,178,279,156,1,-1,-1,-1
570,141,759,181,274,157,1,-1,-1,-1
571,141,745,184,270,157,1,-1,-1,-1
572,141,733,187,266,157,1,-1,-1,-1
573,141,721,190,262,158,1,-1,-1,-1
574,141,708,192,258,159,1,-1,-1,-1
575,141,696,194,255,160,1,-1,-1,-1
576,141,686,197,252,161,1,-1,-1,-1
577,141,677,200,249,162,1,-1,-1,-1
578,141,667,203,247,164,1,-1,-1,-1
579,141,659,206,244,165,1,-1,-1,-1
580,141,650,210,242,166,1,-1,-1,-1
581,141,643,212,240,167,1,-1,-1,-1
582,141,637,216,238,168,1,-1,-1,-1
583,141,630,220,237,169,1,-1,-1,-1
584,141,624,223,236,170,1,-1,-1,-1
585,141,618,226,235,171,1,-1,-1,-1
586,141,613,230,234,171,1,-1,-1,-1
587,141,608,233,233,172,1,-1,-1,-1
588,141,603,236,233,174,1,-1,-1,-1
589,141,598,238,233,175,1,-1,-1,-1
590,141,595,241,233,178,1,-1,-1,-1
591,141,593,244,233,180,1,-1,-1,-1
592,141,592,247,234,183,1,-1,-1,-1
593,141,589,251,234,185,1,-1,-1,-1
594,141,587,258,236,188,1,-1,-1,-1
595,141,584,264,238,190,1,-1,-1,-1
596,141,582,267,239,193,1,-1,-1,-1
597,141,580,274,241,196,1,-1,-1,-1
598,141,579,279,243,199,1,-1,-1,-1
599,141,577,286,246,203,1,-1,-1,-1
600,141,574,294,248,206,1,-1,-1,-1
601,141,572,302,251,210,1,-1,-1,-1
602,141,569,308,254,213,1,-1,-1,-1
603,141,565,315,257,216,1,-1,-1,-1
604,141,561,324,260,220,1,-1,-1,-1
605,141,557,333,263,223,1,-1,-1,-1
606,141,555,343,266,226,1,-1,-1,-1
607,141,552,352,269,229,1,-1,-1,-1
608,141,547,363,273,232,1,-1,-1,-1
609,141,542,372,277,236,1,-1,-1,-1
610,141,538,381,281,239,1,-1,-1,-1
611,141,533,393,285,241,1,-1,-1,-1
612,141,528,404,289,244,1,-1,-1,-1
613,141,522,415,294,248,1,-1,-1,-1
614,141,515,429,298,251,1,-1,-1,-1
615,141,509,440,302,255,1,-1,-1,-1
616,141,502,453,307,259,1,-1,-1,-1
617,141,495,467,311,263,1,-1,-1,-1
618,141,490,479,315,268,1,-1,-1,-1
619,141,481,492,320,273,1,-1,-1,-1
620,141,474,505,324,278,1,-1,-1,-1
621,141,467,521,329,284,1,-1,-1,-1
622,141,456,538,333,290,1,-1,-1,-1
623,141,445,555,339,296,1,-1,-1,-1
624,141,434,573,344,303,1,-1,-1,-1
625,141,424,591,350,309,1,-1,-1,-1
626,141,412,610,356,315,1,-1,-1,-1
627,141,398,630,363,322,1,-1,-1,-1
628,141,384,652,371,328,1,-1,-1,-1
629,141,368,676,379,334,1,-1,-1,-1
630,141,347,700,388,340,1,-1,-1,-1
631,141,323,720,397,345,1,-1,-1,-1
632,141,303,737,406,348,1,-1,-1,-1
422,142,682,66,145,100,1,-1,-1,-1
423,142,683,67,145,100,1,-1,-1,-1
424,142,684,68,145,101,1,-1,-1,-1
425,142,685,69,144,101,1,-1,-1,-1
426,142,685,69,144,102,1,-1,-1,-1
427,142,686,71,144,103,1,-1,-1,-1
428,142,686,71,143,103,1,-1,-1,-1
429,142,686,72,142,104,1,-1,-1,-1
430,142,686,73,141,105,1,-1,-1,-1
431,142,686,73,141,106,1,-1,-1,-1
432,142,686,73,141,108,1,-1,-1,-1
433,142,686,74,140,109,1,-1,-1,-1
434,142,686,74,140,110,1,-1,-1,-1
435,142,686,74,140,111,1,-1,-1,-1
436,142,686,75,140,112,1,-1,-1,-1
437,142,685,76,139,113,1,-1,-1,-1
438,142,685,77,139,113,1,-1,-1,-1
439,142,685,78,139,113,1,-1,-1,-1
440,142,684,78,138,114,1,-1,-1,-1
441,142,684,79,138,114,1,-1,-1,-1
442,142,683,80,137,114,1,-1,-1,-1
443,142,682,81,137,115,1,-1,-1,-1
444,142,681,82,137,115,1,-1,-1,-1
445,142,680,84,137,116,1,-1,-1,-1
446,142,679,85,138,117,1,-1,-1,-1
447,142,677,87,138,118,1,-1,-1,-1
448,142,675,88,138,119,1,-1,-1,-1
449,142,674,88,138,120,1,-1,-1,-1
450,142,673,88,139,121,1,-1,-1,-1
451,142,672,88,140,122,1,-1,-1,-1
452,142,670,90,140,124,1,-1,-1,-1
453,142,668,92,141,124,1,-1,-1,-1
454,142,668,95,141,125,1,-1,-1,-1
455,142,667,97,142,125,1,-1,-1,-1
456,142,665,100,143,125,1,-1,-1,-1
457,142,664,103,143,125,1,-1,-1,-1
458,142,664,105,144,125,1,-1,-1,-1
459,142,663,108,144,125,1,-1,-1,-1
460,142,663,110,145,124,1,-1,-1,-1
461,142,661,113,145,124,1,-1,-1,-1
462,142,661,115,146,124,1,-1,-1,-1
463,142,659,117,147,124,1,-1,-1,-1
464,142,658,119,149,124,1,-1,-1,-1
465,142,657,120,150,124,1,-1,-1,-1
466,142,657,123,151,125,1,-1,-1,-1
467,142,657,124,152,126,1,-1,-1,-1
468,142,657,125,152,127,1,-1,-1,-1
469,142,657,127,153,127,1,-1,-1,-1
470,142,655,129,153,128,1,-1,-1,-1
471,142,655,130,154,129,1,-1,-1,-1
472,142,655,132,155,130,1,-1,-1,-1
473,142,655,134,155,130,1,-1,-1,-1
474,142,654,136,155,131,1,-1,-1,-1
475,142,654,137,156,132,1,-1,-1,-1
476,142,654,140,156,134,1,-1,-1,-1
477,142,654,143,157,135,1,-1,-1,-1
478,142,654,146,159,136,1,-1,-1,-1
479,142,653,149,160,137,1,-1,-1,-1
480,142,652,151,161,138,1,-1,-1,-1
481,142,651,154,162,139,1,-1,-1,-1
482,142,650,155,164,140,1,-1,-1,-1
483,142,649,158,165,140,1,-1,-1,-1
484,142,648,159,167,141,1,-1,-1,-1
485,142,647,162,168,142,1,-1,-1,-1
486,142,646,164,169,143,1,-1,-1,-1
487,142,644,167,171,145,1,-1,-1,-1
488,142,643,170,172,146,1,-1,-1,-1
489,142,642,173,173,147,1,-1,-1,-1
490,142,641,176,175,148,1,-1,-1,-1
491,142,641,179,176,149,1,-1,-1,-1
492,142,640,181,177,151,1,-1,-1,-1
493,142,638,184,179,153,1,-1,-1,-1
494,142,638,187,180,154,1,-1,-1,-1
495,142,637,189,182,156,1,-1,-1,-1
496,142,635,193,184,157,1,-1,-1,-1
497,142,635,197,185,158,1,-1,-1,-1
498,142,633,199,186,159,1,-1,-1,-1
499,142,632,203,188,160,1,-1,-1,-1
500,142,631,207,189,162,1,-1,-1,-1
501,142,631,211,190,163,1,-1,-1,-1
502,142,631,215,192,164,1,-1,-1,-1
503,142,629,218,194,165,1,-1,-1,-1
504,142,629,221,196,167,1,-1,-1,-1
505,142,628,225,198,168,1,-1,-1,-1
506,142,628,228,199,170,1,-1,-1,-1
507,142,627,231,201,171,1,-1,-1,-1
508,142,626,234,203,172,1,-1,-1,-1
509,142,624,237,206,174,1,-1,-1,-1
510,142,622,239,208,176,1,-1,-1,-1
511,142,620,242,210,178,1,-1,-1,-1
512,142,619,245,212,181,1,-1,-1,-1
513,142,618,249,214,182,1,-1,-1,-1
514,142,617,253,217,184,1,-1,-1,-1
515,142,615,257,219,187,1,-1,-1,-1
516,142,615,263,222,190,1,-1,-1,-1
517,142,613,268,225,193,1,-1,-1,-1
518,142,611,273,228,196,1,-1,-1,-1
519,142,610,278,231,199,1,-1,-1,-1
520,142,607,284,234,203,1,-1,-1,-1
521,142,605,291,237,206,1,-1,-1,-1
522,142,603,299,239,210,1,-1,-1,-1
523,142,601,306,242,213,1,-1,-1,-1
524,142,599,312,245,216,1,-1,-1,-1
525,142,597,319,247,219,1,-1,-1,-1
526,142,595,328,249,222,1,-1,-1,-1
527,142,593,335,252,225,1,-1,-1,-1
528,142,591,343,254,228,1,-1,-1,-1
529,142,589,352,257,231,1,-1,-1,-1
530,142,586,362,259,234,1,-1,-1,-1
531,142,583,372,262,237,1,-1,-1,-1
532,142,580,382,265,240,1,-1,-1,-1
533,142,575,391,268,242,1,-1,-1,-1
534,142,571,400,272,245,1,-1,-1,-1
535,142,567,411,276,247,1,-1,-1,-1
536,142,563,423,280,250,1,-1,-1,-1
537,142,560,434,283,253,1,-1,-1,-1
538,142,557,447,287,257,1,-1,-1,-1
539,142,552,459,292,261,1,-1,-1,-1
540,142,547,471,296,265,1,-1,-1,-1
541,142,540,485,300,270,1,-1,-1,-1
542,142,534,499,304,275,1,-1,-1,-1
543,142,526,514,309,280,1,-1,-1,-1
544,142,519,529,314,285,1,-1,-1,-1
545,142,510,544,320,290,1,-1,-1,-1
546,142,501,561,325,295,1,-1,-1,-1
547,142,490,579,331,301,1,-1,-1,-1
548,142,478,597,337,308,1,-1,-1,-1
549,142,467,616,343,314,1,-1,-1,-1
550,142,452,636,349,321,1,-1,-1,-1
551,142,436,657,355,326,1,-1,-1,-1
552,142,423,679,361,332,1,-1,-1,-1
553,142,406,701,367,337,1,-1,-1,-1
554,142,387,724,374,341,1,-1,-1,-1
555,142,365,742,380,343,1,-1,-1,-1
474,143,687,70,123,99,1,-1,-1,-1
475,143,687,70,124,101,1,-1,-1,-1
476,143,686,70,126,102,1,-1,-1,-1
477,143,686,71,126,103,1,-1,-1,-1
478,143,687,72,127,104,1,-1,-1,-1
479,143,687,72,128,106,1,-1,-1,-1
480,143,687,72,130,107,1,-1,-1,-1
481,143,686,72,131,109,1,-1,-1,-1
482,143,685,72,133,111,1,-1,-1,-1
483,143,685,73,134,113,1,-1,-1,-1
484,143,684,73,135,115,1,-1,-1,-1
485,143,683,73,136,116,1,-1,-1,-1
486,143,683,74,137,118,1,-1,-1,-1
487,143,683,74,138,118,1,-1,-1,-1
488,143,683,76,138,119,1,-1,-1,-1
489,143,682,77,139,119,1,-1,-1,-1
490,143,682,78,140,120,1,-1,-1,-1
491,143,680,80,141,120,1,-1,-1,-1
492,143,679,81,142,121,1,-1,-1,-1
493,143,678,81,143,121,1,-1,-1,-1
494,143,676,83,144,122,1,-1,-1,-1
495,143,675,85,145,123,1,-1,-1,-1
496,143,673,87,146,123,1,-1,-1,-1
497,143,671,88,147,124,1,-1,-1,-1
498,143,669,90,148,124,1,-1,-1,-1
499,143,667,91,150,125,1,-1,-1,-1
500,143,666,93,150,125,1,-1,-1,-1
501,143,665,95,150,125,1,-1,-1,-1
502,143,665,98,151,125,1,-1,-1,-1
503,143,663,101,151,126,1,-1,-1,-1
504,143,662,103,152,126,1,-1,-1,-1
505,143,660,107,152,126,1,-1,-1,-1
506,143,660,109,152,125,1,-1,-1,-1
507,143,658,112,153,126,1,-1,-1,-1
508,143,657,113,153,126,1,-1,-1,-1
509,143,656,116,153,127,1,-1,-1,-1
510,143,655,117,154,128,1,-1,-1,-1
511,143,654,119,155,128,1,-1,-1,-1
512,143,653,120,155,129,1,-1,-1,-1
513,143,652,122,156,130,1,-1,-1,-1
514,143,652,124,157,131,1,-1,-1,-1
515,143,649,126,158,132,1,-1,-1,-1
516,143,650,127,159,134,1,-1,-1,-1
517,143,649,129,160,135,1,-1,-1,-1
518,143,649,131,161,135,1,-1,-1,-1
519,143,649,133,162,136,1,-1,-1,-1
520,143,647,135,163,137,1,-1,-1,-1
521,143,647,137,164,137,1,-1,-1,-1
522,143,646,141,165,138,1,-1,-1,-1
523,143,646,143,166,139,1,-1,-1,-1
524,143,645,146,167,139,1,-1,-1,-1
525,143,644,149,168,140,1,-1,-1,-1
526,143,643,151,169,141,1,-1,-1,-1
527,143,643,154,170,141,1,-1,-1,-1
528,143,643,157,172,142,1,-1,-1,-1
529,143,643,160,173,142,1,-1,-1,-1
530,143,642,163,174,143,1,-1,-1,-1
531,143,641,165,175,144,1,-1,-1,-1
532,143,641,168,176,145,1,-1,-1,-1
533,143,641,170,178,146,1,-1,-1,-1
534,143,641,173,179,147,1,-1,-1,-1
535,143,641,176,181,148,1,-1,-1,-1
536,143,641,180,182,149,1,-1,-1,-1
537,143,642,184,184,150,1,-1,-1,-1
538,143,642,186,186,152,1,-1,-1,-1
539,143,642,190,188,153,1,-1,-1,-1
540,143,642,193,190,155,1,-1,-1,-1
541,143,642,196,192,156,1,-1,-1,-1
542,143,642,200,194,158,1,-1,-1,-1
543,143,641,204,196,159,1,-1,-1,-1
544,143,641,208,198,160,1,-1,-1,-1
545,143,640,211,199,162,1,-1,-1,-1
546,143,640,215,201,163,1,-1,-1,-1
547,143,639,220,202,165,1,-1,-1,-1
548,143,639,224,204,166,1,-1,-1,-1
549,143,639,228,206,167,1,-1,-1,-1
550,143,638,232,207,168,1,-1,-1,-1
551,143,638,234,209,169,1,-1,-1,-1
552,143,637,237,212,171,1,-1,-1,-1
553,143,635,240,214,173,1,-1,-1,-1
554,143,634,243,217,176,1,-1,-1,-1
555,143,633,247,220,179,1,-1,-1,-1
556,143,632,252,223,182,1,-1,-1,-1
557,143,630,258,226,184,1,-1,-1,-1
558,143,629,262,229,187,1,-1,-1,-1
559,143,628,267,231,189,1,-1,-1,-1
560,143,627,274,234,192,1,-1,-1,-1
561,143,624,281,237,195,1,-1,-1,-1
562,143,622,288,240,198,1,-1,-1,-1
563,143,619,296,243,201,1,-1,-1,-1
564,143,617,303,246,204,1,-1,-1,-1
565,143,615,312,250,206,1,-1,-1,-1
566,143,613,321,253,209,1,-1,-1,-1
567,143,612,331,256,212,1,-1,-1,-1
568,143,610,341,260,216,1,-1,-1,-1
569,143,607,352,263,219,1,-1,-1,-1
570,143,606,362,267,222,1,-1,-1,-1
571,143,603,373,271,226,1,-1,-1,-1
572,143,598,383,276,229,1,-1,-1,-1
573,143,595,393,280,232,1,-1,-1,-1
574,143,590,405,284,236,1,-1,-1,-1
575,143,585,417,288,239,1,-1,-1,-1
576,143,578,430,293,242,1,-1,-1,-1
577,143,573,442,297,245,1,-1,-1,-1
578,143,566,456,302,249,1,-1,-1,-1
579,143,558,470,307,253,1,-1,-1,-1
580,143,549,485,311,258,1,-1,-1,-1
581,143,541,501,316,263,1,-1,-1,-1
582,143,531,517,322,268,1,-1,-1,-1
583,143,519,533,327,273,1,-1,-1,-1
584,143,507,549,333,278,1,-1,-1,-1
585,143,495,567,340,284,1,-1,-1,-1
586,143,481,585,346,290,1,-1,-1,-1
587,143,467,605,352,296,1,-1,-1,-1
588,143,454,626,358,302,1,-1,-1,-1
589,143,439,649,364,308,1,-1,-1,-1
590,143,422,674,370,314,1,-1,-1,-1
591,143,401,700,377,319,1,-1,-1,-1
592,143,383,723,385,325,1,-1,-1,-1
593,143,363,745,393,329,1,-1,-1,-1
708,144,990,629,457,405,1,-1,-1,-1
709,144,990,609,453,412,1,-1,-1,-1
710,144,989,591,448,416,1,-1,-1,-1
711,144,991,572,441,418,1,-1,-1,-1
712,144,995,553,432,417,1,-1,-1,-1
713,144,1000,541,423,415,1,-1,-1,-1
714,144,1001,522,414,412,1,-1,-1,-1
715,144,998,504,407,408,1,-1,-1,-1
716,144,996,489,400,404,1,-1,-1,-1
717,144,992,477,395,399,1,-1,-1,-1
718,144,986,462,389,394,1,-1,-1,-1
719,144,980,448,384,389,1,-1,-1,-1
720,144,977,437,380,382,1,-1,-1,-1
721,144,975,427,376,377,1,-1,-1,-1
722,144,971,415,372,371,1,-1,-1,-1
723,144,966,405,368,364,1,-1,-1,-1
724,144,961,396,364,358,1,-1,-1,-1
725,144,955,386,360,352,1,-1,-1,-1
726,144,949,378,356,347,1,-1,-1,-1
727,144,943,368,352,341,1,-1,-1,-1
728,144,937,360,348,335,1,-1,-1,-1
729,144,932,352,344,329,1,-1,-1,-1
730,144,927,343,340,324,1,-1,-1,-1
731,144,924,337,337,319,1,-1,-1,-1
732,144,919,330,333,315,1,-1,-1,-1
733,144,913,323,329,311,1,-1,-1,-1
734,144,909,316,325,306,1,-1,-1,-1
735,144,907,309,321,302,1,-1,-1,-1
736,144,904,303,317,298,1,-1,-1,-1
737,144,899,296,313,294,1,-1,-1,-1
738,144,895,289,309,290,1,-1,-1,-1
739,144,893,283,305,287,1,-1,-1,-1
740,144,887,277,301,284,1,-1,-1,-1
741,144,882,271,297,280,1,-1,-1,-1
742,144,882,266,292,277,1,-1,-1,-1
743,144,885,260,287,273,1,-1,-1,-1
744,144,886,254,283,269,1,-1,-1,-1
745,144,883,250,278,266,1,-1,-1,-1
746,144,885,244,275,263,1,-1,-1,-1
747,144,884,239,271,259,1,-1,-1,-1
748,144,882,234,269,256,1,-1,-1,-1
749,144,880,230,266,253,1,-1,-1,-1
750,144,876,226,264,250,1,-1,-1,-1
751,144,874,224,262,247,1,-1,-1,-1
752,144,871,221,260,245,1,-1,-1,-1
753,144,869,219,257,242,1,-1,-1,-1
754,144,869,215,255,239,1,-1,-1,-1
755,144,868,211,252,237,1,-1,-1,-1
756,144,866,209,250,234,1,-1,-1,-1
757,144,865,206,248,231,1,-1,-1,-1
758,144,863,203,245,227,1,-1,-1,-1
759,144,861,201,243,224,1,-1,-1,-1
760,144,857,199,241,222,1,-1,-1,-1
761,144,853,195,239,219,1,-1,-1,-1
762,144,850,191,237,217,1,-1,-1,-1
763,144,846,189,235,215,1,-1,-1,-1
764,144,844,186,233,212,1,-1,-1,-1
765,144,842,184,231,210,1,-1,-1,-1
766,144,840,181,229,208,1,-1,-1,-1
767,144,840,179,227,206,1,-1,-1,-1
768,144,839,175,226,203,1,-1,-1,-1
769,144,837,172,224,201,1,-1,-1,-1
770,144,836,171,222,199,1,-1,-1,-1
771,144,836,169,220,197,1,-1,-1,-1
772,144,836,167,218,195,1,-1,-1,-1
773,144,836,164,215,192,1,-1,-1,-1
774,144,837,161,214,190,1,-1,-1,-1
775,144,838,159,212,189,1,-1,-1,-1
776,144,838,157,210,187,1,-1,-1,-1
777,144,839,155,208,186,1,-1,-1,-1
778,144,840,153,206,185,1,-1,-1,-1
779,144,841,152,203,183,1,-1,-1,-1
780,144,842,151,200,182,1,-1,-1,-1
781,144,842,148,197,180,1,-1,-1,-1
782,144,843,146,195,179,1,-1,-1,-1
783,144,842,144,192,177,1,-1,-1,-1
784,144,842,140,190,176,1,-1,-1,-1
785,144,843,137,188,174,1,-1,-1,-1
786,144,844,135,186,173,1,-1,-1,-1
787,144,845,134,184,171,1,-1,-1,-1
788,144,846,132,182,169,1,-1,-1,-1
789,144,847,130,180,168,1,-1,-1,-1
790,144,848,129,178,166,1,-1,-1,-1
791,144,848,128,177,165,1,-1,-1,-1
792,144,847,126,175,163,1,-1,-1,-1
793,144,848,124,173,160,1,-1,-1,-1
794,144,848,122,172,158,1,-1,-1,-1
795,144,849,120,171,157,1,-1,-1,-1
796,144,849,119,169,156,1,-1,-1,-1
797,144,849,117,168,154,1,-1,-1,-1
798,144,849,116,167,153,1,-1,-1,-1
799,144,849,115,166,152,1,-1,-1,-1
800,144,849,114,165,151,1,-1,-1,-1
801,144,849,114,163,149,1,-1,-1,-1
802,144,850,113,162,148,1,-1,-1,-1
803,144,850,111,161,146,1,-1,-1,-1
804,144,851,110,160,145,1,-1,-1,-1
805,144,851,109,158,143,1,-1,-1,-1
806,144,851,108,157,142,1,-1,-1,-1
807,144,851,107,155,141,1,-1,-1,-1
808,144,851,107,153,140,1,-1,-1,-1
809,144,852,106,152,138,1,-1,-1,-1
810,144,853,105,150,137,1,-1,-1,-1
811,144,853,103,149,135,1,-1,-1,-1
812,144,853,101,148,135,1,-1,-1,-1
813,144,853,99,147,134,1,-1,-1,-1
814,144,853,97,147,133,1,-1,-1,-1
815,144,852,96,146,133,1,-1,-1,-1
816,144,851,95,146,133,1,-1,-1,-1
817,144,851,94,146,132,1,-1,-1,-1
818,144,851,93,145,132,1,-1,-1,-1
819,144,850,92,144,131,1,-1,-1,-1
820,144,849,90,144,131,1,-1,-1,-1
821,144,848,88,143,130,1,-1,-1,-1
822,144,847,87,143,130,1,-1,-1,-1
823,144,846,85,142,130,1,-1,-1,-1
824,144,845,82,141,130,1,-1,-1,-1
825,144,846,80,140,129,1,-1,-1,-1
826,144,844,77,139,128,1,-1,-1,-1
827,144,843,76,138,128,1,-1,-1,-1
828,144,842,75,138,128,1,-1,-1,-1
829,144,841,73,137,128,1,-1,-1,-1
830,144,840,72,136,128,1,-1,-1,-1
831,144,839,72,136,128,1,-1,-1,-1
832,144,837,71,135,127,1,-1,-1,-1
833,144,835,70,134,127,1,-1,-1,-1
834,144,835,68,133,126,1,-1,-1,-1
835,144,834,66,132,126,1,-1,-1,-1
836,144,834,64,131,125,1,-1,-1,-1
837,144,833,63,131,124,1,-1,-1,-1
838,144,832,61,130,124,1,-1,-1,-1
839,144,830,60,129,123,1,-1,-1,-1
840,144,829,58,129,123,1,-1,-1,-1
841,144,828,56,128,123,1,-1,-1,-1
842,144,827,56,127,122,1,-1,-1,-1
843,144,827,55,127,122,1,-1,-1,-1
844,144,827,54,126,121,1,-1,-1,-1
845,144,826,53,125,121,1,-1,-1,-1
846,144,825,52,125,120,1,-1,-1,-1
847,144,824,51,124,119,1,-1,-1,-1
834,145,13,196,402,287,1,-1,-1,-1
835,145,24,198,414,290,1,-1,-1,-1
836,145,31,199,422,291,1,-1,-1,-1
837,145,34,203,432,292,1,-1,-1,-1
838,145,47,206,442,292,1,-1,-1,-1
839,145,55,207,451,292,1,-1,-1,-1
840,145,57,209,462,292,1,-1,-1,-1
841,145,56,211,478,293,1,-1,-1,-1
842,145,50,211,493,294,1,-1,-1,-1
843,145,50,212,510,295,1,-1,-1,-1
844,145,55,213,525,294,1,-1,-1,-1
845,145,62,215,541,295,1,-1,-1,-1
846,145,73,216,555,295,1,-1,-1,-1
847,145,90,217,565,295,1,-1,-1,-1
848,145,107,219,573,295,1,-1,-1,-1
849,145,124,220,578,294,1,-1,-1,-1
850,145,143,223,581,294,1,-1,-1,-1
851,145,157,224,581,293,1,-1,-1,-1
852,145,177,227,581,292,1,-1,-1,-1
853,145,199,229,579,292,1,-1,-1,-1
854,145,223,233,576,292,1,-1,-1,-1
855,145,243,233,571,292,1,-1,-1,-1
856,145,262,234,563,293,1,-1,-1,-1
857,145,283,236,556,294,1,-1,-1,-1
858,145,306,236,548,295,1,-1,-1,-1
859,145,326,239,540,296,1,-1,-1,-1
860,145,347,242,532,296,1,-1,-1,-1
861,145,366,245,525,297,1,-1,-1,-1
862,145,383,249,518,297,1,-1,-1,-1
863,145,399,253,510,298,1,-1,-1,-1
864,145,415,257,501,298,1,-1,-1,-1
865,145,429,260,492,298,1,-1,-1,-1
866,145,444,262,483,299,1,-1,-1,-1
867,145,460,268,474,299,1,-1,-1,-1
868,145,475,273,466,300,1,-1,-1,-1
869,145,489,278,458,301,1,-1,-1,-1
870,145,500,281,449,301,1,-1,-1,-1
871,145,511,283,441,302,1,-1,-1,-1
872,145,523,286,433,301,1,-1,-1,-1
873,145,533,290,426,301,1,-1,-1,-1
874,145,542,294,419,300,1,-1,-1,-1
875,145,550,296,412,301,1,-1,-1,-1
876,145,560,299,406,302,1,-1,-1,-1
877,145,570,305,399,303,1,-1,-1,-1
878,145,578,309,393,304,1,-1,-1,-1
879,145,585,312,387,305,1,-1,-1,-1
880,145,591,315,382,306,1,-1,-1,-1
881,145,597,319,378,307,1,-1,-1,-1
882,145,603,324,373,308,1,-1,-1,-1
883,145,609,330,369,310,1,-1,-1,-1
884,145,614,335,366,311,1,-1,-1,-1
885,145,618,339,363,313,1,-1,-1,-1
886,145,621,343,361,314,1,-1,-1,-1
887,145,625,347,359,316,1,-1,-1,-1
888,145,627,351,357,317,1,-1,-1,-1
889,145,629,357,357,319,1,-1,-1,-1
890,145,630,361,356,321,1,-1,-1,-1
891,145,632,365,356,323,1,-1,-1,-1
892,145,634,373,356,326,1,-1,-1,-1
893,145,632,380,356,329,1,-1,-1,-1
894,145,633,387,357,332,1,-1,-1,-1
895,145,631,392,357,336,1,-1,-1,-1
896,145,630,398,359,339,1,-1,-1,-1
897,145,628,401,360,342,1,-1,-1,-1
898,145,624,405,362,344,1,-1,-1,-1
899,145,621,411,364,347,1,-1,-1,-1
900,145,617,420,366,350,1,-1,-1,-1
901,145,613,428,369,354,1,-1,-1,-1
902,145,609,433,372,357,1,-1,-1,-1
903,145,602,442,375,360,1,-1,-1,-1
904,145,595,447,378,362,1,-1,-1,-1
905,145,586,455,381,365,1,-1,-1,-1
906,145,579,460,385,368,1,-1,-1,-1
907,145,570,468,389,372,1,-1,-1,-1
908,145,565,479,393,377,1,-1,-1,-1
909,145,558,490,398,382,1,-1,-1,-1
910,145,549,499,403,387,1,-1,-1,-1
911,145,540,509,407,393,1,-1,-1,-1
912,145,530,519,411,398,1,-1,-1,-1
913,145,519,530,416,404,1,-1,-1,-1
914,145,508,537,421,408,1,-1,-1,-1
915,145,498,544,426,413,1,-1,-1,-1
916,145,486,554,431,416,1,-1,-1,-1
917,145,474,565,437,419,1,-1,-1,-1
918,145,460,577,442,423,1,-1,-1,-1
919,145,449,590,448,427,1,-1,-1,-1
920,145,436,601,454,431,1,-1,-1,-1
921,145,418,615,460,436,1,-1,-1,-1
922,145,401,628,467,441,1,-1,-1,-1
923,145,384,636,475,444,1,-1,-1,-1
924,145,366,644,482,445,1,-1,-1,-1
941,146,617,335,120,104,1,-1,-1,-1
942,146,640,332,119,102,1,-1,-1,-1
943,146,664,331,117,101,1,-1,-1,-1
944,146,686,329,114,99,1,-1,-1,-1
945,146,707,329,111,99,1,-1,-1,-1
946,146,726,327,109,98,1,-1,-1,-1
947,146,745,325,108,98,1,-1,-1,-1
948,146,764,323,106,98,1,-1,-1,-1
949,146,784,321,104,98,1,-1,-1,-1
950,146,804,320,102,97,1,-1,-1,-1
951,146,824,318,101,97,1,-1,-1,-1
952,146,841,318,100,96,1,-1,-1,-1
953,146,859,317,98,95,1,-1,-1,-1
954,146,877,315,97,95,1,-1,-1,-1
955,146,897,313,95,95,1,-1,-1,-1
956,146,915,313,94,94,1,-1,-1,-1
1115,147,700,69,133,104,1,-1,-1,-1
1116,147,699,70,135,106,1,-1,-1,-1
1117,147,698,71,137,107,1,-1,-1,-1
1118,147,696,71,139,109,1,-1,-1,-1
1119,147,696,72,140,111,1,-1,-1,-1
1120,147,695,73,141,112,1,-1,-1,-1
1121,147,695,74,142,112,1,-1,-1,-1
1122,147,695,75,143,113,1,-1,-1,-1
1123,147,695,77,143,113,1,-1,-1,-1
1124,147,694,78,144,114,1,-1,-1,-1
1125,147,694,80,145,114,1,-1,-1,-1
1126,147,695,82,146,114,1,-1,-1,-1
1127,147,696,86,147,115,1,-1,-1,-1
1128,147,695,89,148,116,1,-1,-1,-1
1129,147,695,92,149,117,1,-1,-1,-1
1130,147,694,94,150,118,1,-1,-1,-1
1131,147,693,97,151,119,1,-1,-1,-1
1132,147,692,100,152,120,1,-1,-1,-1
1133,147,692,103,153,122,1,-1,-1,-1
1134,147,691,106,154,123,1,-1,-1,-1
1135,147,690,108,154,124,1,-1,-1,-1
1136,147,689,110,155,125,1,-1,-1,-1
1137,147,689,113,155,125,1,-1,-1,-1
1138,147,688,114,156,127,1,-1,-1,-1
1139,147,687,116,157,127,1,-1,-1,-1
1140,147,686,117,158,129,1,-1,-1,-1
1141,147,685,120,159,130,1,-1,-1,-1
1142,147,684,123,160,131,1,-1,-1,-1
1143,147,683,126,161,132,1,-1,-1,-1
1144,147,682,129,162,132,1,-1,-1,-1
1145,147,680,132,163,132,1,-1,-1,-1
1146,147,678,136,164,132,1,-1,-1,-1
1147,147,676,139,165,132,1,-1,-1,-1
1148,147,675,141,166,133,1,-1,-1,-1
1149,147,673,144,167,134,1,-1,-1,-1
1150,147,670,148,168,135,1,-1,-1,-1
1151,147,668,153,169,136,1,-1,-1,-1
1152,147,667,156,170,138,1,-1,-1,-1
1153,147,665,158,172,139,1,-1,-1,-1
1154,147,663,161,174,140,1,-1,-1,-1
1155,147,662,164,175,142,1,-1,-1,-1
1156,147,660,167,177,143,1,-1,-1,-1
1157,147,658,171,179,145,1,-1,-1,-1
1158,147,655,174,181,146,1,-1,-1,-1
1159,147,652,178,183,148,1,-1,-1,-1
1160,147,650,182,185,149,1,-1,-1,-1
1161,147,648,187,187,151,1,-1,-1,-1
1162,147,647,192,189,153,1,-1,-1,-1
1163,147,643,195,191,154,1,-1,-1,-1
1164,147,641,200,193,156,1,-1,-1,-1
1165,147,640,205,195,158,1,-1,-1,-1
1166,147,636,210,197,160,1,-1,-1,-1
1167,147,633,214,199,162,1,-1,-1,-1
1168,147,630,220,201,164,1,-1,-1,-1
1169,147,627,225,204,166,1,-1,-1,-1
1170,147,624,229,206,168,1,-1,-1,-1
1171,147,621,233,209,170,1,-1,-1,-1
1172,147,618,237,212,172,1,-1,-1,-1
1173,147,614,241,215,174,1,-1,-1,-1
1174,147,610,245,218,176,1,-1,-1,-1
1175,147,607,251,221,179,1,-1,-1,-1
1176,147,605,256,225,182,1,-1,-1,-1
1177,147,603,263,228,186,1,-1,-1,-1
1178,147,599,269,231,189,1,-1,-1,-1
1179,147,595,275,235,193,1,-1,-1,-1
1180,147,590,284,239,197,1,-1,-1,-1
1181,147,586,294,243,201,1,-1,-1,-1
1182,147,582,304,246,205,1,-1,-1,-1
1183,147,580,313,250,209,1,-1,-1,-1
1184,147,577,324,253,213,1,-1,-1,-1
1185,147,573,338,257,218,1,-1,-1,-1
1186,147,570,349,261,222,1,-1,-1,-1
1187,147,565,362,265,225,1,-1,-1,-1
1188,147,561,376,269,229,1,-1,-1,-1
1189,147,556,388,274,233,1,-1,-1,-1
1190,147,553,401,278,237,1,-1,-1,-1
1191,147,546,416,283,241,1,-1,-1,-1
1192,147,540,431,287,246,1,-1,-1,-1
1193,147,535,447,293,251,1,-1,-1,-1
1194,147,530,465,298,257,1,-1,-1,-1
1195,147,524,482,304,262,1,-1,-1,-1
1196,147,517,501,310,269,1,-1,-1,-1
1197,147,511,519,315,275,1,-1,-1,-1
1198,147,503,539,321,282,1,-1,-1,-1
1199,147,494,562,326,288,1,-1,-1,-1
1200,147,483,585,332,296,1,-1,-1,-1
1201,147,471,608,339,303,1,-1,-1,-1
1202,147,460,634,345,310,1,-1,-1,-1
1203,147,444,662,352,317,1,-1,-1,-1
1204,147,427,692,360,324,1,-1,-1,-1
1205,147,408,722,369,331,1,-1,-1,-1
1206,147,386,746,377,335,1,-1,-1,-1
1150,148,928,611,421,376,1,-1,-1,-1
1151,148,930,592,411,370,1,-1,-1,-1
1152,148,934,572,402,365,1,-1,-1,-1
1153,148,938,552,393,359,1,-1,-1,-1
1154,148,938,533,385,354,1,-1,-1,-1
1155,148,937,515,378,348,1,-1,-1,-1
1156,148,938,498,371,343,1,-1,-1,-1
1157,148,939,483,364,338,1,-1,-1,-1
1158,148,937,471,358,332,1,-1,-1,-1
1159,148,936,459,352,326,1,-1,-1,-1
1160,148,936,447,347,320,1,-1,-1,-1
1161,148,932,436,343,315,1,-1,-1,-1
1162,148,933,424,338,310,1,-1,-1,-1
1163,148,932,411,333,304,1,-1,-1,-1
1164,148,931,400,327,299,1,-1,-1,-1
1165,148,929,389,322,294,1,-1,-1,-1
1166,148,926,379,317,290,1,-1,-1,-1
1167,148,924,369,313,286,1,-1,-1,-1
1168,148,922,361,308,282,1,-1,-1,-1
1169,148,921,351,304,278,1,-1,-1,-1
1170,148,922,342,299,273,1,-1,-1,-1
1171,148,922,333,295,269,1,-1,-1,-1
1172,148,919,325,291,265,1,-1,-1,-1
1173,148,920,319,287,261,1,-1,-1,-1
1174,148,920,312,283,257,1,-1,-1,-1
1175,148,920,305,279,253,1,-1,-1,-1
1176,148,923,299,275,250,1,-1,-1,-1
1177,148,924,293,272,246,1,-1,-1,-1
1178,148,925,286,269,243,1,-1,-1,-1
1179,148,925,280,265,239,1,-1,-1,-1
1180,148,926,274,262,237,1,-1,-1,-1
1181,148,928,268,259,234,1,-1,-1,-1
1182,148,929,261,255,231,1,-1,-1,-1
1183,148,929,255,252,228,1,-1,-1,-1
1184,148,930,251,248,225,1,-1,-1,-1
1185,148,932,247,245,222,1,-1,-1,-1
1186,148,932,243,241,219,1,-1,-1,-1
1187,148,932,239,239,216,1,-1,-1,-1
1188,148,931,234,236,214,1,-1,-1,-1
1189,148,933,230,234,211,1,-1,-1,-1
1190,148,933,227,231,208,1,-1,-1,-1
1191,148,936,224,229,205,1,-1,-1,-1
1192,148,935,221,227,202,1,-1,-1,-1
1193,148,935,217,225,200,1,-1,-1,-1
1194,148,936,215,223,197,1,-1,-1,-1
1195,148,936,212,220,195,1,-1,-1,-1
1196,148,936,209,218,192,1,-1,-1,-1
1197,148,935,207,215,190,1,-1,-1,-1
1198,148,934,204,213,188,1,-1,-1,-1
1199,148,935,201,210,186,1,-1,-1,-1
1200,148,934,199,208,184,1,-1,-1,-1
1201,148,932,196,207,182,1,-1,-1,-1
1202,148,931,192,205,180,1,-1,-1,-1
1203,148,930,189,203,178,1,-1,-1,-1
1204,148,929,186,201,176,1,-1,-1,-1
1205,148,928,184,199,174,1,-1,-1,-1
1206,148,928,182,197,173,1,-1,-1,-1
1207,148,928,179,195,170,1,-1,-1,-1
1208,148,927,176,193,168,1,-1,-1,-1
1209,148,927,175,191,165,1,-1,-1,-1
1210,148,925,173,188,163,1,-1,-1,-1
1211,148,924,171,186,161,1,-1,-1,-1
1212,148,923,169,184,159,1,-1,-1,-1
1213,148,922,165,183,158,1,-1,-1,-1
1214,148,920,163,181,156,1,-1,-1,-1
1215,148,919,162,179,154,1,-1,-1,-1
1216,148,918,159,177,152,1,-1,-1,-1
1217,148,917,156,176,151,1,-1,-1,-1
1218,148,915,154,175,150,1,-1,-1,-1
1219,148,914,151,173,149,1,-1,-1,-1
1220,148,912,148,172,148,1,-1,-1,-1
1221,148,911,146,170,147,1,-1,-1,-1
1222,148,910,144,169,146,1,-1,-1,-1
1223,148,908,142,167,145,1,-1,-1,-1
1224,148,906,140,166,144,1,-1,-1,-1
1225,148,904,139,164,142,1,-1,-1,-1
1226,148,903,138,163,141,1,-1,-1,-1
1227,148,902,136,162,140,1,-1,-1,-1
1228,148,900,135,161,139,1,-1,-1,-1
1229,148,899,133,159,137,1,-1,-1,-1
1230,148,897,132,158,137,1,-1,-1,-1
1231,148,896,130,157,136,1,-1,-1,-1
1232,148,895,128,156,135,1,-1,-1,-1
1233,148,894,127,155,134,1,-1,-1,-1
1234,148,894,124,154,134,1,-1,-1,-1
1235,148,893,122,153,133,1,-1,-1,-1
1236,148,891,120,152,132,1,-1,-1,-1
1237,148,889,118,151,131,1,-1,-1,-1
1238,148,888,117,150,130,1,-1,-1,-1
1239,148,886,116,148,129,1,-1,-1,-1
1240,148,885,116,147,128,1,-1,-1,-1
1241,148,884,114,146,127,1,-1,-1,-1
1242,148,883,113,145,126,1,-1,-1,-1
1243,148,882,112,144,125,1,-1,-1,-1
1244,148,880,111,143,125,1,-1,-1,-1
1245,148,879,109,142,124,1,-1,-1,-1
1246,148,877,107,142,123,1,-1,-1,-1
1247,148,875,105,141,123,1,-1,-1,-1
1248,148,873,103,140,122,1,-1,-1,-1
1249,148,871,102,139,121,1,-1,-1,-1
1250,148,869,101,138,121,1,-1,-1,-1
1251,148,868,100,137,120,1,-1,-1,-1
1252,148,868,99,136,119,1,-1,-1,-1
1253,148,867,97,135,119,1,-1,-1,-1
1254,148,865,95,134,119,1,-1,-1,-1
1255,148,864,93,133,119,1,-1,-1,-1
1256,148,865,91,133,118,1,-1,-1,-1
1257,148,864,90,132,118,1,-1,-1,-1
1258,148,862,88,132,117,1,-1,-1,-1
1259,148,861,87,132,116,1,-1,-1,-1
1260,148,859,87,132,115,1,-1,-1,-1
1261,148,858,86,132,114,1,-1,-1,-1
1262,148,857,86,132,113,1,-1,-1,-1
1263,148,854,85,132,113,1,-1,-1,-1
1264,148,852,84,131,112,1,-1,-1,-1
1265,148,851,83,131,112,1,-1,-1,-1
1266,148,849,82,131,112,1,-1,-1,-1
1267,148,848,80,131,112,1,-1,-1,-1
1268,148,847,78,130,112,1,-1,-1,-1
1269,148,846,76,130,111,1,-1,-1,-1
1270,148,844,74,129,111,1,-1,-1,-1
1271,148,842,72,128,110,1,-1,-1,-1
1272,148,842,71,127,110,1,-1,-1,-1
1273,148,840,70,127,110,1,-1,-1,-1
1274,148,840,69,126,109,1,-1,-1,-1
1275,148,840,69,125,109,1,-1,-1,-1
1276,148,840,68,124,109,1,-1,-1,-1
1277,148,838,68,123,109,1,-1,-1,-1
1278,148,837,67,123,108,1,-1,-1,-1
1279,148,836,66,122,108,1,-1,-1,-1
1280,148,836,65,122,108,1,-1,-1,-1
1281,148,835,64,121,108,1,-1,-1,-1
1282,148,835,64,120,108,1,-1,-1,-1
1283,148,835,63,119,107,1,-1,-1,-1
1284,148,834,63,117,106,1,-1,-1,-1
1285,148,834,62,116,105,1,-1,-1,-1
1286,148,833,61,116,104,1,-1,-1,-1
1287,148,833,60,115,104,1,-1,-1,-1
1288,148,832,60,115,103,1,-1,-1,-1
1423,149,979,630,384,321,1,-1,-1,-1
1424,149,982,603,374,316,1,-1,-1,-1
1425,149,985,579,364,311,1,-1,-1,-1
1426,149,984,558,353,304,1,-1,-1,-1
1427,149,985,540,342,296,1,-1,-1,-1
1428,149,988,520,332,289,1,-1,-1,-1
1429,149,989,502,323,282,1,-1,-1,-1
1430,149,992,487,316,276,1,-1,-1,-1
1431,149,992,471,308,270,1,-1,-1,-1
1432,149,992,457,301,265,1,-1,-1,-1
1433,149,992,442,295,259,1,-1,-1,-1
1434,149,992,427,290,254,1,-1,-1,-1
1435,149,990,415,285,249,1,-1,-1,-1
1436,149,986,404,281,244,1,-1,-1,-1
1437,149,983,390,276,240,1,-1,-1,-1
1438,149,979,378,272,236,1,-1,-1,-1
1439,149,975,367,268,233,1,-1,-1,-1
1440,149,972,356,264,230,1,-1,-1,-1
1441,149,969,344,260,227,1,-1,-1,-1
1442,149,965,332,257,225,1,-1,-1,-1
1443,149,962,322,254,223,1,-1,-1,-1
1444,149,961,313,251,221,1,-1,-1,-1
1445,149,958,305,248,217,1,-1,-1,-1
1446,149,957,297,245,214,1,-1,-1,-1
1447,149,954,290,242,211,1,-1,-1,-1
1448,149,950,284,239,208,1,-1,-1,-1
1449,149,947,277,236,205,1,-1,-1,-1
1450,149,942,272,233,202,1,-1,-1,-1
1451,149,940,266,230,198,1,-1,-1,-1
1452,149,938,261,226,195,1,-1,-1,-1
1453,149,938,255,223,191,1,-1,-1,-1
1454,149,938,250,219,188,1,-1,-1,-1
1455,149,937,245,215,184,1,-1,-1,-1
1456,149,935,242,211,182,1,-1,-1,-1
1457,149,933,238,208,179,1,-1,-1,-1
1458,149,931,233,205,177,1,-1,-1,-1
1459,149,930,229,201,175,1,-1,-1,-1
1460,149,928,225,198,172,1,-1,-1,-1
1461,149,928,222,194,170,1,-1,-1,-1
1462,149,927,219,191,167,1,-1,-1,-1
1463,149,926,216,188,164,1,-1,-1,-1
1464,149,924,212,184,162,1,-1,-1,-1
1465,149,921,209,181,159,1,-1,-1,-1
1466,149,919,206,178,157,1,-1,-1,-1
1467,149,918,203,176,155,1,-1,-1,-1
1468,149,917,199,173,153,1,-1,-1,-1
1469,149,914,194,171,151,1,-1,-1,-1
1470,149,912,190,169,149,1,-1,-1,-1
1471,149,911,187,167,148,1,-1,-1,-1
1472,149,909,185,165,146,1,-1,-1,-1
1473,149,907,182,163,144,1,-1,-1,-1
1474,149,906,180,161,142,1,-1,-1,-1
1475,149,906,177,159,140,1,-1,-1,-1
1476,149,904,175,157,138,1,-1,-1,-1
1477,149,903,171,155,136,1,-1,-1,-1
1478,149,902,168,153,134,1,-1,-1,-1
1479,149,901,165,151,132,1,-1,-1,-1
1480,149,900,163,149,129,1,-1,-1,-1
1481,149,898,160,148,127,1,-1,-1,-1
1482,149,897,157,146,126,1,-1,-1,-1
1483,149,895,154,144,124,1,-1,-1,-1
1484,149,895,151,143,123,1,-1,-1,-1
1485,149,893,148,141,122,1,-1,-1,-1
1486,149,891,147,139,120,1,-1,-1,-1
1487,149,891,146,137,119,1,-1,-1,-1
1488,149,890,144,135,118,1,-1,-1,-1
1489,149,888,143,134,117,1,-1,-1,-1
1490,149,885,141,133,116,1,-1,-1,-1
1491,149,884,139,132,114,1,-1,-1,-1
1492,149,884,137,131,113,1,-1,-1,-1
1493,149,882,133,130,112,1,-1,-1,-1
1494,149,880,131,129,111,1,-1,-1,-1
1495,149,878,128,128,110,1,-1,-1,-1
1496,149,876,127,127,110,1,-1,-1,-1
1497,149,874,126,126,109,1,-1,-1,-1
1498,149,872,124,125,108,1,-1,-1,-1
1499,149,871,122,124,107,1,-1,-1,-1
1500,149,868,120,123,105,1,-1,-1,-1
1501,149,866,119,122,104,1,-1,-1,-1
1502,149,865,118,121,103,1,-1,-1,-1
1503,149,864,117,120,102,1,-1,-1,-1
1504,149,864,115,120,101,1,-1,-1,-1
1505,149,863,113,118,100,1,-1,-1,-1
1506,149,863,111,118,99,1,-1,-1,-1
1507,149,862,109,117,98,1,-1,-1,-1
1508,149,861,106,116,97,1,-1,-1,-1
1509,149,859,104,115,96,1,-1,-1,-1
1510,149,857,102,114,96,1,-1,-1,-1
1511,149,856,101,113,95,1,-1,-1,-1
1512,149,855,99,112,95,1,-1,-1,-1
1513,149,854,97,112,95,1,-1,-1,-1
1514,149,852,96,111,94,1,-1,-1,-1
1515,149,852,95,110,94,1,-1,-1,-1
1516,149,851,93,110,93,1,-1,-1,-1
1517,149,849,91,109,93,1,-1,-1,-1
1518,149,848,88,109,92,1,-1,-1,-1
1519,149,847,86,109,92,1,-1,-1,-1
1520,149,846,84,109,92,1,-1,-1,-1
1521,149,844,82,109,92,1,-1,-1,-1
1522,149,843,82,109,92,1,-1,-1,-1
1523,149,842,80,109,92,1,-1,-1,-1
1524,149,840,78,110,92,1,-1,-1,-1
1525,149,839,77,109,92,1,-1,-1,-1
1526,149,838,76,109,92,1,-1,-1,-1
1527,149,837,74,109,92,1,-1,-1,-1
1528,149,837,73,109,92,1,-1,-1,-1
1529,149,836,73,108,91,1,-1,-1,-1
1530,149,835,71,107,90,1,-1,-1,-1
1531,149,835,70,106,88,1,-1,-1,-1
1532,149,834,70,106,87,1,-1,-1,-1
1533,149,834,69,105,86,1,-1,-1,-1
1534,149,834,69,104,85,1,-1,-1,-1
1574,151,967,618,434,370,1,-1,-1,-1
1575,151,967,587,428,371,1,-1,-1,-1
1576,151,966,562,417,369,1,-1,-1,-1
1577,151,967,538,405,365,1,-1,-1,-1
1578,151,968,515,394,360,1,-1,-1,-1
1579,151,967,495,384,355,1,-1,-1,-1
1580,151,964,477,374,350,1,-1,-1,-1
1581,151,963,459,364,342,1,-1,-1,-1
1582,151,958,443,355,335,1,-1,-1,-1
1583,151,953,429,346,327,1,-1,-1,-1
1584,151,953,415,337,320,1,-1,-1,-1
1585,151,951,402,330,312,1,-1,-1,-1
1586,151,947,390,322,304,1,-1,-1,-1
1587,151,944,379,315,297,1,-1,-1,-1
1588,151,940,368,307,290,1,-1,-1,-1
1589,151,938,356,300,284,1,-1,-1,-1
1590,151,935,346,294,278,1,-1,-1,-1
1591,151,932,335,288,273,1,-1,-1,-1
1592,151,930,325,283,268,1,-1,-1,-1
1593,151,928,316,278,263,1,-1,-1,-1
1594,151,926,307,273,259,1,-1,-1,-1
1595,151,926,298,269,255,1,-1,-1,-1
1596,151,926,290,265,250,1,-1,-1,-1
1597,151,925,282,260,246,1,-1,-1,-1
1598,151,924,275,256,241,1,-1,-1,-1
1599,151,921,268,252,237,1,-1,-1,-1
1600,151,920,262,248,233,1,-1,-1,-1
1601,151,919,256,245,229,1,-1,-1,-1
1602,151,920,248,242,225,1,-1,-1,-1
1603,151,920,243,238,221,1,-1,-1,-1
1604,151,920,237,233,217,1,-1,-1,-1
1605,151,921,232,229,213,1,-1,-1,-1
1606,151,921,228,225,210,1,-1,-1,-1
1607,151,923,225,221,206,1,-1,-1,-1
1608,151,924,222,217,202,1,-1,-1,-1
1609,151,924,218,214,199,1,-1,-1,-1
1610,151,925,215,211,196,1,-1,-1,-1
1611,151,926,211,208,192,1,-1,-1,-1
1612,151,926,207,205,189,1,-1,-1,-1
1613,151,927,204,202,186,1,-1,-1,-1
1614,151,927,201,199,183,1,-1,-1,-1
1615,151,928,198,195,181,1,-1,-1,-1
1616,151,928,195,192,178,1,-1,-1,-1
1617,151,929,192,188,175,1,-1,-1,-1
1618,151,930,190,185,172,1,-1,-1,-1
1619,151,932,186,182,170,1,-1,-1,-1
1620,151,931,183,179,168,1,-1,-1,-1
1621,151,931,180,177,165,1,-1,-1,-1
1622,151,930,177,174,163,1,-1,-1,-1
1623,151,929,174,171,160,1,-1,-1,-1
1624,151,928,171,168,157,1,-1,-1,-1
1625,151,927,168,166,155,1,-1,-1,-1
1626,151,925,166,163,152,1,-1,-1,-1
1627,151,924,163,161,150,1,-1,-1,-1
1628,151,923,160,158,148,1,-1,-1,-1
1629,151,922,157,156,146,1,-1,-1,-1
1630,151,922,154,154,144,1,-1,-1,-1
1631,151,919,151,153,142,1,-1,-1,-1
1632,151,917,147,151,140,1,-1,-1,-1
1633,151,915,145,149,139,1,-1,-1,-1
1634,151,913,142,148,137,1,-1,-1,-1
1635,151,910,141,146,136,1,-1,-1,-1
1636,151,909,139,145,134,1,-1,-1,-1
1637,151,908,137,143,132,1,-1,-1,-1
1638,151,907,136,141,131,1,-1,-1,-1
1639,151,906,135,140,129,1,-1,-1,-1
1640,151,905,132,138,128,1,-1,-1,-1
1641,151,904,130,137,127,1,-1,-1,-1
1642,151,902,127,135,125,1,-1,-1,-1
1643,151,900,124,134,124,1,-1,-1,-1
1644,151,898,123,133,123,1,-1,-1,-1
1645,151,897,121,131,121,1,-1,-1,-1
1646,151,896,119,130,120,1,-1,-1,-1
1647,151,895,117,128,119,1,-1,-1,-1
1648,151,893,116,127,118,1,-1,-1,-1
1649,151,890,113,126,117,1,-1,-1,-1
1650,151,888,112,125,116,1,-1,-1,-1
1651,151,886,111,124,115,1,-1,-1,-1
1652,151,885,109,123,114,1,-1,-1,-1
1653,151,883,108,122,113,1,-1,-1,-1
1654,151,882,107,120,113,1,-1,-1,-1
1655,151,880,105,119,112,1,-1,-1,-1
1656,151,878,104,118,110,1,-1,-1,-1
1657,151,878,102,117,109,1,-1,-1,-1
1658,151,876,100,115,108,1,-1,-1,-1
1659,151,875,97,115,107,1,-1,-1,-1
1660,151,874,95,114,106,1,-1,-1,-1
1661,151,872,95,113,105,1,-1,-1,-1
1662,151,870,94,113,104,1,-1,-1,-1
1663,151,869,93,112,103,1,-1,-1,-1
1664,151,868,92,112,102,1,-1,-1,-1
1665,151,867,90,111,102,1,-1,-1,-1
1666,151,866,88,111,101,1,-1,-1,-1
1667,151,863,86,110,101,1,-1,-1,-1
1668,151,862,83,109,100,1,-1,-1,-1
1669,151,861,81,108,99,1,-1,-1,-1
1670,151,861,79,107,99,1,-1,-1,-1
1671,151,859,78,106,99,1,-1,-1,-1
1672,151,858,77,105,98,1,-1,-1,-1
1673,151,857,75,105,98,1,-1,-1,-1
1674,151,856,74,105,98,1,-1,-1,-1
1675,151,855,74,104,98,1,-1,-1,-1
1676,151,854,73,104,98,1,-1,-1,-1
1677,151,852,71,104,98,1,-1,-1,-1
1678,151,852,70,104,98,1,-1,-1,-1
1679,151,850,70,104,97,1,-1,-1,-1
1680,151,849,69,103,97,1,-1,-1,-1
1681,151,848,67,104,96,1,-1,-1,-1
1682,151,848,66,104,96,1,-1,-1,-1
1683,151,846,64,104,95,1,-1,-1,-1
1607,152,696,61,143,123,1,-1,-1,-1
1608,152,695,62,145,124,1,-1,-1,-1
1609,152,693,62,145,125,1,-1,-1,-1
1610,152,693,63,145,125,1,-1,-1,-1
1611,152,692,63,146,125,1,-1,-1,-1
1612,152,690,64,146,125,1,-1,-1,-1
1613,152,689,65,146,126,1,-1,-1,-1
1614,152,687,66,146,126,1,-1,-1,-1
1615,152,686,67,146,127,1,-1,-1,-1
1616,152,685,68,147,127,1,-1,-1,-1
1617,152,684,68,147,128,1,-1,-1,-1
1618,152,683,70,148,128,1,-1,-1,-1
1619,152,681,71,148,129,1,-1,-1,-1
1620,152,679,72,148,130,1,-1,-1,-1
1621,152,678,73,149,131,1,-1,-1,-1
1622,152,676,74,149,131,1,-1,-1,-1
1623,152,673,76,150,132,1,-1,-1,-1
1624,152,671,77,151,133,1,-1,-1,-1
1625,152,669,78,152,134,1,-1,-1,-1
1626,152,668,79,153,134,1,-1,-1,-1
1627,152,666,81,153,134,1,-1,-1,-1
1628,152,664,83,154,135,1,-1,-1,-1
1629,152,662,84,155,135,1,-1,-1,-1
1630,152,659,85,156,135,1,-1,-1,-1
1631,152,657,86,157,136,1,-1,-1,-1
1632,152,655,87,158,136,1,-1,-1,-1
1633,152,653,88,159,137,1,-1,-1,-1
1634,152,651,89,159,138,1,-1,-1,-1
1635,152,649,90,159,138,1,-1,-1,-1
1636,152,647,92,160,139,1,-1,-1,-1
1637,152,644,93,161,140,1,-1,-1,-1
1638,152,642,95,161,141,1,-1,-1,-1
1639,152,641,96,162,142,1,-1,-1,-1
1640,152,640,98,163,143,1,-1,-1,-1
1641,152,639,99,163,144,1,-1,-1,-1
1642,152,638,101,163,144,1,-1,-1,-1
1643,152,636,102,164,144,1,-1,-1,-1
1644,152,635,103,164,145,1,-1,-1,-1
1645,152,634,105,165,145,1,-1,-1,-1
1646,152,634,107,165,146,1,-1,-1,-1
1647,152,634,109,166,146,1,-1,-1,-1
1648,152,634,110,167,147,1,-1,-1,-1
1649,152,633,110,168,148,1,-1,-1,-1
1650,152,632,111,170,149,1,-1,-1,-1
1651,152,632,112,171,150,1,-1,-1,-1
1652,152,632,113,172,151,1,-1,-1,-1
1653,152,631,115,174,152,1,-1,-1,-1
1654,152,631,117,175,152,1,-1,-1,-1
1655,152,630,119,176,153,1,-1,-1,-1
1656,152,629,122,177,154,1,-1,-1,-1
1657,152,629,125,178,155,1,-1,-1,-1
1658,152,628,127,179,156,1,-1,-1,-1
1659,152,627,129,180,157,1,-1,-1,-1
1660,152,627,131,180,158,1,-1,-1,-1
1661,152,627,132,181,159,1,-1,-1,-1
1662,152,628,134,183,160,1,-1,-1,-1
1663,152,628,135,184,161,1,-1,-1,-1
1664,152,627,136,185,163,1,-1,-1,-1
1665,152,626,138,186,165,1,-1,-1,-1
1666,152,626,139,187,166,1,-1,-1,-1
1667,152,625,140,188,168,1,-1,-1,-1
1668,152,624,141,189,169,1,-1,-1,-1
1669,152,623,143,190,170,1,-1,-1,-1
1670,152,621,145,192,171,1,-1,-1,-1
1671,152,621,147,193,172,1,-1,-1,-1
1672,152,619,149,195,173,1,-1,-1,-1
1673,152,618,151,196,175,1,-1,-1,-1
1674,152,616,152,197,176,1,-1,-1,-1
1675,152,616,154,198,177,1,-1,-1,-1
1676,152,616,156,199,179,1,-1,-1,-1
1677,152,616,158,200,180,1,-1,-1,-1
1678,152,616,161,201,182,1,-1,-1,-1
1679,152,615,164,202,183,1,-1,-1,-1
1680,152,614,166,203,184,1,-1,-1,-1
1681,152,614,169,205,185,1,-1,-1,-1
1682,152,613,171,206,187,1,-1,-1,-1
1683,152,613,173,208,188,1,-1,-1,-1
1684,152,611,176,209,190,1,-1,-1,-1
1685,152,611,178,211,192,1,-1,-1,-1
1686,152,610,180,212,193,1,-1,-1,-1
1687,152,609,181,214,195,1,-1,-1,-1
1688,152,609,183,215,197,1,-1,-1,-1
1689,152,609,185,216,199,1,-1,-1,-1
1690,152,608,187,218,201,1,-1,-1,-1
1691,152,608,190,219,202,1,-1,-1,-1
1692,152,608,191,221,204,1,-1,-1,-1
1693,152,608,194,223,205,1,-1,-1,-1
1694,152,607,197,225,206,1,-1,-1,-1
1695,152,606,200,227,207,1,-1,-1,-1
1696,152,606,203,229,207,1,-1,-1,-1
1697,152,606,205,230,208,1,-1,-1,-1
1698,152,606,208,232,209,1,-1,-1,-1
1699,152,606,210,234,211,1,-1,-1,-1
1700,152,608,211,236,213,1,-1,-1,-1
1701,152,610,213,237,215,1,-1,-1,-1
1702,152,611,216,239,217,1,-1,-1,-1
1703,152,611,219,240,219,1,-1,-1,-1
1704,152,613,222,242,222,1,-1,-1,-1
1705,152,613,225,244,224,1,-1,-1,-1
1706,152,614,227,246,226,1,-1,-1,-1
1707,152,615,229,248,228,1,-1,-1,-1
1708,152,616,234,250,231,1,-1,-1,-1
1709,152,617,239,252,234,1,-1,-1,-1
1710,152,619,243,254,237,1,-1,-1,-1
1711,152,620,247,256,239,1,-1,-1,-1
1712,152,621,252,259,242,1,-1,-1,-1
1713,152,622,256,262,246,1,-1,-1,-1
1714,152,621,260,265,248,1,-1,-1,-1
1715,152,620,265,267,252,1,-1,-1,-1
1716,152,619,272,270,255,1,-1,-1,-1
1717,152,619,278,273,258,1,-1,-1,-1
1718,152,617,284,275,260,1,-1,-1,-1
1719,152,615,288,277,263,1,-1,-1,-1
1720,152,613,293,280,265,1,-1,-1,-1
1721,152,612,300,281,268,1,-1,-1,-1
1722,152,611,307,283,271,1,-1,-1,-1
1723,152,608,313,286,274,1,-1,-1,-1
1724,152,606,321,289,276,1,-1,-1,-1
1725,152,604,330,291,279,1,-1,-1,-1
1726,152,603,336,294,282,1,-1,-1,-1
1727,152,601,343,296,285,1,-1,-1,-1
1728,152,600,352,299,287,1,-1,-1,-1
1729,152,597,359,302,289,1,-1,-1,-1
1730,152,594,367,305,292,1,-1,-1,-1
1731,152,593,375,308,296,1,-1,-1,-1
1732,152,592,384,311,299,1,-1,-1,-1
1733,152,589,391,314,302,1,-1,-1,-1
1734,152,585,399,318,306,1,-1,-1,-1
1735,152,584,410,322,310,1,-1,-1,-1
1736,152,583,419,326,315,1,-1,-1,-1
1737,152,577,428,330,320,1,-1,-1,-1
1738,152,574,434,334,325,1,-1,-1,-1
1739,152,571,443,338,329,1,-1,-1,-1
1740,152,568,451,342,332,1,-1,-1,-1
1741,152,566,463,346,335,1,-1,-1,-1
1742,152,563,473,350,340,1,-1,-1,-1
1743,152,558,483,353,346,1,-1,-1,-1
1744,152,553,494,357,351,1,-1,-1,-1
1745,152,548,506,360,356,1,-1,-1,-1
1746,152,542,518,363,361,1,-1,-1,-1
1747,152,539,533,367,366,1,-1,-1,-1
1748,152,533,547,371,371,1,-1,-1,-1
1749,152,527,558,376,376,1,-1,-1,-1
1750,152,522,573,380,381,1,-1,-1,-1
1751,152,515,585,386,386,1,-1,-1,-1
1752,152,507,599,391,391,1,-1,-1,-1
1753,152,499,615,397,396,1,-1,-1,-1
1754,152,493,632,402,402,1,-1,-1,-1
1755,152,481,646,409,407,1,-1,-1,-1
1756,152,472,660,415,411,1,-1,-1,-1
1757,152,459,670,421,414,1,-1,-1,-1
1769,153,1080,500,430,437,1,-1,-1,-1
1770,153,1073,485,421,430,1,-1,-1,-1
1771,153,1063,470,413,423,1,-1,-1,-1
1772,153,1053,455,404,415,1,-1,-1,-1
1773,153,1041,442,397,408,1,-1,-1,-1
1774,153,1030,431,390,400,1,-1,-1,-1
1775,153,1020,420,383,392,1,-1,-1,-1
1776,153,1011,408,377,385,1,-1,-1,-1
1777,153,1003,398,371,378,1,-1,-1,-1
1778,153,997,385,365,372,1,-1,-1,-1
1779,153,990,373,359,366,1,-1,-1,-1
1780,153,986,360,353,361,1,-1,-1,-1
1781,153,980,347,348,357,1,-1,-1,-1
1782,153,975,336,343,353,1,-1,-1,-1
1783,153,972,322,338,348,1,-1,-1,-1
1784,153,968,312,333,343,1,-1,-1,-1
1785,153,963,305,328,337,1,-1,-1,-1
1786,153,958,299,323,332,1,-1,-1,-1
1787,153,956,291,318,326,1,-1,-1,-1
1788,153,955,285,312,320,1,-1,-1,-1
1789,153,954,278,305,314,1,-1,-1,-1
1790,153,950,270,300,308,1,-1,-1,-1
1791,153,948,264,295,303,1,-1,-1,-1
1792,153,948,260,289,297,1,-1,-1,-1
1793,153,947,255,284,291,1,-1,-1,-1
1794,153,946,251,279,286,1,-1,-1,-1
1795,153,948,246,274,281,1,-1,-1,-1
1796,153,948,241,270,277,1,-1,-1,-1
1797,153,947,235,266,273,1,-1,-1,-1
1798,153,946,231,262,269,1,-1,-1,-1
1799,153,946,227,258,265,1,-1,-1,-1
1800,153,949,223,254,261,1,-1,-1,-1
1801,153,950,217,250,258,1,-1,-1,-1
1802,153,951,211,247,255,1,-1,-1,-1
1803,153,950,208,244,253,1,-1,-1,-1
1804,153,951,205,240,249,1,-1,-1,-1
1805,153,954,202,237,246,1,-1,-1,-1
1806,153,957,199,235,243,1,-1,-1,-1
1807,153,958,198,233,240,1,-1,-1,-1
1808,153,958,194,230,238,1,-1,-1,-1
1809,153,961,190,228,235,1,-1,-1,-1
1810,153,963,189,226,233,1,-1,-1,-1
1811,153,963,187,224,231,1,-1,-1,-1
1812,153,965,185,222,228,1,-1,-1,-1
1813,153,966,184,220,226,1,-1,-1,-1
1814,153,965,182,219,224,1,-1,-1,-1
1815,153,964,181,217,223,1,-1,-1,-1
1816,153,965,178,216,222,1,-1,-1,-1
1817,153,966,175,215,221,1,-1,-1,-1
1818,153,967,172,213,219,1,-1,-1,-1
1819,153,970,168,212,217,1,-1,-1,-1
1820,153,973,166,210,215,1,-1,-1,-1
1821,153,976,164,208,213,1,-1,-1,-1
1822,153,978,163,207,211,1,-1,-1,-1
1823,153,981,163,207,209,1,-1,-1,-1
1824,153,986,161,207,207,1,-1,-1,-1
1825,153,995,159,207,205,1,-1,-1,-1
1826,153,1003,157,207,203,1,-1,-1,-1
1827,153,1012,154,207,202,1,-1,-1,-1
1828,153,1023,152,208,201,1,-1,-1,-1
1829,153,1034,150,209,200,1,-1,-1,-1
1830,153,1048,149,211,200,1,-1,-1,-1
1831,153,1063,147,212,199,1,-1,-1,-1
1832,153,1075,146,214,198,1,-1,-1,-1
1833,153,1090,144,215,198,1,-1,-1,-1
1834,153,1106,142,217,197,1,-1,-1,-1
1835,153,1122,141,218,195,1,-1,-1,-1
1836,153,1139,141,219,194,1,-1,-1,-1
1837,153,1154,140,219,192,1,-1,-1,-1
1838,153,1171,137,219,190,1,-1,-1,-1
1839,153,1190,135,219,190,1,-1,-1,-1
1840,153,1209,132,221,190,1,-1,-1,-1
1841,153,1228,126,222,190,1,-1,-1,-1
1842,153,1249,122,224,191,1,-1,-1,-1
1843,153,1268,117,225,192,1,-1,-1,-1
1844,153,1288,113,226,192,1,-1,-1,-1
1845,153,1310,110,225,191,1,-1,-1,-1
1846,153,1332,108,224,189,1,-1,-1,-1
1847,153,1353,106,224,187,1,-1,-1,-1
1848,153,1371,104,223,186,1,-1,-1,-1
1849,153,1387,98,221,185,1,-1,-1,-1
1910,154,698,65,134,105,1,-1,-1,-1
1911,154,698,65,135,106,1,-1,-1,-1
1912,154,699,67,135,107,1,-1,-1,-1
1913,154,698,68,136,108,1,-1,-1,-1
1914,154,698,69,136,108,1,-1,-1,-1
1915,154,698,70,137,109,1,-1,-1,-1
1916,154,698,71,138,110,1,-1,-1,-1
1917,154,697,72,138,112,1,-1,-1,-1
1918,154,696,73,139,113,1,-1,-1,-1
1919,154,696,73,140,113,1,-1,-1,-1
1920,154,695,74,141,114,1,-1,-1,-1
1921,154,695,75,142,115,1,-1,-1,-1
1922,154,695,75,143,116,1,-1,-1,-1
1923,154,694,77,143,116,1,-1,-1,-1
1924,154,693,78,143,116,1,-1,-1,-1
1925,154,692,80,144,116,1,-1,-1,-1
1926,154,691,82,144,116,1,-1,-1,-1
1927,154,691,84,144,117,1,-1,-1,-1
1928,154,690,87,145,117,1,-1,-1,-1
1929,154,689,89,145,117,1,-1,-1,-1
1930,154,689,90,146,118,1,-1,-1,-1
1931,154,689,93,146,118,1,-1,-1,-1
1932,154,688,94,147,118,1,-1,-1,-1
1933,154,686,96,148,119,1,-1,-1,-1
1934,154,685,98,149,120,1,-1,-1,-1
1935,154,684,100,150,121,1,-1,-1,-1
1936,154,683,102,150,122,1,-1,-1,-1
1937,154,682,103,151,122,1,-1,-1,-1
1938,154,681,105,151,123,1,-1,-1,-1
1939,154,679,107,152,123,1,-1,-1,-1
1940,154,677,109,152,124,1,-1,-1,-1
1941,154,675,111,153,124,1,-1,-1,-1
1942,154,674,113,154,125,1,-1,-1,-1
1943,154,672,115,155,126,1,-1,-1,-1
1944,154,670,116,155,126,1,-1,-1,-1
1945,154,668,119,156,127,1,-1,-1,-1
1946,154,667,122,156,128,1,-1,-1,-1
1947,154,665,124,157,129,1,-1,-1,-1
1948,154,664,125,158,130,1,-1,-1,-1
1949,154,662,128,159,131,1,-1,-1,-1
1950,154,660,130,160,131,1,-1,-1,-1
1951,154,658,132,161,132,1,-1,-1,-1
1952,154,655,134,162,133,1,-1,-1,-1
1953,154,652,137,163,133,1,-1,-1,-1
1954,154,648,141,165,134,1,-1,-1,-1
1955,154,645,143,166,135,1,-1,-1,-1
1956,154,643,146,167,136,1,-1,-1,-1
1957,154,640,148,169,137,1,-1,-1,-1
1958,154,636,151,170,139,1,-1,-1,-1
1959,154,633,154,172,140,1,-1,-1,-1
1960,154,629,156,173,141,1,-1,-1,-1
1961,154,626,159,174,142,1,-1,-1,-1
1962,154,622,162,175,143,1,-1,-1,-1
1963,154,619,165,176,144,1,-1,-1,-1
1964,154,617,167,178,145,1,-1,-1,-1
1965,154,615,170,179,146,1,-1,-1,-1
1966,154,613,173,180,147,1,-1,-1,-1
1967,154,612,177,182,149,1,-1,-1,-1
1968,154,611,179,183,150,1,-1,-1,-1
1969,154,610,182,185,152,1,-1,-1,-1
1970,154,609,185,186,153,1,-1,-1,-1
1971,154,608,189,188,154,1,-1,-1,-1
1972,154,606,193,191,156,1,-1,-1,-1
1973,154,605,197,193,158,1,-1,-1,-1
1974,154,604,200,195,159,1,-1,-1,-1
1975,154,603,205,198,161,1,-1,-1,-1
1976,154,601,210,200,163,1,-1,-1,-1
1977,154,600,214,203,164,1,-1,-1,-1
1978,154,598,218,206,166,1,-1,-1,-1
1979,154,596,221,208,167,1,-1,-1,-1
1980,154,595,225,211,169,1,-1,-1,-1
1981,154,593,228,213,171,1,-1,-1,-1
1982,154,592,231,216,173,1,-1,-1,-1
1983,154,590,233,219,174,1,-1,-1,-1
1984,154,588,236,221,177,1,-1,-1,-1
1985,154,586,239,224,179,1,-1,-1,-1
1986,154,584,243,226,182,1,-1,-1,-1
1987,154,582,248,229,185,1,-1,-1,-1
1988,154,580,252,232,187,1,-1,-1,-1
1989,154,577,258,235,190,1,-1,-1,-1
1990,154,574,264,238,192,1,-1,-1,-1
1991,154,572,270,241,195,1,-1,-1,-1
1992,154,570,277,244,198,1,-1,-1,-1
1993,154,567,285,247,202,1,-1,-1,-1
1994,154,562,293,250,205,1,-1,-1,-1
1995,154,559,303,254,208,1,-1,-1,-1
1996,154,556,311,257,211,1,-1,-1,-1
1997,154,552,321,260,214,1,-1,-1,-1
1998,154,549,330,263,218,1,-1,-1,-1
1999,154,544,341,267,221,1,-1,-1,-1
2000,154,540,353,271,224,1,-1,-1,-1
2001,154,536,364,275,227,1,-1,-1,-1
2002,154,531,375,279,231,1,-1,-1,-1
2003,154,527,386,283,234,1,-1,-1,-1
2004,154,523,399,288,238,1,-1,-1,-1
2005,154,518,412,292,241,1,-1,-1,-1
2006,154,514,424,296,244,1,-1,-1,-1
2007,154,511,439,299,248,1,-1,-1,-1
2008,154,508,454,304,251,1,-1,-1,-1
2009,154,503,466,309,256,1,-1,-1,-1
2010,154,497,482,314,262,1,-1,-1,-1
2011,154,492,496,320,268,1,-1,-1,-1
2012,154,487,514,325,274,1,-1,-1,-1
2013,154,483,531,332,280,1,-1,-1,-1
2014,154,475,550,338,286,1,-1,-1,-1
2015,154,470,569,343,292,1,-1,-1,-1
2016,154,462,591,349,299,1,-1,-1,-1
2017,154,453,613,354,305,1,-1,-1,-1
2018,154,443,636,360,312,1,-1,-1,-1
2019,154,431,663,367,319,1,-1,-1,-1
2020,154,419,686,375,326,1,-1,-1,-1
2021,154,401,713,383,333,1,-1,-1,-1
2022,154,381,736,393,337,1,-1,-1,-1
2051,155,1114,659,396,323,1,-1,-1,-1
2052,155,1111,632,386,320,1,-1,-1,-1
2053,155,1107,607,378,319,1,-1,-1,-1
2054,155,1103,582,369,315,1,-1,-1,-1
2055,155,1098,560,361,310,1,-1,-1,-1
2056,155,1091,542,353,304,1,-1,-1,-1
2057,155,1083,523,345,299,1,-1,-1,-1
2058,155,1074,505,337,293,1,-1,-1,-1
2059,155,1064,489,331,288,1,-1,-1,-1
2060,155,1056,470,324,283,1,-1,-1,-1
2061,155,1047,456,319,279,1,-1,-1,-1
2062,155,1036,441,313,274,1,-1,-1,-1
2063,155,1028,428,307,268,1,-1,-1,-1
2064,155,1020,416,301,263,1,-1,-1,-1
2065,155,1012,405,296,258,1,-1,-1,-1
2066,155,1006,394,289,252,1,-1,-1,-1
2067,155,999,382,284,246,1,-1,-1,-1
2068,155,992,372,278,241,1,-1,-1,-1
2069,155,986,361,273,237,1,-1,-1,-1
2070,155,980,352,268,233,1,-1,-1,-1
2071,155,975,343,263,228,1,-1,-1,-1
2072,155,970,334,258,223,1,-1,-1,-1
2073,155,967,326,253,219,1,-1,-1,-1
2074,155,965,317,249,215,1,-1,-1,-1
2075,155,963,310,244,212,1,-1,-1,-1
2076,155,961,301,239,208,1,-1,-1,-1
2077,155,960,295,235,205,1,-1,-1,-1
2078,155,960,289,231,201,1,-1,-1,-1
2079,155,959,283,227,198,1,-1,-1,-1
2080,155,959,276,223,195,1,-1,-1,-1
2081,155,959,270,218,191,1,-1,-1,-1
2082,155,959,265,214,188,1,-1,-1,-1
2083,155,960,259,210,185,1,-1,-1,-1
2084,155,961,254,206,182,1,-1,-1,-1
2085,155,962,251,202,179,1,-1,-1,-1
2086,155,962,246,198,176,1,-1,-1,-1
2087,155,965,241,195,174,1,-1,-1,-1
2088,155,966,238,192,171,1,-1,-1,-1
2089,155,966,234,188,169,1,-1,-1,-1
2090,155,967,229,185,166,1,-1,-1,-1
2091,155,969,225,182,164,1,-1,-1,-1
2092,155,969,221,179,162,1,-1,-1,-1
2093,155,969,218,176,160,1,-1,-1,-1
2094,155,970,214,173,158,1,-1,-1,-1
2095,155,970,210,171,155,1,-1,-1,-1
2096,155,969,207,169,153,1,-1,-1,-1
2097,155,969,204,167,152,1,-1,-1,-1
2098,155,970,201,165,149,1,-1,-1,-1
2099,155,970,198,163,147,1,-1,-1,-1
2100,155,969,194,161,145,1,-1,-1,-1
2101,155,968,191,159,143,1,-1,-1,-1
2102,155,966,188,157,140,1,-1,-1,-1
2103,155,965,185,155,138,1,-1,-1,-1
2104,155,964,183,152,136,1,-1,-1,-1
2105,155,964,180,151,134,1,-1,-1,-1
2106,155,962,177,149,133,1,-1,-1,-1
2107,155,962,174,147,131,1,-1,-1,-1
2108,155,960,171,146,129,1,-1,-1,-1
2109,155,958,169,144,127,1,-1,-1,-1
2110,155,956,166,142,125,1,-1,-1,-1
2111,155,954,164,141,124,1,-1,-1,-1
2112,155,952,161,139,123,1,-1,-1,-1
2113,155,950,159,138,121,1,-1,-1,-1
2114,155,948,156,136,120,1,-1,-1,-1
2115,155,945,154,135,119,1,-1,-1,-1
2116,155,942,152,133,118,1,-1,-1,-1
2117,155,940,150,132,117,1,-1,-1,-1
2118,155,937,148,131,117,1,-1,-1,-1
2119,155,935,146,130,116,1,-1,-1,-1
2120,155,932,144,129,115,1,-1,-1,-1
2121,155,931,142,128,113,1,-1,-1,-1
2122,155,930,141,127,112,1,-1,-1,-1
2123,155,927,139,126,111,1,-1,-1,-1
2124,155,925,136,125,110,1,-1,-1,-1
2125,155,925,133,124,109,1,-1,-1,-1
2126,155,924,131,123,109,1,-1,-1,-1
2127,155,922,129,122,108,1,-1,-1,-1
2128,155,918,127,122,107,1,-1,-1,-1
2129,155,915,125,122,106,1,-1,-1,-1
2130,155,914,123,121,105,1,-1,-1,-1
2131,155,914,122,120,104,1,-1,-1,-1
2132,155,913,121,120,103,1,-1,-1,-1
2133,155,912,119,119,102,1,-1,-1,-1
2134,155,910,117,118,102,1,-1,-1,-1
2135,155,909,115,117,102,1,-1,-1,-1
2136,155,909,111,116,101,1,-1,-1,-1
2137,155,908,108,115,101,1,-1,-1,-1
2138,155,908,105,114,101,1,-1,-1,-1
2139,155,907,102,114,101,1,-1,-1,-1
