664,397,466,686,882,413,1,-1,-1,-1
665,397,224,660,881,410,1,-1,-1,-1
666,397,-2,644,869,403,1,-1,-1,-1
667,397,-145,637,839,391,1,-1,-1,-1
701,398,374,667,1012,408,1,-1,-1,-1
702,398,167,652,987,400,1,-1,-1,-1
703,398,-31,639,960,392,1,-1,-1,-1
704,398,-156,629,914,378,1,-1,-1,-1
741,399,298,667,991,409,1,-1,-1,-1
742,399,91,652,968,402,1,-1,-1,-1
743,399,-77,642,940,394,1,-1,-1,-1
759,400,728,778,1878,999,1,-1,-1,-1
760,400,888,784,1851,983,1,-1,-1,-1
859,401,1507,330,280,265,1,-1,-1,-1
860,401,1507,330,279,265,1,-1,-1,-1
861,401,1507,330,279,265,1,-1,-1,-1
862,401,1507,330,280,265,1,-1,-1,-1
863,401,1507,330,281,265,1,-1,-1,-1
864,401,1507,330,281,265,1,-1,-1,-1
865,401,1507,330,281,264,1,-1,-1,-1
866,401,1507,331,282,264,1,-1,-1,-1
867,401,1507,331,282,264,1,-1,-1,-1
868,401,1507,331,283,264,1,-1,-1,-1
869,401,1507,331,283,264,1,-1,-1,-1
870,401,1507,331,283,264,1,-1,-1,-1
871,401,1507,331,283,264,1,-1,-1,-1
872,401,1507,331,283,264,1,-1,-1,-1
873,401,1507,331,283,264,1,-1,-1,-1
874,401,1507,331,283,264,1,-1,-1,-1
875,401,1507,331,283,264,1,-1,-1,-1
876,401,1507,331,283,263,1,-1,-1,-1
877,401,1507,331,283,263,1,-1,-1,-1
878,401,1507,331,283,264,1,-1,-1,-1
879,401,1507,331,283,264,1,-1,-1,-1
880,401,1507,331,283,264,1,-1,-1,-1
881,401,1507,331,283,264,1,-1,-1,-1
882,401,1508,331,283,264,1,-1,-1,-1
883,401,1508,331,283,264,1,-1,-1,-1
884,401,1507,331,283,264,1,-1,-1,-1
885,401,1507,331,283,264,1,-1,-1,-1
886,401,1507,331,283,264,1,-1,-1,-1
887,401,1507,331,283,264,1,-1,-1,-1
888,401,1507,330,283,264,1,-1,-1,-1
889,401,1507,330,283,264,1,-1,-1,-1
890,401,1507,330,282,264,1,-1,-1,-1
891,401,1507,330,282,264,1,-1,-1,-1
892,401,1508,330,282,264,1,-1,-1,-1
893,401,1508,331,282,263,1,-1,-1,-1
894,401,1508,331,282,263,1,-1,-1,-1
895,401,1508,331,282,263,1,-1,-1,-1
896,401,1508,331,281,263,1,-1,-1,-1
897,401,1508,331,281,263,1,-1,-1,-1
898,401,1508,331,281,263,1,-1,-1,-1
899,401,1507,331,282,263,1,-1,-1,-1
900,401,1507,330,282,264,1,-1,-1,-1
901,401,1507,330,282,264,1,-1,-1,-1
902,401,1507,330,282,264,1,-1,-1,-1
903,401,1507,330,283,264,1,-1,-1,-1
904,401,1507,330,283,264,1,-1,-1,-1
905,401,1507,330,283,264,1,-1,-1,-1
906,401,1508,330,283,264,1,-1,-1,-1
907,401,1508,330,283,264,1,-1,-1,-1
908,401,1508,330,283,264,1,-1,-1,-1
909,401,1508,330,283,264,1,-1,-1,-1
910,401,1508,330,283,264,1,-1,-1,-1
911,401,1508,330,283,264,1,-1,-1,-1
912,401,1507,330,283,264,1,-1,-1,-1
913,401,1507,331,283,264,1,-1,-1,-1
914,401,1507,331,283,264,1,-1,-1,-1
915,401,1508,331,283,264,1,-1,-1,-1
916,401,1508,331,283,264,1,-1,-1,-1
917,401,1508,331,283,264,1,-1,-1,-1
918,401,1508,331,283,264,1,-1,-1,-1
919,401,1507,331,283,264,1,-1,-1,-1
920,401,1507,331,283,264,1,-1,-1,-1
921,401,1507,331,283,264,1,-1,-1,-1
922,401,1507,331,283,264,1,-1,-1,-1
923,401,1507,331,283,264,1,-1,-1,-1
924,401,1507,331,283,264,1,-1,-1,-1
925,401,1507,331,283,264,1,-1,-1,-1
926,401,1507,331,283,264,1,-1,-1,-1
927,401,1507,331,283,264,1,-1,-1,-1
928,401,1507,331,283,264,1,-1,-1,-1
929,401,1507,331,283,264,1,-1,-1,-1
930,401,1507,331,283,264,1,-1,-1,-1
931,401,1508,331,282,264,1,-1,-1,-1
932,401,1508,331,282,264,1,-1,-1,-1
933,401,1508,331,282,264,1,-1,-1,-1
934,401,1509,331,282,264,1,-1,-1,-1
935,401,1508,331,282,264,1,-1,-1,-1
936,401,1508,331,282,264,1,-1,-1,-1
937,401,1507,331,282,264,1,-1,-1,-1
938,401,1507,331,282,264,1,-1,-1,-1
939,401,1507,331,282,264,1,-1,-1,-1
940,401,1508,331,282,264,1,-1,-1,-1
941,401,1508,329,281,264,1,-1,-1,-1
942,401,1508,329,281,264,1,-1,-1,-1
943,401,1509,329,280,264,1,-1,-1,-1
944,401,1509,328,280,264,1,-1,-1,-1
945,401,1509,328,279,264,1,-1,-1,-1
946,401,1509,328,279,264,1,-1,-1,-1
947,401,1510,328,278,264,1,-1,-1,-1
948,401,1510,328,278,264,1,-1,-1,-1
949,401,1510,329,278,264,1,-1,-1,-1
950,401,1510,328,277,264,1,-1,-1,-1
951,401,1510,329,277,264,1,-1,-1,-1
952,401,1511,329,277,264,1,-1,-1,-1
953,401,1511,329,277,264,1,-1,-1,-1
954,401,1511,328,277,264,1,-1,-1,-1
955,401,1511,330,277,264,1,-1,-1,-1
956,401,1511,330,277,264,1,-1,-1,-1
957,401,1511,330,277,264,1,-1,-1,-1
958,401,1512,330,277,263,1,-1,-1,-1
959,401,1510,331,277,263,1,-1,-1,-1
960,401,1510,331,277,263,1,-1,-1,-1
961,401,1509,331,277,263,1,-1,-1,-1
962,401,1509,331,278,263,1,-1,-1,-1
963,401,1510,331,278,263,1,-1,-1,-1
964,401,1510,331,278,263,1,-1,-1,-1
965,401,1511,330,277,263,1,-1,-1,-1
966,401,1511,330,277,263,1,-1,-1,-1
967,401,1511,330,277,263,1,-1,-1,-1
968,401,1511,331,277,263,1,-1,-1,-1
969,401,1510,332,277,263,1,-1,-1,-1
970,401,1508,332,278,263,1,-1,-1,-1
971,401,1508,332,279,263,1,-1,-1,-1
972,401,1509,331,279,263,1,-1,-1,-1
973,401,1509,330,279,263,1,-1,-1,-1
974,401,1510,330,280,263,1,-1,-1,-1
975,401,1510,330,280,263,1,-1,-1,-1
976,401,1510,330,280,263,1,-1,-1,-1
977,401,1510,330,280,263,1,-1,-1,-1
978,401,1510,331,280,263,1,-1,-1,-1
979,401,1510,330,279,263,1,-1,-1,-1
980,401,1510,330,279,263,1,-1,-1,-1
981,401,1511,330,279,263,1,-1,-1,-1
982,401,1511,330,279,263,1,-1,-1,-1
983,401,1510,330,279,263,1,-1,-1,-1
984,401,1508,330,279,264,1,-1,-1,-1
985,401,1508,330,279,264,1,-1,-1,-1
986,401,1507,330,280,264,1,-1,-1,-1
987,401,1507,330,280,265,1,-1,-1,-1
988,401,1508,330,280,265,1,-1,-1,-1
989,401,1508,330,280,265,1,-1,-1,-1
990,401,1508,330,280,265,1,-1,-1,-1
991,401,1508,329,280,265,1,-1,-1,-1
992,401,1508,329,280,265,1,-1,-1,-1
993,401,1507,329,280,265,1,-1,-1,-1
994,401,1507,331,281,265,1,-1,-1,-1
995,401,1507,330,281,265,1,-1,-1,-1
996,401,1507,330,281,265,1,-1,-1,-1
997,401,1507,330,281,265,1,-1,-1,-1
998,401,1507,330,281,265,1,-1,-1,-1
999,401,1507,329,281,265,1,-1,-1,-1
1000,401,1507,329,281,265,1,-1,-1,-1
1001,401,1507,329,281,264,1,-1,-1,-1
1002,401,1507,330,281,264,1,-1,-1,-1
1003,401,1507,330,281,264,1,-1,-1,-1
1004,401,1507,329,280,264,1,-1,-1,-1
1005,401,1507,329,280,264,1,-1,-1,-1
1006,401,1507,329,280,264,1,-1,-1,-1
1007,401,1507,329,280,265,1,-1,-1,-1
1008,401,1507,329,280,265,1,-1,-1,-1
1009,401,1507,329,280,265,1,-1,-1,-1
1010,401,1507,329,280,265,1,-1,-1,-1
1011,401,1508,330,280,265,1,-1,-1,-1
1012,401,1508,330,280,265,1,-1,-1,-1
1013,401,1508,330,280,265,1,-1,-1,-1
1014,401,1507,330,280,265,1,-1,-1,-1
1015,401,1507,330,280,265,1,-1,-1,-1
1016,401,1507,330,280,265,1,-1,-1,-1
1017,401,1506,330,280,265,1,-1,-1,-1
1018,401,1506,329,280,265,1,-1,-1,-1
1019,401,1507,329,280,265,1,-1,-1,-1
1020,401,1507,329,280,265,1,-1,-1,-1
1021,401,1507,329,280,265,1,-1,-1,-1
1022,401,1508,329,280,265,1,-1,-1,-1
1023,401,1508,329,280,265,1,-1,-1,-1
1024,401,1508,330,280,265,1,-1,-1,-1
1025,401,1508,330,280,265,1,-1,-1,-1
1026,401,1507,330,280,265,1,-1,-1,-1
1027,401,1506,330,280,265,1,-1,-1,-1
1028,401,1507,330,280,265,1,-1,-1,-1
1029,401,1507,330,280,265,1,-1,-1,-1
1030,401,1508,330,280,265,1,-1,-1,-1
1031,401,1508,329,280,265,1,-1,-1,-1
1032,401,1508,329,280,265,1,-1,-1,-1
1033,401,1508,329,280,265,1,-1,-1,-1
1034,401,1508,329,280,265,1,-1,-1,-1
1035,401,1508,329,280,265,1,-1,-1,-1
1036,401,1508,329,280,265,1,-1,-1,-1
1037,401,1508,329,280,265,1,-1,-1,-1
1038,401,1508,329,280,265,1,-1,-1,-1
1039,401,1508,329,280,265,1,-1,-1,-1
1040,401,1508,329,280,265,1,-1,-1,-1
1041,401,1508,328,280,265,1,-1,-1,-1
1042,401,1508,328,280,265,1,-1,-1,-1
1043,401,1508,328,280,265,1,-1,-1,-1
1044,401,1508,328,280,265,1,-1,-1,-1
1045,401,1509,328,280,265,1,-1,-1,-1
1046,401,1509,328,280,265,1,-1,-1,-1
1047,401,1509,329,280,265,1,-1,-1,-1
1048,401,1509,329,280,265,1,-1,-1,-1
1049,401,1509,329,280,265,1,-1,-1,-1
1050,401,1508,329,280,265,1,-1,-1,-1
1051,401,1508,329,280,265,1,-1,-1,-1
1052,401,1508,329,280,265,1,-1,-1,-1
1053,401,1508,329,280,265,1,-1,-1,-1
1054,401,1508,329,280,265,1,-1,-1,-1
1055,401,1508,330,280,265,1,-1,-1,-1
1056,401,1507,330,280,265,1,-1,-1,-1
1057,401,1507,330,280,265,1,-1,-1,-1
1058,401,1507,330,280,265,1,-1,-1,-1
1059,401,1507,330,280,265,1,-1,-1,-1
1060,401,1507,330,280,265,1,-1,-1,-1
1061,401,1507,330,280,265,1,-1,-1,-1
1062,401,1507,330,280,265,1,-1,-1,-1
1063,401,1507,330,280,265,1,-1,-1,-1
1064,401,1508,330,280,265,1,-1,-1,-1
1065,401,1508,330,280,265,1,-1,-1,-1
1066,401,1508,330,280,265,1,-1,-1,-1
1067,401,1508,330,280,265,1,-1,-1,-1
1068,401,1508,330,280,265,1,-1,-1,-1
1069,401,1508,330,280,265,1,-1,-1,-1
1070,401,1508,330,280,265,1,-1,-1,-1
1071,401,1508,330,280,265,1,-1,-1,-1
1072,401,1508,330,280,265,1,-1,-1,-1
1073,401,1508,329,280,265,1,-1,-1,-1
1074,401,1508,329,280,265,1,-1,-1,-1
1075,401,1508,329,280,265,1,-1,-1,-1
1076,401,1508,329,280,265,1,-1,-1,-1
1077,401,1508,329,279,265,1,-1,-1,-1
1078,401,1508,331,280,265,1,-1,-1,-1
1079,401,1508,330,280,265,1,-1,-1,-1
1080,401,1507,330,280,265,1,-1,-1,-1
1081,401,1507,330,280,265,1,-1,-1,-1
1082,401,1507,330,280,265,1,-1,-1,-1
1083,401,1507,330,280,265,1,-1,-1,-1
1084,401,1506,329,280,265,1,-1,-1,-1
1085,401,1506,330,281,265,1,-1,-1,-1
1086,401,1506,331,281,265,1,-1,-1,-1
1087,401,1506,331,282,265,1,-1,-1,-1
1088,401,1506,331,282,264,1,-1,-1,-1
1089,401,1506,332,282,264,1,-1,-1,-1
1090,401,1505,332,283,264,1,-1,-1,-1
1091,401,1505,331,283,264,1,-1,-1,-1
1092,401,1506,331,282,264,1,-1,-1,-1
1093,401,1505,330,282,264,1,-1,-1,-1
1094,401,1505,330,282,264,1,-1,-1,-1
1095,401,1505,330,282,264,1,-1,-1,-1
1096,401,1505,330,282,264,1,-1,-1,-1
1097,401,1505,330,283,264,1,-1,-1,-1
1098,401,1505,331,283,264,1,-1,-1,-1
1099,401,1505,331,283,264,1,-1,-1,-1
1100,401,1505,331,284,264,1,-1,-1,-1
1101,401,1505,331,284,264,1,-1,-1,-1
1102,401,1504,332,284,264,1,-1,-1,-1
1103,401,1504,332,284,264,1,-1,-1,-1
1104,401,1505,332,284,264,1,-1,-1,-1
1105,401,1504,332,284,264,1,-1,-1,-1
1106,401,1504,332,284,264,1,-1,-1,-1
1107,401,1504,332,284,264,1,-1,-1,-1
1108,401,1504,332,284,264,1,-1,-1,-1
1109,401,1506,332,283,264,1,-1,-1,-1
1110,401,1506,332,283,264,1,-1,-1,-1
1111,401,1506,332,282,263,1,-1,-1,-1
1112,401,1507,332,282,263,1,-1,-1,-1
1113,401,1506,332,281,263,1,-1,-1,-1
1114,401,1506,332,281,263,1,-1,-1,-1
1115,401,1506,331,281,263,1,-1,-1,-1
1116,401,1506,330,281,264,1,-1,-1,-1
1117,401,1506,330,281,264,1,-1,-1,-1
1118,401,1506,330,281,264,1,-1,-1,-1
1119,401,1507,330,281,264,1,-1,-1,-1
1120,401,1507,330,281,264,1,-1,-1,-1
1121,401,1507,330,281,264,1,-1,-1,-1
1122,401,1507,330,281,264,1,-1,-1,-1
1123,401,1507,330,281,264,1,-1,-1,-1
1124,401,1506,329,281,264,1,-1,-1,-1
1125,401,1506,329,281,264,1,-1,-1,-1
1126,401,1506,329,280,264,1,-1,-1,-1
1127,401,1506,330,281,264,1,-1,-1,-1
1128,401,1506,330,281,264,1,-1,-1,-1
1129,401,1505,330,282,264,1,-1,-1,-1
1130,401,1505,330,282,265,1,-1,-1,-1
1131,401,1505,331,283,265,1,-1,-1,-1
1132,401,1505,331,283,265,1,-1,-1,-1
1133,401,1505,331,284,265,1,-1,-1,-1
1134,401,1505,332,284,265,1,-1,-1,-1
1135,401,1505,331,284,265,1,-1,-1,-1
1136,401,1505,330,283,265,1,-1,-1,-1
1137,401,1506,330,283,265,1,-1,-1,-1
1138,401,1506,330,283,265,1,-1,-1,-1
1139,401,1506,329,282,265,1,-1,-1,-1
1140,401,1506,329,282,265,1,-1,-1,-1
1141,401,1507,329,282,265,1,-1,-1,-1
1142,401,1507,328,282,265,1,-1,-1,-1
1143,401,1507,328,282,264,1,-1,-1,-1
1144,401,1507,329,282,264,1,-1,-1,-1
1145,401,1507,329,281,264,1,-1,-1,-1
1146,401,1507,329,281,264,1,-1,-1,-1
1147,401,1507,330,281,264,1,-1,-1,-1
1148,401,1507,330,281,264,1,-1,-1,-1
1149,401,1507,330,280,264,1,-1,-1,-1
1150,401,1507,330,280,264,1,-1,-1,-1
1151,401,1507,331,280,264,1,-1,-1,-1
1152,401,1507,332,280,263,1,-1,-1,-1
1153,401,1507,332,281,263,1,-1,-1,-1
1154,401,1506,332,281,263,1,-1,-1,-1
1155,401,1506,332,281,263,1,-1,-1,-1
1156,401,1506,332,281,263,1,-1,-1,-1
1157,401,1506,332,281,263,1,-1,-1,-1
1158,401,1506,332,281,263,1,-1,-1,-1
1159,401,1505,332,281,263,1,-1,-1,-1
1160,401,1505,332,281,263,1,-1,-1,-1
1161,401,1506,332,282,263,1,-1,-1,-1
1162,401,1505,332,282,263,1,-1,-1,-1
1163,401,1505,332,282,263,1,-1,-1,-1
1164,401,1506,332,282,263,1,-1,-1,-1
1165,401,1506,331,282,263,1,-1,-1,-1
1166,401,1506,330,282,263,1,-1,-1,-1
1167,401,1506,330,281,263,1,-1,-1,-1
1168,401,1506,330,281,263,1,-1,-1,-1
1169,401,1506,330,281,264,1,-1,-1,-1
1170,401,1506,330,281,264,1,-1,-1,-1
1171,401,1506,330,281,264,1,-1,-1,-1
1172,401,1506,330,281,264,1,-1,-1,-1
1173,401,1506,329,281,264,1,-1,-1,-1
1174,401,1507,329,281,264,1,-1,-1,-1
1175,401,1508,329,280,264,1,-1,-1,-1
1176,401,1508,329,280,264,1,-1,-1,-1
1177,401,1509,329,280,264,1,-1,-1,-1
1178,401,1509,329,280,264,1,-1,-1,-1
1179,401,1509,330,280,264,1,-1,-1,-1
1180,401,1510,330,280,264,1,-1,-1,-1
1181,401,1509,330,280,264,1,-1,-1,-1
1182,401,1509,330,280,264,1,-1,-1,-1
1183,401,1509,330,280,264,1,-1,-1,-1
1184,401,1509,330,280,264,1,-1,-1,-1
1185,401,1509,330,280,264,1,-1,-1,-1
1186,401,1510,330,279,264,1,-1,-1,-1
1187,401,1509,330,279,264,1,-1,-1,-1
1188,401,1509,330,279,264,1,-1,-1,-1
1189,401,1509,329,279,264,1,-1,-1,-1
1190,401,1509,330,279,264,1,-1,-1,-1
1191,401,1510,330,279,264,1,-1,-1,-1
1192,401,1509,330,279,263,1,-1,-1,-1
1193,401,1509,331,279,263,1,-1,-1,-1
1194,401,1509,331,279,263,1,-1,-1,-1
1195,401,1509,330,279,263,1,-1,-1,-1
1196,401,1509,330,279,263,1,-1,-1,-1
1197,401,1509,330,279,263,1,-1,-1,-1
1198,401,1509,330,279,263,1,-1,-1,-1
1199,401,1509,329,279,263,1,-1,-1,-1
1200,401,1509,329,280,263,1,-1,-1,-1
1201,401,1509,330,280,264,1,-1,-1,-1
1202,401,1508,330,280,264,1,-1,-1,-1
1203,401,1508,330,280,264,1,-1,-1,-1
1204,401,1508,330,280,264,1,-1,-1,-1
1205,401,1508,330,280,264,1,-1,-1,-1
1206,401,1508,329,280,264,1,-1,-1,-1
1207,401,1508,329,280,264,1,-1,-1,-1
1208,401,1508,329,280,264,1,-1,-1,-1
1209,401,1508,330,280,264,1,-1,-1,-1
1210,401,1507,330,280,264,1,-1,-1,-1
1211,401,1507,329,280,264,1,-1,-1,-1
1212,401,1507,331,281,264,1,-1,-1,-1
1213,401,1506,330,281,264,1,-1,-1,-1
1214,401,1506,331,282,264,1,-1,-1,-1
1215,401,1506,331,282,264,1,-1,-1,-1
1216,401,1506,331,282,264,1,-1,-1,-1
1217,401,1506,331,282,264,1,-1,-1,-1
1218,401,1506,331,282,264,1,-1,-1,-1
1219,401,1506,331,282,264,1,-1,-1,-1
1220,401,1506,331,282,264,1,-1,-1,-1
1221,401,1506,331,282,264,1,-1,-1,-1
1222,401,1506,330,282,264,1,-1,-1,-1
1223,401,1506,330,282,264,1,-1,-1,-1
1224,401,1506,330,282,264,1,-1,-1,-1
1225,401,1506,330,281,264,1,-1,-1,-1
1226,401,1506,330,281,264,1,-1,-1,-1
1227,401,1507,330,281,264,1,-1,-1,-1
1228,401,1507,329,281,264,1,-1,-1,-1
1229,401,1507,329,280,264,1,-1,-1,-1
1230,401,1507,329,280,264,1,-1,-1,-1
1231,401,1507,329,280,264,1,-1,-1,-1
1232,401,1508,330,280,264,1,-1,-1,-1
1233,401,1507,330,280,264,1,-1,-1,-1
1234,401,1506,330,281,264,1,-1,-1,-1
1235,401,1506,331,281,264,1,-1,-1,-1
1236,401,1506,331,282,264,1,-1,-1,-1
1237,401,1505,331,282,264,1,-1,-1,-1
1238,401,1505,331,283,264,1,-1,-1,-1
1239,401,1506,331,283,264,1,-1,-1,-1
1240,401,1506,331,284,264,1,-1,-1,-1
1241,401,1506,331,284,264,1,-1,-1,-1
1242,401,1506,331,285,264,1,-1,-1,-1
1243,401,1505,331,285,264,1,-1,-1,-1
1244,401,1506,331,285,264,1,-1,-1,-1
1245,401,1506,331,285,264,1,-1,-1,-1
1246,401,1506,331,285,264,1,-1,-1,-1
1247,401,1505,332,285,263,1,-1,-1,-1
1248,401,1505,332,285,263,1,-1,-1,-1
1249,401,1504,332,286,263,1,-1,-1,-1
1250,401,1504,332,286,263,1,-1,-1,-1
1251,401,1503,332,286,263,1,-1,-1,-1
1252,401,1503,332,286,263,1,-1,-1,-1
1253,401,1503,332,286,263,1,-1,-1,-1
1254,401,1503,332,286,263,1,-1,-1,-1
1255,401,1503,331,286,263,1,-1,-1,-1
1256,401,1503,331,286,263,1,-1,-1,-1
1257,401,1503,331,286,263,1,-1,-1,-1
1258,401,1504,331,286,263,1,-1,-1,-1
1259,401,1504,331,286,263,1,-1,-1,-1
1260,401,1504,331,286,263,1,-1,-1,-1
1261,401,1504,331,286,263,1,-1,-1,-1
1262,401,1504,332,286,263,1,-1,-1,-1
1263,401,1504,332,286,263,1,-1,-1,-1
1264,401,1504,333,286,264,1,-1,-1,-1
1265,401,1504,333,286,264,1,-1,-1,-1
1266,401,1504,333,286,264,1,-1,-1,-1
1267,401,1503,333,286,264,1,-1,-1,-1
1268,401,1503,333,286,264,1,-1,-1,-1
1269,401,1503,332,286,264,1,-1,-1,-1
1270,401,1503,332,286,264,1,-1,-1,-1
1271,401,1504,330,285,264,1,-1,-1,-1
1272,401,1505,330,284,264,1,-1,-1,-1
1273,401,1506,330,284,264,1,-1,-1,-1
1274,401,1506,329,283,264,1,-1,-1,-1
1275,401,1507,329,283,264,1,-1,-1,-1
1276,401,1507,329,282,264,1,-1,-1,-1
1277,401,1507,328,282,264,1,-1,-1,-1
1278,401,1506,328,281,264,1,-1,-1,-1
1279,401,1507,328,281,264,1,-1,-1,-1
1280,401,1507,328,281,264,1,-1,-1,-1
1281,401,1507,328,281,264,1,-1,-1,-1
1282,401,1508,328,281,264,1,-1,-1,-1
1283,401,1508,329,281,264,1,-1,-1,-1
1284,401,1508,329,281,264,1,-1,-1,-1
1285,401,1508,329,281,264,1,-1,-1,-1
1286,401,1508,329,281,264,1,-1,-1,-1
1287,401,1508,329,281,264,1,-1,-1,-1
1288,401,1508,330,281,264,1,-1,-1,-1
1289,401,1508,330,281,264,1,-1,-1,-1
1290,401,1507,330,280,264,1,-1,-1,-1
1291,401,1507,330,280,264,1,-1,-1,-1
1292,401,1507,329,280,264,1,-1,-1,-1
1293,401,1507,330,280,264,1,-1,-1,-1
1294,401,1507,330,280,264,1,-1,-1,-1
1295,401,1507,330,280,264,1,-1,-1,-1
1296,401,1507,330,280,264,1,-1,-1,-1
1297,401,1507,330,280,264,1,-1,-1,-1
1298,401,1507,330,280,264,1,-1,-1,-1
1299,401,1507,330,280,264,1,-1,-1,-1
1300,401,1507,331,279,264,1,-1,-1,-1
1301,401,1507,331,279,264,1,-1,-1,-1
1302,401,1508,331,279,263,1,-1,-1,-1
1303,401,1508,331,279,263,1,-1,-1,-1
1304,401,1508,331,279,263,1,-1,-1,-1
1305,401,1508,331,279,263,1,-1,-1,-1
1306,401,1508,331,279,263,1,-1,-1,-1
1307,401,1508,331,280,263,1,-1,-1,-1
1308,401,1508,331,280,263,1,-1,-1,-1
1309,401,1508,331,280,263,1,-1,-1,-1
1310,401,1508,331,280,263,1,-1,-1,-1
1311,401,1509,331,280,263,1,-1,-1,-1
1312,401,1509,330,280,263,1,-1,-1,-1
1313,401,1509,330,280,263,1,-1,-1,-1
1314,401,1509,330,280,263,1,-1,-1,-1
1315,401,1510,330,279,263,1,-1,-1,-1
1316,401,1509,330,279,263,1,-1,-1,-1
1317,401,1509,330,278,263,1,-1,-1,-1
1318,401,1509,330,278,263,1,-1,-1,-1
1319,401,1509,330,278,263,1,-1,-1,-1
1320,401,1510,331,278,264,1,-1,-1,-1
1321,401,1510,332,278,264,1,-1,-1,-1
1322,401,1509,332,278,264,1,-1,-1,-1
1323,401,1509,331,278,263,1,-1,-1,-1
1324,401,1509,331,278,263,1,-1,-1,-1
1325,401,1509,331,278,263,1,-1,-1,-1
1326,401,1509,331,278,263,1,-1,-1,-1
1327,401,1509,331,278,263,1,-1,-1,-1
1328,401,1509,331,278,263,1,-1,-1,-1
1329,401,1509,331,278,263,1,-1,-1,-1
1330,401,1509,331,278,263,1,-1,-1,-1
1331,401,1509,331,278,263,1,-1,-1,-1
1332,401,1509,332,278,262,1,-1,-1,-1
1333,401,1509,332,278,262,1,-1,-1,-1
1334,401,1509,332,278,262,1,-1,-1,-1
1335,401,1509,332,278,262,1,-1,-1,-1
1336,401,1509,333,278,262,1,-1,-1,-1
1337,401,1508,333,279,262,1,-1,-1,-1
1338,401,1507,334,279,262,1,-1,-1,-1
1339,401,1506,334,280,262,1,-1,-1,-1
1340,401,1505,334,281,262,1,-1,-1,-1
1341,401,1504,335,282,262,1,-1,-1,-1
1342,401,1505,334,282,262,1,-1,-1,-1
1343,401,1505,333,282,263,1,-1,-1,-1
1344,401,1505,331,282,263,1,-1,-1,-1
1345,401,1505,331,282,263,1,-1,-1,-1
1346,401,1505,331,282,264,1,-1,-1,-1
1347,401,1505,331,282,264,1,-1,-1,-1
1348,401,1505,331,281,264,1,-1,-1,-1
1349,401,1505,331,281,264,1,-1,-1,-1
1350,401,1505,331,281,264,1,-1,-1,-1
1351,401,1506,331,281,264,1,-1,-1,-1
1352,401,1505,331,281,264,1,-1,-1,-1
1353,401,1504,331,281,264,1,-1,-1,-1
1354,401,1504,330,282,264,1,-1,-1,-1
1355,401,1504,331,282,264,1,-1,-1,-1
1356,401,1505,331,282,264,1,-1,-1,-1
1357,401,1505,331,282,264,1,-1,-1,-1
1358,401,1505,331,282,265,1,-1,-1,-1
1359,401,1505,331,282,265,1,-1,-1,-1
1360,401,1505,331,282,265,1,-1,-1,-1
1361,401,1505,331,282,265,1,-1,-1,-1
1362,401,1505,331,282,265,1,-1,-1,-1
1363,401,1505,331,282,265,1,-1,-1,-1
1364,401,1504,331,282,265,1,-1,-1,-1
1365,401,1504,331,283,265,1,-1,-1,-1
1366,401,1504,331,283,265,1,-1,-1,-1
1367,401,1504,332,283,265,1,-1,-1,-1
1368,401,1504,332,283,265,1,-1,-1,-1
1369,401,1504,332,283,265,1,-1,-1,-1
1370,401,1505,331,283,265,1,-1,-1,-1
1371,401,1505,331,283,265,1,-1,-1,-1
1372,401,1505,331,283,265,1,-1,-1,-1
1373,401,1505,331,283,265,1,-1,-1,-1
1374,401,1504,331,283,265,1,-1,-1,-1
1375,401,1504,331,283,265,1,-1,-1,-1
1376,401,1504,331,283,265,1,-1,-1,-1
1377,401,1504,332,283,265,1,-1,-1,-1
1378,401,1504,331,283,265,1,-1,-1,-1
1379,401,1504,331,283,265,1,-1,-1,-1
1380,401,1504,331,283,265,1,-1,-1,-1
1381,401,1504,331,283,265,1,-1,-1,-1
1382,401,1504,331,283,265,1,-1,-1,-1
1383,401,1504,331,283,265,1,-1,-1,-1
1384,401,1504,331,283,265,1,-1,-1,-1
1385,401,1504,331,283,265,1,-1,-1,-1
1386,401,1503,331,283,265,1,-1,-1,-1
1387,401,1504,331,283,265,1,-1,-1,-1
1388,401,1504,331,283,265,1,-1,-1,-1
1389,401,1504,331,283,265,1,-1,-1,-1
1390,401,1504,331,283,265,1,-1,-1,-1
1391,401,1504,331,283,265,1,-1,-1,-1
1392,401,1504,331,283,265,1,-1,-1,-1
1393,401,1504,331,283,265,1,-1,-1,-1
1394,401,1504,331,283,265,1,-1,-1,-1
1395,401,1504,331,283,265,1,-1,-1,-1
1396,401,1503,331,283,265,1,-1,-1,-1
1397,401,1503,331,284,265,1,-1,-1,-1
1398,401,1503,331,284,265,1,-1,-1,-1
1399,401,1503,331,284,265,1,-1,-1,-1
1400,401,1503,331,284,265,1,-1,-1,-1
1401,401,1503,331,284,265,1,-1,-1,-1
1402,401,1503,331,284,265,1,-1,-1,-1
1403,401,1504,331,284,265,1,-1,-1,-1
1404,401,1504,331,284,265,1,-1,-1,-1
1405,401,1504,331,284,265,1,-1,-1,-1
1406,401,1505,331,284,265,1,-1,-1,-1
1407,401,1505,331,284,265,1,-1,-1,-1
1408,401,1506,331,284,265,1,-1,-1,-1
1409,401,1506,331,284,265,1,-1,-1,-1
1410,401,1505,331,284,265,1,-1,-1,-1
1411,401,1505,331,284,265,1,-1,-1,-1
1412,401,1505,331,284,265,1,-1,-1,-1
1413,401,1505,331,284,265,1,-1,-1,-1
1414,401,1505,331,284,265,1,-1,-1,-1
1415,401,1504,331,283,265,1,-1,-1,-1
1416,401,1504,331,283,265,1,-1,-1,-1
1417,401,1504,331,283,265,1,-1,-1,-1
1418,401,1504,331,283,265,1,-1,-1,-1
1419,401,1505,331,283,265,1,-1,-1,-1
1420,401,1505,331,283,265,1,-1,-1,-1
1421,401,1505,331,283,265,1,-1,-1,-1
1422,401,1505,331,283,265,1,-1,-1,-1
1423,401,1505,331,283,265,1,-1,-1,-1
1424,401,1505,331,283,265,1,-1,-1,-1
1425,401,1506,331,283,265,1,-1,-1,-1
1426,401,1506,330,283,265,1,-1,-1,-1
1427,401,1506,330,283,265,1,-1,-1,-1
1428,401,1506,330,283,265,1,-1,-1,-1
1429,401,1506,330,283,265,1,-1,-1,-1
1430,401,1506,330,283,265,1,-1,-1,-1
1431,401,1506,330,283,265,1,-1,-1,-1
1432,401,1506,330,283,265,1,-1,-1,-1
1433,401,1506,330,283,265,1,-1,-1,-1
1434,401,1506,330,283,265,1,-1,-1,-1
1435,401,1506,330,283,265,1,-1,-1,-1
1436,401,1506,330,283,265,1,-1,-1,-1
1437,401,1506,330,283,265,1,-1,-1,-1
1438,401,1506,330,283,265,1,-1,-1,-1
1439,401,1505,330,283,265,1,-1,-1,-1
1440,401,1505,330,283,265,1,-1,-1,-1
1441,401,1505,331,283,265,1,-1,-1,-1
1442,401,1504,331,283,265,1,-1,-1,-1
1443,401,1504,331,283,265,1,-1,-1,-1
1444,401,1504,332,283,265,1,-1,-1,-1
1445,401,1504,332,283,265,1,-1,-1,-1
1446,401,1504,331,283,265,1,-1,-1,-1
1447,401,1504,331,283,265,1,-1,-1,-1
1448,401,1505,331,283,265,1,-1,-1,-1
1449,401,1505,331,283,265,1,-1,-1,-1
1450,401,1505,331,283,265,1,-1,-1,-1
1451,401,1506,331,283,265,1,-1,-1,-1
1452,401,1506,331,283,265,1,-1,-1,-1
1453,401,1507,332,283,265,1,-1,-1,-1
1454,401,1507,332,283,265,1,-1,-1,-1
1455,401,1507,332,283,265,1,-1,-1,-1
1456,401,1507,332,283,265,1,-1,-1,-1
1457,401,1507,332,283,265,1,-1,-1,-1
1458,401,1507,332,283,265,1,-1,-1,-1
1459,401,1507,332,283,265,1,-1,-1,-1
1460,401,1506,332,283,265,1,-1,-1,-1
1461,401,1505,331,283,265,1,-1,-1,-1
1462,401,1507,332,284,266,1,-1,-1,-1
1463,401,1506,331,284,267,1,-1,-1,-1
1464,401,1505,330,284,267,1,-1,-1,-1
1465,401,1505,330,284,267,1,-1,-1,-1
1466,401,1504,329,284,267,1,-1,-1,-1
1467,401,1505,329,284,267,1,-1,-1,-1
1468,401,1505,330,284,267,1,-1,-1,-1
1469,401,1505,331,284,266,1,-1,-1,-1
1470,401,1505,331,284,266,1,-1,-1,-1
1471,401,1505,331,284,266,1,-1,-1,-1
1472,401,1505,331,284,265,1,-1,-1,-1
1473,401,1505,331,284,265,1,-1,-1,-1
1474,401,1506,332,284,265,1,-1,-1,-1
1475,401,1506,332,284,265,1,-1,-1,-1
1476,401,1506,331,284,265,1,-1,-1,-1
1477,401,1506,331,285,265,1,-1,-1,-1
1478,401,1506,331,284,265,1,-1,-1,-1
1479,401,1506,331,284,265,1,-1,-1,-1
1480,401,1506,331,284,265,1,-1,-1,-1
1481,401,1506,331,284,265,1,-1,-1,-1
1482,401,1507,331,284,265,1,-1,-1,-1
1483,401,1507,332,284,265,1,-1,-1,-1
1484,401,1508,332,285,266,1,-1,-1,-1
1485,401,1507,333,285,266,1,-1,-1,-1
1486,401,1506,333,286,266,1,-1,-1,-1
1487,401,1507,332,286,265,1,-1,-1,-1
1488,401,1506,333,286,265,1,-1,-1,-1
1489,401,1508,333,287,266,1,-1,-1,-1
1490,401,1509,333,287,267,1,-1,-1,-1
1491,401,1510,333,287,268,1,-1,-1,-1
1492,401,1510,332,288,269,1,-1,-1,-1
1493,401,1510,332,288,271,1,-1,-1,-1
1494,401,1510,331,288,272,1,-1,-1,-1
1495,401,1510,331,289,272,1,-1,-1,-1
1496,401,1510,330,289,273,1,-1,-1,-1
1497,401,1510,330,289,274,1,-1,-1,-1
1498,401,1510,330,289,274,1,-1,-1,-1
1499,401,1505,329,289,274,1,-1,-1,-1
1500,401,1505,328,289,274,1,-1,-1,-1
1501,401,1506,328,289,273,1,-1,-1,-1
1502,401,1506,327,288,273,1,-1,-1,-1
1503,401,1506,327,288,273,1,-1,-1,-1
1504,401,1505,328,287,272,1,-1,-1,-1
1505,401,1504,329,287,271,1,-1,-1,-1
1506,401,1504,330,287,270,1,-1,-1,-1
1507,401,1505,330,286,270,1,-1,-1,-1
1508,401,1506,330,286,270,1,-1,-1,-1
1509,401,1508,330,287,270,1,-1,-1,-1
1510,401,1509,331,287,271,1,-1,-1,-1
1511,401,1509,331,288,272,1,-1,-1,-1
1512,401,1509,331,288,272,1,-1,-1,-1
1513,401,1509,331,289,273,1,-1,-1,-1
1514,401,1506,330,289,273,1,-1,-1,-1
1515,401,1507,330,289,273,1,-1,-1,-1
1516,401,1505,330,289,272,1,-1,-1,-1
1517,401,1504,330,289,271,1,-1,-1,-1
1518,401,1503,331,289,270,1,-1,-1,-1
1519,401,1502,331,289,269,1,-1,-1,-1
1520,401,1502,331,289,268,1,-1,-1,-1
1521,401,1502,332,289,267,1,-1,-1,-1
1522,401,1502,332,289,267,1,-1,-1,-1
1523,401,1502,331,289,267,1,-1,-1,-1
1524,401,1502,331,289,266,1,-1,-1,-1
1525,401,1502,331,289,266,1,-1,-1,-1
1526,401,1502,331,289,266,1,-1,-1,-1
1527,401,1501,331,289,266,1,-1,-1,-1
1528,401,1501,331,289,266,1,-1,-1,-1
1529,401,1504,332,289,267,1,-1,-1,-1
1530,401,1506,332,290,268,1,-1,-1,-1
1531,401,1502,331,291,268,1,-1,-1,-1
1532,401,1499,330,291,268,1,-1,-1,-1
1533,401,1496,331,292,267,1,-1,-1,-1
1534,401,1495,331,293,266,1,-1,-1,-1
1535,401,1500,331,293,267,1,-1,-1,-1
1536,401,1503,331,293,268,1,-1,-1,-1
1537,401,1505,331,293,269,1,-1,-1,-1
1538,401,1507,331,293,270,1,-1,-1,-1
1539,401,1508,330,293,272,1,-1,-1,-1
1540,401,1508,330,292,273,1,-1,-1,-1
1541,401,1508,330,292,273,1,-1,-1,-1
1542,401,1508,329,292,274,1,-1,-1,-1
1543,401,1508,329,292,275,1,-1,-1,-1
1544,401,1508,329,291,275,1,-1,-1,-1
1545,401,1508,329,291,276,1,-1,-1,-1
1546,401,1508,328,291,276,1,-1,-1,-1
1547,401,1505,327,290,275,1,-1,-1,-1
1548,401,1504,327,290,274,1,-1,-1,-1
1549,401,1503,328,290,273,1,-1,-1,-1
1550,401,1502,328,289,271,1,-1,-1,-1
1551,401,1503,329,289,270,1,-1,-1,-1
1552,401,1503,330,288,269,1,-1,-1,-1
1553,401,1503,331,288,268,1,-1,-1,-1
1554,401,1503,331,288,267,1,-1,-1,-1
1555,401,1503,331,288,266,1,-1,-1,-1
1556,401,1503,332,288,265,1,-1,-1,-1
1557,401,1503,332,288,265,1,-1,-1,-1
1558,401,1503,332,288,264,1,-1,-1,-1
1559,401,1503,333,288,264,1,-1,-1,-1
1560,401,1506,333,288,265,1,-1,-1,-1
1561,401,1508,333,288,266,1,-1,-1,-1
1562,401,1509,333,288,267,1,-1,-1,-1
1563,401,1506,333,288,268,1,-1,-1,-1
1564,401,1504,333,288,269,1,-1,-1,-1
1565,401,1503,333,289,270,1,-1,-1,-1
1566,401,1505,332,289,271,1,-1,-1,-1
1567,401,1504,331,289,271,1,-1,-1,-1
1568,401,1507,331,289,271,1,-1,-1,-1
1569,401,1506,329,288,271,1,-1,-1,-1
1570,401,1505,328,287,272,1,-1,-1,-1
1571,401,1505,328,286,272,1,-1,-1,-1
1572,401,1505,329,286,272,1,-1,-1,-1
1573,401,1505,330,286,271,1,-1,-1,-1
1574,401,1504,330,286,270,1,-1,-1,-1
1575,401,1504,331,286,269,1,-1,-1,-1
1576,401,1505,331,286,268,1,-1,-1,-1
1577,401,1504,331,286,268,1,-1,-1,-1
1578,401,1503,332,286,268,1,-1,-1,-1
1579,401,1503,332,287,267,1,-1,-1,-1
1580,401,1503,332,287,267,1,-1,-1,-1
1581,401,1503,332,288,266,1,-1,-1,-1
1582,401,1503,332,288,266,1,-1,-1,-1
1583,401,1504,331,288,267,1,-1,-1,-1
1584,401,1504,330,287,268,1,-1,-1,-1
1585,401,1505,329,286,269,1,-1,-1,-1
1586,401,1505,328,285,270,1,-1,-1,-1
1587,401,1506,328,285,271,1,-1,-1,-1
1588,401,1506,328,284,271,1,-1,-1,-1
1589,401,1506,329,284,271,1,-1,-1,-1
1590,401,1506,329,285,270,1,-1,-1,-1
1591,401,1506,330,285,269,1,-1,-1,-1
1592,401,1506,331,285,268,1,-1,-1,-1
1593,401,1506,332,285,268,1,-1,-1,-1
1594,401,1506,332,286,267,1,-1,-1,-1
1595,401,1506,332,286,267,1,-1,-1,-1
1596,401,1506,332,286,266,1,-1,-1,-1
1597,401,1507,332,286,266,1,-1,-1,-1
1598,401,1507,332,286,266,1,-1,-1,-1
1599,401,1508,331,286,267,1,-1,-1,-1
1600,401,1508,331,286,268,1,-1,-1,-1
1601,401,1508,331,286,268,1,-1,-1,-1
1602,401,1507,330,285,267,1,-1,-1,-1
1603,401,1507,330,284,267,1,-1,-1,-1
1604,401,1509,331,284,268,1,-1,-1,-1
1605,401,1510,331,283,268,1,-1,-1,-1
1606,401,1511,331,283,268,1,-1,-1,-1
1607,401,1513,331,283,270,1,-1,-1,-1
1608,401,1512,330,283,270,1,-1,-1,-1
1609,401,1511,330,283,269,1,-1,-1,-1
1610,401,1512,331,283,269,1,-1,-1,-1
1611,401,1511,330,284,270,1,-1,-1,-1
1612,401,1512,330,285,271,1,-1,-1,-1
1613,401,1511,331,286,272,1,-1,-1,-1
1614,401,1511,331,286,273,1,-1,-1,-1
1615,401,1511,330,287,274,1,-1,-1,-1
1616,401,1509,329,287,274,1,-1,-1,-1
1617,401,1506,330,287,273,1,-1,-1,-1
1618,401,1508,330,287,273,1,-1,-1,-1
1619,401,1507,330,286,273,1,-1,-1,-1
1620,401,1507,329,286,273,1,-1,-1,-1
1621,401,1507,329,286,272,1,-1,-1,-1
1622,401,1505,330,286,271,1,-1,-1,-1
1623,401,1504,329,286,271,1,-1,-1,-1
1624,401,1507,329,286,271,1,-1,-1,-1
1625,401,1509,329,285,271,1,-1,-1,-1
1626,401,1510,329,284,270,1,-1,-1,-1
1627,401,1509,330,283,270,1,-1,-1,-1
1628,401,1509,331,282,270,1,-1,-1,-1
1629,401,1510,331,281,269,1,-1,-1,-1
1630,401,1511,331,280,269,1,-1,-1,-1
1631,401,1513,332,278,268,1,-1,-1,-1
1632,401,1516,332,276,268,1,-1,-1,-1
1633,401,1520,333,273,268,1,-1,-1,-1
1634,401,1522,333,271,267,1,-1,-1,-1
1635,401,1522,335,270,267,1,-1,-1,-1
1636,401,1523,334,269,268,1,-1,-1,-1
1637,401,1523,335,268,268,1,-1,-1,-1
1638,401,1523,335,267,268,1,-1,-1,-1
1639,401,1524,334,266,268,1,-1,-1,-1
1640,401,1524,334,265,268,1,-1,-1,-1
1641,401,1523,334,264,268,1,-1,-1,-1
1642,401,1522,334,264,267,1,-1,-1,-1
1643,401,1521,333,263,267,1,-1,-1,-1
1644,401,1521,333,263,267,1,-1,-1,-1
1645,401,1521,334,262,266,1,-1,-1,-1
1646,401,1522,334,262,266,1,-1,-1,-1
1647,401,1523,335,263,266,1,-1,-1,-1
1648,401,1523,335,263,266,1,-1,-1,-1
1649,401,1523,335,263,266,1,-1,-1,-1
1650,401,1523,334,263,266,1,-1,-1,-1
1651,401,1523,334,263,267,1,-1,-1,-1
1652,401,1523,334,263,267,1,-1,-1,-1
1653,401,1523,334,262,267,1,-1,-1,-1
1654,401,1523,334,262,267,1,-1,-1,-1
1655,401,1523,334,262,267,1,-1,-1,-1
1656,401,1523,334,262,267,1,-1,-1,-1
1657,401,1523,334,262,267,1,-1,-1,-1
1658,401,1524,334,261,267,1,-1,-1,-1
1659,401,1524,333,261,267,1,-1,-1,-1
1660,401,1524,333,261,267,1,-1,-1,-1
1661,401,1524,333,261,267,1,-1,-1,-1
1662,401,1524,334,262,267,1,-1,-1,-1
1663,401,1523,334,262,266,1,-1,-1,-1
1664,401,1523,335,262,266,1,-1,-1,-1
1665,401,1523,335,262,266,1,-1,-1,-1
1666,401,1523,334,262,266,1,-1,-1,-1
1667,401,1525,334,262,266,1,-1,-1,-1
1668,401,1526,334,261,266,1,-1,-1,-1
1669,401,1527,334,260,266,1,-1,-1,-1
1670,401,1527,334,260,265,1,-1,-1,-1
1671,401,1525,335,261,265,1,-1,-1,-1
1672,401,1524,335,261,264,1,-1,-1,-1
1673,401,1525,335,261,264,1,-1,-1,-1
1674,401,1525,335,261,264,1,-1,-1,-1
1675,401,1524,335,261,263,1,-1,-1,-1
1676,401,1523,336,261,263,1,-1,-1,-1
1677,401,1520,336,263,262,1,-1,-1,-1
1678,401,1520,336,264,262,1,-1,-1,-1
1679,401,1518,336,266,262,1,-1,-1,-1
1680,401,1517,336,267,261,1,-1,-1,-1
1681,401,1517,336,269,261,1,-1,-1,-1
1682,401,1515,337,271,261,1,-1,-1,-1
1683,401,1513,337,273,260,1,-1,-1,-1
1684,401,1511,337,275,260,1,-1,-1,-1
1685,401,1510,337,276,260,1,-1,-1,-1
1686,401,1509,337,277,260,1,-1,-1,-1
1687,401,1509,337,279,260,1,-1,-1,-1
1688,401,1509,336,279,260,1,-1,-1,-1
1689,401,1509,335,280,260,1,-1,-1,-1
1690,401,1508,335,280,260,1,-1,-1,-1
1691,401,1508,335,281,261,1,-1,-1,-1
1692,401,1508,337,281,261,1,-1,-1,-1
1693,401,1509,337,281,262,1,-1,-1,-1
1694,401,1509,338,282,264,1,-1,-1,-1
1695,401,1508,338,282,265,1,-1,-1,-1
1696,401,1508,337,282,265,1,-1,-1,-1
1697,401,1507,337,282,265,1,-1,-1,-1
1698,401,1507,337,282,266,1,-1,-1,-1
1699,401,1508,337,282,267,1,-1,-1,-1
1700,401,1508,336,282,267,1,-1,-1,-1
1701,401,1508,336,282,268,1,-1,-1,-1
1702,401,1508,336,283,268,1,-1,-1,-1
1703,401,1508,336,283,269,1,-1,-1,-1
1704,401,1508,335,283,269,1,-1,-1,-1
1705,401,1508,335,283,270,1,-1,-1,-1
1706,401,1506,334,284,270,1,-1,-1,-1
1707,401,1506,334,284,271,1,-1,-1,-1
1708,401,1505,333,285,271,1,-1,-1,-1
1709,401,1504,333,285,270,1,-1,-1,-1
1710,401,1504,333,286,269,1,-1,-1,-1
1711,401,1504,333,286,268,1,-1,-1,-1
1712,401,1504,332,286,267,1,-1,-1,-1
1713,401,1505,332,286,266,1,-1,-1,-1
1714,401,1505,333,286,265,1,-1,-1,-1
1715,401,1505,333,286,265,1,-1,-1,-1
1716,401,1505,333,286,264,1,-1,-1,-1
1717,401,1504,333,286,264,1,-1,-1,-1
1718,401,1504,333,286,264,1,-1,-1,-1
1719,401,1504,333,286,264,1,-1,-1,-1
1720,401,1504,333,286,264,1,-1,-1,-1
1721,401,1504,333,286,264,1,-1,-1,-1
1722,401,1504,333,286,264,1,-1,-1,-1
1723,401,1504,333,286,264,1,-1,-1,-1
1724,401,1504,334,286,264,1,-1,-1,-1
1725,401,1504,334,286,264,1,-1,-1,-1
1726,401,1504,334,286,264,1,-1,-1,-1
1727,401,1505,334,286,264,1,-1,-1,-1
1728,401,1505,334,286,264,1,-1,-1,-1
1729,401,1505,334,286,264,1,-1,-1,-1
1730,401,1505,334,285,264,1,-1,-1,-1
1731,401,1505,334,285,264,1,-1,-1,-1
1732,401,1505,334,285,264,1,-1,-1,-1
1733,401,1505,334,285,264,1,-1,-1,-1
1734,401,1506,334,285,264,1,-1,-1,-1
1735,401,1506,334,285,264,1,-1,-1,-1
1736,401,1506,334,285,264,1,-1,-1,-1
1737,401,1506,334,285,264,1,-1,-1,-1
1738,401,1505,334,285,264,1,-1,-1,-1
1739,401,1505,334,285,264,1,-1,-1,-1
1740,401,1506,336,285,264,1,-1,-1,-1
1741,401,1505,336,285,265,1,-1,-1,-1
1742,401,1505,336,286,267,1,-1,-1,-1
1743,401,1505,335,286,267,1,-1,-1,-1
1744,401,1506,334,286,267,1,-1,-1,-1
1745,401,1506,333,285,266,1,-1,-1,-1
1746,401,1505,334,286,267,1,-1,-1,-1
1747,401,1505,334,286,267,1,-1,-1,-1
1748,401,1505,335,286,267,1,-1,-1,-1
1749,401,1505,334,286,268,1,-1,-1,-1
1750,401,1505,334,287,269,1,-1,-1,-1
1751,401,1505,334,287,270,1,-1,-1,-1
1752,401,1504,334,287,270,1,-1,-1,-1
1753,401,1504,333,288,271,1,-1,-1,-1
1754,401,1504,333,288,272,1,-1,-1,-1
1755,401,1504,333,288,272,1,-1,-1,-1
1756,401,1503,333,288,273,1,-1,-1,-1
1757,401,1503,333,288,273,1,-1,-1,-1
1758,401,1503,333,289,273,1,-1,-1,-1
1759,401,1503,333,289,273,1,-1,-1,-1
1760,401,1503,333,289,274,1,-1,-1,-1
1761,401,1503,332,289,274,1,-1,-1,-1
1762,401,1503,332,289,274,1,-1,-1,-1
1763,401,1503,332,289,274,1,-1,-1,-1
1764,401,1503,332,289,274,1,-1,-1,-1
1765,401,1503,332,289,274,1,-1,-1,-1
1766,401,1503,332,289,275,1,-1,-1,-1
1767,401,1502,332,289,275,1,-1,-1,-1
1768,401,1502,332,290,275,1,-1,-1,-1
1769,401,1502,332,290,274,1,-1,-1,-1
1770,401,1502,332,290,274,1,-1,-1,-1
1771,401,1502,332,290,274,1,-1,-1,-1
1772,401,1502,332,290,274,1,-1,-1,-1
1773,401,1502,332,290,274,1,-1,-1,-1
1774,401,1502,332,289,274,1,-1,-1,-1
1775,401,1503,332,289,274,1,-1,-1,-1
1776,401,1502,332,289,274,1,-1,-1,-1
1777,401,1503,332,289,274,1,-1,-1,-1
1778,401,1503,332,289,274,1,-1,-1,-1
1779,401,1503,332,289,274,1,-1,-1,-1
1780,401,1503,332,289,274,1,-1,-1,-1
1781,401,1503,332,289,274,1,-1,-1,-1
1782,401,1503,333,289,274,1,-1,-1,-1
1783,401,1503,333,289,274,1,-1,-1,-1
1784,401,1503,333,289,274,1,-1,-1,-1
1785,401,1503,333,289,274,1,-1,-1,-1
1786,401,1503,333,289,274,1,-1,-1,-1
1787,401,1503,332,289,273,1,-1,-1,-1
1788,401,1503,332,288,272,1,-1,-1,-1
1789,401,1503,332,288,270,1,-1,-1,-1
1790,401,1503,333,287,270,1,-1,-1,-1
1791,401,1504,333,287,269,1,-1,-1,-1
1792,401,1504,333,286,268,1,-1,-1,-1
1793,401,1505,333,286,267,1,-1,-1,-1
1794,401,1505,334,285,266,1,-1,-1,-1
1795,401,1505,334,285,265,1,-1,-1,-1
1796,401,1505,335,284,265,1,-1,-1,-1
1797,401,1505,335,284,264,1,-1,-1,-1
1798,401,1505,335,284,264,1,-1,-1,-1
1799,401,1506,336,284,264,1,-1,-1,-1
1800,401,1506,337,283,265,1,-1,-1,-1
1801,401,1506,336,283,266,1,-1,-1,-1
1802,401,1506,336,283,266,1,-1,-1,-1
1803,401,1506,336,283,267,1,-1,-1,-1
1804,401,1506,336,283,267,1,-1,-1,-1
1805,401,1506,336,283,268,1,-1,-1,-1
1806,401,1506,336,283,268,1,-1,-1,-1
1807,401,1506,336,283,268,1,-1,-1,-1
1808,401,1506,336,283,268,1,-1,-1,-1
1809,401,1506,336,283,268,1,-1,-1,-1
1810,401,1506,336,283,268,1,-1,-1,-1
1811,401,1506,336,283,268,1,-1,-1,-1
1812,401,1506,336,283,268,1,-1,-1,-1
1813,401,1507,336,283,268,1,-1,-1,-1
1814,401,1507,336,283,268,1,-1,-1,-1
1815,401,1506,336,283,268,1,-1,-1,-1
1816,401,1506,336,283,268,1,-1,-1,-1
1817,401,1506,336,283,268,1,-1,-1,-1
1818,401,1506,336,283,268,1,-1,-1,-1
1819,401,1506,336,283,268,1,-1,-1,-1
1820,401,1506,336,283,269,1,-1,-1,-1
1821,401,1506,336,283,269,1,-1,-1,-1
1822,401,1506,336,283,269,1,-1,-1,-1
1823,401,1506,335,283,269,1,-1,-1,-1
1824,401,1506,335,283,269,1,-1,-1,-1
1825,401,1506,335,283,269,1,-1,-1,-1
1826,401,1506,335,283,269,1,-1,-1,-1
1827,401,1506,335,283,269,1,-1,-1,-1
1828,401,1506,335,283,269,1,-1,-1,-1
1829,401,1506,335,283,269,1,-1,-1,-1
1830,401,1506,334,283,269,1,-1,-1,-1
1831,401,1506,334,283,269,1,-1,-1,-1
1832,401,1506,334,283,269,1,-1,-1,-1
1833,401,1506,334,283,269,1,-1,-1,-1
1834,401,1506,334,283,270,1,-1,-1,-1
1835,401,1506,334,283,270,1,-1,-1,-1
1836,401,1506,335,283,270,1,-1,-1,-1
1837,401,1506,334,283,270,1,-1,-1,-1
1838,401,1505,334,283,270,1,-1,-1,-1
1839,401,1505,334,283,270,1,-1,-1,-1
1840,401,1505,333,283,271,1,-1,-1,-1
1841,401,1505,333,283,271,1,-1,-1,-1
1842,401,1505,333,283,271,1,-1,-1,-1
1843,401,1504,333,283,271,1,-1,-1,-1
1844,401,1505,333,283,271,1,-1,-1,-1
1845,401,1505,333,283,271,1,-1,-1,-1
1846,401,1505,333,283,271,1,-1,-1,-1
1847,401,1505,331,283,271,1,-1,-1,-1
1848,401,1505,331,283,270,1,-1,-1,-1
1849,401,1505,331,282,269,1,-1,-1,-1
1850,401,1505,331,282,268,1,-1,-1,-1
1851,401,1505,332,281,267,1,-1,-1,-1
1852,401,1505,332,281,266,1,-1,-1,-1
1853,401,1505,333,281,266,1,-1,-1,-1
1854,401,1506,334,281,266,1,-1,-1,-1
1855,401,1506,335,281,266,1,-1,-1,-1
1856,401,1505,335,282,267,1,-1,-1,-1
1857,401,1506,335,282,267,1,-1,-1,-1
1858,401,1506,334,283,268,1,-1,-1,-1
1859,401,1505,334,283,269,1,-1,-1,-1
1860,401,1505,333,284,269,1,-1,-1,-1
1861,401,1504,333,284,270,1,-1,-1,-1
1862,401,1503,333,285,270,1,-1,-1,-1
1863,401,1503,333,285,271,1,-1,-1,-1
1864,401,1503,333,286,271,1,-1,-1,-1
1865,401,1503,333,286,271,1,-1,-1,-1
1866,401,1503,333,286,271,1,-1,-1,-1
1867,401,1503,333,286,271,1,-1,-1,-1
1868,401,1503,333,287,271,1,-1,-1,-1
1869,401,1503,332,287,271,1,-1,-1,-1
1870,401,1503,332,287,271,1,-1,-1,-1
1871,401,1503,332,287,271,1,-1,-1,-1
1872,401,1504,331,287,270,1,-1,-1,-1
1873,401,1504,332,286,268,1,-1,-1,-1
1874,401,1504,332,286,267,1,-1,-1,-1
1875,401,1503,332,286,266,1,-1,-1,-1
1876,401,1503,333,285,265,1,-1,-1,-1
1877,401,1504,332,285,265,1,-1,-1,-1
1878,401,1503,332,284,264,1,-1,-1,-1
1879,401,1503,333,284,264,1,-1,-1,-1
1880,401,1504,333,284,264,1,-1,-1,-1
1881,401,1504,333,284,264,1,-1,-1,-1
1882,401,1504,333,284,264,1,-1,-1,-1
1883,401,1504,333,284,264,1,-1,-1,-1
1884,401,1503,334,285,264,1,-1,-1,-1
1885,401,1504,334,286,264,1,-1,-1,-1
1886,401,1506,335,286,264,1,-1,-1,-1
1887,401,1508,336,287,264,1,-1,-1,-1
1888,401,1509,336,288,265,1,-1,-1,-1
1889,401,1509,337,289,266,1,-1,-1,-1
1890,401,1509,337,290,266,1,-1,-1,-1
1891,401,1510,338,291,266,1,-1,-1,-1
1892,401,1510,339,293,267,1,-1,-1,-1
1893,401,1510,341,295,268,1,-1,-1,-1
1894,401,1512,341,296,269,1,-1,-1,-1
1895,401,1514,341,297,269,1,-1,-1,-1
1896,401,1515,342,298,269,1,-1,-1,-1
1897,401,1513,345,300,269,1,-1,-1,-1
1898,401,1511,347,304,268,1,-1,-1,-1
1899,401,1510,349,308,268,1,-1,-1,-1
1900,401,1514,353,312,268,1,-1,-1,-1
1901,401,1517,355,316,268,1,-1,-1,-1
1902,401,1520,357,319,269,1,-1,-1,-1
1903,401,1524,359,323,269,1,-1,-1,-1
1904,401,1527,361,326,270,1,-1,-1,-1
1905,401,1533,362,330,270,1,-1,-1,-1
1906,401,1538,363,333,270,1,-1,-1,-1
1907,401,1545,365,336,270,1,-1,-1,-1
1908,401,1549,364,341,270,1,-1,-1,-1
1909,401,1559,365,346,271,1,-1,-1,-1
1910,401,1567,365,352,272,1,-1,-1,-1
1911,401,1575,367,360,274,1,-1,-1,-1
1912,401,1584,369,369,276,1,-1,-1,-1
1913,401,1590,370,379,278,1,-1,-1,-1
1914,401,1598,372,389,281,1,-1,-1,-1
1915,401,1605,372,397,282,1,-1,-1,-1
1916,401,1611,373,404,284,1,-1,-1,-1
1917,401,1619,375,411,286,1,-1,-1,-1
1918,401,1628,376,418,289,1,-1,-1,-1
1919,401,1639,378,427,291,1,-1,-1,-1
1920,401,1654,379,436,293,1,-1,-1,-1
1921,401,1672,381,446,295,1,-1,-1,-1
1922,401,1689,382,457,298,1,-1,-1,-1
1923,401,1704,382,467,301,1,-1,-1,-1
1924,401,1718,385,476,302,1,-1,-1,-1
1925,401,1735,388,484,304,1,-1,-1,-1
1926,401,1752,389,491,306,1,-1,-1,-1
1927,401,1770,390,499,309,1,-1,-1,-1
1928,401,1786,390,507,311,1,-1,-1,-1
1929,401,1809,393,515,313,1,-1,-1,-1
1930,401,1830,396,522,314,1,-1,-1,-1
1931,401,1844,397,527,316,1,-1,-1,-1
1932,401,1856,397,530,317,1,-1,-1,-1
1933,401,1883,399,532,318,1,-1,-1,-1
1934,401,1908,402,535,319,1,-1,-1,-1
1935,401,1933,407,536,318,1,-1,-1,-1
1936,401,1961,407,538,319,1,-1,-1,-1
1937,401,1987,409,540,319,1,-1,-1,-1
1938,401,2011,413,541,318,1,-1,-1,-1
1939,401,2031,416,540,318,1,-1,-1,-1
1940,401,2047,419,537,318,1,-1,-1,-1
1941,401,2060,420,532,318,1,-1,-1,-1
1942,401,2077,423,524,318,1,-1,-1,-1
1943,401,2092,424,513,318,1,-1,-1,-1
1944,401,2109,425,500,319,1,-1,-1,-1
956,402,732,1058,1625,891,1,-1,-1,-1
1319,406,1082,918,1671,974,1,-1,-1,-1
1690,408,1428,963,1365,774,1,-1,-1,-1
2366,411,318,648,1020,442,1,-1,-1,-1
2367,411,52,634,1007,434,1,-1,-1,-1
2368,411,-129,623,975,421,1,-1,-1,-1
1092,145,523,592,1317,594,1,-1,-1,-1
1093,145,317,580,1334,591,1,-1,-1,-1
1094,145,107,567,1318,577,1,-1,-1,-1
1095,145,-40,556,1299,565,1,-1,-1,-1
1096,145,-127,551,1280,556,1,-1,-1,-1
1097,145,-192,541,1238,544,1,-1,-1,-1
1098,145,-230,538,1176,531,1,-1,-1,-1
2127,155,644,647,1128,514,1,-1,-1,-1
2128,155,473,634,1117,507,1,-1,-1,-1
2129,155,292,619,1113,503,1,-1,-1,-1
2130,155,104,606,1099,495,1,-1,-1,-1
2131,155,-44,599,1074,485,1,-1,-1,-1
2132,155,-145,589,1033,472,1,-1,-1,-1
399,291,1993,810,336,212,1,-1,-1,-1
400,291,1939,797,338,214,1,-1,-1,-1
401,291,1883,793,337,213,1,-1,-1,-1
402,291,1827,787,341,215,1,-1,-1,-1
403,291,1773,784,342,215,1,-1,-1,-1
404,291,1721,779,345,217,1,-1,-1,-1
405,291,1665,775,349,218,1,-1,-1,-1
406,291,1607,769,350,218,1,-1,-1,-1
407,291,1551,761,354,220,1,-1,-1,-1
408,291,1496,754,356,222,1,-1,-1,-1
409,291,1444,752,357,223,1,-1,-1,-1
410,291,1392,751,355,221,1,-1,-1,-1
411,291,1339,749,353,221,1,-1,-1,-1
412,291,1285,746,352,220,1,-1,-1,-1
413,291,1235,742,350,219,1,-1,-1,-1
414,291,1185,733,348,218,1,-1,-1,-1
415,291,1132,730,346,217,1,-1,-1,-1
416,291,1078,728,344,215,1,-1,-1,-1
417,291,1027,725,343,213,1,-1,-1,-1
418,291,974,721,340,212,1,-1,-1,-1
419,291,923,715,338,211,1,-1,-1,-1
420,291,871,707,338,211,1,-1,-1,-1
421,291,820,702,336,210,1,-1,-1,-1
422,291,770,699,334,210,1,-1,-1,-1
423,291,726,693,331,210,1,-1,-1,-1
424,291,683,693,326,208,1,-1,-1,-1
425,291,638,686,322,208,1,-1,-1,-1
426,291,595,680,318,208,1,-1,-1,-1
427,291,549,676,313,207,1,-1,-1,-1
428,291,502,672,309,205,1,-1,-1,-1
429,291,458,671,305,203,1,-1,-1,-1
430,291,414,670,301,200,1,-1,-1,-1
431,291,370,670,298,196,1,-1,-1,-1
432,291,325,668,295,193,1,-1,-1,-1
433,291,279,659,294,192,1,-1,-1,-1
434,291,238,657,291,190,1,-1,-1,-1
435,291,194,654,288,188,1,-1,-1,-1
436,291,154,653,285,186,1,-1,-1,-1
437,291,113,650,282,184,1,-1,-1,-1
438,291,71,648,279,183,1,-1,-1,-1
439,291,30,647,275,181,1,-1,-1,-1
440,291,-6,646,272,179,1,-1,-1,-1
441,291,-36,643,266,177,1,-1,-1,-1
1211,293,939,678,1042,489,1,-1,-1,-1
1212,293,796,667,1047,485,1,-1,-1,-1
1213,293,661,662,1043,481,1,-1,-1,-1
1214,293,524,655,1036,476,1,-1,-1,-1
1215,293,378,645,1025,472,1,-1,-1,-1
1216,293,231,633,1009,468,1,-1,-1,-1
1217,293,89,624,991,461,1,-1,-1,-1
1218,293,-34,615,973,456,1,-1,-1,-1
1219,293,-115,608,947,449,1,-1,-1,-1
1143,299,653,724,1109,463,1,-1,-1,-1
1144,299,485,714,1067,447,1,-1,-1,-1
1145,299,319,704,1029,432,1,-1,-1,-1
1146,299,163,692,992,419,1,-1,-1,-1
1147,299,19,681,964,409,1,-1,-1,-1
1148,299,-86,666,932,398,1,-1,-1,-1
1466,305,489,720,1157,474,1,-1,-1,-1
1467,305,285,711,1159,469,1,-1,-1,-1
1468,305,100,699,1153,462,1,-1,-1,-1
