189,16,4,1145,954,597,1,-1,-1,-1
190,16,110,1128,1008,544,1,-1,-1,-1
191,16,429,1126,846,477,1,-1,-1,-1
192,16,660,1127,684,417,1,-1,-1,-1
193,16,859,1122,582,362,1,-1,-1,-1
194,16,1019,1118,522,334,1,-1,-1,-1
195,16,1131,1110,458,302,1,-1,-1,-1
196,16,1227,1100,396,280,1,-1,-1,-1
197,16,1307,1096,351,263,1,-1,-1,-1
198,16,1373,1101,326,234,1,-1,-1,-1
199,16,1410,1087,305,234,1,-1,-1,-1
200,16,1456,1078,279,224,1,-1,-1,-1
201,16,1493,1074,267,216,1,-1,-1,-1
202,16,1528,1073,255,200,1,-1,-1,-1
203,16,1563,1070,235,196,1,-1,-1,-1
204,16,1586,1063,224,193,1,-1,-1,-1
205,16,1612,1059,213,181,1,-1,-1,-1
206,16,1632,1053,194,176,1,-1,-1,-1
207,16,1651,1047,185,173,1,-1,-1,-1
208,16,1669,1044,175,170,1,-1,-1,-1
209,16,1681,1044,174,156,1,-1,-1,-1
210,16,1692,1046,173,145,1,-1,-1,-1
211,16,1699,1040,165,142,1,-1,-1,-1
212,16,1713,1037,148,136,1,-1,-1,-1
213,16,1719,1033,145,129,1,-1,-1,-1
214,16,1728,1030,136,125,1,-1,-1,-1
215,16,1735,1030,131,118,1,-1,-1,-1
216,16,1740,1026,129,119,1,-1,-1,-1
217,16,1747,1021,123,120,1,-1,-1,-1
218,16,1750,1018,119,118,1,-1,-1,-1
219,16,1751,1016,118,112,1,-1,-1,-1
333,17,903,928,137,137,1,-1,-1,-1
334,17,893,928,133,139,1,-1,-1,-1
335,17,864,916,143,151,1,-1,-1,-1
336,17,852,924,136,144,1,-1,-1,-1
337,17,822,922,149,143,1,-1,-1,-1
338,17,798,918,157,145,1,-1,-1,-1
339,17,775,917,164,146,1,-1,-1,-1
340,17,758,920,157,141,1,-1,-1,-1
341,17,739,921,154,143,1,-1,-1,-1
342,17,714,913,160,152,1,-1,-1,-1
343,17,688,913,166,149,1,-1,-1,-1
344,17,657,908,172,153,1,-1,-1,-1
345,17,632,911,173,149,1,-1,-1,-1
346,17,605,902,180,155,1,-1,-1,-1
347,17,577,903,184,154,1,-1,-1,-1
348,17,554,901,181,161,1,-1,-1,-1
349,17,528,891,188,169,1,-1,-1,-1
350,17,497,896,192,162,1,-1,-1,-1
351,17,460,892,203,163,1,-1,-1,-1
352,17,437,892,195,162,1,-1,-1,-1
353,17,403,890,199,161,1,-1,-1,-1
354,17,368,884,212,167,1,-1,-1,-1
355,17,338,887,210,164,1,-1,-1,-1
356,17,303,883,209,167,1,-1,-1,-1
357,17,258,881,227,168,1,-1,-1,-1
358,17,211,876,245,171,1,-1,-1,-1
359,17,167,877,248,160,1,-1,-1,-1
360,17,129,863,259,176,1,-1,-1,-1
361,17,94,859,256,180,1,-1,-1,-1
362,17,44,858,266,183,1,-1,-1,-1
363,17,13,847,266,189,1,-1,-1,-1
364,17,0,847,231,184,1,-1,-1,-1
594,18,1592,940,137,122,1,-1,-1,-1
595,18,1588,940,137,125,1,-1,-1,-1
596,18,1576,939,146,130,1,-1,-1,-1
597,18,1567,942,149,128,1,-1,-1,-1
598,18,1559,949,151,122,1,-1,-1,-1
599,18,1547,943,161,131,1,-1,-1,-1
600,18,1543,946,161,131,1,-1,-1,-1
601,18,1534,948,163,132,1,-1,-1,-1
602,18,1523,948,169,139,1,-1,-1,-1
603,18,1514,947,174,145,1,-1,-1,-1
604,18,1497,948,181,148,1,-1,-1,-1
605,18,1481,949,185,150,1,-1,-1,-1
606,18,1468,949,189,152,1,-1,-1,-1
607,18,1455,949,197,155,1,-1,-1,-1
608,18,1440,947,203,163,1,-1,-1,-1
609,18,1422,947,206,168,1,-1,-1,-1
610,18,1406,950,211,165,1,-1,-1,-1
611,18,1375,951,226,172,1,-1,-1,-1
612,18,1356,950,225,175,1,-1,-1,-1
613,18,1326,949,244,182,1,-1,-1,-1
614,18,1298,949,250,183,1,-1,-1,-1
615,18,1272,946,259,192,1,-1,-1,-1
616,18,1240,946,269,194,1,-1,-1,-1
617,18,1201,947,289,201,1,-1,-1,-1
618,18,1148,949,311,205,1,-1,-1,-1
619,18,1093,944,330,209,1,-1,-1,-1
620,18,1047,945,339,212,1,-1,-1,-1
621,18,972,941,385,227,1,-1,-1,-1
622,18,911,933,394,240,1,-1,-1,-1
623,18,835,928,430,253,1,-1,-1,-1
624,18,730,923,483,261,1,-1,-1,-1
625,18,633,921,529,265,1,-1,-1,-1
626,18,554,905,544,289,1,-1,-1,-1
627,18,407,896,602,301,1,-1,-1,-1
628,18,296,888,640,316,1,-1,-1,-1
629,18,128,868,699,337,1,-1,-1,-1
630,18,0,849,710,353,1,-1,-1,-1
630,19,1602,940,135,116,1,-1,-1,-1
631,18,17,846,598,353,1,-1,-1,-1
631,19,1595,939,140,124,1,-1,-1,-1
632,19,1594,943,136,119,1,-1,-1,-1
633,19,1588,944,139,121,1,-1,-1,-1
634,19,1577,943,146,124,1,-1,-1,-1
635,19,1568,944,152,127,1,-1,-1,-1
636,19,1556,942,159,130,1,-1,-1,-1
637,19,1548,943,165,130,1,-1,-1,-1
638,19,1542,946,165,132,1,-1,-1,-1
639,19,1532,947,165,134,1,-1,-1,-1
640,19,1522,947,168,138,1,-1,-1,-1
641,19,1512,946,174,143,1,-1,-1,-1
642,19,1495,947,184,150,1,-1,-1,-1
643,19,1478,950,188,149,1,-1,-1,-1
644,19,1468,949,192,149,1,-1,-1,-1
645,19,1455,951,195,152,1,-1,-1,-1
646,19,1437,950,201,155,1,-1,-1,-1
647,19,1421,951,201,163,1,-1,-1,-1
648,19,1401,952,213,163,1,-1,-1,-1
649,19,1373,949,228,171,1,-1,-1,-1
650,19,1343,952,238,177,1,-1,-1,-1
651,19,1316,951,255,181,1,-1,-1,-1
652,19,1284,947,265,187,1,-1,-1,-1
653,19,1256,947,276,192,1,-1,-1,-1
654,19,1223,943,285,198,1,-1,-1,-1
655,19,1165,947,311,197,1,-1,-1,-1
656,19,1107,941,343,208,1,-1,-1,-1
657,19,1042,943,378,215,1,-1,-1,-1
658,19,984,938,388,227,1,-1,-1,-1
659,19,926,933,418,234,1,-1,-1,-1
660,19,836,924,453,251,1,-1,-1,-1
661,19,716,923,531,257,1,-1,-1,-1
662,19,613,910,580,276,1,-1,-1,-1
663,19,482,903,617,284,1,-1,-1,-1
664,19,376,892,648,296,1,-1,-1,-1
665,19,219,872,706,322,1,-1,-1,-1
666,19,30,864,806,335,1,-1,-1,-1
667,19,0,846,740,348,1,-1,-1,-1
667,20,1596,934,134,116,1,-1,-1,-1
668,19,0,849,685,342,1,-1,-1,-1
668,20,1592,934,141,121,1,-1,-1,-1
669,20,1587,937,144,116,1,-1,-1,-1
670,20,1582,936,148,120,1,-1,-1,-1
671,20,1577,936,150,123,1,-1,-1,-1
672,20,1569,933,155,133,1,-1,-1,-1
673,20,1562,937,154,130,1,-1,-1,-1
674,20,1550,934,164,136,1,-1,-1,-1
675,20,1541,933,169,138,1,-1,-1,-1
676,20,1534,935,172,137,1,-1,-1,-1
677,20,1522,934,177,144,1,-1,-1,-1
678,20,1513,935,182,148,1,-1,-1,-1
679,20,1502,936,184,148,1,-1,-1,-1
680,20,1488,934,195,155,1,-1,-1,-1
681,20,1478,939,193,152,1,-1,-1,-1
682,20,1464,944,198,149,1,-1,-1,-1
683,20,1451,939,202,160,1,-1,-1,-1
684,20,1434,944,208,156,1,-1,-1,-1
685,20,1418,944,211,165,1,-1,-1,-1
686,20,1402,945,217,167,1,-1,-1,-1
687,20,1371,944,234,173,1,-1,-1,-1
688,20,1349,947,233,169,1,-1,-1,-1
689,20,1321,941,257,182,1,-1,-1,-1
690,20,1291,941,264,188,1,-1,-1,-1
691,20,1263,938,282,194,1,-1,-1,-1
692,20,1239,938,279,196,1,-1,-1,-1
693,20,1196,936,296,202,1,-1,-1,-1
694,20,1146,940,333,202,1,-1,-1,-1
695,20,1092,933,357,213,1,-1,-1,-1
696,20,1048,934,364,218,1,-1,-1,-1
697,20,986,928,386,226,1,-1,-1,-1
698,20,920,920,423,237,1,-1,-1,-1
699,20,843,917,470,247,1,-1,-1,-1
700,20,759,915,507,256,1,-1,-1,-1
701,20,646,906,582,273,1,-1,-1,-1
702,20,561,898,608,288,1,-1,-1,-1
703,20,420,885,643,294,1,-1,-1,-1
704,20,278,866,689,327,1,-1,-1,-1
705,20,153,858,779,334,1,-1,-1,-1
706,20,0,841,775,366,1,-1,-1,-1
707,20,37,837,744,358,1,-1,-1,-1
708,20,16,818,654,370,1,-1,-1,-1
737,21,0,954,815,690,1,-1,-1,-1
738,21,25,924,940,662,1,-1,-1,-1
739,21,141,942,899,633,1,-1,-1,-1
740,21,160,957,988,598,1,-1,-1,-1
741,21,159,961,1056,597,1,-1,-1,-1
742,21,347,974,957,538,1,-1,-1,-1
743,21,457,985,896,501,1,-1,-1,-1
744,21,603,993,797,444,1,-1,-1,-1
745,21,707,1003,718,423,1,-1,-1,-1
746,21,812,1007,651,408,1,-1,-1,-1
747,21,877,1016,643,387,1,-1,-1,-1
748,21,971,1014,568,366,1,-1,-1,-1
749,21,1042,1018,552,338,1,-1,-1,-1
750,21,1103,1020,522,330,1,-1,-1,-1
751,21,1156,1010,469,330,1,-1,-1,-1
752,21,1209,1019,443,299,1,-1,-1,-1
753,21,1260,1020,409,290,1,-1,-1,-1
754,21,1315,1022,364,261,1,-1,-1,-1
755,21,1342,1023,354,259,1,-1,-1,-1
756,21,1369,1026,366,258,1,-1,-1,-1
757,21,1416,1028,320,241,1,-1,-1,-1
758,21,1443,1030,317,233,1,-1,-1,-1
759,21,1456,1021,312,227,1,-1,-1,-1
760,21,1483,1020,295,229,1,-1,-1,-1
761,21,1504,1023,285,222,1,-1,-1,-1
762,21,1527,1015,269,221,1,-1,-1,-1
763,21,1544,1014,263,216,1,-1,-1,-1
764,21,1563,1014,251,211,1,-1,-1,-1
765,21,1572,1009,245,212,1,-1,-1,-1
766,21,1586,1008,236,205,1,-1,-1,-1
767,21,1601,1013,222,193,1,-1,-1,-1
768,21,1606,1004,234,202,1,-1,-1,-1
769,21,1614,1004,227,194,1,-1,-1,-1
770,21,1625,1005,214,190,1,-1,-1,-1
771,21,1632,1005,204,185,1,-1,-1,-1
772,21,1644,1005,191,180,1,-1,-1,-1
773,21,1653,1007,181,171,1,-1,-1,-1
774,21,1660,1009,176,162,1,-1,-1,-1
775,21,1668,1016,165,148,1,-1,-1,-1
776,21,1676,1014,166,150,1,-1,-1,-1
777,21,1678,1006,169,149,1,-1,-1,-1
778,21,1682,1004,168,145,1,-1,-1,-1
779,21,1685,1000,166,147,1,-1,-1,-1
780,21,1697,998,161,146,1,-1,-1,-1
781,21,1702,998,155,143,1,-1,-1,-1
782,21,1703,997,153,142,1,-1,-1,-1
783,21,1709,1000,147,135,1,-1,-1,-1
784,21,1711,1000,145,132,1,-1,-1,-1
785,21,1716,1002,139,128,1,-1,-1,-1
786,21,1718,1001,138,125,1,-1,-1,-1
787,21,1719,998,138,121,1,-1,-1,-1
788,21,1721,997,135,119,1,-1,-1,-1
789,21,1722,994,138,120,1,-1,-1,-1
790,21,1725,990,134,122,1,-1,-1,-1
791,21,1726,987,137,123,1,-1,-1,-1
792,21,1729,987,131,119,1,-1,-1,-1
793,21,1728,983,133,120,1,-1,-1,-1
794,21,1729,983,133,120,1,-1,-1,-1
795,21,1736,983,125,114,1,-1,-1,-1
796,21,1739,987,120,106,1,-1,-1,-1
797,21,1740,983,119,107,1,-1,-1,-1
798,21,1740,981,119,109,1,-1,-1,-1
939,22,34,1225,1025,685,1,-1,-1,-1
940,22,86,1236,1162,670,1,-1,-1,-1
941,22,120,1245,1243,653,1,-1,-1,-1
942,22,169,1239,1389,657,1,-1,-1,-1
943,22,330,1264,1232,619,1,-1,-1,-1
944,22,480,1265,1240,604,1,-1,-1,-1
945,22,599,1286,1097,571,1,-1,-1,-1
946,22,794,1306,1008,543,1,-1,-1,-1
947,22,894,1314,961,529,1,-1,-1,-1
948,22,1050,1330,925,517,1,-1,-1,-1
949,22,1160,1342,874,511,1,-1,-1,-1
950,22,1233,1348,857,504,1,-1,-1,-1
951,22,1336,1383,841,486,1,-1,-1,-1
952,22,1462,1398,802,479,1,-1,-1,-1
953,22,1536,1421,811,481,1,-1,-1,-1
954,22,1612,1440,807,467,1,-1,-1,-1
955,22,1676,1450,820,463,1,-1,-1,-1
956,22,1778,1478,781,439,1,-1,-1,-1
957,22,1848,1494,711,425,1,-1,-1,-1
958,22,1902,1517,657,402,1,-1,-1,-1
988,23,1662,933,113,112,1,-1,-1,-1
989,23,1660,931,116,115,1,-1,-1,-1
990,23,1660,933,117,113,1,-1,-1,-1
991,23,1657,932,122,116,1,-1,-1,-1
992,23,1650,929,129,121,1,-1,-1,-1
993,23,1647,928,132,122,1,-1,-1,-1
994,23,1644,928,134,123,1,-1,-1,-1
995,23,1645,931,130,120,1,-1,-1,-1
996,23,1644,933,130,120,1,-1,-1,-1
997,23,1635,931,137,125,1,-1,-1,-1
998,23,1629,932,144,124,1,-1,-1,-1
999,23,1627,931,146,126,1,-1,-1,-1
1000,23,1628,933,139,125,1,-1,-1,-1
1001,23,1620,932,146,130,1,-1,-1,-1
1002,23,1617,933,146,130,1,-1,-1,-1
1003,23,1613,932,150,132,1,-1,-1,-1
1004,23,1610,932,151,133,1,-1,-1,-1
1005,23,1608,930,150,135,1,-1,-1,-1
1006,23,1605,934,154,132,1,-1,-1,-1
1007,23,1600,934,153,134,1,-1,-1,-1
1008,23,1591,933,164,137,1,-1,-1,-1
1009,23,1586,930,168,138,1,-1,-1,-1
1010,23,1582,932,168,139,1,-1,-1,-1
1011,23,1575,931,171,143,1,-1,-1,-1
1012,23,1566,930,175,144,1,-1,-1,-1
1013,23,1559,932,179,146,1,-1,-1,-1
1014,23,1555,930,180,149,1,-1,-1,-1
1015,23,1555,933,177,149,1,-1,-1,-1
1016,23,1548,931,183,152,1,-1,-1,-1
1017,23,1538,934,190,154,1,-1,-1,-1
1018,23,1531,929,194,160,1,-1,-1,-1
1019,23,1524,929,198,162,1,-1,-1,-1
1020,23,1517,930,197,164,1,-1,-1,-1
1021,23,1511,931,202,164,1,-1,-1,-1
1022,23,1506,931,200,169,1,-1,-1,-1
1023,23,1496,931,206,170,1,-1,-1,-1
1024,23,1487,929,209,176,1,-1,-1,-1
1025,23,1478,930,212,176,1,-1,-1,-1
1026,23,1475,931,212,173,1,-1,-1,-1
1027,23,1462,934,217,171,1,-1,-1,-1
1028,23,1455,932,222,174,1,-1,-1,-1
1029,23,1445,928,222,183,1,-1,-1,-1
1030,23,1432,928,230,185,1,-1,-1,-1
1031,23,1419,924,237,192,1,-1,-1,-1
1032,23,1404,925,245,193,1,-1,-1,-1
1033,23,1386,927,254,197,1,-1,-1,-1
1034,23,1372,922,260,208,1,-1,-1,-1
1035,23,1352,922,271,210,1,-1,-1,-1
1036,23,1333,927,282,211,1,-1,-1,-1
1037,23,1312,921,295,216,1,-1,-1,-1
1038,23,1288,926,306,213,1,-1,-1,-1
1039,23,1269,922,317,222,1,-1,-1,-1
1040,23,1249,924,331,224,1,-1,-1,-1
1041,23,1230,921,330,229,1,-1,-1,-1
1042,23,1205,916,346,237,1,-1,-1,-1
1043,23,1177,916,352,240,1,-1,-1,-1
1044,23,1142,918,370,241,1,-1,-1,-1
1045,23,1106,914,390,246,1,-1,-1,-1
1046,23,1076,913,396,253,1,-1,-1,-1
1047,23,1033,908,419,264,1,-1,-1,-1
1048,23,979,910,458,270,1,-1,-1,-1
1049,23,942,905,474,281,1,-1,-1,-1
1050,23,886,896,508,296,1,-1,-1,-1
1051,23,826,891,550,310,1,-1,-1,-1
1052,23,772,883,564,315,1,-1,-1,-1
1053,23,718,874,590,328,1,-1,-1,-1
1054,23,637,870,643,348,1,-1,-1,-1
1055,23,562,862,693,362,1,-1,-1,-1
1056,23,500,853,719,367,1,-1,-1,-1
1057,23,360,841,804,382,1,-1,-1,-1
1058,23,260,825,817,407,1,-1,-1,-1
1059,23,148,808,862,422,1,-1,-1,-1
1060,23,46,797,931,437,1,-1,-1,-1
1061,23,10,761,796,483,1,-1,-1,-1
1082,24,1959,1384,600,377,1,-1,-1,-1
1083,24,1936,1381,623,377,1,-1,-1,-1
1084,24,1924,1367,635,359,1,-1,-1,-1
1085,24,1899,1359,660,356,1,-1,-1,-1
1086,24,1841,1339,718,365,1,-1,-1,-1
1087,24,1792,1321,719,355,1,-1,-1,-1
1088,24,1727,1292,723,359,1,-1,-1,-1
1089,24,1679,1284,722,339,1,-1,-1,-1
1090,24,1602,1249,749,368,1,-1,-1,-1
1091,24,1546,1226,732,363,1,-1,-1,-1
1092,24,1484,1202,719,358,1,-1,-1,-1
1093,24,1426,1186,723,357,1,-1,-1,-1
1094,24,1392,1178,717,346,1,-1,-1,-1
1095,24,1310,1156,733,342,1,-1,-1,-1
1096,24,1219,1140,752,331,1,-1,-1,-1
1097,24,1141,1111,747,351,1,-1,-1,-1
1098,24,1072,1099,743,344,1,-1,-1,-1
1099,24,998,1093,748,327,1,-1,-1,-1
1100,24,947,1072,719,338,1,-1,-1,-1
1101,24,820,1050,786,346,1,-1,-1,-1
1102,24,754,1033,764,346,1,-1,-1,-1
1103,24,643,1007,785,359,1,-1,-1,-1
1104,24,557,1002,792,348,1,-1,-1,-1
1105,24,476,997,802,343,1,-1,-1,-1
1106,24,371,985,831,349,1,-1,-1,-1
1107,24,259,966,826,372,1,-1,-1,-1
1108,24,138,945,874,391,1,-1,-1,-1
1108,25,696,673,264,177,1,-1,-1,-1
1109,24,0,928,938,410,1,-1,-1,-1
1109,25,682,672,270,177,1,-1,-1,-1
1110,25,673,668,258,176,1,-1,-1,-1
1110,24,0,924,913,403,1,-1,-1,-1
1111,25,656,669,282,180,1,-1,-1,-1
1111,24,85,919,822,401,1,-1,-1,-1
1112,25,645,669,285,176,1,-1,-1,-1
1112,24,38,907,794,412,1,-1,-1,-1
1113,25,638,669,278,173,1,-1,-1,-1
1114,25,630,666,275,172,1,-1,-1,-1
1115,25,623,666,274,171,1,-1,-1,-1
1116,25,606,661,259,175,1,-1,-1,-1
1117,25,591,660,275,173,1,-1,-1,-1
1118,25,578,658,277,176,1,-1,-1,-1
1119,25,560,644,297,188,1,-1,-1,-1
1120,25,500,613,351,225,1,-1,-1,-1
1121,25,522,629,304,206,1,-1,-1,-1
1122,25,509,632,304,201,1,-1,-1,-1
1123,25,489,630,313,201,1,-1,-1,-1
1124,25,483,635,300,198,1,-1,-1,-1
1125,25,473,626,314,209,1,-1,-1,-1
1126,25,458,628,315,209,1,-1,-1,-1
1127,25,457,628,302,209,1,-1,-1,-1
1128,25,443,625,303,215,1,-1,-1,-1
1129,25,434,621,301,216,1,-1,-1,-1
1130,25,426,625,312,219,1,-1,-1,-1
1131,25,420,628,307,217,1,-1,-1,-1
1132,25,415,628,309,220,1,-1,-1,-1
1133,25,415,631,307,222,1,-1,-1,-1
1134,25,410,632,304,224,1,-1,-1,-1
1135,25,410,635,294,224,1,-1,-1,-1
1136,25,407,639,295,224,1,-1,-1,-1
1137,25,408,638,285,232,1,-1,-1,-1
1138,25,404,632,285,247,1,-1,-1,-1
1139,25,401,644,290,235,1,-1,-1,-1
1140,25,400,643,291,242,1,-1,-1,-1
1141,25,399,646,290,246,1,-1,-1,-1
1142,25,399,646,289,253,1,-1,-1,-1
1143,25,395,650,289,254,1,-1,-1,-1
1144,25,397,651,289,256,1,-1,-1,-1
1145,25,402,657,282,255,1,-1,-1,-1
1146,25,403,661,281,256,1,-1,-1,-1
1147,25,405,663,281,260,1,-1,-1,-1
1148,25,408,664,280,269,1,-1,-1,-1
1149,25,408,666,284,274,1,-1,-1,-1
1150,25,418,668,276,283,1,-1,-1,-1
1151,25,423,672,273,287,1,-1,-1,-1
1152,25,426,673,279,294,1,-1,-1,-1
1153,25,430,677,276,290,1,-1,-1,-1
1154,25,431,681,279,294,1,-1,-1,-1
1155,25,431,687,290,291,1,-1,-1,-1
1156,25,434,695,298,293,1,-1,-1,-1
1157,25,434,694,307,299,1,-1,-1,-1
1158,25,436,703,301,301,1,-1,-1,-1
1159,25,436,707,304,307,1,-1,-1,-1
1160,25,433,711,306,318,1,-1,-1,-1
1161,25,427,715,304,332,1,-1,-1,-1
1162,25,418,720,318,328,1,-1,-1,-1
1163,25,410,725,325,336,1,-1,-1,-1
1164,25,390,727,349,362,1,-1,-1,-1
1165,25,372,740,358,356,1,-1,-1,-1
1166,25,349,750,368,360,1,-1,-1,-1
1167,25,328,754,390,356,1,-1,-1,-1
1168,25,297,759,414,374,1,-1,-1,-1
1169,25,278,757,426,385,1,-1,-1,-1
1170,25,218,764,474,388,1,-1,-1,-1
1171,25,169,770,516,397,1,-1,-1,-1
1172,25,122,772,543,406,1,-1,-1,-1
1173,25,85,775,585,391,1,-1,-1,-1
1174,25,30,778,612,405,1,-1,-1,-1
1175,25,0,770,626,416,1,-1,-1,-1
1176,25,0,776,620,418,1,-1,-1,-1
1177,25,0,775,599,418,1,-1,-1,-1
1178,25,14,761,555,423,1,-1,-1,-1
1179,25,0,755,533,435,1,-1,-1,-1
1262,26,19,1032,995,749,1,-1,-1,-1
1263,26,55,1034,1090,715,1,-1,-1,-1
1264,26,183,1034,1076,665,1,-1,-1,-1
1265,26,455,1051,891,586,1,-1,-1,-1
1266,26,621,1058,768,519,1,-1,-1,-1
1267,26,762,1057,684,486,1,-1,-1,-1
1268,26,887,1061,618,438,1,-1,-1,-1
1269,26,1000,1060,546,417,1,-1,-1,-1
1270,26,1072,1056,523,384,1,-1,-1,-1
1271,26,1135,1058,490,353,1,-1,-1,-1
1272,26,1203,1054,460,344,1,-1,-1,-1
1273,26,1251,1049,428,326,1,-1,-1,-1
1274,26,1309,1053,388,305,1,-1,-1,-1
1275,26,1343,1046,375,292,1,-1,-1,-1
1276,26,1377,1045,358,281,1,-1,-1,-1
1277,26,1412,1045,343,269,1,-1,-1,-1
1278,26,1452,1047,322,253,1,-1,-1,-1
1279,26,1483,1040,299,251,1,-1,-1,-1
1280,26,1495,1040,295,237,1,-1,-1,-1
1281,26,1525,1035,272,234,1,-1,-1,-1
1282,26,1539,1032,276,224,1,-1,-1,-1
1283,26,1568,1029,253,220,1,-1,-1,-1
1284,26,1590,1025,234,215,1,-1,-1,-1
1285,26,1602,1023,223,210,1,-1,-1,-1
1286,26,1615,1020,219,201,1,-1,-1,-1
1287,26,1622,1021,215,199,1,-1,-1,-1
1288,26,1635,1016,205,197,1,-1,-1,-1
1289,26,1640,1014,202,190,1,-1,-1,-1
1290,26,1647,1009,197,189,1,-1,-1,-1
1291,26,1655,1010,191,177,1,-1,-1,-1
1292,26,1661,1008,187,173,1,-1,-1,-1
1293,26,1669,1009,179,166,1,-1,-1,-1
1294,26,1677,1005,174,162,1,-1,-1,-1
1295,26,1680,1005,175,159,1,-1,-1,-1
1296,26,1686,1000,166,155,1,-1,-1,-1
1297,26,1689,995,164,154,1,-1,-1,-1
1298,26,1696,996,158,148,1,-1,-1,-1
1299,26,1700,999,153,143,1,-1,-1,-1
1300,26,1699,999,156,136,1,-1,-1,-1
1301,26,1701,991,151,139,1,-1,-1,-1
1302,26,1705,992,148,133,1,-1,-1,-1
1303,26,1708,992,144,130,1,-1,-1,-1
1304,26,1708,988,144,127,1,-1,-1,-1
1305,26,1711,987,138,127,1,-1,-1,-1
1306,26,1710,980,143,128,1,-1,-1,-1
1307,26,1709,976,143,131,1,-1,-1,-1
1308,26,1714,978,140,125,1,-1,-1,-1
1309,26,1716,979,134,121,1,-1,-1,-1
1310,26,1717,980,130,117,1,-1,-1,-1
1311,26,1720,977,127,117,1,-1,-1,-1
1312,26,1720,975,124,115,1,-1,-1,-1
1313,26,1719,968,130,118,1,-1,-1,-1
1314,26,1719,969,128,113,1,-1,-1,-1
1362,27,1611,937,134,111,1,-1,-1,-1
1363,27,1606,942,134,113,1,-1,-1,-1
1364,27,1599,940,144,118,1,-1,-1,-1
1365,27,1595,944,145,122,1,-1,-1,-1
1366,27,1592,945,144,115,1,-1,-1,-1
1367,27,1583,946,147,122,1,-1,-1,-1
1368,27,1573,939,154,131,1,-1,-1,-1
1369,27,1563,945,154,128,1,-1,-1,-1
1370,27,1551,943,168,132,1,-1,-1,-1
1371,27,1544,944,169,136,1,-1,-1,-1
1372,27,1531,945,170,143,1,-1,-1,-1
1373,27,1517,947,179,145,1,-1,-1,-1
1374,27,1503,945,185,155,1,-1,-1,-1
1375,27,1490,947,192,156,1,-1,-1,-1
1376,27,1472,948,192,160,1,-1,-1,-1
1377,27,1454,950,203,161,1,-1,-1,-1
1378,27,1433,952,207,163,1,-1,-1,-1
1379,27,1410,950,223,171,1,-1,-1,-1
1380,27,1383,952,228,178,1,-1,-1,-1
1381,27,1349,951,244,193,1,-1,-1,-1
1382,27,1313,951,267,190,1,-1,-1,-1
1383,27,1294,950,265,195,1,-1,-1,-1
1384,27,1249,954,294,201,1,-1,-1,-1
1385,27,1197,955,308,201,1,-1,-1,-1
1386,27,1128,949,354,214,1,-1,-1,-1
1387,27,1066,945,376,222,1,-1,-1,-1
1388,27,1018,943,394,230,1,-1,-1,-1
1389,27,959,940,411,238,1,-1,-1,-1
1390,27,874,938,448,246,1,-1,-1,-1
1391,27,772,931,515,263,1,-1,-1,-1
1392,27,677,924,554,277,1,-1,-1,-1
1393,27,570,913,620,294,1,-1,-1,-1
1394,27,473,904,629,307,1,-1,-1,-1
1395,27,288,895,717,315,1,-1,-1,-1
1396,27,193,887,770,339,1,-1,-1,-1
1397,27,27,874,827,361,1,-1,-1,-1
1398,27,0,876,794,352,1,-1,-1,-1
1399,27,18,868,671,364,1,-1,-1,-1
1634,28,62,1071,905,555,1,-1,-1,-1
1635,28,106,1043,1033,554,1,-1,-1,-1
1636,28,396,1060,880,479,1,-1,-1,-1
1637,28,616,1065,740,438,1,-1,-1,-1
1638,28,760,1052,642,415,1,-1,-1,-1
1639,28,897,1057,594,369,1,-1,-1,-1
1640,28,1023,1051,494,340,1,-1,-1,-1
1641,28,1126,1054,439,318,1,-1,-1,-1
1642,28,1210,1055,393,281,1,-1,-1,-1
1643,28,1277,1054,365,271,1,-1,-1,-1
1644,28,1332,1049,345,254,1,-1,-1,-1
1645,28,1373,1045,311,247,1,-1,-1,-1
1646,28,1405,1040,313,240,1,-1,-1,-1
1647,28,1445,1043,288,218,1,-1,-1,-1
1648,28,1485,1038,269,213,1,-1,-1,-1
1649,28,1515,1035,248,206,1,-1,-1,-1
1650,28,1544,1035,240,199,1,-1,-1,-1
1651,28,1565,1032,231,196,1,-1,-1,-1
1652,28,1582,1028,217,190,1,-1,-1,-1
1653,28,1604,1026,204,181,1,-1,-1,-1
1654,28,1614,1022,203,174,1,-1,-1,-1
1655,28,1630,1026,187,163,1,-1,-1,-1
1656,28,1644,1017,173,165,1,-1,-1,-1
1657,28,1653,1016,171,156,1,-1,-1,-1
1658,28,1664,1015,165,148,1,-1,-1,-1
1659,28,1670,1013,162,142,1,-1,-1,-1
1660,28,1677,1014,158,134,1,-1,-1,-1
1661,28,1690,1011,152,130,1,-1,-1,-1
1662,28,1697,1013,143,127,1,-1,-1,-1
1663,28,1700,1012,141,121,1,-1,-1,-1
1664,28,1703,1009,139,121,1,-1,-1,-1
1665,28,1709,1006,136,118,1,-1,-1,-1
1666,28,1713,1004,132,113,1,-1,-1,-1
1667,28,1715,1001,128,114,1,-1,-1,-1
1668,28,1718,1003,123,106,1,-1,-1,-1
1786,29,0,1058,995,708,1,-1,-1,-1
1787,29,73,1061,1058,625,1,-1,-1,-1
1788,29,404,1067,893,550,1,-1,-1,-1
1789,29,631,1058,733,502,1,-1,-1,-1
1790,29,814,1060,624,451,1,-1,-1,-1
1791,29,946,1065,583,397,1,-1,-1,-1
1792,29,1079,1063,485,363,1,-1,-1,-1
1793,29,1155,1059,469,339,1,-1,-1,-1
1794,29,1250,1057,403,305,1,-1,-1,-1
1795,29,1321,1057,362,285,1,-1,-1,-1
1796,29,1368,1053,323,270,1,-1,-1,-1
1797,29,1419,1051,304,262,1,-1,-1,-1
1798,29,1450,1048,288,246,1,-1,-1,-1
1799,29,1488,1038,276,246,1,-1,-1,-1
1800,29,1513,1038,265,233,1,-1,-1,-1
1801,29,1545,1038,247,220,1,-1,-1,-1
1802,29,1566,1032,239,215,1,-1,-1,-1
1803,29,1589,1035,222,200,1,-1,-1,-1
1804,29,1604,1031,213,197,1,-1,-1,-1
1805,29,1619,1024,209,193,1,-1,-1,-1
1806,29,1632,1020,196,189,1,-1,-1,-1
1807,29,1637,1021,189,177,1,-1,-1,-1
1808,29,1659,1018,172,169,1,-1,-1,-1
1809,29,1666,1012,168,168,1,-1,-1,-1
1810,29,1675,1010,166,162,1,-1,-1,-1
1811,29,1684,1007,162,155,1,-1,-1,-1
1812,29,1690,1002,156,152,1,-1,-1,-1
1813,29,1698,1007,153,140,1,-1,-1,-1
1814,29,1705,1006,146,137,1,-1,-1,-1
1815,29,1706,1001,147,138,1,-1,-1,-1
1816,29,1716,999,135,134,1,-1,-1,-1
1817,29,1716,997,136,130,1,-1,-1,-1
1818,29,1723,998,127,120,1,-1,-1,-1
1819,29,1726,999,124,115,1,-1,-1,-1
1820,29,1726,994,127,117,1,-1,-1,-1
1821,29,1730,991,122,115,1,-1,-1,-1
1897,30,0,488,412,331,1,-1,-1,-1
1898,30,0,491,440,336,1,-1,-1,-1
1899,30,0,504,450,335,1,-1,-1,-1
1900,30,0,498,467,349,1,-1,-1,-1
1901,30,0,497,483,358,1,-1,-1,-1
1902,30,0,495,500,362,1,-1,-1,-1
1903,30,5,500,510,363,1,-1,-1,-1
1904,30,14,505,521,365,1,-1,-1,-1
1905,30,37,514,515,362,1,-1,-1,-1
1906,30,51,517,518,363,1,-1,-1,-1
1907,30,61,527,526,358,1,-1,-1,-1
1908,30,71,533,532,359,1,-1,-1,-1
1909,30,83,531,546,375,1,-1,-1,-1
1910,30,95,540,544,366,1,-1,-1,-1
1911,30,104,547,559,360,1,-1,-1,-1
1912,30,129,555,554,366,1,-1,-1,-1
1913,30,149,556,556,374,1,-1,-1,-1
1914,30,135,565,555,353,1,-1,-1,-1
1915,30,141,562,552,356,1,-1,-1,-1
1916,30,173,569,542,365,1,-1,-1,-1
1917,30,176,575,571,365,1,-1,-1,-1
1918,30,194,580,539,366,1,-1,-1,-1
1919,30,192,575,553,380,1,-1,-1,-1
1920,30,199,577,552,375,1,-1,-1,-1
1921,30,202,584,554,377,1,-1,-1,-1
1922,30,208,581,543,376,1,-1,-1,-1
1923,30,215,582,543,379,1,-1,-1,-1
1924,30,219,581,539,379,1,-1,-1,-1
1925,30,228,580,540,388,1,-1,-1,-1
1926,30,223,579,535,388,1,-1,-1,-1
1927,30,233,585,542,384,1,-1,-1,-1
1928,30,237,588,539,383,1,-1,-1,-1
1929,30,235,590,540,386,1,-1,-1,-1
1930,30,241,591,544,391,1,-1,-1,-1
1931,30,245,595,541,391,1,-1,-1,-1
1932,30,250,596,529,390,1,-1,-1,-1
1933,30,255,594,524,395,1,-1,-1,-1
1934,30,266,604,523,392,1,-1,-1,-1
1935,30,274,597,516,409,1,-1,-1,-1
1936,30,278,603,521,406,1,-1,-1,-1
1937,30,300,609,512,411,1,-1,-1,-1
1938,30,319,615,504,418,1,-1,-1,-1
1939,30,322,631,512,402,1,-1,-1,-1
1940,30,355,637,504,409,1,-1,-1,-1
1941,30,362,629,506,437,1,-1,-1,-1
1942,30,368,656,527,413,1,-1,-1,-1
1943,30,397,671,510,414,1,-1,-1,-1
1944,30,430,693,506,386,1,-1,-1,-1
1945,30,435,705,544,391,1,-1,-1,-1
1946,30,464,713,544,392,1,-1,-1,-1
1947,30,491,729,554,389,1,-1,-1,-1
1948,30,514,741,567,398,1,-1,-1,-1
1949,30,551,762,580,393,1,-1,-1,-1
1950,30,593,778,603,405,1,-1,-1,-1
1951,30,615,782,617,408,1,-1,-1,-1
1952,30,666,790,601,418,1,-1,-1,-1
1953,30,697,803,607,417,1,-1,-1,-1
1954,30,740,817,597,416,1,-1,-1,-1
1955,30,785,823,565,417,1,-1,-1,-1
1956,30,828,849,576,412,1,-1,-1,-1
1957,30,863,851,580,419,1,-1,-1,-1
1958,30,901,864,589,416,1,-1,-1,-1
1959,30,958,894,579,392,1,-1,-1,-1
1960,30,999,900,586,406,1,-1,-1,-1
1961,30,1051,918,579,398,1,-1,-1,-1
1962,30,1100,930,564,388,1,-1,-1,-1
1963,30,1153,941,531,382,1,-1,-1,-1
1964,30,1181,946,531,383,1,-1,-1,-1
1965,30,1220,954,520,374,1,-1,-1,-1
1966,30,1254,961,501,365,1,-1,-1,-1
1967,30,1280,972,496,361,1,-1,-1,-1
1968,30,1307,978,490,355,1,-1,-1,-1
1969,30,1353,988,456,343,1,-1,-1,-1
1970,30,1374,995,446,338,1,-1,-1,-1
1971,30,1391,1006,444,319,1,-1,-1,-1
1972,30,1418,1014,431,305,1,-1,-1,-1
1973,30,1440,1014,418,312,1,-1,-1,-1
1974,30,1484,1022,389,302,1,-1,-1,-1
1975,30,1501,1028,375,296,1,-1,-1,-1
1976,30,1525,1030,368,299,1,-1,-1,-1
1977,30,1558,1030,350,295,1,-1,-1,-1
1978,30,1569,1035,347,288,1,-1,-1,-1
1979,30,1597,1033,323,283,1,-1,-1,-1
1980,30,1612,1033,312,277,1,-1,-1,-1
1981,30,1646,1038,290,267,1,-1,-1,-1
1982,30,1652,1037,296,266,1,-1,-1,-1
1983,30,1665,1042,283,238,1,-1,-1,-1
1984,30,1668,1042,277,235,1,-1,-1,-1
1985,30,1678,1038,275,243,1,-1,-1,-1
1986,30,1693,1033,262,247,1,-1,-1,-1
1987,30,1696,1037,255,240,1,-1,-1,-1
2026,31,1344,952,281,211,1,-1,-1,-1
2027,31,1324,951,285,213,1,-1,-1,-1
2028,31,1304,946,297,222,1,-1,-1,-1
2029,31,1278,941,311,228,1,-1,-1,-1
2030,31,1241,940,334,232,1,-1,-1,-1
2031,31,1200,938,359,237,1,-1,-1,-1
2032,31,1156,940,383,242,1,-1,-1,-1
2033,31,1116,940,413,245,1,-1,-1,-1
2034,31,1083,939,424,249,1,-1,-1,-1
2035,31,1045,941,432,251,1,-1,-1,-1
2036,31,1003,934,453,263,1,-1,-1,-1
2037,31,960,929,462,272,1,-1,-1,-1
2038,31,900,926,511,286,1,-1,-1,-1
2039,31,834,917,549,303,1,-1,-1,-1
2040,31,767,912,574,311,1,-1,-1,-1
2041,31,709,908,599,310,1,-1,-1,-1
2042,31,632,905,620,323,1,-1,-1,-1
2043,31,576,890,635,345,1,-1,-1,-1
2044,31,479,885,686,348,1,-1,-1,-1
2045,31,388,873,711,373,1,-1,-1,-1
2046,31,268,861,742,373,1,-1,-1,-1
2047,31,161,847,788,392,1,-1,-1,-1
2048,31,34,830,822,421,1,-1,-1,-1
2049,31,0,818,829,430,1,-1,-1,-1
2050,31,25,808,785,429,1,-1,-1,-1
2051,31,2,795,716,436,1,-1,-1,-1
2179,32,817,1137,622,426,1,-1,-1,-1
2180,32,973,1137,543,361,1,-1,-1,-1
2181,32,1082,1122,483,338,1,-1,-1,-1
2182,32,1167,1109,426,325,1,-1,-1,-1
2183,32,1255,1111,380,284,1,-1,-1,-1
2184,32,1324,1107,352,270,1,-1,-1,-1
2185,32,1391,1106,314,251,1,-1,-1,-1
2186,32,1436,1103,298,231,1,-1,-1,-1
2186,33,1584,941,150,127,1,-1,-1,-1
2187,32,1474,1098,282,227,1,-1,-1,-1
2187,33,1571,940,160,132,1,-1,-1,-1
2188,32,1514,1091,260,220,1,-1,-1,-1
2188,33,1560,941,170,137,1,-1,-1,-1
2189,32,1546,1083,252,215,1,-1,-1,-1
2189,33,1548,941,174,138,1,-1,-1,-1
2190,32,1569,1077,239,210,1,-1,-1,-1
2190,33,1533,941,182,141,1,-1,-1,-1
2191,32,1592,1074,231,200,1,-1,-1,-1
2191,33,1527,947,179,135,1,-1,-1,-1
2192,32,1616,1068,220,200,1,-1,-1,-1
2192,33,1515,946,184,141,1,-1,-1,-1
2193,32,1639,1066,201,187,1,-1,-1,-1
2193,33,1503,946,189,146,1,-1,-1,-1
2194,33,1492,947,189,152,1,-1,-1,-1
2194,32,1655,1063,189,178,1,-1,-1,-1
2195,33,1480,947,194,154,1,-1,-1,-1
2195,32,1671,1063,178,166,1,-1,-1,-1
2196,33,1459,947,205,159,1,-1,-1,-1
2196,32,1681,1055,176,167,1,-1,-1,-1
2197,33,1446,949,210,157,1,-1,-1,-1
2197,32,1680,1049,178,167,1,-1,-1,-1
2198,33,1423,950,212,162,1,-1,-1,-1
2198,32,1697,1048,169,158,1,-1,-1,-1
2199,33,1411,950,213,171,1,-1,-1,-1
2199,32,1706,1041,165,153,1,-1,-1,-1
2200,33,1385,947,222,177,1,-1,-1,-1
2200,32,1716,1037,155,152,1,-1,-1,-1
2201,33,1356,943,233,186,1,-1,-1,-1
2201,32,1721,1036,152,145,1,-1,-1,-1
2202,33,1316,945,260,188,1,-1,-1,-1
2202,32,1723,1036,149,140,1,-1,-1,-1
2203,33,1280,945,269,189,1,-1,-1,-1
2203,32,1736,1032,137,136,1,-1,-1,-1
2204,33,1248,943,281,198,1,-1,-1,-1
2204,32,1742,1030,131,128,1,-1,-1,-1
2205,33,1198,947,303,201,1,-1,-1,-1
2205,32,1746,1029,130,118,1,-1,-1,-1
2206,33,1132,941,348,208,1,-1,-1,-1
2206,32,1746,1018,130,126,1,-1,-1,-1
2207,33,1070,945,375,212,1,-1,-1,-1
2207,32,1750,1013,127,130,1,-1,-1,-1
2208,33,1013,938,383,220,1,-1,-1,-1
2208,32,1754,1013,126,126,1,-1,-1,-1
2209,33,926,927,427,242,1,-1,-1,-1
2209,32,1752,1009,132,126,1,-1,-1,-1
2210,33,846,921,447,254,1,-1,-1,-1
2210,32,1751,1006,132,125,1,-1,-1,-1
2211,33,747,919,512,260,1,-1,-1,-1
2211,32,1754,1006,128,120,1,-1,-1,-1
2212,33,632,903,558,283,1,-1,-1,-1
2213,33,491,896,624,293,1,-1,-1,-1
2214,33,364,881,643,314,1,-1,-1,-1
2215,33,197,864,714,330,1,-1,-1,-1
2216,33,1,853,787,342,1,-1,-1,-1
2217,33,0,837,732,354,1,-1,-1,-1
2218,33,21,825,577,349,1,-1,-1,-1
