210,34,30,975,1262,704,1,-1,-1,-1
211,34,246,992,1385,732,1,-1,-1,-1
212,34,659,1037,1601,723,1,-1,-1,-1
213,34,1156,1097,1403,702,1,-1,-1,-1
394,35,2309,838,250,195,1,-1,-1,-1
395,35,2258,837,301,200,1,-1,-1,-1
396,35,2203,839,319,192,1,-1,-1,-1
397,35,2141,819,338,214,1,-1,-1,-1
398,35,2094,822,337,202,1,-1,-1,-1
399,35,2045,823,339,203,1,-1,-1,-1
400,35,1995,815,330,199,1,-1,-1,-1
401,35,1943,786,325,225,1,-1,-1,-1
402,35,1885,802,325,203,1,-1,-1,-1
403,35,1821,788,353,219,1,-1,-1,-1
404,35,1777,793,337,205,1,-1,-1,-1
405,35,1721,779,355,219,1,-1,-1,-1
406,35,1660,779,354,214,1,-1,-1,-1
407,35,1608,772,339,214,1,-1,-1,-1
408,35,1549,754,360,229,1,-1,-1,-1
409,35,1499,756,350,222,1,-1,-1,-1
410,35,1451,760,350,216,1,-1,-1,-1
411,35,1405,765,335,205,1,-1,-1,-1
412,35,1348,751,331,219,1,-1,-1,-1
413,35,1287,754,350,210,1,-1,-1,-1
414,35,1252,747,326,207,1,-1,-1,-1
415,35,1194,727,335,221,1,-1,-1,-1
416,35,1133,740,343,205,1,-1,-1,-1
417,35,1084,738,330,201,1,-1,-1,-1
418,35,1034,728,334,209,1,-1,-1,-1
419,35,983,728,324,202,1,-1,-1,-1
420,35,929,709,331,216,1,-1,-1,-1
421,35,872,708,340,209,1,-1,-1,-1
422,35,830,705,323,209,1,-1,-1,-1
423,35,783,703,314,205,1,-1,-1,-1
424,35,745,690,312,216,1,-1,-1,-1
425,35,708,706,295,196,1,-1,-1,-1
426,35,652,679,301,219,1,-1,-1,-1
427,35,611,679,301,210,1,-1,-1,-1
428,35,562,683,292,196,1,-1,-1,-1
429,35,514,678,293,195,1,-1,-1,-1
430,35,470,683,290,188,1,-1,-1,-1
431,35,426,682,290,185,1,-1,-1,-1
432,35,378,684,293,179,1,-1,-1,-1
433,35,333,674,286,181,1,-1,-1,-1
434,35,281,645,298,212,1,-1,-1,-1
435,35,254,668,277,177,1,-1,-1,-1
436,35,200,660,280,181,1,-1,-1,-1
437,35,170,661,272,177,1,-1,-1,-1
438,35,123,651,273,186,1,-1,-1,-1
439,35,82,651,270,185,1,-1,-1,-1
440,35,41,656,264,172,1,-1,-1,-1
441,35,5,652,262,171,1,-1,-1,-1
442,35,0,646,224,174,1,-1,-1,-1
659,36,1853,812,678,415,1,-1,-1,-1
660,36,1670,782,889,423,1,-1,-1,-1
661,36,1477,766,920,416,1,-1,-1,-1
662,36,1203,749,911,408,1,-1,-1,-1
663,36,1005,736,874,407,1,-1,-1,-1
664,36,706,717,893,399,1,-1,-1,-1
665,36,446,696,900,389,1,-1,-1,-1
666,36,233,658,883,407,1,-1,-1,-1
667,36,33,658,828,387,1,-1,-1,-1
668,36,0,658,723,366,1,-1,-1,-1
696,37,1797,795,754,419,1,-1,-1,-1
697,37,1533,780,965,400,1,-1,-1,-1
698,37,1326,761,1070,402,1,-1,-1,-1
699,37,1095,743,1051,395,1,-1,-1,-1
700,37,806,714,1078,410,1,-1,-1,-1
701,37,640,689,986,405,1,-1,-1,-1
702,37,392,685,944,379,1,-1,-1,-1
703,37,215,654,927,401,1,-1,-1,-1
704,37,12,649,903,385,1,-1,-1,-1
705,37,0,644,759,356,1,-1,-1,-1
736,38,1735,770,811,432,1,-1,-1,-1
737,38,1489,757,1016,427,1,-1,-1,-1
738,38,1201,747,1118,421,1,-1,-1,-1
739,38,1001,735,1053,407,1,-1,-1,-1
740,38,762,702,1011,421,1,-1,-1,-1
741,38,559,697,992,403,1,-1,-1,-1
742,38,307,670,946,399,1,-1,-1,-1
743,38,132,654,929,404,1,-1,-1,-1
744,38,0,645,877,400,1,-1,-1,-1
754,39,10,790,1057,839,1,-1,-1,-1
755,39,29,801,1308,851,1,-1,-1,-1
756,39,75,813,1485,868,1,-1,-1,-1
757,39,114,824,1813,874,1,-1,-1,-1
758,39,291,820,1949,880,1,-1,-1,-1
759,39,549,824,1920,892,1,-1,-1,-1
760,39,723,817,1836,924,1,-1,-1,-1
761,39,985,813,1574,911,1,-1,-1,-1
854,40,1501,322,294,281,1,-1,-1,-1
855,40,1504,330,289,271,1,-1,-1,-1
856,40,1501,325,292,282,1,-1,-1,-1
857,40,1506,330,283,269,1,-1,-1,-1
858,40,1506,330,283,268,1,-1,-1,-1
859,40,1506,330,284,268,1,-1,-1,-1
860,40,1506,330,284,268,1,-1,-1,-1
861,40,1506,330,284,268,1,-1,-1,-1
862,40,1506,330,285,268,1,-1,-1,-1
863,40,1506,330,286,268,1,-1,-1,-1
864,40,1506,331,286,266,1,-1,-1,-1
865,40,1506,331,287,267,1,-1,-1,-1
866,40,1506,331,286,266,1,-1,-1,-1
867,40,1506,331,286,266,1,-1,-1,-1
868,40,1506,331,287,267,1,-1,-1,-1
869,40,1506,331,287,267,1,-1,-1,-1
870,40,1507,331,286,266,1,-1,-1,-1
871,40,1507,332,285,265,1,-1,-1,-1
872,40,1507,332,285,265,1,-1,-1,-1
873,40,1507,332,285,265,1,-1,-1,-1
874,40,1507,331,286,266,1,-1,-1,-1
875,40,1507,331,285,265,1,-1,-1,-1
876,40,1507,331,285,266,1,-1,-1,-1
877,40,1507,331,285,266,1,-1,-1,-1
878,40,1507,331,285,266,1,-1,-1,-1
879,40,1507,331,285,266,1,-1,-1,-1
880,40,1507,331,285,266,1,-1,-1,-1
881,40,1508,331,285,266,1,-1,-1,-1
882,40,1508,331,285,266,1,-1,-1,-1
883,40,1508,331,285,266,1,-1,-1,-1
884,40,1508,331,284,266,1,-1,-1,-1
885,40,1508,331,284,266,1,-1,-1,-1
886,40,1508,331,284,266,1,-1,-1,-1
887,40,1508,331,284,266,1,-1,-1,-1
888,40,1508,331,284,265,1,-1,-1,-1
889,40,1507,331,284,265,1,-1,-1,-1
890,40,1508,331,284,265,1,-1,-1,-1
891,40,1509,331,283,265,1,-1,-1,-1
892,40,1509,331,283,265,1,-1,-1,-1
893,40,1509,332,283,265,1,-1,-1,-1
894,40,1509,332,283,265,1,-1,-1,-1
895,40,1509,331,283,265,1,-1,-1,-1
896,40,1509,332,284,265,1,-1,-1,-1
897,40,1508,331,283,265,1,-1,-1,-1
898,40,1508,331,283,265,1,-1,-1,-1
899,40,1508,331,284,265,1,-1,-1,-1
900,40,1507,331,285,266,1,-1,-1,-1
901,40,1507,330,285,267,1,-1,-1,-1
902,40,1507,330,285,267,1,-1,-1,-1
903,40,1507,330,285,266,1,-1,-1,-1
904,40,1507,330,285,266,1,-1,-1,-1
905,40,1508,330,285,266,1,-1,-1,-1
906,40,1508,330,285,266,1,-1,-1,-1
907,40,1508,330,285,266,1,-1,-1,-1
908,40,1508,330,285,266,1,-1,-1,-1
909,40,1508,330,285,266,1,-1,-1,-1
910,40,1508,330,285,266,1,-1,-1,-1
911,40,1508,331,285,266,1,-1,-1,-1
912,40,1508,331,284,266,1,-1,-1,-1
913,40,1508,331,284,266,1,-1,-1,-1
914,40,1508,331,285,266,1,-1,-1,-1
915,40,1508,331,285,266,1,-1,-1,-1
916,40,1508,331,285,266,1,-1,-1,-1
917,40,1508,331,285,266,1,-1,-1,-1
918,40,1508,331,285,266,1,-1,-1,-1
919,40,1508,331,285,266,1,-1,-1,-1
920,40,1508,331,284,266,1,-1,-1,-1
921,40,1508,331,284,266,1,-1,-1,-1
922,40,1508,331,284,266,1,-1,-1,-1
923,40,1508,331,284,266,1,-1,-1,-1
924,40,1508,331,284,266,1,-1,-1,-1
925,40,1509,331,284,266,1,-1,-1,-1
926,40,1508,331,284,266,1,-1,-1,-1
927,40,1508,331,284,266,1,-1,-1,-1
928,40,1509,331,284,266,1,-1,-1,-1
929,40,1509,331,283,266,1,-1,-1,-1
930,40,1509,331,283,266,1,-1,-1,-1
931,40,1509,331,283,266,1,-1,-1,-1
932,40,1509,331,283,266,1,-1,-1,-1
933,40,1509,331,283,266,1,-1,-1,-1
934,40,1509,331,284,266,1,-1,-1,-1
935,40,1509,331,284,266,1,-1,-1,-1
936,40,1508,331,285,266,1,-1,-1,-1
937,40,1509,331,282,266,1,-1,-1,-1
938,40,1509,331,282,266,1,-1,-1,-1
939,40,1509,331,282,266,1,-1,-1,-1
940,40,1509,331,282,266,1,-1,-1,-1
941,40,1509,331,283,266,1,-1,-1,-1
942,40,1511,329,278,266,1,-1,-1,-1
943,40,1511,329,278,266,1,-1,-1,-1
944,40,1511,329,278,266,1,-1,-1,-1
945,40,1511,329,278,266,1,-1,-1,-1
946,40,1511,329,278,266,1,-1,-1,-1
947,40,1511,329,278,266,1,-1,-1,-1
948,40,1512,330,278,265,1,-1,-1,-1
949,40,1512,330,278,265,1,-1,-1,-1
950,40,1512,330,277,265,1,-1,-1,-1
951,40,1512,330,277,265,1,-1,-1,-1
951,41,0,977,1020,805,1,-1,-1,-1
952,40,1512,330,277,265,1,-1,-1,-1
952,41,4,986,1173,779,1,-1,-1,-1
953,40,1512,329,278,265,1,-1,-1,-1
953,41,0,989,1356,809,1,-1,-1,-1
954,40,1512,329,277,266,1,-1,-1,-1
954,41,67,1022,1490,789,1,-1,-1,-1
955,40,1512,330,277,265,1,-1,-1,-1
955,41,171,1041,1594,788,1,-1,-1,-1
956,40,1509,332,282,264,1,-1,-1,-1
956,41,267,1076,1769,792,1,-1,-1,-1
957,40,1514,330,275,265,1,-1,-1,-1
957,41,878,1111,1681,808,1,-1,-1,-1
958,40,1512,332,277,264,1,-1,-1,-1
959,40,1512,331,278,265,1,-1,-1,-1
960,40,1509,331,281,265,1,-1,-1,-1
961,40,1509,332,281,265,1,-1,-1,-1
962,40,1509,332,281,265,1,-1,-1,-1
963,40,1508,331,282,265,1,-1,-1,-1
964,40,1513,332,277,264,1,-1,-1,-1
965,40,1513,332,276,264,1,-1,-1,-1
966,40,1514,330,275,265,1,-1,-1,-1
967,40,1512,332,277,264,1,-1,-1,-1
968,40,1511,331,280,264,1,-1,-1,-1
969,40,1510,334,281,262,1,-1,-1,-1
970,40,1508,333,282,264,1,-1,-1,-1
971,40,1506,333,283,264,1,-1,-1,-1
972,40,1508,332,284,265,1,-1,-1,-1
973,40,1510,330,282,265,1,-1,-1,-1
974,40,1511,330,281,265,1,-1,-1,-1
975,40,1511,330,281,265,1,-1,-1,-1
976,40,1511,331,280,265,1,-1,-1,-1
977,40,1511,331,280,265,1,-1,-1,-1
978,40,1511,331,280,265,1,-1,-1,-1
979,40,1511,331,280,265,1,-1,-1,-1
980,40,1512,331,280,264,1,-1,-1,-1
981,40,1512,331,280,264,1,-1,-1,-1
982,40,1512,331,280,264,1,-1,-1,-1
983,40,1512,331,280,264,1,-1,-1,-1
984,40,1507,331,284,267,1,-1,-1,-1
985,40,1508,330,281,267,1,-1,-1,-1
986,40,1508,329,281,267,1,-1,-1,-1
987,40,1507,331,284,267,1,-1,-1,-1
988,40,1509,330,281,267,1,-1,-1,-1
989,40,1509,330,281,267,1,-1,-1,-1
990,40,1509,330,281,267,1,-1,-1,-1
991,40,1509,330,281,267,1,-1,-1,-1
992,40,1508,330,281,266,1,-1,-1,-1
993,40,1508,329,281,267,1,-1,-1,-1
994,40,1507,332,284,265,1,-1,-1,-1
995,40,1507,333,284,265,1,-1,-1,-1
996,40,1509,331,282,265,1,-1,-1,-1
997,40,1509,331,281,265,1,-1,-1,-1
998,40,1509,331,281,265,1,-1,-1,-1
999,40,1509,330,281,265,1,-1,-1,-1
1000,40,1508,331,282,265,1,-1,-1,-1
1001,40,1508,331,282,265,1,-1,-1,-1
1002,40,1508,331,282,265,1,-1,-1,-1
1003,40,1508,331,282,265,1,-1,-1,-1
1004,40,1508,329,281,267,1,-1,-1,-1
1005,40,1508,329,282,267,1,-1,-1,-1
1006,40,1508,329,281,266,1,-1,-1,-1
1007,40,1508,329,281,266,1,-1,-1,-1
1008,40,1508,329,282,267,1,-1,-1,-1
1009,40,1508,329,282,267,1,-1,-1,-1
1010,40,1508,330,282,267,1,-1,-1,-1
1011,40,1508,330,282,267,1,-1,-1,-1
1012,40,1508,330,282,267,1,-1,-1,-1
1013,40,1508,330,282,267,1,-1,-1,-1
1014,40,1508,330,282,267,1,-1,-1,-1
1015,40,1507,330,282,267,1,-1,-1,-1
1016,40,1507,330,282,267,1,-1,-1,-1
1017,40,1507,330,282,267,1,-1,-1,-1
1018,40,1507,330,282,267,1,-1,-1,-1
1019,40,1507,329,282,267,1,-1,-1,-1
1020,40,1509,330,281,267,1,-1,-1,-1
1021,40,1509,330,281,267,1,-1,-1,-1
1022,40,1509,330,281,267,1,-1,-1,-1
1023,40,1509,330,281,267,1,-1,-1,-1
1024,40,1508,330,281,267,1,-1,-1,-1
1025,40,1508,330,281,267,1,-1,-1,-1
1026,40,1508,330,281,267,1,-1,-1,-1
1027,40,1508,330,281,267,1,-1,-1,-1
1028,40,1508,330,281,267,1,-1,-1,-1
1029,40,1508,330,282,267,1,-1,-1,-1
1030,40,1508,330,282,267,1,-1,-1,-1
1031,40,1508,330,282,267,1,-1,-1,-1
1032,40,1509,330,281,266,1,-1,-1,-1
1033,40,1509,330,281,266,1,-1,-1,-1
1034,40,1509,330,281,266,1,-1,-1,-1
1035,40,1509,330,281,267,1,-1,-1,-1
1036,40,1509,330,281,267,1,-1,-1,-1
1037,40,1509,330,281,267,1,-1,-1,-1
1038,40,1509,330,281,267,1,-1,-1,-1
1039,40,1509,330,281,266,1,-1,-1,-1
1040,40,1509,330,281,266,1,-1,-1,-1
1041,40,1509,330,281,266,1,-1,-1,-1
1042,40,1510,330,281,266,1,-1,-1,-1
1043,40,1510,330,281,266,1,-1,-1,-1
1044,40,1509,330,281,266,1,-1,-1,-1
1045,40,1509,330,281,266,1,-1,-1,-1
1046,40,1509,330,282,266,1,-1,-1,-1
1047,40,1509,330,282,266,1,-1,-1,-1
1048,40,1509,330,282,266,1,-1,-1,-1
1049,40,1509,330,282,266,1,-1,-1,-1
1050,40,1509,330,282,266,1,-1,-1,-1
1051,40,1508,330,282,266,1,-1,-1,-1
1052,40,1509,330,282,266,1,-1,-1,-1
1053,40,1508,330,282,266,1,-1,-1,-1
1054,40,1508,330,282,266,1,-1,-1,-1
1055,40,1509,330,282,266,1,-1,-1,-1
1056,40,1509,330,281,267,1,-1,-1,-1
1057,40,1509,330,281,267,1,-1,-1,-1
1058,40,1509,330,281,267,1,-1,-1,-1
1059,40,1509,330,281,267,1,-1,-1,-1
1060,40,1509,330,281,267,1,-1,-1,-1
1061,40,1509,330,281,267,1,-1,-1,-1
1062,40,1509,330,281,267,1,-1,-1,-1
1063,40,1509,330,281,267,1,-1,-1,-1
1064,40,1509,330,281,267,1,-1,-1,-1
1065,40,1509,330,281,267,1,-1,-1,-1
1066,40,1509,330,281,267,1,-1,-1,-1
1067,40,1509,330,281,267,1,-1,-1,-1
1068,40,1509,330,281,267,1,-1,-1,-1
1069,40,1509,330,281,267,1,-1,-1,-1
1070,40,1509,330,281,267,1,-1,-1,-1
1071,40,1509,330,281,267,1,-1,-1,-1
1072,40,1509,330,281,267,1,-1,-1,-1
1073,40,1509,330,281,267,1,-1,-1,-1
1074,40,1509,330,280,266,1,-1,-1,-1
1075,40,1509,330,281,267,1,-1,-1,-1
1076,40,1509,330,281,266,1,-1,-1,-1
1077,40,1509,330,280,266,1,-1,-1,-1
1078,40,1509,331,281,266,1,-1,-1,-1
1079,40,1507,333,284,266,1,-1,-1,-1
1080,40,1508,330,281,266,1,-1,-1,-1
1081,40,1508,330,281,266,1,-1,-1,-1
1082,40,1506,332,284,266,1,-1,-1,-1
1083,40,1508,330,281,266,1,-1,-1,-1
1084,40,1508,330,281,266,1,-1,-1,-1
1085,40,1508,330,281,266,1,-1,-1,-1
1086,40,1505,333,285,264,1,-1,-1,-1
1087,40,1505,333,285,264,1,-1,-1,-1
1087,42,1608,689,951,560,1,-1,-1,-1
1088,40,1506,333,285,264,1,-1,-1,-1
1088,42,1458,682,1058,533,1,-1,-1,-1
1089,40,1506,333,284,264,1,-1,-1,-1
1089,42,1306,672,1163,560,1,-1,-1,-1
1090,40,1506,333,285,265,1,-1,-1,-1
1090,42,1200,661,1337,563,1,-1,-1,-1
1091,40,1505,333,285,265,1,-1,-1,-1
1091,42,864,633,1370,564,1,-1,-1,-1
1092,40,1509,331,280,265,1,-1,-1,-1
1092,42,658,632,1300,536,1,-1,-1,-1
1093,40,1508,331,281,264,1,-1,-1,-1
1093,42,536,612,1337,563,1,-1,-1,-1
1094,40,1507,331,282,264,1,-1,-1,-1
1094,42,281,602,1373,546,1,-1,-1,-1
1095,40,1506,332,284,265,1,-1,-1,-1
1095,42,134,592,1208,518,1,-1,-1,-1
1096,40,1507,331,282,266,1,-1,-1,-1
1096,42,38,575,1227,531,1,-1,-1,-1
1097,40,1504,332,288,265,1,-1,-1,-1
1097,42,0,565,1209,541,1,-1,-1,-1
1098,40,1505,332,286,265,1,-1,-1,-1
1098,42,0,549,1009,529,1,-1,-1,-1
1099,40,1505,332,286,265,1,-1,-1,-1
1099,42,4,546,885,529,1,-1,-1,-1
1100,40,1505,332,286,265,1,-1,-1,-1
1101,40,1505,332,286,265,1,-1,-1,-1
1102,40,1505,332,286,265,1,-1,-1,-1
1103,40,1505,332,285,265,1,-1,-1,-1
1104,40,1506,332,285,265,1,-1,-1,-1
1105,40,1506,333,285,264,1,-1,-1,-1
1106,40,1506,333,284,264,1,-1,-1,-1
1107,40,1506,333,284,264,1,-1,-1,-1
1108,40,1506,333,284,264,1,-1,-1,-1
1109,40,1506,333,284,264,1,-1,-1,-1
1110,40,1509,332,280,265,1,-1,-1,-1
1111,40,1509,332,280,265,1,-1,-1,-1
1112,40,1509,332,280,265,1,-1,-1,-1
1113,40,1509,332,280,265,1,-1,-1,-1
1114,40,1508,332,280,265,1,-1,-1,-1
1115,40,1507,334,284,264,1,-1,-1,-1
1116,40,1507,330,282,266,1,-1,-1,-1
1117,40,1507,330,282,266,1,-1,-1,-1
1118,40,1508,330,282,266,1,-1,-1,-1
1119,40,1508,330,282,266,1,-1,-1,-1
1120,40,1508,330,282,266,1,-1,-1,-1
1121,40,1507,330,282,266,1,-1,-1,-1
1122,40,1507,330,282,266,1,-1,-1,-1
1123,40,1507,330,282,266,1,-1,-1,-1
1124,40,1507,330,282,266,1,-1,-1,-1
1125,40,1508,330,282,266,1,-1,-1,-1
1126,40,1508,330,282,266,1,-1,-1,-1
1127,40,1507,330,282,266,1,-1,-1,-1
1128,40,1505,332,286,266,1,-1,-1,-1
1129,40,1505,332,286,266,1,-1,-1,-1
1130,40,1505,332,286,265,1,-1,-1,-1
1131,40,1505,332,286,265,1,-1,-1,-1
1132,40,1505,332,286,265,1,-1,-1,-1
1133,40,1505,332,286,266,1,-1,-1,-1
1134,40,1505,332,286,266,1,-1,-1,-1
1135,40,1505,332,286,266,1,-1,-1,-1
1136,40,1508,331,281,266,1,-1,-1,-1
1137,40,1508,330,281,266,1,-1,-1,-1
1138,40,1508,330,281,266,1,-1,-1,-1
1138,43,1616,833,906,459,1,-1,-1,-1
1139,40,1508,330,281,266,1,-1,-1,-1
1139,43,1466,824,1026,453,1,-1,-1,-1
1140,40,1508,330,283,266,1,-1,-1,-1
1140,43,1376,794,1153,476,1,-1,-1,-1
1141,40,1508,330,282,265,1,-1,-1,-1
1141,43,1181,787,1087,453,1,-1,-1,-1
1142,40,1508,330,283,265,1,-1,-1,-1
1142,43,946,772,1202,449,1,-1,-1,-1
1143,40,1508,330,283,264,1,-1,-1,-1
1143,43,813,760,1138,443,1,-1,-1,-1
1144,40,1508,330,282,264,1,-1,-1,-1
1144,43,688,728,1014,449,1,-1,-1,-1
1145,40,1508,331,282,265,1,-1,-1,-1
1145,43,521,730,964,418,1,-1,-1,-1
1146,40,1509,331,281,265,1,-1,-1,-1
1146,43,344,713,966,420,1,-1,-1,-1
1147,40,1509,331,281,265,1,-1,-1,-1
1147,43,194,700,937,409,1,-1,-1,-1
1148,40,1509,331,280,265,1,-1,-1,-1
1148,43,45,683,953,409,1,-1,-1,-1
1149,40,1509,331,280,265,1,-1,-1,-1
1149,43,0,664,870,402,1,-1,-1,-1
1150,40,1509,331,280,265,1,-1,-1,-1
1151,40,1509,331,279,264,1,-1,-1,-1
1152,40,1506,334,284,263,1,-1,-1,-1
1153,40,1507,334,284,263,1,-1,-1,-1
1154,40,1507,334,284,263,1,-1,-1,-1
1155,40,1506,333,284,264,1,-1,-1,-1
1156,40,1507,332,282,265,1,-1,-1,-1
1157,40,1507,332,282,265,1,-1,-1,-1
1158,40,1507,332,282,265,1,-1,-1,-1
1159,40,1506,332,282,265,1,-1,-1,-1
1160,40,1505,334,285,264,1,-1,-1,-1
1161,40,1507,332,282,265,1,-1,-1,-1
1162,40,1506,334,285,264,1,-1,-1,-1
1163,40,1507,332,282,265,1,-1,-1,-1
1164,40,1507,332,282,264,1,-1,-1,-1
1165,40,1506,334,286,263,1,-1,-1,-1
1166,40,1508,330,281,266,1,-1,-1,-1
1167,40,1508,330,281,266,1,-1,-1,-1
1168,40,1508,331,281,265,1,-1,-1,-1
1169,40,1508,331,281,265,1,-1,-1,-1
1170,40,1508,330,281,266,1,-1,-1,-1
1171,40,1508,330,281,266,1,-1,-1,-1
1172,40,1508,330,281,266,1,-1,-1,-1
1173,40,1508,330,281,266,1,-1,-1,-1
1174,40,1508,330,281,265,1,-1,-1,-1
1175,40,1509,330,281,265,1,-1,-1,-1
1176,40,1510,331,280,265,1,-1,-1,-1
1177,40,1510,331,281,265,1,-1,-1,-1
1178,40,1510,331,281,265,1,-1,-1,-1
1179,40,1510,331,281,265,1,-1,-1,-1
1180,40,1510,331,281,265,1,-1,-1,-1
1181,40,1510,331,281,265,1,-1,-1,-1
1182,40,1510,331,280,265,1,-1,-1,-1
1183,40,1510,331,280,265,1,-1,-1,-1
1184,40,1510,331,280,265,1,-1,-1,-1
1185,40,1510,331,281,265,1,-1,-1,-1
1186,40,1510,331,281,265,1,-1,-1,-1
1187,40,1510,331,281,265,1,-1,-1,-1
1188,40,1509,331,281,264,1,-1,-1,-1
1189,40,1510,331,281,264,1,-1,-1,-1
1190,40,1510,331,281,264,1,-1,-1,-1
1191,40,1510,331,281,265,1,-1,-1,-1
1192,40,1510,331,281,265,1,-1,-1,-1
1193,40,1509,331,281,265,1,-1,-1,-1
1194,40,1509,331,281,265,1,-1,-1,-1
1195,40,1509,331,281,265,1,-1,-1,-1
1196,40,1509,331,281,264,1,-1,-1,-1
1197,40,1509,331,281,264,1,-1,-1,-1
1198,40,1509,331,281,264,1,-1,-1,-1
1199,40,1509,331,281,264,1,-1,-1,-1
1200,40,1509,330,281,265,1,-1,-1,-1
1201,40,1509,330,282,266,1,-1,-1,-1
1202,40,1509,330,282,266,1,-1,-1,-1
1203,40,1508,330,282,266,1,-1,-1,-1
1204,40,1508,330,282,266,1,-1,-1,-1
1205,40,1508,330,282,266,1,-1,-1,-1
1206,40,1508,330,282,266,1,-1,-1,-1
1206,44,1694,742,828,492,1,-1,-1,-1
1207,40,1508,330,282,265,1,-1,-1,-1
1207,44,1567,734,970,492,1,-1,-1,-1
1208,40,1509,331,282,265,1,-1,-1,-1
1208,44,1442,730,1079,477,1,-1,-1,-1
1209,40,1509,331,281,265,1,-1,-1,-1
1209,44,1405,714,1036,479,1,-1,-1,-1
1210,40,1509,331,281,265,1,-1,-1,-1
1210,44,1173,709,1079,480,1,-1,-1,-1
1211,40,1508,331,282,265,1,-1,-1,-1
1211,44,1079,705,1035,464,1,-1,-1,-1
1212,40,1508,331,283,264,1,-1,-1,-1
1212,44,922,687,1054,469,1,-1,-1,-1
1213,40,1504,333,287,265,1,-1,-1,-1
1213,44,772,679,1083,464,1,-1,-1,-1
1214,40,1507,332,283,264,1,-1,-1,-1
1214,44,677,673,1009,471,1,-1,-1,-1
1215,40,1507,332,283,265,1,-1,-1,-1
1215,44,531,661,1009,467,1,-1,-1,-1
1216,40,1506,332,283,265,1,-1,-1,-1
1216,44,385,646,979,470,1,-1,-1,-1
1217,40,1506,332,283,265,1,-1,-1,-1
1217,44,251,632,936,465,1,-1,-1,-1
1218,40,1507,332,283,265,1,-1,-1,-1
1218,44,105,635,943,444,1,-1,-1,-1
1219,40,1507,332,283,264,1,-1,-1,-1
1219,44,0,617,929,454,1,-1,-1,-1
1220,40,1507,332,283,264,1,-1,-1,-1
1220,44,0,611,824,448,1,-1,-1,-1
1221,40,1507,332,283,264,1,-1,-1,-1
1222,40,1507,332,283,264,1,-1,-1,-1
1223,40,1508,331,282,265,1,-1,-1,-1
1224,40,1508,330,281,266,1,-1,-1,-1
1225,40,1508,330,281,266,1,-1,-1,-1
1226,40,1508,330,281,266,1,-1,-1,-1
1227,40,1508,330,281,266,1,-1,-1,-1
1228,40,1509,330,281,266,1,-1,-1,-1
1229,40,1509,330,280,265,1,-1,-1,-1
1230,40,1509,330,281,266,1,-1,-1,-1
1231,40,1509,330,280,266,1,-1,-1,-1
1232,40,1509,330,280,266,1,-1,-1,-1
1233,40,1507,332,283,265,1,-1,-1,-1
1234,40,1507,332,283,265,1,-1,-1,-1
1235,40,1506,332,283,265,1,-1,-1,-1
1236,40,1505,333,286,264,1,-1,-1,-1
1237,40,1505,333,287,264,1,-1,-1,-1
1238,40,1505,333,287,264,1,-1,-1,-1
1239,40,1505,332,287,265,1,-1,-1,-1
1240,40,1506,332,287,264,1,-1,-1,-1
1241,40,1506,333,287,264,1,-1,-1,-1
1242,40,1506,333,287,264,1,-1,-1,-1
1243,40,1506,333,287,264,1,-1,-1,-1
1244,40,1506,333,286,264,1,-1,-1,-1
1245,40,1506,333,287,264,1,-1,-1,-1
1246,40,1506,333,287,264,1,-1,-1,-1
1247,40,1506,333,287,264,1,-1,-1,-1
1248,40,1505,334,287,263,1,-1,-1,-1
1249,40,1505,334,287,263,1,-1,-1,-1
1250,40,1504,333,288,264,1,-1,-1,-1
1251,40,1504,333,288,264,1,-1,-1,-1
1252,40,1504,333,287,264,1,-1,-1,-1
1253,40,1504,333,287,264,1,-1,-1,-1
1254,40,1504,333,288,264,1,-1,-1,-1
1255,40,1504,333,288,264,1,-1,-1,-1
1256,40,1505,331,285,265,1,-1,-1,-1
1257,40,1505,331,285,265,1,-1,-1,-1
1258,40,1505,331,285,265,1,-1,-1,-1
1259,40,1506,331,284,265,1,-1,-1,-1
1260,40,1504,333,288,265,1,-1,-1,-1
1261,40,1504,333,288,265,1,-1,-1,-1
1262,40,1504,333,288,265,1,-1,-1,-1
1263,40,1504,333,288,265,1,-1,-1,-1
1264,40,1504,333,288,265,1,-1,-1,-1
1265,40,1504,333,288,265,1,-1,-1,-1
1266,40,1504,333,288,265,1,-1,-1,-1
1267,40,1505,333,286,265,1,-1,-1,-1
1268,40,1505,333,286,265,1,-1,-1,-1
1269,40,1505,333,286,265,1,-1,-1,-1
1270,40,1505,332,286,266,1,-1,-1,-1
1271,40,1505,332,286,266,1,-1,-1,-1
1272,40,1509,330,281,266,1,-1,-1,-1
1273,40,1509,330,281,266,1,-1,-1,-1
1274,40,1509,330,281,266,1,-1,-1,-1
1275,40,1509,330,281,266,1,-1,-1,-1
1276,40,1509,330,281,266,1,-1,-1,-1
1277,40,1509,330,281,266,1,-1,-1,-1
1278,40,1508,330,281,266,1,-1,-1,-1
1279,40,1508,330,281,266,1,-1,-1,-1
1280,40,1509,330,281,266,1,-1,-1,-1
1281,40,1509,330,281,266,1,-1,-1,-1
1282,40,1509,330,281,266,1,-1,-1,-1
1283,40,1509,330,282,265,1,-1,-1,-1
1284,40,1509,331,281,265,1,-1,-1,-1
1285,40,1509,331,281,265,1,-1,-1,-1
1286,40,1509,331,281,265,1,-1,-1,-1
1287,40,1509,331,281,265,1,-1,-1,-1
1288,40,1509,331,281,265,1,-1,-1,-1
1289,40,1509,331,281,265,1,-1,-1,-1
1290,40,1508,331,281,265,1,-1,-1,-1
1291,40,1508,331,281,265,1,-1,-1,-1
1292,40,1508,331,281,265,1,-1,-1,-1
1293,40,1508,331,281,265,1,-1,-1,-1
1294,40,1509,331,281,265,1,-1,-1,-1
1295,40,1509,331,281,265,1,-1,-1,-1
1296,40,1508,331,281,265,1,-1,-1,-1
1297,40,1508,331,281,265,1,-1,-1,-1
1298,40,1508,331,281,265,1,-1,-1,-1
1299,40,1508,331,281,265,1,-1,-1,-1
1300,40,1509,331,281,265,1,-1,-1,-1
1301,40,1509,331,281,265,1,-1,-1,-1
1302,40,1509,331,281,265,1,-1,-1,-1
1303,40,1509,331,281,265,1,-1,-1,-1
1304,40,1509,331,281,265,1,-1,-1,-1
1305,40,1509,331,281,265,1,-1,-1,-1
1306,40,1508,331,281,265,1,-1,-1,-1
1307,40,1509,331,281,265,1,-1,-1,-1
1308,40,1508,331,282,265,1,-1,-1,-1
1309,40,1508,331,282,265,1,-1,-1,-1
1310,40,1509,331,282,265,1,-1,-1,-1
1311,40,1509,331,282,265,1,-1,-1,-1
1312,40,1509,331,282,265,1,-1,-1,-1
1313,40,1510,331,279,264,1,-1,-1,-1
1314,40,1511,331,279,265,1,-1,-1,-1
1314,45,0,837,1116,899,1,-1,-1,-1
1315,40,1511,331,278,265,1,-1,-1,-1
1315,45,19,857,1391,907,1,-1,-1,-1
1316,40,1512,331,278,264,1,-1,-1,-1
1316,45,54,876,1640,935,1,-1,-1,-1
1317,40,1511,331,278,265,1,-1,-1,-1
1317,45,293,908,1859,946,1,-1,-1,-1
1318,40,1511,331,279,264,1,-1,-1,-1
1318,45,715,930,1758,944,1,-1,-1,-1
1319,40,1511,331,278,265,1,-1,-1,-1
1319,45,826,920,1733,940,1,-1,-1,-1
1320,40,1510,332,280,266,1,-1,-1,-1
1320,45,1201,951,1358,899,1,-1,-1,-1
1321,40,1510,332,280,266,1,-1,-1,-1
1322,40,1510,332,280,265,1,-1,-1,-1
1323,40,1510,334,278,262,1,-1,-1,-1
1324,40,1512,332,275,263,1,-1,-1,-1
1325,40,1510,333,279,263,1,-1,-1,-1
1326,40,1509,333,280,263,1,-1,-1,-1
1327,40,1509,333,280,263,1,-1,-1,-1
1328,40,1509,332,280,264,1,-1,-1,-1
1329,40,1509,332,280,264,1,-1,-1,-1
1330,40,1509,332,280,264,1,-1,-1,-1
1331,40,1509,333,280,263,1,-1,-1,-1
1332,40,1513,332,276,264,1,-1,-1,-1
1333,40,1510,332,278,264,1,-1,-1,-1
1334,40,1510,332,279,264,1,-1,-1,-1
1335,40,1510,334,279,263,1,-1,-1,-1
1336,40,1510,334,279,262,1,-1,-1,-1
1337,40,1506,335,286,263,1,-1,-1,-1
1338,40,1506,335,285,263,1,-1,-1,-1
1339,40,1505,335,286,263,1,-1,-1,-1
1340,40,1504,335,286,263,1,-1,-1,-1
1341,40,1504,335,286,263,1,-1,-1,-1
1342,40,1504,335,286,263,1,-1,-1,-1
1343,40,1508,333,279,265,1,-1,-1,-1
1344,40,1507,331,281,266,1,-1,-1,-1
1345,40,1507,331,281,266,1,-1,-1,-1
1346,40,1507,331,282,266,1,-1,-1,-1
1347,40,1507,331,282,266,1,-1,-1,-1
1348,40,1507,331,282,266,1,-1,-1,-1
1349,40,1507,331,281,266,1,-1,-1,-1
1350,40,1507,331,282,266,1,-1,-1,-1
1351,40,1507,331,282,266,1,-1,-1,-1
1352,40,1507,331,282,266,1,-1,-1,-1
1353,40,1504,332,284,265,1,-1,-1,-1
1354,40,1504,332,285,265,1,-1,-1,-1
1355,40,1504,332,284,266,1,-1,-1,-1
1356,40,1506,333,283,265,1,-1,-1,-1
1357,40,1506,332,283,265,1,-1,-1,-1
1358,40,1506,332,283,265,1,-1,-1,-1
1359,40,1506,332,284,265,1,-1,-1,-1
1360,40,1506,332,284,266,1,-1,-1,-1
1361,40,1505,332,284,266,1,-1,-1,-1
1362,40,1505,332,284,266,1,-1,-1,-1
1363,40,1505,332,284,265,1,-1,-1,-1
1364,40,1506,333,284,265,1,-1,-1,-1
1365,40,1505,333,284,265,1,-1,-1,-1
1366,40,1505,332,284,265,1,-1,-1,-1
1367,40,1505,333,284,265,1,-1,-1,-1
1368,40,1505,332,284,266,1,-1,-1,-1
1369,40,1505,332,284,266,1,-1,-1,-1
1370,40,1506,332,284,266,1,-1,-1,-1
1371,40,1506,332,284,266,1,-1,-1,-1
1372,40,1505,332,284,266,1,-1,-1,-1
1373,40,1505,332,284,266,1,-1,-1,-1
1374,40,1505,332,284,266,1,-1,-1,-1
1375,40,1505,332,284,266,1,-1,-1,-1
1376,40,1506,332,284,266,1,-1,-1,-1
1377,40,1506,332,284,266,1,-1,-1,-1
1378,40,1506,332,284,266,1,-1,-1,-1
1379,40,1506,332,283,266,1,-1,-1,-1
1380,40,1506,333,284,265,1,-1,-1,-1
1381,40,1505,333,284,265,1,-1,-1,-1
1382,40,1505,333,284,265,1,-1,-1,-1
1383,40,1505,333,284,265,1,-1,-1,-1
1384,40,1505,333,284,265,1,-1,-1,-1
1385,40,1505,333,284,265,1,-1,-1,-1
1386,40,1505,333,284,265,1,-1,-1,-1
1387,40,1505,333,284,265,1,-1,-1,-1
1388,40,1505,333,284,265,1,-1,-1,-1
1389,40,1505,333,284,265,1,-1,-1,-1
1390,40,1505,333,284,265,1,-1,-1,-1
1391,40,1505,332,284,265,1,-1,-1,-1
1392,40,1505,332,284,265,1,-1,-1,-1
1393,40,1505,332,284,265,1,-1,-1,-1
1394,40,1505,332,284,265,1,-1,-1,-1
1395,40,1505,332,284,266,1,-1,-1,-1
1396,40,1505,332,284,266,1,-1,-1,-1
1397,40,1505,333,284,265,1,-1,-1,-1
1398,40,1505,333,284,265,1,-1,-1,-1
1399,40,1505,333,284,265,1,-1,-1,-1
1400,40,1505,333,284,265,1,-1,-1,-1
1401,40,1505,333,284,265,1,-1,-1,-1
1402,40,1505,333,284,265,1,-1,-1,-1
1403,40,1505,333,284,265,1,-1,-1,-1
1404,40,1506,332,284,265,1,-1,-1,-1
1405,40,1506,332,284,266,1,-1,-1,-1
1406,40,1506,332,284,266,1,-1,-1,-1
1407,40,1506,332,284,266,1,-1,-1,-1
1408,40,1506,332,284,266,1,-1,-1,-1
1409,40,1506,332,284,266,1,-1,-1,-1
1410,40,1506,333,284,265,1,-1,-1,-1
1411,40,1505,333,284,265,1,-1,-1,-1
1412,40,1506,333,284,265,1,-1,-1,-1
1413,40,1505,332,284,266,1,-1,-1,-1
1414,40,1505,333,284,265,1,-1,-1,-1
1415,40,1506,333,284,265,1,-1,-1,-1
1416,40,1506,332,283,265,1,-1,-1,-1
1417,40,1506,332,283,265,1,-1,-1,-1
1418,40,1506,332,283,265,1,-1,-1,-1
1419,40,1506,332,283,265,1,-1,-1,-1
1420,40,1506,332,284,266,1,-1,-1,-1
1421,40,1506,332,284,266,1,-1,-1,-1
1422,40,1506,332,284,266,1,-1,-1,-1
1423,40,1506,332,284,266,1,-1,-1,-1
1424,40,1506,332,284,265,1,-1,-1,-1
1425,40,1506,332,284,265,1,-1,-1,-1
1426,40,1506,332,284,265,1,-1,-1,-1
1427,40,1506,332,284,265,1,-1,-1,-1
1428,40,1507,332,283,265,1,-1,-1,-1
1429,40,1507,332,283,265,1,-1,-1,-1
1430,40,1507,332,283,265,1,-1,-1,-1
1431,40,1507,332,284,265,1,-1,-1,-1
1432,40,1506,332,284,265,1,-1,-1,-1
1433,40,1507,332,284,265,1,-1,-1,-1
1434,40,1507,332,284,265,1,-1,-1,-1
1435,40,1506,332,284,265,1,-1,-1,-1
1436,40,1506,332,284,265,1,-1,-1,-1
1437,40,1506,332,284,265,1,-1,-1,-1
1438,40,1506,332,284,265,1,-1,-1,-1
1439,40,1507,332,283,265,1,-1,-1,-1
1440,40,1505,332,285,265,1,-1,-1,-1
1441,40,1505,332,285,265,1,-1,-1,-1
1442,40,1505,333,285,265,1,-1,-1,-1
1443,40,1505,333,284,265,1,-1,-1,-1
1444,40,1505,333,284,265,1,-1,-1,-1
1445,40,1505,333,284,265,1,-1,-1,-1
1446,40,1505,333,284,265,1,-1,-1,-1
1447,40,1506,331,283,266,1,-1,-1,-1
1448,40,1506,333,285,265,1,-1,-1,-1
1449,40,1507,331,283,266,1,-1,-1,-1
1450,40,1507,331,282,266,1,-1,-1,-1
1451,40,1507,331,282,266,1,-1,-1,-1
1452,40,1507,332,285,267,1,-1,-1,-1
1453,40,1507,332,285,267,1,-1,-1,-1
1454,40,1507,332,285,267,1,-1,-1,-1
1455,40,1507,332,285,267,1,-1,-1,-1
1456,40,1507,332,285,267,1,-1,-1,-1
1457,40,1507,332,285,267,1,-1,-1,-1
1458,40,1507,332,285,267,1,-1,-1,-1
1459,40,1507,332,285,267,1,-1,-1,-1
1460,40,1507,332,285,267,1,-1,-1,-1
1461,40,1506,332,285,267,1,-1,-1,-1
1461,46,1813,827,746,457,1,-1,-1,-1
1462,40,1506,332,283,265,1,-1,-1,-1
1462,46,1558,800,980,457,1,-1,-1,-1
1463,40,1511,329,288,278,1,-1,-1,-1
1463,46,1338,785,1161,448,1,-1,-1,-1
1464,40,1504,333,287,265,1,-1,-1,-1
1464,46,1072,776,1213,448,1,-1,-1,-1
1465,40,1505,331,285,266,1,-1,-1,-1
1465,46,924,764,1210,444,1,-1,-1,-1
1466,40,1506,330,284,267,1,-1,-1,-1
1466,46,755,744,1074,451,1,-1,-1,-1
1467,40,1506,331,284,267,1,-1,-1,-1
1467,46,449,736,1181,450,1,-1,-1,-1
1468,40,1507,331,283,267,1,-1,-1,-1
1468,46,293,730,1166,437,1,-1,-1,-1
1469,40,1504,332,287,267,1,-1,-1,-1
1469,46,133,711,1121,437,1,-1,-1,-1
1470,40,1506,333,286,265,1,-1,-1,-1
1471,40,1506,333,285,265,1,-1,-1,-1
1472,40,1506,333,286,265,1,-1,-1,-1
1473,40,1506,333,286,265,1,-1,-1,-1
1474,40,1507,333,286,265,1,-1,-1,-1
1475,40,1507,333,286,266,1,-1,-1,-1
1476,40,1507,332,285,266,1,-1,-1,-1
1477,40,1506,332,286,266,1,-1,-1,-1
1478,40,1507,332,285,266,1,-1,-1,-1
1479,40,1508,331,283,266,1,-1,-1,-1
1480,40,1506,332,286,266,1,-1,-1,-1
1481,40,1507,333,286,266,1,-1,-1,-1
1482,40,1507,333,286,266,1,-1,-1,-1
1483,40,1508,332,285,265,1,-1,-1,-1
1484,40,1507,334,287,264,1,-1,-1,-1
1485,40,1510,328,290,279,1,-1,-1,-1
1486,40,1506,335,288,264,1,-1,-1,-1
1487,40,1506,335,288,263,1,-1,-1,-1
1488,40,1507,335,288,263,1,-1,-1,-1
1489,40,1507,335,287,264,1,-1,-1,-1
1490,40,1510,330,290,276,1,-1,-1,-1
1491,40,1510,330,290,277,1,-1,-1,-1
1492,40,1510,330,290,277,1,-1,-1,-1
1493,40,1510,329,291,277,1,-1,-1,-1
1494,40,1510,330,290,277,1,-1,-1,-1
1495,40,1510,330,290,277,1,-1,-1,-1
1496,40,1510,330,290,277,1,-1,-1,-1
1497,40,1510,330,290,277,1,-1,-1,-1
1498,40,1510,330,290,277,1,-1,-1,-1
1499,40,1510,330,290,277,1,-1,-1,-1
1500,40,1500,333,291,264,1,-1,-1,-1
1501,40,1509,329,286,273,1,-1,-1,-1
1502,40,1509,329,286,273,1,-1,-1,-1
1503,40,1509,329,285,273,1,-1,-1,-1
1504,40,1509,329,285,273,1,-1,-1,-1
1505,40,1505,334,287,265,1,-1,-1,-1
1506,40,1505,334,287,265,1,-1,-1,-1
1507,40,1505,334,288,265,1,-1,-1,-1
1508,40,1509,329,285,273,1,-1,-1,-1
1509,40,1509,329,285,273,1,-1,-1,-1
1510,40,1509,330,293,277,1,-1,-1,-1
1511,40,1509,330,292,277,1,-1,-1,-1
1512,40,1509,330,291,277,1,-1,-1,-1
1513,40,1509,330,291,278,1,-1,-1,-1
1514,40,1509,330,291,277,1,-1,-1,-1
1515,40,1504,335,289,264,1,-1,-1,-1
1516,40,1509,330,291,277,1,-1,-1,-1
1517,40,1504,335,289,264,1,-1,-1,-1
1518,40,1504,335,289,264,1,-1,-1,-1
1519,40,1504,335,289,264,1,-1,-1,-1
1520,40,1504,334,289,266,1,-1,-1,-1
1521,40,1504,334,289,265,1,-1,-1,-1
1522,40,1504,334,289,266,1,-1,-1,-1
1523,40,1504,333,289,266,1,-1,-1,-1
1524,40,1504,333,289,266,1,-1,-1,-1
1525,40,1503,333,290,266,1,-1,-1,-1
1526,40,1503,333,290,266,1,-1,-1,-1
1527,40,1503,333,289,266,1,-1,-1,-1
1528,40,1503,333,289,266,1,-1,-1,-1
1529,40,1503,333,289,266,1,-1,-1,-1
1530,40,1507,328,296,279,1,-1,-1,-1
1531,40,1507,328,296,279,1,-1,-1,-1
1532,40,1495,334,296,263,1,-1,-1,-1
1533,40,1495,334,296,263,1,-1,-1,-1
1534,40,1495,334,296,264,1,-1,-1,-1
1535,40,1495,334,296,263,1,-1,-1,-1
1536,40,1509,328,292,278,1,-1,-1,-1
1537,40,1509,328,292,278,1,-1,-1,-1
1538,40,1509,328,292,278,1,-1,-1,-1
1539,40,1510,329,292,278,1,-1,-1,-1
1540,40,1510,328,291,278,1,-1,-1,-1
1541,40,1510,329,291,278,1,-1,-1,-1
1542,40,1510,329,291,278,1,-1,-1,-1
1543,40,1509,329,292,278,1,-1,-1,-1
1544,40,1510,329,291,278,1,-1,-1,-1
1545,40,1510,329,291,278,1,-1,-1,-1
1546,40,1510,329,291,278,1,-1,-1,-1
1547,40,1510,328,291,278,1,-1,-1,-1
1548,40,1505,331,286,267,1,-1,-1,-1
1549,40,1504,333,289,265,1,-1,-1,-1
1550,40,1504,334,289,264,1,-1,-1,-1
1551,40,1504,334,288,264,1,-1,-1,-1
1552,40,1505,334,288,264,1,-1,-1,-1
1553,40,1505,334,288,264,1,-1,-1,-1
1554,40,1505,334,288,264,1,-1,-1,-1
1555,40,1505,334,288,264,1,-1,-1,-1
1556,40,1505,334,288,264,1,-1,-1,-1
1557,40,1505,334,288,264,1,-1,-1,-1
1558,40,1505,334,288,264,1,-1,-1,-1
1559,40,1505,334,288,264,1,-1,-1,-1
1560,40,1505,335,288,263,1,-1,-1,-1
1561,40,1510,330,290,276,1,-1,-1,-1
1562,40,1511,331,289,276,1,-1,-1,-1
1563,40,1511,330,289,276,1,-1,-1,-1
1564,40,1502,332,292,275,1,-1,-1,-1
1565,40,1502,332,292,275,1,-1,-1,-1
1566,40,1501,332,292,274,1,-1,-1,-1
1567,40,1510,331,290,275,1,-1,-1,-1
1568,40,1505,335,288,263,1,-1,-1,-1
1569,40,1510,330,292,277,1,-1,-1,-1
1570,40,1511,326,278,277,1,-1,-1,-1
1571,40,1511,326,277,278,1,-1,-1,-1
1572,40,1508,329,284,273,1,-1,-1,-1
1573,40,1504,334,289,266,1,-1,-1,-1
1574,40,1504,336,289,264,1,-1,-1,-1
1575,40,1506,334,288,266,1,-1,-1,-1
1576,40,1506,335,287,265,1,-1,-1,-1
1577,40,1506,333,288,268,1,-1,-1,-1
1578,40,1503,333,289,267,1,-1,-1,-1
1579,40,1502,334,290,266,1,-1,-1,-1
1580,40,1503,334,290,266,1,-1,-1,-1
1581,40,1503,333,291,267,1,-1,-1,-1
1582,40,1503,334,291,267,1,-1,-1,-1
1583,40,1503,334,291,267,1,-1,-1,-1
1584,40,1509,326,282,278,1,-1,-1,-1
1585,40,1509,326,281,278,1,-1,-1,-1
1586,40,1509,325,281,278,1,-1,-1,-1
1587,40,1509,326,281,278,1,-1,-1,-1
1588,40,1509,326,281,278,1,-1,-1,-1
1589,40,1506,334,288,265,1,-1,-1,-1
1590,40,1506,334,288,265,1,-1,-1,-1
1591,40,1506,334,288,265,1,-1,-1,-1
1592,40,1506,334,288,265,1,-1,-1,-1
1593,40,1506,334,288,266,1,-1,-1,-1
1594,40,1506,334,288,266,1,-1,-1,-1
1595,40,1506,334,288,265,1,-1,-1,-1
1596,40,1507,334,287,265,1,-1,-1,-1
1597,40,1507,334,287,265,1,-1,-1,-1
1598,40,1512,329,284,274,1,-1,-1,-1
1599,40,1506,333,288,266,1,-1,-1,-1
1600,40,1508,326,294,281,1,-1,-1,-1
1601,40,1510,334,283,265,1,-1,-1,-1
1602,40,1509,333,283,266,1,-1,-1,-1
1603,40,1511,331,279,266,1,-1,-1,-1
1604,40,1511,332,279,266,1,-1,-1,-1
1605,40,1512,328,287,278,1,-1,-1,-1
1606,40,1512,333,281,264,1,-1,-1,-1
1607,40,1513,328,285,279,1,-1,-1,-1
1608,40,1515,328,284,279,1,-1,-1,-1
1609,40,1512,334,283,263,1,-1,-1,-1
1610,40,1511,334,283,264,1,-1,-1,-1
1611,40,1511,328,289,278,1,-1,-1,-1
1612,40,1509,329,292,278,1,-1,-1,-1
1613,40,1510,328,291,279,1,-1,-1,-1
1614,40,1510,329,291,278,1,-1,-1,-1
1615,40,1512,330,287,277,1,-1,-1,-1
1616,40,1511,330,288,277,1,-1,-1,-1
1617,40,1509,330,284,273,1,-1,-1,-1
1618,40,1504,335,287,265,1,-1,-1,-1
1619,40,1511,331,289,276,1,-1,-1,-1
1620,40,1509,331,285,272,1,-1,-1,-1
1621,40,1509,331,285,272,1,-1,-1,-1
1622,40,1507,334,286,265,1,-1,-1,-1
1623,40,1502,333,292,266,1,-1,-1,-1
1624,40,1509,326,280,278,1,-1,-1,-1
1625,40,1511,330,288,276,1,-1,-1,-1
1626,40,1516,332,276,268,1,-1,-1,-1
1627,40,1514,332,277,267,1,-1,-1,-1
1628,40,1509,334,282,267,1,-1,-1,-1
1629,40,1511,333,281,269,1,-1,-1,-1
1630,40,1518,332,270,270,1,-1,-1,-1
1631,40,1515,334,274,265,1,-1,-1,-1
1632,40,1521,333,267,271,1,-1,-1,-1
1633,40,1526,333,264,269,1,-1,-1,-1
1634,40,1533,338,256,265,1,-1,-1,-1
1635,40,1526,334,264,269,1,-1,-1,-1
1636,40,1521,335,274,274,1,-1,-1,-1
1637,40,1525,334,266,269,1,-1,-1,-1
1638,40,1524,336,267,269,1,-1,-1,-1
1639,40,1528,336,261,268,1,-1,-1,-1
1640,40,1528,334,261,270,1,-1,-1,-1
1641,40,1525,334,263,269,1,-1,-1,-1
1642,40,1523,334,263,268,1,-1,-1,-1
1643,40,1523,334,262,269,1,-1,-1,-1
1644,40,1523,335,261,265,1,-1,-1,-1
1645,40,1522,335,262,265,1,-1,-1,-1
1646,40,1522,336,264,266,1,-1,-1,-1
1647,40,1523,335,268,269,1,-1,-1,-1
1648,40,1523,335,267,267,1,-1,-1,-1
1649,40,1523,335,265,268,1,-1,-1,-1
1650,40,1523,334,265,270,1,-1,-1,-1
1651,40,1524,334,264,270,1,-1,-1,-1
1652,40,1525,334,263,269,1,-1,-1,-1
1653,40,1525,334,261,270,1,-1,-1,-1
1654,40,1525,334,261,270,1,-1,-1,-1
1655,40,1524,334,263,270,1,-1,-1,-1
1656,40,1524,335,263,268,1,-1,-1,-1
1657,40,1524,335,263,268,1,-1,-1,-1
1658,40,1524,335,263,268,1,-1,-1,-1
1659,40,1524,335,263,268,1,-1,-1,-1
1660,40,1524,335,263,267,1,-1,-1,-1
1661,40,1524,335,263,267,1,-1,-1,-1
1662,40,1524,335,264,267,1,-1,-1,-1
1663,40,1524,335,264,268,1,-1,-1,-1
1664,40,1523,335,264,268,1,-1,-1,-1
1665,40,1523,335,264,267,1,-1,-1,-1
1666,40,1523,336,264,267,1,-1,-1,-1
1667,40,1526,336,262,266,1,-1,-1,-1
1668,40,1531,336,257,266,1,-1,-1,-1
1669,40,1530,335,259,266,1,-1,-1,-1
1670,40,1529,336,259,266,1,-1,-1,-1
1671,40,1525,336,264,265,1,-1,-1,-1
1672,40,1522,337,265,265,1,-1,-1,-1
1673,40,1524,337,263,264,1,-1,-1,-1
1674,40,1529,337,259,264,1,-1,-1,-1
1675,40,1526,337,261,264,1,-1,-1,-1
1676,40,1521,336,266,263,1,-1,-1,-1
1677,40,1520,340,270,259,1,-1,-1,-1
1678,40,1513,337,278,262,1,-1,-1,-1
1679,40,1518,338,272,260,1,-1,-1,-1
1680,40,1513,337,279,263,1,-1,-1,-1
1681,40,1515,336,276,262,1,-1,-1,-1
1682,40,1512,339,281,259,1,-1,-1,-1
1683,40,1508,339,284,260,1,-1,-1,-1
1684,40,1508,339,284,260,1,-1,-1,-1
1685,40,1508,339,284,260,1,-1,-1,-1
1685,47,0,878,752,714,1,-1,-1,-1
1686,40,1509,339,283,260,1,-1,-1,-1
1686,47,2,876,1223,731,1,-1,-1,-1
1687,40,1508,339,284,260,1,-1,-1,-1
1687,47,126,901,1463,736,1,-1,-1,-1
1688,40,1509,338,283,261,1,-1,-1,-1
1688,47,504,924,1495,752,1,-1,-1,-1
1689,40,1510,335,282,263,1,-1,-1,-1
1689,47,914,959,1509,752,1,-1,-1,-1
1690,40,1509,335,282,263,1,-1,-1,-1
1690,47,1212,986,1347,749,1,-1,-1,-1
1691,40,1509,336,282,263,1,-1,-1,-1
1691,47,1509,960,1050,733,1,-1,-1,-1
1692,40,1509,335,282,263,1,-1,-1,-1
1693,40,1509,335,284,272,1,-1,-1,-1
1694,40,1509,336,284,271,1,-1,-1,-1
1695,40,1509,336,284,270,1,-1,-1,-1
1696,40,1508,337,284,270,1,-1,-1,-1
1697,40,1509,338,283,261,1,-1,-1,-1
1698,40,1507,337,285,269,1,-1,-1,-1
1699,40,1508,336,284,271,1,-1,-1,-1
1700,40,1510,335,283,272,1,-1,-1,-1
1701,40,1509,336,283,271,1,-1,-1,-1
1702,40,1509,336,284,271,1,-1,-1,-1
1703,40,1509,335,285,273,1,-1,-1,-1
1704,40,1508,334,285,273,1,-1,-1,-1
1705,40,1509,335,284,272,1,-1,-1,-1
1706,40,1508,335,285,272,1,-1,-1,-1
1707,40,1505,334,288,274,1,-1,-1,-1
1708,40,1503,333,291,275,1,-1,-1,-1
1709,40,1504,337,288,263,1,-1,-1,-1
1710,40,1505,337,288,263,1,-1,-1,-1
1711,40,1506,337,286,263,1,-1,-1,-1
1712,40,1507,336,285,263,1,-1,-1,-1
1713,40,1506,335,286,263,1,-1,-1,-1
1714,40,1507,335,285,264,1,-1,-1,-1
1715,40,1506,335,287,264,1,-1,-1,-1
1716,40,1505,335,287,265,1,-1,-1,-1
1717,40,1505,335,287,265,1,-1,-1,-1
1718,40,1505,335,287,265,1,-1,-1,-1
1719,40,1505,335,287,264,1,-1,-1,-1
1720,40,1506,335,286,265,1,-1,-1,-1
1721,40,1505,335,287,264,1,-1,-1,-1
1722,40,1506,335,286,264,1,-1,-1,-1
1723,40,1506,335,286,264,1,-1,-1,-1
1724,40,1505,335,287,264,1,-1,-1,-1
1725,40,1506,335,286,265,1,-1,-1,-1
1726,40,1506,335,286,265,1,-1,-1,-1
1727,40,1506,335,286,265,1,-1,-1,-1
1728,40,1507,335,286,264,1,-1,-1,-1
1729,40,1507,335,286,264,1,-1,-1,-1
1730,40,1507,336,286,264,1,-1,-1,-1
1731,40,1507,336,285,264,1,-1,-1,-1
1732,40,1507,336,285,264,1,-1,-1,-1
1733,40,1507,336,285,264,1,-1,-1,-1
1734,40,1507,336,285,264,1,-1,-1,-1
1735,40,1507,336,286,264,1,-1,-1,-1
1736,40,1507,336,286,264,1,-1,-1,-1
1737,40,1506,335,286,264,1,-1,-1,-1
1738,40,1507,336,285,264,1,-1,-1,-1
1739,40,1507,336,286,264,1,-1,-1,-1
1740,40,1507,336,285,264,1,-1,-1,-1
1741,40,1505,333,288,275,1,-1,-1,-1
1742,40,1505,333,289,275,1,-1,-1,-1
1743,40,1505,333,289,275,1,-1,-1,-1
1744,40,1508,336,284,264,1,-1,-1,-1
1745,40,1508,336,285,264,1,-1,-1,-1
1746,40,1508,336,285,264,1,-1,-1,-1
1747,40,1504,333,290,275,1,-1,-1,-1
1748,40,1507,336,285,264,1,-1,-1,-1
1749,40,1504,333,290,275,1,-1,-1,-1
1750,40,1505,333,289,274,1,-1,-1,-1
1751,40,1505,333,289,275,1,-1,-1,-1
1752,40,1505,333,289,275,1,-1,-1,-1
1753,40,1504,333,290,275,1,-1,-1,-1
1754,40,1504,333,290,275,1,-1,-1,-1
1755,40,1505,333,289,275,1,-1,-1,-1
1756,40,1504,333,290,275,1,-1,-1,-1
1757,40,1504,333,289,275,1,-1,-1,-1
1758,40,1505,333,289,275,1,-1,-1,-1
1759,40,1505,333,289,275,1,-1,-1,-1
1760,40,1505,333,289,275,1,-1,-1,-1
1761,40,1504,333,290,275,1,-1,-1,-1
1762,40,1504,333,290,275,1,-1,-1,-1
1763,40,1504,333,290,275,1,-1,-1,-1
1764,40,1503,333,291,275,1,-1,-1,-1
1765,40,1504,333,290,275,1,-1,-1,-1
1766,40,1504,333,290,275,1,-1,-1,-1
1767,40,1504,334,290,275,1,-1,-1,-1
1768,40,1504,334,290,275,1,-1,-1,-1
1769,40,1504,334,290,275,1,-1,-1,-1
1770,40,1504,334,290,274,1,-1,-1,-1
1771,40,1504,334,290,275,1,-1,-1,-1
1772,40,1504,334,290,275,1,-1,-1,-1
1773,40,1504,334,290,274,1,-1,-1,-1
1774,40,1504,334,290,274,1,-1,-1,-1
1775,40,1504,334,289,274,1,-1,-1,-1
1776,40,1505,334,289,274,1,-1,-1,-1
1777,40,1504,334,289,274,1,-1,-1,-1
1778,40,1504,334,290,274,1,-1,-1,-1
1779,40,1504,334,289,274,1,-1,-1,-1
1780,40,1504,334,290,274,1,-1,-1,-1
1781,40,1504,334,290,274,1,-1,-1,-1
1782,40,1504,334,290,274,1,-1,-1,-1
1783,40,1504,334,290,275,1,-1,-1,-1
1784,40,1504,334,290,275,1,-1,-1,-1
1785,40,1504,334,290,275,1,-1,-1,-1
1786,40,1504,334,290,274,1,-1,-1,-1
1787,40,1503,334,290,274,1,-1,-1,-1
1788,40,1506,337,285,263,1,-1,-1,-1
1789,40,1506,337,285,263,1,-1,-1,-1
1790,40,1507,337,285,263,1,-1,-1,-1
1791,40,1504,335,289,273,1,-1,-1,-1
1792,40,1507,337,284,263,1,-1,-1,-1
1793,40,1507,337,284,263,1,-1,-1,-1
1794,40,1507,337,284,263,1,-1,-1,-1
1795,40,1507,337,284,263,1,-1,-1,-1
1796,40,1507,337,284,263,1,-1,-1,-1
1797,40,1507,337,284,263,1,-1,-1,-1
1798,40,1507,337,284,263,1,-1,-1,-1
1799,40,1506,335,286,271,1,-1,-1,-1
1800,40,1508,336,283,270,1,-1,-1,-1
1801,40,1508,336,283,270,1,-1,-1,-1
1802,40,1508,336,283,270,1,-1,-1,-1
1803,40,1507,336,283,270,1,-1,-1,-1
1804,40,1507,336,284,270,1,-1,-1,-1
1805,40,1507,336,284,269,1,-1,-1,-1
1806,40,1507,336,284,269,1,-1,-1,-1
1807,40,1507,337,284,269,1,-1,-1,-1
1808,40,1507,337,284,269,1,-1,-1,-1
1809,40,1507,337,284,269,1,-1,-1,-1
1810,40,1507,336,284,270,1,-1,-1,-1
1811,40,1507,336,284,270,1,-1,-1,-1
1812,40,1507,336,284,270,1,-1,-1,-1
1813,40,1507,336,284,270,1,-1,-1,-1
1814,40,1507,336,284,270,1,-1,-1,-1
1815,40,1507,336,284,270,1,-1,-1,-1
1816,40,1507,336,284,270,1,-1,-1,-1
1817,40,1507,336,284,270,1,-1,-1,-1
1818,40,1507,336,284,270,1,-1,-1,-1
1819,40,1507,336,284,270,1,-1,-1,-1
1820,40,1507,336,284,270,1,-1,-1,-1
1821,40,1508,336,283,271,1,-1,-1,-1
1822,40,1507,336,284,271,1,-1,-1,-1
1823,40,1507,336,283,270,1,-1,-1,-1
1824,40,1508,335,283,271,1,-1,-1,-1
1825,40,1508,335,283,271,1,-1,-1,-1
1826,40,1508,335,283,271,1,-1,-1,-1
1827,40,1507,335,284,271,1,-1,-1,-1
1828,40,1508,335,284,271,1,-1,-1,-1
1829,40,1507,336,284,271,1,-1,-1,-1
1830,40,1507,336,284,271,1,-1,-1,-1
1831,40,1507,335,284,271,1,-1,-1,-1
1832,40,1507,335,284,271,1,-1,-1,-1
1833,40,1508,335,284,271,1,-1,-1,-1
1834,40,1508,335,284,271,1,-1,-1,-1
1835,40,1507,335,284,271,1,-1,-1,-1
1836,40,1506,336,285,271,1,-1,-1,-1
1837,40,1506,336,285,271,1,-1,-1,-1
1838,40,1506,334,284,272,1,-1,-1,-1
1838,48,33,887,861,831,1,-1,-1,-1
1839,40,1506,334,284,272,1,-1,-1,-1
1839,48,53,883,1314,850,1,-1,-1,-1
1840,40,1506,334,284,272,1,-1,-1,-1
1840,48,201,902,1677,894,1,-1,-1,-1
1841,40,1506,333,285,273,1,-1,-1,-1
1841,48,725,954,1597,883,1,-1,-1,-1
1842,40,1506,333,284,272,1,-1,-1,-1
1842,48,1099,959,1460,902,1,-1,-1,-1
1843,40,1505,333,285,272,1,-1,-1,-1
1844,40,1506,333,285,273,1,-1,-1,-1
1845,40,1507,334,283,272,1,-1,-1,-1
1846,40,1507,333,283,273,1,-1,-1,-1
1847,40,1507,333,284,273,1,-1,-1,-1
1848,40,1507,335,281,264,1,-1,-1,-1
1849,40,1507,335,281,264,1,-1,-1,-1
1850,40,1507,335,281,264,1,-1,-1,-1
1851,40,1507,335,281,264,1,-1,-1,-1
1852,40,1507,335,281,264,1,-1,-1,-1
1853,40,1507,335,281,264,1,-1,-1,-1
1854,40,1507,335,281,264,1,-1,-1,-1
1855,40,1505,334,286,272,1,-1,-1,-1
1856,40,1505,334,286,272,1,-1,-1,-1
1857,40,1505,334,286,272,1,-1,-1,-1
1858,40,1506,334,286,272,1,-1,-1,-1
1859,40,1506,334,286,272,1,-1,-1,-1
1860,40,1504,333,287,273,1,-1,-1,-1
1861,40,1504,333,288,273,1,-1,-1,-1
1862,40,1504,333,288,273,1,-1,-1,-1
1863,40,1503,333,288,273,1,-1,-1,-1
1864,40,1503,333,288,273,1,-1,-1,-1
1865,40,1504,334,287,272,1,-1,-1,-1
1866,40,1503,333,288,272,1,-1,-1,-1
1867,40,1503,334,288,272,1,-1,-1,-1
1868,40,1503,333,288,272,1,-1,-1,-1
1869,40,1503,333,289,272,1,-1,-1,-1
1870,40,1503,333,288,272,1,-1,-1,-1
1871,40,1504,333,288,273,1,-1,-1,-1
1872,40,1506,336,285,262,1,-1,-1,-1
1873,40,1506,336,285,262,1,-1,-1,-1
1874,40,1506,336,285,262,1,-1,-1,-1
1875,40,1505,336,286,262,1,-1,-1,-1
1876,40,1505,334,284,265,1,-1,-1,-1
1877,40,1504,334,285,265,1,-1,-1,-1
1878,40,1506,334,284,265,1,-1,-1,-1
1879,40,1505,334,284,265,1,-1,-1,-1
1880,40,1505,334,284,266,1,-1,-1,-1
1881,40,1506,334,284,266,1,-1,-1,-1
1882,40,1503,335,288,263,1,-1,-1,-1
1883,40,1504,335,288,264,1,-1,-1,-1
1884,40,1506,334,285,267,1,-1,-1,-1
1885,40,1498,337,294,261,1,-1,-1,-1
1886,40,1507,336,290,265,1,-1,-1,-1
1887,40,1509,336,289,267,1,-1,-1,-1
1888,40,1509,335,293,269,1,-1,-1,-1
1889,40,1508,336,294,269,1,-1,-1,-1
1890,40,1505,336,299,271,1,-1,-1,-1
1891,40,1507,337,296,270,1,-1,-1,-1
1892,40,1508,340,299,268,1,-1,-1,-1
1893,40,1505,339,305,271,1,-1,-1,-1
1894,40,1507,340,310,275,1,-1,-1,-1
1895,40,1515,341,294,272,1,-1,-1,-1
1896,40,1518,341,294,272,1,-1,-1,-1
1897,40,1510,346,310,266,1,-1,-1,-1
1898,40,1503,351,321,263,1,-1,-1,-1
1899,40,1496,351,333,265,1,-1,-1,-1
1900,40,1499,354,333,263,1,-1,-1,-1
1901,40,1513,355,331,273,1,-1,-1,-1
1902,40,1511,356,337,272,1,-1,-1,-1
1903,40,1516,357,338,274,1,-1,-1,-1
1904,40,1522,359,338,271,1,-1,-1,-1
1905,40,1523,362,342,272,1,-1,-1,-1
1906,40,1530,365,352,266,1,-1,-1,-1
1907,40,1537,365,346,269,1,-1,-1,-1
1908,40,1542,364,357,276,1,-1,-1,-1
1909,40,1537,363,369,270,1,-1,-1,-1
1910,40,1553,363,382,278,1,-1,-1,-1
1911,40,1555,363,392,279,1,-1,-1,-1
1912,40,1558,364,411,284,1,-1,-1,-1
1913,40,1567,369,424,285,1,-1,-1,-1
1914,40,1568,366,434,291,1,-1,-1,-1
1915,40,1583,368,434,291,1,-1,-1,-1
1916,40,1593,372,428,286,1,-1,-1,-1
1917,40,1602,371,427,293,1,-1,-1,-1
1918,40,1608,372,445,298,1,-1,-1,-1
1919,40,1612,373,464,301,1,-1,-1,-1
1920,40,1626,376,473,299,1,-1,-1,-1
1921,40,1642,378,485,298,1,-1,-1,-1
1922,40,1660,379,503,305,1,-1,-1,-1
1923,40,1677,377,506,310,1,-1,-1,-1
1924,40,1689,378,514,311,1,-1,-1,-1
1925,40,1704,387,514,307,1,-1,-1,-1
1926,40,1730,389,514,309,1,-1,-1,-1
1927,40,1746,385,522,314,1,-1,-1,-1
1928,40,1760,384,534,322,1,-1,-1,-1
1929,40,1769,390,551,314,1,-1,-1,-1
1930,40,1809,393,547,320,1,-1,-1,-1
1931,40,1826,395,545,321,1,-1,-1,-1
1932,40,1838,396,538,319,1,-1,-1,-1
1933,40,1856,395,521,320,1,-1,-1,-1
1934,40,1899,403,537,317,1,-1,-1,-1
1935,40,1913,404,541,318,1,-1,-1,-1
1936,40,1944,419,533,306,1,-1,-1,-1
1937,40,1972,402,540,323,1,-1,-1,-1
1938,40,1989,413,550,316,1,-1,-1,-1
1939,40,2018,420,535,310,1,-1,-1,-1
1940,40,2043,421,516,315,1,-1,-1,-1
1941,40,2058,423,501,313,1,-1,-1,-1
1942,40,2072,418,487,321,1,-1,-1,-1
1943,40,2108,424,451,320,1,-1,-1,-1
1944,40,2123,426,436,318,1,-1,-1,-1
1945,40,2146,423,413,324,1,-1,-1,-1
2122,49,1615,740,934,505,1,-1,-1,-1
2123,49,1517,734,1024,504,1,-1,-1,-1
2124,49,1398,710,1051,500,1,-1,-1,-1
2125,49,1118,699,1142,485,1,-1,-1,-1
2126,49,946,683,1190,501,1,-1,-1,-1
2127,49,808,673,1113,495,1,-1,-1,-1
2128,49,662,659,1105,496,1,-1,-1,-1
2129,49,481,644,1082,486,1,-1,-1,-1
2130,49,280,626,1114,488,1,-1,-1,-1
2131,49,110,617,1045,474,1,-1,-1,-1
2132,49,23,618,979,455,1,-1,-1,-1
2133,49,0,597,857,455,1,-1,-1,-1
2311,50,0,992,915,815,1,-1,-1,-1
2312,50,55,1029,1229,777,1,-1,-1,-1
2313,50,260,1047,1465,811,1,-1,-1,-1
2314,50,726,1104,1460,781,1,-1,-1,-1
2361,51,1892,801,651,413,1,-1,-1,-1
2362,51,1617,775,899,418,1,-1,-1,-1
2363,51,1418,753,1009,416,1,-1,-1,-1
2364,51,1153,727,1037,418,1,-1,-1,-1
2365,51,843,713,1041,413,1,-1,-1,-1
2366,51,620,696,988,408,1,-1,-1,-1
2367,51,293,646,1014,436,1,-1,-1,-1
2368,51,80,660,949,398,1,-1,-1,-1
2369,51,0,640,847,396,1,-1,-1,-1
