235,52,680,774,151,117,1,-1,-1,-1
236,52,689,775,162,117,1,-1,-1,-1
237,52,697,777,173,120,1,-1,-1,-1
238,52,702,776,174,127,1,-1,-1,-1
239,52,705,776,180,136,1,-1,-1,-1
240,52,715,776,179,137,1,-1,-1,-1
241,52,736,778,183,138,1,-1,-1,-1
242,52,752,780,180,142,1,-1,-1,-1
243,52,765,781,183,145,1,-1,-1,-1
244,52,777,781,190,149,1,-1,-1,-1
245,52,790,780,193,155,1,-1,-1,-1
246,52,806,785,190,157,1,-1,-1,-1
247,52,819,790,200,158,1,-1,-1,-1
248,52,834,793,208,164,1,-1,-1,-1
249,52,851,793,220,166,1,-1,-1,-1
250,52,870,792,222,169,1,-1,-1,-1
251,52,885,793,231,177,1,-1,-1,-1
252,52,906,799,257,181,1,-1,-1,-1
253,52,933,801,269,192,1,-1,-1,-1
254,52,951,803,285,206,1,-1,-1,-1
255,52,977,806,306,213,1,-1,-1,-1
256,52,1008,806,330,229,1,-1,-1,-1
257,52,1039,812,350,239,1,-1,-1,-1
258,52,1069,811,386,256,1,-1,-1,-1
259,52,1113,819,429,276,1,-1,-1,-1
260,52,1155,826,482,292,1,-1,-1,-1
261,52,1198,831,547,327,1,-1,-1,-1
262,52,1262,839,626,342,1,-1,-1,-1
263,52,1352,843,689,384,1,-1,-1,-1
264,52,1439,854,739,435,1,-1,-1,-1
265,52,1580,873,882,501,1,-1,-1,-1
266,52,1693,887,866,605,1,-1,-1,-1
509,53,2216,650,207,152,1,-1,-1,-1
510,53,2188,652,202,150,1,-1,-1,-1
511,53,2162,647,198,157,1,-1,-1,-1
512,53,2139,649,189,151,1,-1,-1,-1
513,53,2105,647,190,152,1,-1,-1,-1
514,53,2081,650,185,153,1,-1,-1,-1
515,53,2055,651,186,151,1,-1,-1,-1
516,53,2030,654,182,143,1,-1,-1,-1
517,53,2007,650,178,148,1,-1,-1,-1
518,53,1982,651,177,151,1,-1,-1,-1
519,53,1957,653,176,148,1,-1,-1,-1
520,53,1930,655,175,146,1,-1,-1,-1
521,53,1912,658,174,139,1,-1,-1,-1
522,53,1890,657,166,137,1,-1,-1,-1
523,53,1869,650,166,143,1,-1,-1,-1
524,53,1853,662,153,132,1,-1,-1,-1
525,53,1827,655,157,138,1,-1,-1,-1
729,54,1967,638,592,336,1,-1,-1,-1
730,54,1887,639,633,310,1,-1,-1,-1
731,54,1803,644,593,292,1,-1,-1,-1
732,54,1689,642,561,284,1,-1,-1,-1
733,54,1635,648,494,268,1,-1,-1,-1
734,54,1579,656,444,251,1,-1,-1,-1
735,54,1518,657,403,240,1,-1,-1,-1
736,54,1477,663,367,230,1,-1,-1,-1
737,54,1431,666,329,216,1,-1,-1,-1
738,54,1388,670,308,204,1,-1,-1,-1
739,54,1352,670,298,202,1,-1,-1,-1
740,54,1318,676,274,191,1,-1,-1,-1
741,54,1271,688,270,179,1,-1,-1,-1
742,54,1242,692,261,171,1,-1,-1,-1
743,54,1211,692,243,167,1,-1,-1,-1
744,54,1191,693,238,163,1,-1,-1,-1
744,55,571,759,152,112,1,-1,-1,-1
745,54,1164,695,227,160,1,-1,-1,-1
745,55,579,757,149,112,1,-1,-1,-1
746,54,1138,701,218,147,1,-1,-1,-1
746,55,584,756,148,117,1,-1,-1,-1
747,54,1119,699,210,149,1,-1,-1,-1
747,55,591,758,145,117,1,-1,-1,-1
748,54,1093,699,201,150,1,-1,-1,-1
748,55,593,760,146,115,1,-1,-1,-1
749,54,1078,703,196,142,1,-1,-1,-1
749,55,596,756,144,122,1,-1,-1,-1
750,54,1057,702,194,143,1,-1,-1,-1
750,55,602,758,139,121,1,-1,-1,-1
751,54,1033,704,194,141,1,-1,-1,-1
751,55,609,762,136,118,1,-1,-1,-1
752,54,1012,711,181,131,1,-1,-1,-1
752,55,617,760,137,119,1,-1,-1,-1
753,54,994,709,180,131,1,-1,-1,-1
753,55,629,760,141,114,1,-1,-1,-1
754,54,979,713,174,125,1,-1,-1,-1
754,55,636,757,140,121,1,-1,-1,-1
755,54,962,713,173,122,1,-1,-1,-1
755,55,645,755,144,118,1,-1,-1,-1
756,54,946,711,167,125,1,-1,-1,-1
756,55,654,754,152,119,1,-1,-1,-1
757,55,657,753,162,121,1,-1,-1,-1
757,54,934,712,163,124,1,-1,-1,-1
758,55,668,748,166,125,1,-1,-1,-1
758,54,920,714,155,120,1,-1,-1,-1
759,55,676,747,174,132,1,-1,-1,-1
759,54,911,715,150,117,1,-1,-1,-1
760,55,685,752,173,129,1,-1,-1,-1
760,54,891,716,151,117,1,-1,-1,-1
761,55,697,752,169,127,1,-1,-1,-1
761,54,879,721,148,111,1,-1,-1,-1
762,55,708,755,170,128,1,-1,-1,-1
762,54,867,721,144,112,1,-1,-1,-1
763,55,710,750,181,132,1,-1,-1,-1
763,54,855,725,141,112,1,-1,-1,-1
764,55,724,749,177,135,1,-1,-1,-1
765,55,727,758,171,127,1,-1,-1,-1
766,55,741,752,167,134,1,-1,-1,-1
766,56,1957,651,602,294,1,-1,-1,-1
767,55,743,749,176,142,1,-1,-1,-1
767,56,1874,645,651,289,1,-1,-1,-1
768,55,753,744,185,149,1,-1,-1,-1
768,56,1783,645,679,271,1,-1,-1,-1
769,55,764,742,192,158,1,-1,-1,-1
769,56,1688,640,641,270,1,-1,-1,-1
770,55,770,741,203,164,1,-1,-1,-1
770,56,1631,637,578,265,1,-1,-1,-1
771,55,778,744,207,162,1,-1,-1,-1
771,56,1586,641,517,247,1,-1,-1,-1
772,55,792,749,200,164,1,-1,-1,-1
772,56,1549,650,448,226,1,-1,-1,-1
773,55,798,754,207,164,1,-1,-1,-1
773,56,1492,648,430,221,1,-1,-1,-1
774,55,805,753,215,164,1,-1,-1,-1
774,56,1452,655,383,211,1,-1,-1,-1
775,55,810,753,217,171,1,-1,-1,-1
775,56,1409,657,357,205,1,-1,-1,-1
776,55,819,756,222,171,1,-1,-1,-1
776,56,1364,656,338,198,1,-1,-1,-1
777,55,829,756,224,172,1,-1,-1,-1
777,56,1335,658,310,191,1,-1,-1,-1
778,55,835,757,227,174,1,-1,-1,-1
778,56,1306,665,284,182,1,-1,-1,-1
779,55,847,758,231,176,1,-1,-1,-1
779,56,1272,667,277,174,1,-1,-1,-1
780,55,851,755,235,186,1,-1,-1,-1
780,56,1244,673,269,168,1,-1,-1,-1
781,55,861,759,235,183,1,-1,-1,-1
781,56,1209,674,250,165,1,-1,-1,-1
782,55,873,757,239,194,1,-1,-1,-1
782,56,1189,674,242,163,1,-1,-1,-1
783,55,873,755,252,199,1,-1,-1,-1
783,56,1151,678,241,166,1,-1,-1,-1
784,55,884,759,261,203,1,-1,-1,-1
784,56,1133,687,222,152,1,-1,-1,-1
785,55,895,758,270,210,1,-1,-1,-1
785,56,1114,687,214,152,1,-1,-1,-1
786,55,906,764,291,214,1,-1,-1,-1
786,56,1081,693,212,152,1,-1,-1,-1
787,55,913,764,309,221,1,-1,-1,-1
787,56,1073,693,195,142,1,-1,-1,-1
788,55,922,762,334,234,1,-1,-1,-1
789,55,935,760,339,242,1,-1,-1,-1
790,55,946,760,345,256,1,-1,-1,-1
791,55,958,765,357,263,1,-1,-1,-1
792,55,978,771,382,265,1,-1,-1,-1
793,55,988,771,404,277,1,-1,-1,-1
794,55,1013,771,420,293,1,-1,-1,-1
795,55,1032,771,451,303,1,-1,-1,-1
796,55,1043,766,470,313,1,-1,-1,-1
797,55,1061,771,499,324,1,-1,-1,-1
798,55,1083,763,551,351,1,-1,-1,-1
799,55,1107,764,615,363,1,-1,-1,-1
800,55,1140,769,624,385,1,-1,-1,-1
801,55,1169,766,664,402,1,-1,-1,-1
802,55,1209,772,706,423,1,-1,-1,-1
803,55,1252,766,730,450,1,-1,-1,-1
804,55,1289,757,844,494,1,-1,-1,-1
805,55,1312,751,880,526,1,-1,-1,-1
806,55,1365,750,912,563,1,-1,-1,-1
807,55,1404,767,1046,596,1,-1,-1,-1
808,55,1468,763,1078,648,1,-1,-1,-1
809,55,1571,769,988,693,1,-1,-1,-1
809,57,1676,644,614,255,1,-1,-1,-1
810,57,1609,644,540,266,1,-1,-1,-1
810,55,1644,773,906,710,1,-1,-1,-1
811,57,1555,647,510,257,1,-1,-1,-1
811,55,1731,773,828,667,1,-1,-1,-1
812,57,1510,653,447,238,1,-1,-1,-1
813,57,1466,656,402,224,1,-1,-1,-1
814,57,1416,658,373,215,1,-1,-1,-1
815,57,1383,660,329,206,1,-1,-1,-1
816,57,1335,661,329,205,1,-1,-1,-1
817,57,1293,668,317,197,1,-1,-1,-1
818,57,1263,671,303,191,1,-1,-1,-1
819,57,1231,677,298,179,1,-1,-1,-1
820,57,1197,678,279,177,1,-1,-1,-1
821,57,1171,679,261,173,1,-1,-1,-1
822,57,1145,679,253,174,1,-1,-1,-1
823,57,1121,687,245,164,1,-1,-1,-1
824,57,1096,691,236,159,1,-1,-1,-1
825,57,1080,694,220,151,1,-1,-1,-1
826,57,1062,695,216,150,1,-1,-1,-1
827,57,1040,700,208,143,1,-1,-1,-1
828,57,1018,706,196,136,1,-1,-1,-1
829,57,995,710,196,130,1,-1,-1,-1
830,57,976,711,191,130,1,-1,-1,-1
831,57,957,714,188,122,1,-1,-1,-1
832,57,946,710,190,129,1,-1,-1,-1
833,57,932,713,176,122,1,-1,-1,-1
834,57,912,717,173,121,1,-1,-1,-1
835,57,899,717,164,119,1,-1,-1,-1
836,57,879,717,168,120,1,-1,-1,-1
837,57,866,720,157,115,1,-1,-1,-1
838,57,857,724,152,109,1,-1,-1,-1
839,57,841,729,149,105,1,-1,-1,-1
840,57,837,731,138,104,1,-1,-1,-1
841,57,822,729,138,105,1,-1,-1,-1
842,57,800,732,142,102,1,-1,-1,-1
843,57,799,732,134,102,1,-1,-1,-1
942,58,24,1177,631,309,1,-1,-1,-1
943,58,39,1171,634,299,1,-1,-1,-1
944,58,59,1162,636,301,1,-1,-1,-1
945,58,78,1147,649,314,1,-1,-1,-1
946,58,96,1133,656,324,1,-1,-1,-1
947,58,120,1127,656,321,1,-1,-1,-1
948,58,123,1121,665,326,1,-1,-1,-1
949,58,174,1115,647,318,1,-1,-1,-1
950,58,192,1110,634,319,1,-1,-1,-1
951,58,213,1107,653,313,1,-1,-1,-1
952,58,230,1104,651,305,1,-1,-1,-1
953,58,259,1091,649,304,1,-1,-1,-1
954,58,286,1084,656,301,1,-1,-1,-1
955,58,303,1083,645,298,1,-1,-1,-1
956,58,318,1083,637,295,1,-1,-1,-1
957,58,339,1085,634,285,1,-1,-1,-1
958,58,365,1077,630,292,1,-1,-1,-1
959,58,359,1068,639,304,1,-1,-1,-1
960,58,400,1064,608,300,1,-1,-1,-1
961,58,413,1060,609,303,1,-1,-1,-1
962,58,419,1058,608,300,1,-1,-1,-1
963,58,431,1056,596,301,1,-1,-1,-1
964,58,427,1053,610,308,1,-1,-1,-1
965,58,418,1052,624,316,1,-1,-1,-1
966,58,405,1055,652,316,1,-1,-1,-1
967,58,423,1047,627,322,1,-1,-1,-1
968,58,411,1047,649,321,1,-1,-1,-1
969,58,423,1043,658,326,1,-1,-1,-1
970,58,440,1042,661,326,1,-1,-1,-1
971,58,463,1034,658,330,1,-1,-1,-1
972,58,472,1029,671,334,1,-1,-1,-1
973,58,465,1029,687,338,1,-1,-1,-1
974,58,481,1026,699,334,1,-1,-1,-1
975,58,510,1018,703,330,1,-1,-1,-1
976,58,536,1014,699,331,1,-1,-1,-1
977,58,539,1010,698,336,1,-1,-1,-1
978,58,551,1005,699,336,1,-1,-1,-1
979,58,597,1002,672,324,1,-1,-1,-1
980,58,617,993,694,336,1,-1,-1,-1
981,58,645,981,720,333,1,-1,-1,-1
982,58,672,973,729,335,1,-1,-1,-1
983,58,708,968,721,335,1,-1,-1,-1
984,58,726,959,719,348,1,-1,-1,-1
985,58,773,950,737,345,1,-1,-1,-1
986,58,813,942,738,349,1,-1,-1,-1
987,58,851,935,743,353,1,-1,-1,-1
988,58,872,930,769,353,1,-1,-1,-1
989,58,915,926,767,362,1,-1,-1,-1
990,58,939,919,793,366,1,-1,-1,-1
991,58,984,917,781,372,1,-1,-1,-1
992,58,1009,914,837,379,1,-1,-1,-1
993,58,1052,917,801,379,1,-1,-1,-1
994,58,1091,903,879,407,1,-1,-1,-1
995,58,1138,906,856,413,1,-1,-1,-1
996,58,1174,914,857,422,1,-1,-1,-1
997,58,1210,912,879,446,1,-1,-1,-1
998,58,1270,906,927,483,1,-1,-1,-1
999,58,1324,918,945,497,1,-1,-1,-1
1000,58,1354,922,1001,520,1,-1,-1,-1
1001,58,1354,916,1089,546,1,-1,-1,-1
1002,58,1412,921,1106,563,1,-1,-1,-1
1003,58,1438,931,1118,606,1,-1,-1,-1
1004,58,1498,939,1061,614,1,-1,-1,-1
1005,58,1569,957,990,615,1,-1,-1,-1
1006,58,1629,958,926,634,1,-1,-1,-1
1007,58,1693,948,866,678,1,-1,-1,-1
1091,59,1911,563,648,414,1,-1,-1,-1
1092,59,1863,554,696,425,1,-1,-1,-1
1093,59,1818,548,722,412,1,-1,-1,-1
1094,59,1762,557,761,401,1,-1,-1,-1
1095,59,1686,565,708,378,1,-1,-1,-1
1096,59,1636,572,655,360,1,-1,-1,-1
1097,59,1602,585,589,328,1,-1,-1,-1
1098,59,1548,592,580,319,1,-1,-1,-1
1099,59,1504,603,540,302,1,-1,-1,-1
1100,59,1465,602,518,305,1,-1,-1,-1
1101,59,1440,606,488,292,1,-1,-1,-1
1102,59,1404,616,451,270,1,-1,-1,-1
1103,59,1380,615,425,256,1,-1,-1,-1
1104,59,1348,618,416,255,1,-1,-1,-1
1105,59,1331,626,385,244,1,-1,-1,-1
1106,59,1311,632,371,235,1,-1,-1,-1
1107,59,1274,633,352,231,1,-1,-1,-1
1108,59,1252,635,344,226,1,-1,-1,-1
1109,59,1242,637,314,218,1,-1,-1,-1
1110,59,1210,645,313,209,1,-1,-1,-1
1111,59,1192,647,302,204,1,-1,-1,-1
1112,59,1167,654,293,196,1,-1,-1,-1
1113,59,1158,646,283,199,1,-1,-1,-1
1114,59,1134,654,281,192,1,-1,-1,-1
1115,59,1125,652,266,191,1,-1,-1,-1
1116,59,1111,657,258,183,1,-1,-1,-1
1117,59,1096,656,256,184,1,-1,-1,-1
1118,59,1082,660,246,178,1,-1,-1,-1
1119,59,1062,662,244,179,1,-1,-1,-1
1120,59,1045,668,239,176,1,-1,-1,-1
1121,59,1038,665,233,173,1,-1,-1,-1
1122,59,1024,669,233,169,1,-1,-1,-1
1123,59,1008,672,226,165,1,-1,-1,-1
1124,59,993,680,226,159,1,-1,-1,-1
1125,59,969,676,234,161,1,-1,-1,-1
1126,59,958,676,228,161,1,-1,-1,-1
1127,59,956,676,211,161,1,-1,-1,-1
1128,59,944,675,211,159,1,-1,-1,-1
1129,59,933,682,204,155,1,-1,-1,-1
1130,59,924,681,198,153,1,-1,-1,-1
1131,59,913,684,197,150,1,-1,-1,-1
1132,59,902,686,197,150,1,-1,-1,-1
1133,59,885,690,197,147,1,-1,-1,-1
1134,59,879,689,192,147,1,-1,-1,-1
1135,59,869,693,193,143,1,-1,-1,-1
1136,59,858,695,187,143,1,-1,-1,-1
1137,59,847,698,189,138,1,-1,-1,-1
1138,59,839,695,184,143,1,-1,-1,-1
1139,59,830,701,181,136,1,-1,-1,-1
1140,59,822,699,182,142,1,-1,-1,-1
1141,59,818,706,174,133,1,-1,-1,-1
1142,59,807,709,173,131,1,-1,-1,-1
1142,60,1923,682,636,308,1,-1,-1,-1
1143,59,793,712,174,126,1,-1,-1,-1
1143,60,1873,665,664,321,1,-1,-1,-1
1144,59,786,713,163,129,1,-1,-1,-1
1144,60,1807,662,669,306,1,-1,-1,-1
1145,59,782,716,161,126,1,-1,-1,-1
1145,60,1735,661,675,297,1,-1,-1,-1
1146,60,1669,663,646,282,1,-1,-1,-1
1146,59,774,721,162,115,1,-1,-1,-1
1147,60,1630,661,625,274,1,-1,-1,-1
1147,59,766,720,163,116,1,-1,-1,-1
1148,60,1602,669,567,264,1,-1,-1,-1
1148,59,757,722,161,114,1,-1,-1,-1
1149,60,1560,669,515,252,1,-1,-1,-1
1149,59,754,725,152,111,1,-1,-1,-1
1150,60,1513,675,483,243,1,-1,-1,-1
1150,59,747,728,151,109,1,-1,-1,-1
1151,60,1473,673,450,242,1,-1,-1,-1
1151,59,739,725,151,111,1,-1,-1,-1
1152,60,1440,675,423,233,1,-1,-1,-1
1152,59,731,728,151,106,1,-1,-1,-1
1153,60,1400,674,403,226,1,-1,-1,-1
1153,59,718,729,153,107,1,-1,-1,-1
1154,60,1382,680,364,221,1,-1,-1,-1
1154,59,717,734,149,100,1,-1,-1,-1
1155,60,1364,679,332,207,1,-1,-1,-1
1155,59,708,735,150,99,1,-1,-1,-1
1156,60,1340,682,327,201,1,-1,-1,-1
1156,59,703,733,146,103,1,-1,-1,-1
1157,60,1315,685,311,196,1,-1,-1,-1
1157,59,701,733,142,102,1,-1,-1,-1
1158,60,1285,688,308,191,1,-1,-1,-1
1158,59,702,731,132,103,1,-1,-1,-1
1159,60,1264,688,288,185,1,-1,-1,-1
1159,59,698,730,131,104,1,-1,-1,-1
1160,60,1242,691,278,181,1,-1,-1,-1
1161,60,1231,693,273,176,1,-1,-1,-1
1162,60,1216,693,257,172,1,-1,-1,-1
1163,60,1207,692,249,171,1,-1,-1,-1
1164,60,1194,690,239,168,1,-1,-1,-1
1165,60,1186,687,230,172,1,-1,-1,-1
1166,60,1181,687,220,164,1,-1,-1,-1
1167,60,1180,683,209,165,1,-1,-1,-1
1168,60,1176,682,194,163,1,-1,-1,-1
1169,60,1179,679,190,155,1,-1,-1,-1
1170,60,1178,679,181,154,1,-1,-1,-1
1171,60,1180,669,179,162,1,-1,-1,-1
1172,60,1184,670,171,155,1,-1,-1,-1
1173,60,1185,668,166,152,1,-1,-1,-1
1174,60,1186,659,171,152,1,-1,-1,-1
1175,60,1187,657,169,151,1,-1,-1,-1
1176,60,1192,649,173,152,1,-1,-1,-1
1177,60,1201,643,169,153,1,-1,-1,-1
1178,60,1204,641,172,152,1,-1,-1,-1
1179,60,1207,637,177,145,1,-1,-1,-1
1180,60,1217,632,171,143,1,-1,-1,-1
1181,60,1228,628,171,137,1,-1,-1,-1
1182,60,1237,622,174,136,1,-1,-1,-1
1183,60,1250,614,170,136,1,-1,-1,-1
1184,60,1259,609,165,132,1,-1,-1,-1
1185,60,1277,604,168,122,1,-1,-1,-1
1213,61,1939,632,620,352,1,-1,-1,-1
1214,61,1904,634,639,338,1,-1,-1,-1
1215,61,1836,604,666,355,1,-1,-1,-1
1216,61,1801,616,649,330,1,-1,-1,-1
1217,61,1736,610,653,331,1,-1,-1,-1
1218,61,1675,617,623,318,1,-1,-1,-1
1219,61,1609,622,585,305,1,-1,-1,-1
1220,61,1567,620,546,304,1,-1,-1,-1
1221,61,1539,623,507,292,1,-1,-1,-1
1222,61,1500,626,473,280,1,-1,-1,-1
1223,61,1467,636,431,259,1,-1,-1,-1
1224,61,1437,637,406,257,1,-1,-1,-1
1225,61,1408,642,383,244,1,-1,-1,-1
1226,61,1379,643,363,234,1,-1,-1,-1
1227,61,1353,649,337,227,1,-1,-1,-1
1228,61,1327,649,332,228,1,-1,-1,-1
1229,61,1291,654,314,218,1,-1,-1,-1
1230,61,1269,656,307,214,1,-1,-1,-1
1231,61,1253,660,289,202,1,-1,-1,-1
1232,61,1221,662,279,196,1,-1,-1,-1
1233,61,1198,667,271,192,1,-1,-1,-1
1234,61,1180,668,256,188,1,-1,-1,-1
1235,61,1157,667,248,188,1,-1,-1,-1
1236,61,1133,673,250,184,1,-1,-1,-1
1237,61,1117,676,235,180,1,-1,-1,-1
1238,61,1098,682,230,172,1,-1,-1,-1
1239,61,1082,682,225,170,1,-1,-1,-1
1240,61,1067,685,216,163,1,-1,-1,-1
1241,61,1049,686,216,164,1,-1,-1,-1
1242,61,1035,693,201,155,1,-1,-1,-1
1243,61,1025,695,192,151,1,-1,-1,-1
1244,61,1006,697,196,146,1,-1,-1,-1
1245,61,989,701,191,144,1,-1,-1,-1
1246,61,976,701,193,144,1,-1,-1,-1
1247,61,961,703,181,140,1,-1,-1,-1
1248,61,950,701,184,140,1,-1,-1,-1
1249,61,935,709,171,130,1,-1,-1,-1
1250,61,923,702,176,139,1,-1,-1,-1
1251,61,909,706,172,132,1,-1,-1,-1
1252,61,898,709,166,128,1,-1,-1,-1
1253,61,888,706,166,130,1,-1,-1,-1
1254,61,877,707,160,126,1,-1,-1,-1
1255,61,865,713,155,124,1,-1,-1,-1
1255,62,657,769,156,111,1,-1,-1,-1
1256,61,854,714,156,121,1,-1,-1,-1
1256,62,667,766,154,114,1,-1,-1,-1
1257,61,843,715,153,120,1,-1,-1,-1
1257,62,672,769,165,113,1,-1,-1,-1
1258,62,676,764,174,120,1,-1,-1,-1
1258,61,832,722,149,113,1,-1,-1,-1
1259,62,685,765,171,122,1,-1,-1,-1
1259,61,821,721,150,117,1,-1,-1,-1
1260,62,694,763,168,127,1,-1,-1,-1
1261,62,702,769,170,125,1,-1,-1,-1
1262,62,705,772,174,127,1,-1,-1,-1
1263,62,714,769,170,130,1,-1,-1,-1
1264,62,718,771,178,133,1,-1,-1,-1
1265,62,729,767,188,140,1,-1,-1,-1
1266,62,743,757,185,152,1,-1,-1,-1
1267,62,754,757,187,157,1,-1,-1,-1
1268,62,762,763,198,157,1,-1,-1,-1
1269,62,769,765,200,159,1,-1,-1,-1
1270,62,777,766,202,162,1,-1,-1,-1
1271,62,787,762,209,165,1,-1,-1,-1
1272,62,802,765,208,165,1,-1,-1,-1
1273,62,810,765,223,170,1,-1,-1,-1
1274,62,819,764,231,176,1,-1,-1,-1
1275,62,834,764,237,181,1,-1,-1,-1
1276,62,847,766,252,190,1,-1,-1,-1
1277,62,852,765,251,195,1,-1,-1,-1
1278,62,866,762,249,195,1,-1,-1,-1
1279,62,879,764,256,198,1,-1,-1,-1
1280,62,892,762,268,207,1,-1,-1,-1
1281,62,905,760,287,215,1,-1,-1,-1
1282,62,916,762,301,222,1,-1,-1,-1
1283,62,934,763,316,230,1,-1,-1,-1
1284,62,949,765,323,238,1,-1,-1,-1
1285,62,966,763,328,250,1,-1,-1,-1
1286,62,989,769,347,252,1,-1,-1,-1
1287,62,1004,766,361,273,1,-1,-1,-1
1288,62,1028,766,381,282,1,-1,-1,-1
1289,62,1044,766,412,295,1,-1,-1,-1
1290,62,1074,773,447,311,1,-1,-1,-1
1291,62,1092,775,474,330,1,-1,-1,-1
1292,62,1124,776,534,348,1,-1,-1,-1
1293,62,1150,784,593,371,1,-1,-1,-1
1294,62,1190,779,627,394,1,-1,-1,-1
1295,62,1235,787,679,418,1,-1,-1,-1
1296,62,1285,792,760,446,1,-1,-1,-1
1297,62,1324,787,800,500,1,-1,-1,-1
1298,62,1391,809,933,536,1,-1,-1,-1
1299,62,1466,799,1034,616,1,-1,-1,-1
1300,62,1505,792,1054,663,1,-1,-1,-1
1301,62,1616,789,943,720,1,-1,-1,-1
1302,62,1718,794,841,777,1,-1,-1,-1
1464,63,1842,742,717,360,1,-1,-1,-1
1465,63,1716,736,797,360,1,-1,-1,-1
1466,63,1642,744,796,353,1,-1,-1,-1
1467,63,1516,742,802,354,1,-1,-1,-1
1468,63,1370,771,800,339,1,-1,-1,-1
1469,63,1297,786,745,334,1,-1,-1,-1
1470,63,1231,798,695,338,1,-1,-1,-1
1471,63,992,856,630,308,1,-1,-1,-1
1472,63,924,864,604,318,1,-1,-1,-1
1473,63,829,887,609,311,1,-1,-1,-1
1474,63,778,903,589,319,1,-1,-1,-1
1475,63,678,933,594,302,1,-1,-1,-1
1476,63,615,948,586,299,1,-1,-1,-1
1477,63,530,970,572,301,1,-1,-1,-1
1478,63,475,989,551,290,1,-1,-1,-1
1479,63,380,1021,544,270,1,-1,-1,-1
1480,63,302,1026,557,285,1,-1,-1,-1
1481,63,310,1049,482,247,1,-1,-1,-1
1635,64,661,764,137,104,1,-1,-1,-1
1636,64,668,756,144,114,1,-1,-1,-1
1637,64,678,760,158,113,1,-1,-1,-1
1638,64,688,761,161,115,1,-1,-1,-1
1639,64,695,760,168,118,1,-1,-1,-1
1640,64,698,762,182,119,1,-1,-1,-1
1641,64,710,764,185,121,1,-1,-1,-1
1642,64,726,763,177,125,1,-1,-1,-1
1643,64,739,763,182,128,1,-1,-1,-1
1644,64,753,765,175,127,1,-1,-1,-1
1645,64,760,763,176,136,1,-1,-1,-1
1646,64,769,761,183,141,1,-1,-1,-1
1647,64,781,762,189,144,1,-1,-1,-1
1648,64,794,760,186,153,1,-1,-1,-1
1649,64,803,762,191,157,1,-1,-1,-1
1650,64,813,766,197,157,1,-1,-1,-1
1651,64,826,768,196,162,1,-1,-1,-1
1652,64,836,767,214,168,1,-1,-1,-1
1653,64,846,767,217,173,1,-1,-1,-1
1654,64,861,771,228,171,1,-1,-1,-1
1655,64,878,769,227,182,1,-1,-1,-1
1656,64,887,774,240,182,1,-1,-1,-1
1657,64,907,775,246,187,1,-1,-1,-1
1658,64,919,776,274,199,1,-1,-1,-1
1659,64,938,777,294,204,1,-1,-1,-1
1660,64,963,780,306,214,1,-1,-1,-1
1661,64,983,778,321,228,1,-1,-1,-1
1662,64,1008,781,349,233,1,-1,-1,-1
1663,64,1037,782,362,250,1,-1,-1,-1
1664,64,1073,786,391,267,1,-1,-1,-1
1665,64,1106,793,443,268,1,-1,-1,-1
1666,64,1145,797,503,287,1,-1,-1,-1
1667,64,1191,794,537,313,1,-1,-1,-1
1668,64,1245,797,585,339,1,-1,-1,-1
1669,64,1307,795,663,380,1,-1,-1,-1
1670,64,1372,799,736,422,1,-1,-1,-1
1671,64,1460,797,816,472,1,-1,-1,-1
1672,64,1570,806,935,522,1,-1,-1,-1
1673,64,1684,801,875,608,1,-1,-1,-1
1789,65,660,761,148,118,1,-1,-1,-1
1790,65,666,762,153,119,1,-1,-1,-1
1791,65,670,761,168,126,1,-1,-1,-1
1792,65,682,764,170,126,1,-1,-1,-1
1793,65,692,768,172,125,1,-1,-1,-1
1794,65,697,766,180,132,1,-1,-1,-1
1795,65,699,764,195,133,1,-1,-1,-1
1796,65,709,765,195,138,1,-1,-1,-1
1797,65,717,764,193,144,1,-1,-1,-1
1798,65,738,764,184,146,1,-1,-1,-1
1799,65,748,766,188,149,1,-1,-1,-1
1800,65,760,767,195,154,1,-1,-1,-1
1801,65,772,767,192,162,1,-1,-1,-1
1802,65,783,764,196,165,1,-1,-1,-1
1803,65,793,767,201,170,1,-1,-1,-1
1804,65,806,767,206,173,1,-1,-1,-1
1805,65,816,768,214,185,1,-1,-1,-1
1806,65,831,771,220,183,1,-1,-1,-1
1807,65,842,767,231,191,1,-1,-1,-1
1808,65,858,770,233,194,1,-1,-1,-1
1809,65,869,773,241,200,1,-1,-1,-1
1810,65,881,774,266,208,1,-1,-1,-1
1811,65,903,777,282,217,1,-1,-1,-1
1812,65,922,777,290,227,1,-1,-1,-1
1813,65,942,779,312,238,1,-1,-1,-1
1814,65,969,781,322,250,1,-1,-1,-1
1815,65,992,782,354,262,1,-1,-1,-1
1816,65,1017,783,376,282,1,-1,-1,-1
1817,65,1044,789,417,289,1,-1,-1,-1
1818,65,1078,788,433,314,1,-1,-1,-1
1819,65,1120,788,484,335,1,-1,-1,-1
1820,65,1167,796,567,362,1,-1,-1,-1
1821,65,1214,791,634,391,1,-1,-1,-1
1822,65,1287,800,671,435,1,-1,-1,-1
1823,65,1380,792,730,488,1,-1,-1,-1
1824,65,1463,798,832,565,1,-1,-1,-1
1825,65,1547,807,993,631,1,-1,-1,-1
1826,65,1681,811,878,723,1,-1,-1,-1
2126,66,1994,613,565,358,1,-1,-1,-1
2127,66,1892,606,653,361,1,-1,-1,-1
2128,66,1835,591,679,369,1,-1,-1,-1
2129,66,1806,593,681,355,1,-1,-1,-1
2130,66,1729,596,660,342,1,-1,-1,-1
2131,66,1679,594,629,333,1,-1,-1,-1
2132,66,1625,602,598,325,1,-1,-1,-1
2133,66,1584,602,553,315,1,-1,-1,-1
2134,66,1540,608,529,303,1,-1,-1,-1
2135,66,1497,612,501,289,1,-1,-1,-1
2136,66,1477,617,458,268,1,-1,-1,-1
2137,66,1453,624,417,258,1,-1,-1,-1
2138,66,1414,626,407,249,1,-1,-1,-1
2139,66,1384,633,385,239,1,-1,-1,-1
2140,66,1356,633,365,237,1,-1,-1,-1
2141,66,1338,639,344,229,1,-1,-1,-1
2142,66,1308,644,338,222,1,-1,-1,-1
2143,66,1276,646,325,217,1,-1,-1,-1
2144,66,1265,649,312,215,1,-1,-1,-1
2145,66,1246,650,288,206,1,-1,-1,-1
2146,66,1218,650,288,202,1,-1,-1,-1
2147,66,1198,655,279,199,1,-1,-1,-1
2148,66,1178,659,261,192,1,-1,-1,-1
2149,66,1161,657,265,195,1,-1,-1,-1
2150,66,1144,658,252,197,1,-1,-1,-1
2151,66,1124,660,241,192,1,-1,-1,-1
2152,66,1111,663,233,183,1,-1,-1,-1
2153,66,1093,665,225,183,1,-1,-1,-1
2154,66,1078,665,232,183,1,-1,-1,-1
2155,66,1064,662,225,182,1,-1,-1,-1
2156,66,1055,665,219,177,1,-1,-1,-1
2157,66,1042,671,215,173,1,-1,-1,-1
2158,66,1030,681,212,158,1,-1,-1,-1
2159,66,1016,681,206,162,1,-1,-1,-1
2160,66,1004,684,206,155,1,-1,-1,-1
2161,66,995,685,194,151,1,-1,-1,-1
2162,66,974,690,201,146,1,-1,-1,-1
2163,66,966,689,194,144,1,-1,-1,-1
2164,66,956,691,187,145,1,-1,-1,-1
2165,66,939,697,183,138,1,-1,-1,-1
2166,66,927,694,176,144,1,-1,-1,-1
2167,66,918,692,178,145,1,-1,-1,-1
2168,66,900,698,178,137,1,-1,-1,-1
2169,66,898,695,172,140,1,-1,-1,-1
2170,66,881,700,170,134,1,-1,-1,-1
2171,66,874,701,168,134,1,-1,-1,-1
2172,66,864,703,165,131,1,-1,-1,-1
2173,66,854,702,168,135,1,-1,-1,-1
2174,66,841,707,163,131,1,-1,-1,-1
2175,66,831,710,163,126,1,-1,-1,-1
2176,66,827,713,151,123,1,-1,-1,-1
2177,66,817,709,152,127,1,-1,-1,-1
2178,66,806,714,152,123,1,-1,-1,-1
2179,66,795,721,152,116,1,-1,-1,-1
2180,66,789,719,150,120,1,-1,-1,-1
2181,66,780,723,154,114,1,-1,-1,-1
2182,66,770,725,146,111,1,-1,-1,-1
2183,66,768,725,139,112,1,-1,-1,-1
2184,66,760,726,136,109,1,-1,-1,-1
2185,66,754,726,135,111,1,-1,-1,-1
2186,66,744,732,133,103,1,-1,-1,-1
2187,66,731,732,138,102,1,-1,-1,-1
2188,66,729,731,138,103,1,-1,-1,-1
2189,66,717,734,139,100,1,-1,-1,-1
2266,67,668,771,157,125,1,-1,-1,-1
2267,67,672,772,168,123,1,-1,-1,-1
2268,67,681,771,174,130,1,-1,-1,-1
2269,67,686,777,183,133,1,-1,-1,-1
2270,67,693,775,190,134,1,-1,-1,-1
2271,67,700,777,193,139,1,-1,-1,-1
2272,67,707,778,195,145,1,-1,-1,-1
2273,67,727,780,186,143,1,-1,-1,-1
2274,67,744,780,184,146,1,-1,-1,-1
2275,67,759,783,192,147,1,-1,-1,-1
2276,67,767,782,199,153,1,-1,-1,-1
2277,67,780,787,189,156,1,-1,-1,-1
2278,67,790,787,194,159,1,-1,-1,-1
2279,67,805,791,191,163,1,-1,-1,-1
2280,67,815,796,198,166,1,-1,-1,-1
2281,67,827,798,206,172,1,-1,-1,-1
2282,67,838,798,218,182,1,-1,-1,-1
2283,67,850,801,222,183,1,-1,-1,-1
2284,67,861,800,230,195,1,-1,-1,-1
2285,67,883,805,232,194,1,-1,-1,-1
2286,67,903,808,245,201,1,-1,-1,-1
2287,67,918,808,257,214,1,-1,-1,-1
2288,67,944,817,266,221,1,-1,-1,-1
2289,67,963,824,286,233,1,-1,-1,-1
2290,67,986,829,311,250,1,-1,-1,-1
2291,67,1008,829,353,269,1,-1,-1,-1
2292,67,1040,842,390,269,1,-1,-1,-1
2293,67,1069,842,424,304,1,-1,-1,-1
2294,67,1114,852,465,320,1,-1,-1,-1
2295,67,1152,861,534,349,1,-1,-1,-1
2296,67,1216,859,573,384,1,-1,-1,-1
2297,67,1285,883,650,403,1,-1,-1,-1
2298,67,1359,881,724,466,1,-1,-1,-1
2299,67,1456,888,843,538,1,-1,-1,-1
2300,67,1578,934,981,576,1,-1,-1,-1
2301,67,1669,919,890,641,1,-1,-1,-1
2365,68,1534,653,558,274,1,-1,-1,-1
2366,68,1478,658,502,252,1,-1,-1,-1
2367,68,1442,666,428,237,1,-1,-1,-1
2368,68,1392,668,386,224,1,-1,-1,-1
2369,68,1358,673,342,211,1,-1,-1,-1
2370,68,1309,678,323,201,1,-1,-1,-1
2371,68,1278,688,309,189,1,-1,-1,-1
2372,68,1242,687,289,185,1,-1,-1,-1
2373,68,1209,690,277,179,1,-1,-1,-1
2374,68,1184,689,258,176,1,-1,-1,-1
2375,68,1167,687,252,173,1,-1,-1,-1
2376,68,1142,690,244,168,1,-1,-1,-1
2376,69,640,766,133,116,1,-1,-1,-1
2377,68,1120,691,235,165,1,-1,-1,-1
2377,69,649,764,137,117,1,-1,-1,-1
2378,68,1104,694,221,158,1,-1,-1,-1
2378,69,651,764,157,118,1,-1,-1,-1
2379,68,1091,695,209,152,1,-1,-1,-1
2379,69,656,765,158,120,1,-1,-1,-1
2380,68,1073,697,211,147,1,-1,-1,-1
2380,69,667,765,158,120,1,-1,-1,-1
2381,68,1057,697,203,146,1,-1,-1,-1
2381,69,673,766,168,121,1,-1,-1,-1
2382,68,1038,701,196,140,1,-1,-1,-1
2382,69,683,765,169,126,1,-1,-1,-1
2383,68,1015,707,189,131,1,-1,-1,-1
2383,69,691,765,170,123,1,-1,-1,-1
2384,69,696,765,173,128,1,-1,-1,-1
2384,68,1006,707,180,131,1,-1,-1,-1
2385,69,703,772,182,128,1,-1,-1,-1
2385,68,990,708,185,127,1,-1,-1,-1
2386,69,714,769,178,130,1,-1,-1,-1
2386,68,970,712,177,120,1,-1,-1,-1
2387,69,719,766,182,137,1,-1,-1,-1
2387,68,961,707,178,126,1,-1,-1,-1
2388,69,730,766,184,138,1,-1,-1,-1
2388,68,946,715,170,116,1,-1,-1,-1
2389,69,743,766,182,141,1,-1,-1,-1
2389,68,938,712,169,120,1,-1,-1,-1
2390,69,754,766,181,143,1,-1,-1,-1
2390,68,926,714,165,116,1,-1,-1,-1
2391,69,761,766,189,149,1,-1,-1,-1
2391,68,912,711,162,119,1,-1,-1,-1
2392,69,769,766,194,155,1,-1,-1,-1
2392,68,907,713,151,119,1,-1,-1,-1
2393,69,778,769,196,157,1,-1,-1,-1
2394,69,790,769,190,159,1,-1,-1,-1
2395,69,801,768,197,163,1,-1,-1,-1
2396,69,810,763,205,168,1,-1,-1,-1
2397,69,820,764,206,174,1,-1,-1,-1
2398,69,830,764,212,177,1,-1,-1,-1
2399,69,843,771,220,175,1,-1,-1,-1
2400,69,851,771,224,182,1,-1,-1,-1
2401,69,863,773,229,188,1,-1,-1,-1
2402,69,875,775,229,190,1,-1,-1,-1
2403,69,886,773,242,197,1,-1,-1,-1
2404,69,906,776,248,200,1,-1,-1,-1
2405,69,920,781,267,202,1,-1,-1,-1
2406,69,934,781,278,212,1,-1,-1,-1
2407,69,945,784,299,221,1,-1,-1,-1
2408,69,967,787,310,234,1,-1,-1,-1
2409,69,989,790,322,243,1,-1,-1,-1
2410,69,1010,793,347,259,1,-1,-1,-1
2411,69,1028,797,377,270,1,-1,-1,-1
2412,69,1048,798,406,283,1,-1,-1,-1
2413,69,1081,802,447,303,1,-1,-1,-1
2414,69,1105,804,486,323,1,-1,-1,-1
