656,88,1483,445,436,246,1,-1,-1,-1
657,88,1437,449,482,236,1,-1,-1,-1
658,88,1415,448,498,232,1,-1,-1,-1
659,88,1344,455,532,237,1,-1,-1,-1
660,88,1289,460,556,240,1,-1,-1,-1
661,88,1246,466,548,244,1,-1,-1,-1
662,88,1220,465,549,241,1,-1,-1,-1
663,88,1169,475,515,236,1,-1,-1,-1
664,88,1127,480,528,226,1,-1,-1,-1
665,88,1072,483,533,219,1,-1,-1,-1
666,88,1011,487,558,215,1,-1,-1,-1
667,88,974,493,523,209,1,-1,-1,-1
668,88,914,496,528,201,1,-1,-1,-1
669,88,864,494,525,201,1,-1,-1,-1
670,88,826,494,519,199,1,-1,-1,-1
671,88,803,492,505,200,1,-1,-1,-1
672,88,747,491,498,201,1,-1,-1,-1
673,88,710,485,485,205,1,-1,-1,-1
674,88,690,482,462,206,1,-1,-1,-1
675,88,660,476,463,208,1,-1,-1,-1
676,88,633,469,435,204,1,-1,-1,-1
677,88,603,464,415,203,1,-1,-1,-1
678,88,599,462,379,198,1,-1,-1,-1
679,88,583,456,350,196,1,-1,-1,-1
680,88,572,455,338,195,1,-1,-1,-1
681,88,556,449,320,190,1,-1,-1,-1
682,88,549,446,306,195,1,-1,-1,-1
683,88,552,436,276,191,1,-1,-1,-1
684,88,547,435,268,189,1,-1,-1,-1
685,88,550,431,252,189,1,-1,-1,-1
686,88,549,430,246,186,1,-1,-1,-1
687,88,544,425,241,185,1,-1,-1,-1
688,88,546,420,233,184,1,-1,-1,-1
689,88,546,420,223,177,1,-1,-1,-1
690,88,547,416,218,177,1,-1,-1,-1
691,88,545,412,215,174,1,-1,-1,-1
692,88,546,409,205,171,1,-1,-1,-1
693,88,547,405,201,168,1,-1,-1,-1
694,88,545,401,203,171,1,-1,-1,-1
695,88,546,400,196,164,1,-1,-1,-1
696,88,546,397,193,162,1,-1,-1,-1
697,88,547,393,190,158,1,-1,-1,-1
698,88,548,391,187,159,1,-1,-1,-1
699,88,546,389,185,155,1,-1,-1,-1
700,88,546,384,182,155,1,-1,-1,-1
701,88,546,380,181,154,1,-1,-1,-1
702,88,544,376,178,154,1,-1,-1,-1
703,88,543,374,180,152,1,-1,-1,-1
704,88,543,371,178,148,1,-1,-1,-1
705,88,544,369,174,146,1,-1,-1,-1
706,88,545,367,171,143,1,-1,-1,-1
707,88,543,365,173,143,1,-1,-1,-1
708,88,545,361,172,142,1,-1,-1,-1
709,88,549,357,167,139,1,-1,-1,-1
710,88,548,355,166,137,1,-1,-1,-1
711,88,550,352,165,138,1,-1,-1,-1
712,88,551,350,162,137,1,-1,-1,-1
713,88,552,347,163,134,1,-1,-1,-1
714,88,552,347,160,132,1,-1,-1,-1
715,88,554,344,159,131,1,-1,-1,-1
716,88,554,339,156,132,1,-1,-1,-1
717,88,553,339,161,128,1,-1,-1,-1
718,88,554,338,158,128,1,-1,-1,-1
719,88,555,333,154,129,1,-1,-1,-1
720,88,559,331,150,129,1,-1,-1,-1
721,88,559,326,150,128,1,-1,-1,-1
722,88,560,325,148,127,1,-1,-1,-1
723,88,560,323,148,123,1,-1,-1,-1
724,88,560,321,148,124,1,-1,-1,-1
725,88,561,319,146,123,1,-1,-1,-1
726,88,560,319,145,121,1,-1,-1,-1
727,88,561,317,143,120,1,-1,-1,-1
728,88,561,315,145,119,1,-1,-1,-1
729,88,562,316,140,116,1,-1,-1,-1
730,88,561,314,141,114,1,-1,-1,-1
731,88,563,313,139,114,1,-1,-1,-1
732,88,563,309,137,117,1,-1,-1,-1
733,88,562,305,139,119,1,-1,-1,-1
734,88,562,304,139,117,1,-1,-1,-1
735,88,562,304,137,114,1,-1,-1,-1
736,88,561,301,138,116,1,-1,-1,-1
737,88,564,302,135,112,1,-1,-1,-1
738,88,566,301,131,110,1,-1,-1,-1
739,88,565,300,132,109,1,-1,-1,-1
740,88,566,299,130,108,1,-1,-1,-1
741,88,567,299,128,106,1,-1,-1,-1
742,88,568,298,127,105,1,-1,-1,-1
743,88,568,296,127,106,1,-1,-1,-1
744,88,565,294,129,105,1,-1,-1,-1
745,88,564,292,129,105,1,-1,-1,-1
746,88,563,292,129,107,1,-1,-1,-1
747,88,566,289,124,106,1,-1,-1,-1
748,88,567,287,122,105,1,-1,-1,-1
749,88,567,286,123,105,1,-1,-1,-1
750,88,568,287,122,102,1,-1,-1,-1
751,88,569,284,122,104,1,-1,-1,-1
752,88,570,282,123,105,1,-1,-1,-1
753,88,571,283,124,103,1,-1,-1,-1
754,88,573,282,123,103,1,-1,-1,-1
755,88,575,280,119,103,1,-1,-1,-1
756,88,576,279,118,102,1,-1,-1,-1
757,88,573,277,122,103,1,-1,-1,-1
758,88,574,277,118,102,1,-1,-1,-1
759,88,568,275,125,106,1,-1,-1,-1
760,88,563,275,125,102,1,-1,-1,-1
761,88,558,274,126,101,1,-1,-1,-1
762,88,552,273,125,101,1,-1,-1,-1
763,88,545,271,127,104,1,-1,-1,-1
764,88,535,271,132,104,1,-1,-1,-1
765,88,525,272,133,102,1,-1,-1,-1
949,89,798,748,520,324,1,-1,-1,-1
950,89,827,733,470,341,1,-1,-1,-1
951,89,840,709,432,357,1,-1,-1,-1
952,89,830,693,427,345,1,-1,-1,-1
953,89,837,683,405,326,1,-1,-1,-1
954,89,845,675,393,307,1,-1,-1,-1
955,89,861,655,396,311,1,-1,-1,-1
956,89,883,632,411,312,1,-1,-1,-1
957,89,916,625,416,315,1,-1,-1,-1
958,89,935,611,440,301,1,-1,-1,-1
959,89,991,607,448,288,1,-1,-1,-1
960,89,1031,601,456,279,1,-1,-1,-1
961,89,1083,595,472,268,1,-1,-1,-1
962,89,1090,581,513,280,1,-1,-1,-1
963,89,1185,572,486,266,1,-1,-1,-1
964,89,1224,564,511,257,1,-1,-1,-1
965,89,1277,544,531,265,1,-1,-1,-1
966,89,1332,530,554,261,1,-1,-1,-1
967,89,1428,514,491,257,1,-1,-1,-1
968,89,1485,500,434,250,1,-1,-1,-1
1104,90,133,545,368,268,1,-1,-1,-1
1105,90,141,545,391,276,1,-1,-1,-1
1106,90,155,547,432,274,1,-1,-1,-1
1107,90,184,545,454,281,1,-1,-1,-1
1108,90,199,546,482,280,1,-1,-1,-1
1109,90,207,541,546,287,1,-1,-1,-1
1110,90,242,542,555,283,1,-1,-1,-1
1111,90,259,542,624,283,1,-1,-1,-1
1112,90,285,548,684,281,1,-1,-1,-1
1113,90,353,551,692,283,1,-1,-1,-1
1114,90,403,553,722,289,1,-1,-1,-1
1115,90,489,554,762,284,1,-1,-1,-1
1116,90,556,555,753,285,1,-1,-1,-1
1117,90,653,556,734,278,1,-1,-1,-1
1118,90,731,565,732,265,1,-1,-1,-1
1119,90,823,569,724,259,1,-1,-1,-1
1120,90,968,574,652,242,1,-1,-1,-1
1121,90,1026,565,674,246,1,-1,-1,-1
1122,90,1096,551,673,262,1,-1,-1,-1
1123,90,1187,545,652,266,1,-1,-1,-1
1124,90,1318,536,596,259,1,-1,-1,-1
1125,90,1401,521,518,260,1,-1,-1,-1
1126,90,1452,505,467,266,1,-1,-1,-1
1540,91,519,271,130,111,1,-1,-1,-1
1541,91,520,273,127,112,1,-1,-1,-1
1542,91,518,275,129,113,1,-1,-1,-1
1543,91,517,275,129,114,1,-1,-1,-1
1544,91,516,276,131,116,1,-1,-1,-1
1545,91,516,280,132,114,1,-1,-1,-1
1546,91,515,278,135,117,1,-1,-1,-1
1547,91,511,282,138,119,1,-1,-1,-1
1548,91,513,283,136,121,1,-1,-1,-1
1549,91,512,285,136,124,1,-1,-1,-1
1550,91,507,285,140,126,1,-1,-1,-1
1551,91,509,288,139,126,1,-1,-1,-1
1552,91,506,290,141,128,1,-1,-1,-1
1553,91,506,293,142,128,1,-1,-1,-1
1554,91,506,294,141,127,1,-1,-1,-1
1555,91,504,296,147,126,1,-1,-1,-1
1556,91,505,299,145,127,1,-1,-1,-1
1557,91,506,302,145,128,1,-1,-1,-1
1558,91,503,301,147,132,1,-1,-1,-1
1559,91,504,304,148,133,1,-1,-1,-1
1560,91,501,305,151,136,1,-1,-1,-1
1561,91,498,305,153,140,1,-1,-1,-1
1562,91,501,307,153,143,1,-1,-1,-1
1563,91,497,311,156,141,1,-1,-1,-1
1564,91,499,314,155,140,1,-1,-1,-1
1565,91,498,317,158,141,1,-1,-1,-1
1566,91,495,319,162,143,1,-1,-1,-1
1567,91,494,322,160,146,1,-1,-1,-1
1568,91,491,324,164,147,1,-1,-1,-1
1569,91,487,326,167,149,1,-1,-1,-1
1570,91,486,327,170,152,1,-1,-1,-1
1571,91,487,331,171,152,1,-1,-1,-1
1572,91,484,335,173,152,1,-1,-1,-1
1573,91,480,337,177,156,1,-1,-1,-1
1574,91,474,337,182,160,1,-1,-1,-1
1575,91,473,343,181,159,1,-1,-1,-1
1576,91,467,344,189,166,1,-1,-1,-1
1577,91,465,348,190,168,1,-1,-1,-1
1578,91,461,350,193,169,1,-1,-1,-1
1579,91,460,356,195,169,1,-1,-1,-1
1580,91,460,359,196,173,1,-1,-1,-1
1581,91,455,362,200,174,1,-1,-1,-1
1582,91,452,365,204,176,1,-1,-1,-1
1583,91,447,368,208,183,1,-1,-1,-1
1584,91,441,370,215,189,1,-1,-1,-1
1585,91,438,377,218,188,1,-1,-1,-1
1586,91,437,378,218,189,1,-1,-1,-1
1587,91,434,380,221,195,1,-1,-1,-1
1588,91,432,386,224,193,1,-1,-1,-1
1589,91,430,388,222,199,1,-1,-1,-1
1590,91,424,390,232,202,1,-1,-1,-1
1591,91,418,398,239,203,1,-1,-1,-1
1592,91,416,400,242,211,1,-1,-1,-1
1593,91,414,403,246,213,1,-1,-1,-1
1594,91,416,404,245,217,1,-1,-1,-1
1595,91,415,408,252,219,1,-1,-1,-1
1596,91,414,411,261,226,1,-1,-1,-1
1597,91,417,413,265,226,1,-1,-1,-1
1598,91,420,415,270,228,1,-1,-1,-1
1599,91,429,420,276,229,1,-1,-1,-1
1600,91,439,423,286,231,1,-1,-1,-1
1601,91,452,426,298,235,1,-1,-1,-1
1602,91,449,427,317,236,1,-1,-1,-1
1603,91,456,430,338,239,1,-1,-1,-1
1604,91,469,430,351,239,1,-1,-1,-1
1605,91,486,429,378,248,1,-1,-1,-1
1606,91,505,431,393,252,1,-1,-1,-1
1607,91,524,434,427,255,1,-1,-1,-1
1608,91,554,438,461,258,1,-1,-1,-1
1609,91,587,440,490,263,1,-1,-1,-1
1610,91,621,451,524,258,1,-1,-1,-1
1611,91,671,453,550,264,1,-1,-1,-1
1612,91,725,451,573,276,1,-1,-1,-1
1613,91,773,453,631,275,1,-1,-1,-1
1614,91,823,459,652,272,1,-1,-1,-1
1615,91,894,460,665,268,1,-1,-1,-1
1616,91,973,462,677,261,1,-1,-1,-1
1617,91,1049,459,671,260,1,-1,-1,-1
1618,91,1107,454,710,268,1,-1,-1,-1
1619,91,1181,447,709,271,1,-1,-1,-1
1620,91,1273,439,636,264,1,-1,-1,-1
1621,91,1351,434,568,262,1,-1,-1,-1
