52,1,1591,339,320,160,1,-1,-1,-1
53,1,1534,339,371,162,1,-1,-1,-1
54,1,1464,337,409,165,1,-1,-1,-1
55,1,1408,338,412,165,1,-1,-1,-1
56,1,1345,337,414,166,1,-1,-1,-1
57,1,1272,337,425,167,1,-1,-1,-1
58,1,1212,334,414,171,1,-1,-1,-1
59,1,1136,334,427,171,1,-1,-1,-1
60,1,1067,331,446,172,1,-1,-1,-1
61,1,989,334,433,173,1,-1,-1,-1
62,1,936,334,416,172,1,-1,-1,-1
63,1,872,339,412,169,1,-1,-1,-1
64,1,807,335,422,174,1,-1,-1,-1
65,1,709,339,421,170,1,-1,-1,-1
66,1,607,340,439,171,1,-1,-1,-1
67,1,541,341,416,172,1,-1,-1,-1
68,1,450,338,446,177,1,-1,-1,-1
69,1,360,346,417,171,1,-1,-1,-1
70,1,290,349,411,169,1,-1,-1,-1
71,1,208,350,402,171,1,-1,-1,-1
72,1,116,352,419,174,1,-1,-1,-1
73,1,47,351,400,175,1,-1,-1,-1
74,1,0,358,369,171,1,-1,-1,-1
75,1,4,364,295,160,1,-1,-1,-1
87,2,1192,295,460,223,1,-1,-1,-1
88,2,1121,320,429,191,1,-1,-1,-1
89,2,1065,331,436,183,1,-1,-1,-1
90,2,986,331,442,181,1,-1,-1,-1
91,2,920,333,436,180,1,-1,-1,-1
92,2,847,334,441,180,1,-1,-1,-1
93,2,782,333,437,176,1,-1,-1,-1
94,2,693,337,439,181,1,-1,-1,-1
95,2,604,337,447,179,1,-1,-1,-1
96,2,526,335,442,184,1,-1,-1,-1
97,2,461,339,418,181,1,-1,-1,-1
98,2,376,341,434,182,1,-1,-1,-1
99,2,283,345,441,180,1,-1,-1,-1
100,2,211,347,431,179,1,-1,-1,-1
101,2,135,347,442,186,1,-1,-1,-1
102,2,60,345,415,184,1,-1,-1,-1
103,2,0,350,385,184,1,-1,-1,-1
104,2,0,361,339,169,1,-1,-1,-1
105,2,0,363,252,167,1,-1,-1,-1
90,3,1346,174,531,298,1,-1,-1,-1
91,3,1311,172,580,305,1,-1,-1,-1
92,3,1276,172,596,306,1,-1,-1,-1
93,3,1275,170,632,313,1,-1,-1,-1
94,3,1213,173,628,309,1,-1,-1,-1
95,3,1179,173,602,307,1,-1,-1,-1
96,3,1150,176,464,298,1,-1,-1,-1
97,3,1118,173,530,303,1,-1,-1,-1
98,3,1088,173,552,304,1,-1,-1,-1
99,3,1046,173,611,307,1,-1,-1,-1
100,3,1014,173,583,306,1,-1,-1,-1
101,3,975,170,627,309,1,-1,-1,-1
102,3,936,171,581,307,1,-1,-1,-1
103,3,904,172,479,302,1,-1,-1,-1
104,3,867,172,573,307,1,-1,-1,-1
105,3,801,180,544,300,1,-1,-1,-1
106,3,763,180,449,304,1,-1,-1,-1
107,3,716,187,432,298,1,-1,-1,-1
108,3,673,189,425,297,1,-1,-1,-1
109,3,646,189,411,303,1,-1,-1,-1
110,3,607,191,400,301,1,-1,-1,-1
111,3,561,190,389,300,1,-1,-1,-1
112,3,517,186,385,307,1,-1,-1,-1
113,3,496,194,360,310,1,-1,-1,-1
100,4,1598,362,304,155,1,-1,-1,-1
101,4,1530,361,364,154,1,-1,-1,-1
102,4,1462,359,393,153,1,-1,-1,-1
103,4,1395,356,403,155,1,-1,-1,-1
104,4,1329,358,389,156,1,-1,-1,-1
105,4,1242,358,419,153,1,-1,-1,-1
106,4,1187,360,387,154,1,-1,-1,-1
107,4,1098,357,399,158,1,-1,-1,-1
108,4,1016,359,427,156,1,-1,-1,-1
109,4,932,361,402,158,1,-1,-1,-1
110,4,851,361,403,155,1,-1,-1,-1
111,4,750,361,424,159,1,-1,-1,-1
112,4,675,362,398,158,1,-1,-1,-1
113,4,598,365,414,153,1,-1,-1,-1
114,4,520,372,393,150,1,-1,-1,-1
115,4,456,371,400,150,1,-1,-1,-1
116,4,380,373,401,151,1,-1,-1,-1
117,4,258,375,401,154,1,-1,-1,-1
118,4,148,377,412,155,1,-1,-1,-1
119,4,77,377,395,159,1,-1,-1,-1
120,4,6,380,374,155,1,-1,-1,-1
121,4,0,383,332,153,1,-1,-1,-1
124,5,33,517,451,270,1,-1,-1,-1
125,5,19,511,517,279,1,-1,-1,-1
126,5,49,502,583,285,1,-1,-1,-1
127,5,94,508,549,280,1,-1,-1,-1
128,5,60,504,700,292,1,-1,-1,-1
129,5,108,496,717,295,1,-1,-1,-1
130,5,172,496,733,299,1,-1,-1,-1
131,5,305,500,611,286,1,-1,-1,-1
132,5,374,499,622,290,1,-1,-1,-1
133,5,385,486,727,303,1,-1,-1,-1
134,5,465,489,705,301,1,-1,-1,-1
135,5,582,489,649,290,1,-1,-1,-1
136,5,620,481,730,307,1,-1,-1,-1
137,5,709,488,728,302,1,-1,-1,-1
138,5,890,494,579,287,1,-1,-1,-1
139,5,967,490,611,286,1,-1,-1,-1
140,5,1056,488,609,284,1,-1,-1,-1
141,5,1101,480,646,292,1,-1,-1,-1
142,5,1193,478,641,291,1,-1,-1,-1
143,5,1285,477,634,292,1,-1,-1,-1
144,5,1356,487,563,281,1,-1,-1,-1
145,5,1443,487,476,277,1,-1,-1,-1
126,6,1513,363,359,146,1,-1,-1,-1
127,6,1430,360,346,147,1,-1,-1,-1
128,6,1313,362,350,147,1,-1,-1,-1
129,6,1185,361,373,145,1,-1,-1,-1
130,6,1083,361,342,148,1,-1,-1,-1
131,6,956,362,360,149,1,-1,-1,-1
132,6,840,362,366,148,1,-1,-1,-1
133,6,728,362,359,149,1,-1,-1,-1
134,6,590,368,390,151,1,-1,-1,-1
135,6,482,371,371,148,1,-1,-1,-1
136,6,343,370,391,152,1,-1,-1,-1
137,6,261,374,355,150,1,-1,-1,-1
138,6,166,383,335,145,1,-1,-1,-1
137,7,15,453,343,228,1,-1,-1,-1
138,7,9,452,359,228,1,-1,-1,-1
139,7,8,449,404,229,1,-1,-1,-1
140,7,21,449,459,235,1,-1,-1,-1
141,7,37,440,500,244,1,-1,-1,-1
142,7,72,436,525,247,1,-1,-1,-1
143,7,131,436,511,246,1,-1,-1,-1
144,7,179,432,521,250,1,-1,-1,-1
145,7,239,434,513,247,1,-1,-1,-1
146,7,268,436,536,249,1,-1,-1,-1
147,7,369,428,517,251,1,-1,-1,-1
148,7,420,430,519,247,1,-1,-1,-1
149,7,489,428,527,246,1,-1,-1,-1
150,7,595,420,506,257,1,-1,-1,-1
151,7,670,420,524,254,1,-1,-1,-1
152,7,755,418,517,254,1,-1,-1,-1
153,7,835,419,509,253,1,-1,-1,-1
154,7,922,417,500,255,1,-1,-1,-1
155,7,1019,424,498,247,1,-1,-1,-1
156,7,1098,416,509,254,1,-1,-1,-1
157,7,1197,427,488,244,1,-1,-1,-1
158,7,1287,417,503,252,1,-1,-1,-1
159,7,1388,416,497,254,1,-1,-1,-1
160,7,1463,425,456,242,1,-1,-1,-1
161,7,1515,434,404,235,1,-1,-1,-1
147,8,7,583,385,339,1,-1,-1,-1
148,8,15,593,459,347,1,-1,-1,-1
149,8,24,588,545,380,1,-1,-1,-1
150,8,34,603,631,385,1,-1,-1,-1
151,8,71,600,704,406,1,-1,-1,-1
152,8,133,625,746,395,1,-1,-1,-1
153,8,210,633,795,417,1,-1,-1,-1
154,8,303,633,832,446,1,-1,-1,-1
155,8,382,647,862,432,1,-1,-1,-1
156,8,466,679,880,400,1,-1,-1,-1
157,8,553,686,927,393,1,-1,-1,-1
150,9,1621,356,287,143,1,-1,-1,-1
151,9,1492,353,357,143,1,-1,-1,-1
152,9,1349,352,370,146,1,-1,-1,-1
153,9,1229,355,361,143,1,-1,-1,-1
154,9,1105,356,364,150,1,-1,-1,-1
156,10,800,362,338,148,1,-1,-1,-1
157,10,652,365,362,149,1,-1,-1,-1
158,10,512,362,363,154,1,-1,-1,-1
159,10,352,372,365,148,1,-1,-1,-1
160,10,223,374,356,150,1,-1,-1,-1
161,10,91,378,342,148,1,-1,-1,-1
162,10,0,386,323,145,1,-1,-1,-1
167,11,47,472,376,308,1,-1,-1,-1
168,11,48,477,478,298,1,-1,-1,-1
169,11,28,465,633,318,1,-1,-1,-1
170,11,79,460,714,319,1,-1,-1,-1
171,11,177,459,734,317,1,-1,-1,-1
172,11,296,458,719,317,1,-1,-1,-1
173,11,371,458,735,318,1,-1,-1,-1
174,11,499,453,747,323,1,-1,-1,-1
175,11,618,452,736,320,1,-1,-1,-1
176,11,763,456,701,317,1,-1,-1,-1
177,11,858,448,749,324,1,-1,-1,-1
178,11,973,455,749,315,1,-1,-1,-1
179,11,1113,452,682,316,1,-1,-1,-1
180,11,1159,447,733,326,1,-1,-1,-1
181,11,1313,447,602,316,1,-1,-1,-1
182,11,1441,457,472,311,1,-1,-1,-1
208,12,25,445,404,239,1,-1,-1,-1
209,12,71,431,552,262,1,-1,-1,-1
210,12,280,427,561,262,1,-1,-1,-1
211,12,428,423,641,260,1,-1,-1,-1
212,12,636,425,650,262,1,-1,-1,-1
213,12,883,423,603,261,1,-1,-1,-1
214,12,1087,424,637,262,1,-1,-1,-1
215,12,1327,425,578,250,1,-1,-1,-1
216,12,1490,431,424,242,1,-1,-1,-1
237,13,45,527,542,277,1,-1,-1,-1
238,13,275,513,588,291,1,-1,-1,-1
239,13,470,508,667,301,1,-1,-1,-1
240,13,737,504,656,297,1,-1,-1,-1
241,13,1008,508,646,290,1,-1,-1,-1
242,13,1340,513,560,271,1,-1,-1,-1
260,14,1473,355,392,149,1,-1,-1,-1
261,14,1358,352,371,151,1,-1,-1,-1
262,14,1223,351,377,150,1,-1,-1,-1
263,14,1095,351,361,151,1,-1,-1,-1
264,14,958,352,349,151,1,-1,-1,-1
265,14,813,356,363,150,1,-1,-1,-1
266,14,671,359,367,150,1,-1,-1,-1
267,14,537,357,363,154,1,-1,-1,-1
268,14,389,366,355,149,1,-1,-1,-1
269,14,265,368,352,146,1,-1,-1,-1
270,14,119,370,362,150,1,-1,-1,-1
271,14,12,375,344,145,1,-1,-1,-1
272,14,0,382,251,139,1,-1,-1,-1
287,15,83,497,631,306,1,-1,-1,-1
288,15,202,491,741,314,1,-1,-1,-1
289,15,452,489,731,317,1,-1,-1,-1
290,15,668,482,788,313,1,-1,-1,-1
291,15,937,479,746,317,1,-1,-1,-1
292,15,1176,474,727,320,1,-1,-1,-1
315,16,1635,349,276,128,1,-1,-1,-1
316,16,1525,348,317,131,1,-1,-1,-1
317,16,1407,345,326,133,1,-1,-1,-1
318,16,1284,347,323,129,1,-1,-1,-1
319,16,1161,344,319,136,1,-1,-1,-1
320,16,1040,350,324,131,1,-1,-1,-1
321,16,929,353,311,130,1,-1,-1,-1
322,16,806,354,335,131,1,-1,-1,-1
323,16,669,354,354,136,1,-1,-1,-1
324,16,547,356,339,134,1,-1,-1,-1
325,16,425,359,336,135,1,-1,-1,-1
326,16,303,363,342,134,1,-1,-1,-1
327,16,191,365,323,135,1,-1,-1,-1
328,16,79,370,326,133,1,-1,-1,-1
329,16,0,377,299,132,1,-1,-1,-1
335,17,16,475,424,225,1,-1,-1,-1
336,17,153,464,519,234,1,-1,-1,-1
337,17,403,461,534,231,1,-1,-1,-1
338,17,672,455,517,231,1,-1,-1,-1
339,17,906,456,536,229,1,-1,-1,-1
340,17,1189,453,503,232,1,-1,-1,-1
341,17,1423,458,496,220,1,-1,-1,-1
337,18,1473,343,398,163,1,-1,-1,-1
338,18,1379,337,398,169,1,-1,-1,-1
339,18,1274,341,398,165,1,-1,-1,-1
340,18,1147,336,416,170,1,-1,-1,-1
341,18,1053,343,392,166,1,-1,-1,-1
342,18,937,344,396,165,1,-1,-1,-1
343,18,824,344,397,169,1,-1,-1,-1
344,18,699,344,402,172,1,-1,-1,-1
345,18,584,343,415,176,1,-1,-1,-1
346,18,471,348,384,172,1,-1,-1,-1
347,18,331,352,411,175,1,-1,-1,-1
348,18,231,353,394,174,1,-1,-1,-1
349,18,116,356,374,171,1,-1,-1,-1
350,18,13,360,370,172,1,-1,-1,-1
351,18,0,368,299,166,1,-1,-1,-1
347,19,1591,343,301,132,1,-1,-1,-1
348,19,1448,339,339,137,1,-1,-1,-1
349,19,1307,339,351,136,1,-1,-1,-1
350,19,1174,337,351,140,1,-1,-1,-1
351,19,1046,340,340,137,1,-1,-1,-1
352,19,926,339,340,138,1,-1,-1,-1
353,19,780,341,346,142,1,-1,-1,-1
354,19,645,344,356,142,1,-1,-1,-1
355,19,505,348,334,138,1,-1,-1,-1
356,19,365,353,341,138,1,-1,-1,-1
357,19,235,354,322,144,1,-1,-1,-1
358,19,109,361,334,138,1,-1,-1,-1
359,19,0,369,306,132,1,-1,-1,-1
360,19,0,371,215,126,1,-1,-1,-1
353,20,10,523,383,264,1,-1,-1,-1
354,20,75,513,603,269,1,-1,-1,-1
355,20,271,512,619,267,1,-1,-1,-1
356,20,502,507,659,273,1,-1,-1,-1
357,20,776,500,675,278,1,-1,-1,-1
358,20,1035,500,663,275,1,-1,-1,-1
359,20,1286,492,626,270,1,-1,-1,-1
360,20,1504,519,403,245,1,-1,-1,-1
361,21,1569,322,332,152,1,-1,-1,-1
362,21,1420,322,357,152,1,-1,-1,-1
363,21,1285,318,358,153,1,-1,-1,-1
364,21,1150,318,360,155,1,-1,-1,-1
365,21,1018,326,357,149,1,-1,-1,-1
366,21,882,322,355,154,1,-1,-1,-1
367,21,729,325,370,157,1,-1,-1,-1
368,21,571,327,378,160,1,-1,-1,-1
369,21,434,331,372,162,1,-1,-1,-1
370,21,296,338,367,160,1,-1,-1,-1
371,21,154,345,347,155,1,-1,-1,-1
372,21,30,342,360,160,1,-1,-1,-1
373,21,0,354,272,146,1,-1,-1,-1
371,22,1569,339,328,165,1,-1,-1,-1
372,22,1437,337,430,170,1,-1,-1,-1
373,22,1287,339,428,166,1,-1,-1,-1
374,22,1127,334,443,172,1,-1,-1,-1
375,22,1000,329,437,177,1,-1,-1,-1
376,22,876,336,411,171,1,-1,-1,-1
377,22,726,337,430,175,1,-1,-1,-1
378,22,561,335,442,176,1,-1,-1,-1
379,22,427,340,432,175,1,-1,-1,-1
380,22,282,348,434,173,1,-1,-1,-1
381,22,113,350,433,174,1,-1,-1,-1
382,22,12,356,404,174,1,-1,-1,-1
383,22,0,365,283,162,1,-1,-1,-1
400,23,1491,346,380,159,1,-1,-1,-1
401,23,1353,344,368,159,1,-1,-1,-1
402,23,1194,344,359,163,1,-1,-1,-1
403,23,1040,350,357,159,1,-1,-1,-1
404,23,898,354,346,155,1,-1,-1,-1
405,23,736,355,362,158,1,-1,-1,-1
406,23,567,355,364,163,1,-1,-1,-1
407,23,422,357,368,162,1,-1,-1,-1
408,23,277,360,353,161,1,-1,-1,-1
409,23,128,364,349,162,1,-1,-1,-1
410,23,4,367,334,162,1,-1,-1,-1
419,24,898,237,71,64,1,-1,-1,-1
420,24,895,237,71,64,1,-1,-1,-1
421,24,895,238,71,64,1,-1,-1,-1
422,24,893,238,71,66,1,-1,-1,-1
423,24,894,237,71,67,1,-1,-1,-1
424,24,890,238,71,65,1,-1,-1,-1
425,24,888,238,74,67,1,-1,-1,-1
426,24,887,240,73,67,1,-1,-1,-1
427,24,885,241,74,68,1,-1,-1,-1
428,24,883,240,75,70,1,-1,-1,-1
429,24,882,238,74,72,1,-1,-1,-1
430,24,878,239,77,74,1,-1,-1,-1
431,24,877,239,77,74,1,-1,-1,-1
432,24,876,241,76,72,1,-1,-1,-1
433,24,873,243,78,72,1,-1,-1,-1
434,24,870,244,81,70,1,-1,-1,-1
435,24,867,245,85,72,1,-1,-1,-1
436,24,867,247,81,71,1,-1,-1,-1
437,24,865,247,84,70,1,-1,-1,-1
438,24,864,246,86,73,1,-1,-1,-1
439,24,862,246,89,73,1,-1,-1,-1
440,24,860,245,92,75,1,-1,-1,-1
441,24,860,246,94,74,1,-1,-1,-1
442,24,857,245,95,79,1,-1,-1,-1
443,24,855,245,95,80,1,-1,-1,-1
444,24,856,245,91,81,1,-1,-1,-1
445,24,856,244,96,83,1,-1,-1,-1
446,24,854,244,99,85,1,-1,-1,-1
447,24,853,244,100,86,1,-1,-1,-1
448,24,854,244,101,86,1,-1,-1,-1
449,24,853,244,99,87,1,-1,-1,-1
450,24,854,247,93,88,1,-1,-1,-1
451,24,854,246,93,90,1,-1,-1,-1
452,24,852,246,98,90,1,-1,-1,-1
453,24,853,246,96,92,1,-1,-1,-1
454,24,850,248,97,90,1,-1,-1,-1
455,24,854,250,94,89,1,-1,-1,-1
456,24,853,250,95,92,1,-1,-1,-1
457,24,851,250,97,92,1,-1,-1,-1
458,24,850,252,100,91,1,-1,-1,-1
459,24,852,252,97,93,1,-1,-1,-1
460,24,853,253,96,93,1,-1,-1,-1
461,24,852,254,97,93,1,-1,-1,-1
462,24,850,257,99,93,1,-1,-1,-1
463,24,851,258,98,94,1,-1,-1,-1
464,24,853,257,94,98,1,-1,-1,-1
465,24,852,258,98,98,1,-1,-1,-1
466,24,852,258,98,100,1,-1,-1,-1
467,24,851,259,100,97,1,-1,-1,-1
468,24,852,259,102,98,1,-1,-1,-1
469,24,851,260,105,101,1,-1,-1,-1
470,24,852,263,106,99,1,-1,-1,-1
471,24,852,266,107,97,1,-1,-1,-1
472,24,852,263,110,101,1,-1,-1,-1
473,24,852,263,111,103,1,-1,-1,-1
474,24,853,264,112,104,1,-1,-1,-1
475,24,854,268,112,101,1,-1,-1,-1
476,24,854,270,112,97,1,-1,-1,-1
477,24,856,273,109,97,1,-1,-1,-1
478,24,857,272,110,99,1,-1,-1,-1
479,24,857,273,113,100,1,-1,-1,-1
480,24,857,273,113,101,1,-1,-1,-1
481,24,858,274,116,103,1,-1,-1,-1
482,24,860,276,116,102,1,-1,-1,-1
483,24,861,278,117,103,1,-1,-1,-1
484,24,863,278,118,103,1,-1,-1,-1
485,24,865,279,117,105,1,-1,-1,-1
486,24,865,279,120,108,1,-1,-1,-1
487,24,864,280,122,108,1,-1,-1,-1
488,24,866,280,123,109,1,-1,-1,-1
489,24,867,279,125,111,1,-1,-1,-1
490,24,872,281,120,110,1,-1,-1,-1
491,24,873,281,118,111,1,-1,-1,-1
492,24,871,282,127,110,1,-1,-1,-1
493,24,875,284,123,111,1,-1,-1,-1
494,24,874,283,123,111,1,-1,-1,-1
495,24,873,284,129,112,1,-1,-1,-1
496,24,875,285,128,113,1,-1,-1,-1
497,24,878,283,127,114,1,-1,-1,-1
498,24,878,283,128,115,1,-1,-1,-1
499,24,876,285,130,115,1,-1,-1,-1
500,24,876,286,130,116,1,-1,-1,-1
501,24,876,288,131,115,1,-1,-1,-1
502,24,878,288,134,114,1,-1,-1,-1
503,24,877,288,134,116,1,-1,-1,-1
504,24,877,287,137,117,1,-1,-1,-1
505,24,879,287,134,119,1,-1,-1,-1
506,24,880,286,134,119,1,-1,-1,-1
507,24,883,288,134,117,1,-1,-1,-1
508,24,884,290,133,117,1,-1,-1,-1
509,24,883,287,134,121,1,-1,-1,-1
510,24,884,287,135,122,1,-1,-1,-1
511,24,886,290,135,119,1,-1,-1,-1
512,24,890,290,133,121,1,-1,-1,-1
513,24,888,290,135,120,1,-1,-1,-1
514,24,889,288,134,122,1,-1,-1,-1
515,24,889,289,133,121,1,-1,-1,-1
516,24,889,289,133,120,1,-1,-1,-1
517,24,890,289,132,121,1,-1,-1,-1
518,24,891,290,134,121,1,-1,-1,-1
519,24,891,290,135,121,1,-1,-1,-1
520,24,894,288,130,124,1,-1,-1,-1
521,24,891,289,139,125,1,-1,-1,-1
522,24,893,293,136,120,1,-1,-1,-1
523,24,893,293,136,120,1,-1,-1,-1
524,24,892,290,134,123,1,-1,-1,-1
525,24,891,291,136,122,1,-1,-1,-1
526,24,891,291,138,123,1,-1,-1,-1
527,24,894,290,132,125,1,-1,-1,-1
528,24,894,291,132,124,1,-1,-1,-1
529,24,893,293,137,123,1,-1,-1,-1
530,24,896,293,132,122,1,-1,-1,-1
531,24,896,292,132,121,1,-1,-1,-1
532,24,896,293,134,122,1,-1,-1,-1
533,24,898,293,131,122,1,-1,-1,-1
534,24,897,295,132,120,1,-1,-1,-1
535,24,897,294,133,122,1,-1,-1,-1
536,24,898,294,131,123,1,-1,-1,-1
537,24,898,295,132,123,1,-1,-1,-1
538,24,895,294,136,122,1,-1,-1,-1
539,24,896,293,134,123,1,-1,-1,-1
540,24,895,291,135,118,1,-1,-1,-1
541,24,895,289,139,102,1,-1,-1,-1
542,24,895,295,139,122,1,-1,-1,-1
543,24,897,295,133,120,1,-1,-1,-1
544,24,896,294,136,123,1,-1,-1,-1
545,24,896,293,134,125,1,-1,-1,-1
546,24,895,293,136,123,1,-1,-1,-1
547,24,898,294,133,121,1,-1,-1,-1
548,24,897,293,134,124,1,-1,-1,-1
549,24,895,294,139,123,1,-1,-1,-1
550,24,895,294,139,122,1,-1,-1,-1
551,24,896,294,135,122,1,-1,-1,-1
552,24,895,293,136,122,1,-1,-1,-1
553,24,896,294,135,122,1,-1,-1,-1
554,24,898,297,136,120,1,-1,-1,-1
555,24,898,297,136,120,1,-1,-1,-1
556,24,898,294,132,122,1,-1,-1,-1
557,24,898,297,136,120,1,-1,-1,-1
558,24,897,295,133,120,1,-1,-1,-1
559,24,897,296,133,120,1,-1,-1,-1
560,24,898,296,132,120,1,-1,-1,-1
561,24,898,296,132,120,1,-1,-1,-1
562,24,898,296,132,120,1,-1,-1,-1
563,24,898,295,133,121,1,-1,-1,-1
564,24,898,295,132,120,1,-1,-1,-1
565,24,898,296,132,119,1,-1,-1,-1
566,24,898,296,132,119,1,-1,-1,-1
567,24,898,296,132,119,1,-1,-1,-1
568,24,898,296,132,119,1,-1,-1,-1
569,24,898,296,132,121,1,-1,-1,-1
570,24,896,297,133,119,1,-1,-1,-1
571,24,897,295,133,123,1,-1,-1,-1
572,24,897,295,132,123,1,-1,-1,-1
573,24,898,296,133,121,1,-1,-1,-1
574,24,898,295,130,122,1,-1,-1,-1
575,24,898,295,130,122,1,-1,-1,-1
576,24,898,295,129,122,1,-1,-1,-1
577,24,899,296,133,121,1,-1,-1,-1
578,24,899,296,133,121,1,-1,-1,-1
579,24,899,297,131,119,1,-1,-1,-1
580,24,899,296,132,120,1,-1,-1,-1
581,24,899,296,132,121,1,-1,-1,-1
582,24,899,296,132,121,1,-1,-1,-1
583,24,899,296,133,120,1,-1,-1,-1
584,24,899,296,133,121,1,-1,-1,-1
585,24,899,297,133,120,1,-1,-1,-1
586,24,899,297,133,120,1,-1,-1,-1
587,24,899,297,133,120,1,-1,-1,-1
588,24,897,297,134,119,1,-1,-1,-1
589,24,897,297,133,119,1,-1,-1,-1
590,24,898,296,134,121,1,-1,-1,-1
591,24,898,296,134,121,1,-1,-1,-1
592,24,898,296,133,121,1,-1,-1,-1
593,24,898,296,134,122,1,-1,-1,-1
594,24,897,296,134,121,1,-1,-1,-1
595,24,897,296,135,121,1,-1,-1,-1
596,24,897,296,135,121,1,-1,-1,-1
597,24,896,296,136,121,1,-1,-1,-1
598,24,897,297,135,121,1,-1,-1,-1
599,24,897,296,136,121,1,-1,-1,-1
600,24,897,296,136,121,1,-1,-1,-1
601,24,897,296,136,121,1,-1,-1,-1
602,24,897,296,136,120,1,-1,-1,-1
603,24,896,296,136,121,1,-1,-1,-1
604,24,896,296,136,121,1,-1,-1,-1
605,24,895,295,139,122,1,-1,-1,-1
606,24,897,296,133,120,1,-1,-1,-1
607,24,897,296,134,121,1,-1,-1,-1
608,24,895,294,139,123,1,-1,-1,-1
609,24,898,296,134,122,1,-1,-1,-1
610,24,896,295,138,122,1,-1,-1,-1
611,24,897,294,138,123,1,-1,-1,-1
612,24,897,294,138,124,1,-1,-1,-1
613,24,896,295,138,121,1,-1,-1,-1
614,24,896,295,138,121,1,-1,-1,-1
615,24,897,295,137,123,1,-1,-1,-1
616,24,897,295,138,123,1,-1,-1,-1
617,24,895,295,139,122,1,-1,-1,-1
618,24,897,297,135,121,1,-1,-1,-1
619,24,899,297,135,121,1,-1,-1,-1
620,24,897,297,136,118,1,-1,-1,-1
621,24,897,298,135,117,1,-1,-1,-1
622,24,897,298,136,118,1,-1,-1,-1
623,24,898,299,138,119,1,-1,-1,-1
624,24,898,299,139,119,1,-1,-1,-1
625,24,899,301,139,118,1,-1,-1,-1
626,24,898,301,139,119,1,-1,-1,-1
627,24,901,301,138,119,1,-1,-1,-1
628,24,897,297,141,125,1,-1,-1,-1
629,24,900,301,142,120,1,-1,-1,-1
630,24,904,301,139,125,1,-1,-1,-1
631,24,903,302,142,123,1,-1,-1,-1
632,24,904,303,144,123,1,-1,-1,-1
633,24,908,302,140,126,1,-1,-1,-1
634,24,911,302,140,127,1,-1,-1,-1
635,24,910,302,141,128,1,-1,-1,-1
636,24,914,304,138,129,1,-1,-1,-1
637,24,915,306,139,129,1,-1,-1,-1
638,24,916,307,145,128,1,-1,-1,-1
639,24,918,309,146,128,1,-1,-1,-1
640,24,919,310,148,130,1,-1,-1,-1
641,24,920,310,151,130,1,-1,-1,-1
642,24,922,311,151,134,1,-1,-1,-1
643,24,926,314,149,132,1,-1,-1,-1
644,24,929,315,151,132,1,-1,-1,-1
645,24,925,314,160,138,1,-1,-1,-1
646,24,932,316,159,139,1,-1,-1,-1
647,24,935,316,156,141,1,-1,-1,-1
648,24,940,318,156,141,1,-1,-1,-1
649,24,941,320,161,143,1,-1,-1,-1
650,24,944,323,165,145,1,-1,-1,-1
651,24,946,322,168,150,1,-1,-1,-1
652,24,949,325,170,149,1,-1,-1,-1
653,24,955,328,170,155,1,-1,-1,-1
654,24,961,331,172,155,1,-1,-1,-1
655,24,960,331,179,158,1,-1,-1,-1
656,24,966,335,178,159,1,-1,-1,-1
657,24,972,335,182,165,1,-1,-1,-1
658,24,975,340,188,167,1,-1,-1,-1
659,24,976,342,193,171,1,-1,-1,-1
660,24,984,344,193,173,1,-1,-1,-1
661,24,991,348,196,174,1,-1,-1,-1
662,24,996,352,196,176,1,-1,-1,-1
663,24,999,355,204,182,1,-1,-1,-1
664,24,1010,355,207,186,1,-1,-1,-1
665,24,1015,360,212,191,1,-1,-1,-1
666,24,1017,366,222,193,1,-1,-1,-1
667,24,1026,372,227,196,1,-1,-1,-1
668,24,1033,373,232,205,1,-1,-1,-1
669,24,1040,375,244,212,1,-1,-1,-1
670,24,1047,379,250,222,1,-1,-1,-1
671,24,1055,380,257,230,1,-1,-1,-1
672,24,1070,393,262,231,1,-1,-1,-1
673,24,1080,406,272,230,1,-1,-1,-1
674,24,1097,409,277,245,1,-1,-1,-1
675,24,1110,417,289,251,1,-1,-1,-1
676,24,1120,423,307,267,1,-1,-1,-1
677,24,1133,432,321,276,1,-1,-1,-1
678,24,1150,438,338,293,1,-1,-1,-1
679,24,1171,453,350,299,1,-1,-1,-1
680,24,1182,462,384,317,1,-1,-1,-1
681,24,1207,479,398,323,1,-1,-1,-1
682,24,1225,491,425,339,1,-1,-1,-1
683,24,1251,508,443,354,1,-1,-1,-1
684,24,1280,526,480,365,1,-1,-1,-1
685,24,1317,538,477,391,1,-1,-1,-1
686,24,1341,560,530,407,1,-1,-1,-1
687,24,1380,575,539,428,1,-1,-1,-1
688,24,1409,600,510,440,1,-1,-1,-1
429,25,1726,336,193,114,1,-1,-1,-1
430,25,1677,336,237,111,1,-1,-1,-1
431,25,1633,328,275,122,1,-1,-1,-1
432,25,1586,333,285,114,1,-1,-1,-1
433,25,1549,328,282,115,1,-1,-1,-1
434,25,1507,323,283,117,1,-1,-1,-1
435,25,1474,323,263,115,1,-1,-1,-1
436,25,1425,321,276,115,1,-1,-1,-1
437,25,1400,317,259,118,1,-1,-1,-1
438,25,1371,310,264,121,1,-1,-1,-1
439,25,1339,309,257,118,1,-1,-1,-1
440,25,1328,310,236,112,1,-1,-1,-1
441,25,1305,306,224,114,1,-1,-1,-1
442,25,1282,304,228,112,1,-1,-1,-1
443,25,1269,302,206,112,1,-1,-1,-1
444,25,1248,303,198,107,1,-1,-1,-1
445,25,1232,300,195,105,1,-1,-1,-1
446,25,1209,296,200,107,1,-1,-1,-1
447,25,1201,294,181,105,1,-1,-1,-1
448,25,1192,290,173,107,1,-1,-1,-1
449,25,1181,290,161,104,1,-1,-1,-1
450,25,1170,287,157,105,1,-1,-1,-1
451,25,1160,286,151,103,1,-1,-1,-1
452,25,1154,284,146,104,1,-1,-1,-1
453,25,1144,284,143,100,1,-1,-1,-1
454,25,1143,284,133,95,1,-1,-1,-1
455,25,1133,283,133,94,1,-1,-1,-1
456,25,1128,282,125,93,1,-1,-1,-1
457,25,1119,280,130,92,1,-1,-1,-1
458,25,1117,280,120,90,1,-1,-1,-1
459,25,1113,278,117,92,1,-1,-1,-1
460,25,1109,273,114,96,1,-1,-1,-1
461,25,1104,271,115,95,1,-1,-1,-1
462,25,1097,271,113,92,1,-1,-1,-1
463,25,1096,268,110,92,1,-1,-1,-1
464,25,1093,268,109,89,1,-1,-1,-1
465,25,1089,267,108,86,1,-1,-1,-1
466,25,1087,266,105,85,1,-1,-1,-1
467,25,1085,266,101,81,1,-1,-1,-1
468,25,1085,264,97,81,1,-1,-1,-1
469,25,1081,265,99,82,1,-1,-1,-1
470,25,1080,262,99,85,1,-1,-1,-1
471,25,1079,263,95,82,1,-1,-1,-1
472,25,1076,262,98,79,1,-1,-1,-1
473,25,1076,260,93,80,1,-1,-1,-1
474,25,1072,258,92,78,1,-1,-1,-1
475,25,1073,256,90,79,1,-1,-1,-1
476,25,1072,253,91,80,1,-1,-1,-1
477,25,1069,252,91,80,1,-1,-1,-1
478,25,1068,250,90,81,1,-1,-1,-1
479,25,1067,252,88,75,1,-1,-1,-1
480,25,1065,251,88,76,1,-1,-1,-1
481,25,1063,249,91,78,1,-1,-1,-1
482,25,1061,247,92,79,1,-1,-1,-1
483,25,1062,247,91,77,1,-1,-1,-1
484,25,1060,245,89,79,1,-1,-1,-1
485,25,1061,244,89,79,1,-1,-1,-1
444,26,75,509,542,306,1,-1,-1,-1
445,26,293,504,647,309,1,-1,-1,-1
446,26,582,497,658,315,1,-1,-1,-1
447,26,825,492,768,317,1,-1,-1,-1
448,26,1180,499,645,300,1,-1,-1,-1
449,26,1345,496,574,299,1,-1,-1,-1
461,27,1562,365,337,134,1,-1,-1,-1
462,27,1433,358,350,138,1,-1,-1,-1
463,27,1300,364,334,132,1,-1,-1,-1
464,27,1154,368,347,130,1,-1,-1,-1
465,27,1010,366,346,134,1,-1,-1,-1
466,27,877,370,332,132,1,-1,-1,-1
467,27,733,367,358,139,1,-1,-1,-1
468,27,580,371,371,137,1,-1,-1,-1
469,27,467,372,331,139,1,-1,-1,-1
470,27,317,377,334,138,1,-1,-1,-1
471,27,170,381,335,138,1,-1,-1,-1
472,27,52,385,327,133,1,-1,-1,-1
473,27,0,392,265,129,1,-1,-1,-1
483,28,45,510,342,282,1,-1,-1,-1
484,28,55,501,671,306,1,-1,-1,-1
485,28,348,489,629,303,1,-1,-1,-1
486,28,654,488,576,306,1,-1,-1,-1
487,28,851,475,739,327,1,-1,-1,-1
488,28,1124,479,725,316,1,-1,-1,-1
489,28,1393,487,526,297,1,-1,-1,-1
535,29,1606,341,295,133,1,-1,-1,-1
536,29,1446,339,330,137,1,-1,-1,-1
537,29,1320,339,306,136,1,-1,-1,-1
538,29,1165,338,319,137,1,-1,-1,-1
539,29,1023,341,312,135,1,-1,-1,-1
540,29,883,343,304,134,1,-1,-1,-1
541,29,721,347,311,134,1,-1,-1,-1
542,29,564,349,316,136,1,-1,-1,-1
538,30,9,538,443,411,1,-1,-1,-1
539,30,22,552,555,422,1,-1,-1,-1
540,30,73,556,607,441,1,-1,-1,-1
541,30,81,564,738,471,1,-1,-1,-1
542,30,88,567,899,511,1,-1,-1,-1
543,30,161,592,978,486,1,-1,-1,-1
544,30,226,602,1091,477,1,-1,-1,-1
545,30,377,630,1034,449,1,-1,-1,-1
542,31,741,281,158,114,1,-1,-1,-1
543,31,730,286,158,128,1,-1,-1,-1
544,31,727,289,159,126,1,-1,-1,-1
545,31,723,289,160,128,1,-1,-1,-1
546,31,717,290,161,130,1,-1,-1,-1
547,31,716,291,160,129,1,-1,-1,-1
548,31,713,291,160,129,1,-1,-1,-1
549,31,711,291,160,129,1,-1,-1,-1
550,31,710,292,159,128,1,-1,-1,-1
551,31,705,293,159,127,1,-1,-1,-1
552,31,703,294,159,129,1,-1,-1,-1
553,31,700,295,159,129,1,-1,-1,-1
554,31,695,295,160,132,1,-1,-1,-1
555,31,690,296,164,134,1,-1,-1,-1
556,31,689,295,165,134,1,-1,-1,-1
557,31,687,298,166,131,1,-1,-1,-1
558,31,681,295,169,137,1,-1,-1,-1
559,31,679,296,169,138,1,-1,-1,-1
560,31,676,296,169,140,1,-1,-1,-1
561,31,671,298,172,138,1,-1,-1,-1
562,31,667,298,176,141,1,-1,-1,-1
563,31,664,298,173,140,1,-1,-1,-1
564,31,663,299,171,141,1,-1,-1,-1
565,31,661,301,172,140,1,-1,-1,-1
566,31,660,300,172,140,1,-1,-1,-1
567,31,659,303,167,136,1,-1,-1,-1
568,31,655,304,169,136,1,-1,-1,-1
569,31,651,304,171,137,1,-1,-1,-1
570,31,646,304,171,137,1,-1,-1,-1
571,31,641,305,175,137,1,-1,-1,-1
572,31,635,305,181,138,1,-1,-1,-1
573,31,634,305,184,140,1,-1,-1,-1
574,31,628,307,182,137,1,-1,-1,-1
575,31,618,305,189,144,1,-1,-1,-1
576,31,614,308,187,140,1,-1,-1,-1
577,31,604,305,198,146,1,-1,-1,-1
578,31,599,306,200,144,1,-1,-1,-1
579,31,591,307,202,144,1,-1,-1,-1
580,31,576,308,216,147,1,-1,-1,-1
581,31,573,309,210,145,1,-1,-1,-1
582,31,558,311,221,145,1,-1,-1,-1
583,31,550,311,227,145,1,-1,-1,-1
584,31,540,312,226,146,1,-1,-1,-1
585,31,528,312,231,150,1,-1,-1,-1
586,31,517,312,237,150,1,-1,-1,-1
587,31,500,313,246,153,1,-1,-1,-1
588,31,490,314,251,151,1,-1,-1,-1
589,31,474,315,257,153,1,-1,-1,-1
590,31,463,315,262,152,1,-1,-1,-1
591,31,440,316,276,152,1,-1,-1,-1
592,31,416,318,278,154,1,-1,-1,-1
593,31,392,320,303,154,1,-1,-1,-1
594,31,380,322,299,154,1,-1,-1,-1
595,31,368,323,294,153,1,-1,-1,-1
596,31,338,326,318,152,1,-1,-1,-1
597,31,312,326,322,154,1,-1,-1,-1
598,31,281,326,333,157,1,-1,-1,-1
599,31,251,328,332,156,1,-1,-1,-1
600,31,229,328,338,159,1,-1,-1,-1
601,31,197,328,341,160,1,-1,-1,-1
602,31,170,330,352,162,1,-1,-1,-1
603,31,144,332,349,161,1,-1,-1,-1
604,31,118,332,357,162,1,-1,-1,-1
605,31,94,335,348,160,1,-1,-1,-1
606,31,70,334,351,162,1,-1,-1,-1
607,31,38,337,354,161,1,-1,-1,-1
608,31,12,339,342,161,1,-1,-1,-1
609,31,2,339,334,162,1,-1,-1,-1
610,31,0,343,299,155,1,-1,-1,-1
611,31,0,346,279,151,1,-1,-1,-1
612,31,0,348,254,148,1,-1,-1,-1
543,32,404,355,307,134,1,-1,-1,-1
544,32,267,358,295,137,1,-1,-1,-1
545,32,114,362,294,137,1,-1,-1,-1
546,32,0,369,277,131,1,-1,-1,-1
621,33,1678,395,241,171,1,-1,-1,-1
622,33,1642,384,273,168,1,-1,-1,-1
623,33,1605,376,292,165,1,-1,-1,-1
624,33,1578,371,305,160,1,-1,-1,-1
625,33,1556,365,284,153,1,-1,-1,-1
626,33,1520,355,292,157,1,-1,-1,-1
627,33,1502,351,270,151,1,-1,-1,-1
628,33,1474,347,261,144,1,-1,-1,-1
629,33,1451,340,257,144,1,-1,-1,-1
630,33,1434,338,235,135,1,-1,-1,-1
631,33,1415,331,230,135,1,-1,-1,-1
632,33,1392,328,220,132,1,-1,-1,-1
633,33,1365,323,217,128,1,-1,-1,-1
634,33,1352,319,208,126,1,-1,-1,-1
635,33,1336,315,201,124,1,-1,-1,-1
636,33,1323,314,189,122,1,-1,-1,-1
637,33,1303,310,193,120,1,-1,-1,-1
638,33,1294,310,181,114,1,-1,-1,-1
639,33,1274,307,179,114,1,-1,-1,-1
640,33,1257,303,175,114,1,-1,-1,-1
641,33,1252,302,167,111,1,-1,-1,-1
642,33,1238,298,167,111,1,-1,-1,-1
643,33,1219,295,163,107,1,-1,-1,-1
644,33,1209,293,159,106,1,-1,-1,-1
645,33,1198,289,161,108,1,-1,-1,-1
646,33,1190,288,148,102,1,-1,-1,-1
647,33,1182,288,143,99,1,-1,-1,-1
648,33,1172,285,141,100,1,-1,-1,-1
649,33,1161,280,141,102,1,-1,-1,-1
650,33,1154,280,139,96,1,-1,-1,-1
651,33,1145,276,143,98,1,-1,-1,-1
652,33,1143,277,127,94,1,-1,-1,-1
653,33,1136,276,126,93,1,-1,-1,-1
654,33,1128,274,126,93,1,-1,-1,-1
655,33,1121,272,120,90,1,-1,-1,-1
656,33,1114,271,119,90,1,-1,-1,-1
657,33,1112,271,114,86,1,-1,-1,-1
658,33,1107,268,112,86,1,-1,-1,-1
659,33,1104,267,110,85,1,-1,-1,-1
660,33,1094,266,110,84,1,-1,-1,-1
661,33,1092,264,106,82,1,-1,-1,-1
662,33,1089,264,104,82,1,-1,-1,-1
663,33,1086,260,101,85,1,-1,-1,-1
664,33,1082,258,103,84,1,-1,-1,-1
665,33,1080,257,102,85,1,-1,-1,-1
666,33,1077,256,102,82,1,-1,-1,-1
667,33,1075,253,99,82,1,-1,-1,-1
668,33,1074,252,95,81,1,-1,-1,-1
669,33,1071,252,95,79,1,-1,-1,-1
670,33,1068,252,99,80,1,-1,-1,-1
671,33,1067,250,98,81,1,-1,-1,-1
672,33,1067,250,95,78,1,-1,-1,-1
673,33,1065,249,92,78,1,-1,-1,-1
674,33,1064,248,94,75,1,-1,-1,-1
675,33,1061,245,94,79,1,-1,-1,-1
676,33,1061,245,93,77,1,-1,-1,-1
677,33,1060,245,87,76,1,-1,-1,-1
669,34,920,307,176,156,1,-1,-1,-1
670,34,926,307,176,159,1,-1,-1,-1
671,34,926,308,185,163,1,-1,-1,-1
672,34,931,309,187,169,1,-1,-1,-1
673,34,932,314,191,169,1,-1,-1,-1
674,34,941,316,199,176,1,-1,-1,-1
675,34,948,320,201,176,1,-1,-1,-1
676,34,947,320,214,182,1,-1,-1,-1
677,34,959,324,213,183,1,-1,-1,-1
678,34,958,325,228,193,1,-1,-1,-1
679,34,970,330,229,193,1,-1,-1,-1
680,34,975,332,238,197,1,-1,-1,-1
681,34,986,337,242,201,1,-1,-1,-1
682,34,989,338,256,208,1,-1,-1,-1
683,34,1004,342,261,216,1,-1,-1,-1
684,34,1007,347,274,224,1,-1,-1,-1
685,34,1021,353,278,229,1,-1,-1,-1
686,34,1040,361,283,231,1,-1,-1,-1
687,34,1050,366,293,237,1,-1,-1,-1
688,34,1061,370,309,247,1,-1,-1,-1
689,34,1062,376,345,258,1,-1,-1,-1
690,34,1086,384,337,261,1,-1,-1,-1
691,34,1096,390,357,273,1,-1,-1,-1
692,34,1103,399,384,287,1,-1,-1,-1
693,34,1117,409,408,295,1,-1,-1,-1
694,34,1142,416,423,310,1,-1,-1,-1
695,34,1162,427,429,316,1,-1,-1,-1
696,34,1188,439,465,336,1,-1,-1,-1
697,34,1213,455,483,341,1,-1,-1,-1
698,34,1240,466,501,357,1,-1,-1,-1
699,34,1252,481,555,375,1,-1,-1,-1
700,34,1290,497,550,383,1,-1,-1,-1
701,34,1330,514,573,405,1,-1,-1,-1
702,34,1359,535,560,416,1,-1,-1,-1
703,34,1393,544,526,442,1,-1,-1,-1
704,34,1428,564,484,457,1,-1,-1,-1
672,35,799,289,138,121,1,-1,-1,-1
673,35,784,290,149,120,1,-1,-1,-1
674,35,777,291,150,123,1,-1,-1,-1
675,35,755,294,163,122,1,-1,-1,-1
676,35,741,294,169,125,1,-1,-1,-1
677,35,718,295,184,128,1,-1,-1,-1
678,35,704,298,184,126,1,-1,-1,-1
679,35,682,298,182,132,1,-1,-1,-1
680,35,663,302,184,128,1,-1,-1,-1
681,35,635,304,200,130,1,-1,-1,-1
682,35,600,307,221,132,1,-1,-1,-1
683,35,573,309,221,134,1,-1,-1,-1
684,35,538,311,230,137,1,-1,-1,-1
685,35,506,315,244,138,1,-1,-1,-1
686,35,468,315,252,140,1,-1,-1,-1
687,35,426,317,263,142,1,-1,-1,-1
688,35,382,320,270,142,1,-1,-1,-1
689,35,333,324,285,144,1,-1,-1,-1
690,35,289,326,275,147,1,-1,-1,-1
691,35,238,330,287,147,1,-1,-1,-1
692,35,190,333,300,149,1,-1,-1,-1
693,35,133,335,315,150,1,-1,-1,-1
694,35,82,335,316,152,1,-1,-1,-1
695,35,31,338,314,155,1,-1,-1,-1
696,35,4,344,295,150,1,-1,-1,-1
697,35,0,352,260,141,1,-1,-1,-1
678,36,848,262,102,93,1,-1,-1,-1
679,36,847,263,105,98,1,-1,-1,-1
680,36,846,264,106,100,1,-1,-1,-1
681,36,846,263,107,104,1,-1,-1,-1
682,36,848,265,109,102,1,-1,-1,-1
683,36,847,266,111,103,1,-1,-1,-1
684,36,848,267,113,105,1,-1,-1,-1
685,36,851,266,111,109,1,-1,-1,-1
686,36,852,267,111,109,1,-1,-1,-1
687,36,853,268,114,111,1,-1,-1,-1
688,36,853,269,116,112,1,-1,-1,-1
689,36,853,270,118,112,1,-1,-1,-1
690,36,853,270,121,116,1,-1,-1,-1
691,36,855,271,121,117,1,-1,-1,-1
692,36,855,272,124,119,1,-1,-1,-1
693,36,855,276,123,118,1,-1,-1,-1
694,36,857,277,125,119,1,-1,-1,-1
695,36,860,280,124,117,1,-1,-1,-1
696,36,860,282,126,119,1,-1,-1,-1
697,36,861,282,130,123,1,-1,-1,-1
698,36,862,282,129,123,1,-1,-1,-1
699,36,864,283,133,125,1,-1,-1,-1
700,36,866,285,136,127,1,-1,-1,-1
701,36,870,285,137,126,1,-1,-1,-1
702,36,870,288,139,128,1,-1,-1,-1
703,36,873,290,139,131,1,-1,-1,-1
704,36,874,293,145,134,1,-1,-1,-1
705,36,876,294,148,137,1,-1,-1,-1
706,36,878,296,148,136,1,-1,-1,-1
707,36,883,298,153,141,1,-1,-1,-1
708,36,888,304,153,138,1,-1,-1,-1
709,36,892,305,152,140,1,-1,-1,-1
710,36,897,308,156,141,1,-1,-1,-1
711,36,901,312,162,143,1,-1,-1,-1
712,36,905,313,167,149,1,-1,-1,-1
713,36,908,316,171,150,1,-1,-1,-1
714,36,915,319,170,154,1,-1,-1,-1
715,36,919,323,176,157,1,-1,-1,-1
716,36,926,325,183,164,1,-1,-1,-1
717,36,931,329,192,167,1,-1,-1,-1
718,36,938,331,194,173,1,-1,-1,-1
719,36,945,336,202,178,1,-1,-1,-1
720,36,956,342,204,180,1,-1,-1,-1
721,36,967,342,212,191,1,-1,-1,-1
722,36,972,346,226,198,1,-1,-1,-1
723,36,989,357,227,198,1,-1,-1,-1
724,36,995,361,248,209,1,-1,-1,-1
725,36,1004,366,258,219,1,-1,-1,-1
726,36,1018,372,269,227,1,-1,-1,-1
727,36,1040,381,280,234,1,-1,-1,-1
728,36,1052,391,298,245,1,-1,-1,-1
729,36,1075,404,305,253,1,-1,-1,-1
730,36,1086,415,331,266,1,-1,-1,-1
731,36,1113,425,340,280,1,-1,-1,-1
732,36,1126,442,390,295,1,-1,-1,-1
733,36,1157,458,403,315,1,-1,-1,-1
734,36,1193,478,429,322,1,-1,-1,-1
735,36,1216,499,460,340,1,-1,-1,-1
736,36,1262,520,477,358,1,-1,-1,-1
737,36,1320,546,507,376,1,-1,-1,-1
738,36,1363,574,549,404,1,-1,-1,-1
739,36,1412,596,507,440,1,-1,-1,-1
697,37,912,225,82,73,1,-1,-1,-1
698,37,910,227,82,72,1,-1,-1,-1
699,37,911,226,81,73,1,-1,-1,-1
700,37,908,227,82,74,1,-1,-1,-1
701,37,904,228,85,73,1,-1,-1,-1
702,37,904,228,84,74,1,-1,-1,-1
703,37,901,227,85,78,1,-1,-1,-1
704,37,899,230,83,76,1,-1,-1,-1
705,37,896,229,86,79,1,-1,-1,-1
706,37,893,230,86,78,1,-1,-1,-1
707,37,890,232,87,79,1,-1,-1,-1
708,37,889,234,86,77,1,-1,-1,-1
709,37,888,234,87,79,1,-1,-1,-1
710,37,884,235,90,79,1,-1,-1,-1
711,37,882,235,91,80,1,-1,-1,-1
712,37,879,235,93,83,1,-1,-1,-1
713,37,876,234,97,85,1,-1,-1,-1
714,37,874,235,97,84,1,-1,-1,-1
715,37,874,234,95,88,1,-1,-1,-1
716,37,869,238,96,84,1,-1,-1,-1
717,37,865,239,100,85,1,-1,-1,-1
718,37,865,239,98,86,1,-1,-1,-1
719,37,863,239,98,88,1,-1,-1,-1
720,37,860,241,104,86,1,-1,-1,-1
721,37,859,241,100,90,1,-1,-1,-1
722,37,858,241,101,90,1,-1,-1,-1
723,37,857,243,102,91,1,-1,-1,-1
724,37,854,245,102,91,1,-1,-1,-1
725,37,854,247,102,91,1,-1,-1,-1
726,37,854,248,104,92,1,-1,-1,-1
727,37,853,249,103,92,1,-1,-1,-1
728,37,852,251,103,92,1,-1,-1,-1
729,37,852,252,105,96,1,-1,-1,-1
730,37,852,253,106,97,1,-1,-1,-1
731,37,850,253,106,100,1,-1,-1,-1
732,37,846,254,115,104,1,-1,-1,-1
733,37,845,254,117,107,1,-1,-1,-1
734,37,844,255,118,107,1,-1,-1,-1
735,37,847,257,117,108,1,-1,-1,-1
736,37,847,258,119,110,1,-1,-1,-1
737,37,847,260,122,112,1,-1,-1,-1
738,37,848,258,124,119,1,-1,-1,-1
739,37,851,262,122,117,1,-1,-1,-1
740,37,851,263,128,122,1,-1,-1,-1
741,37,851,264,130,123,1,-1,-1,-1
742,37,853,267,129,126,1,-1,-1,-1
743,37,854,269,138,128,1,-1,-1,-1
744,37,857,272,138,131,1,-1,-1,-1
745,37,862,277,140,130,1,-1,-1,-1
746,37,861,278,150,135,1,-1,-1,-1
747,37,868,285,149,133,1,-1,-1,-1
748,37,871,286,155,137,1,-1,-1,-1
749,37,876,288,159,144,1,-1,-1,-1
750,37,882,290,164,148,1,-1,-1,-1
751,37,888,293,171,152,1,-1,-1,-1
752,37,894,295,180,159,1,-1,-1,-1
753,37,901,302,183,156,1,-1,-1,-1
754,37,910,303,189,166,1,-1,-1,-1
755,37,921,306,195,177,1,-1,-1,-1
756,37,927,311,208,183,1,-1,-1,-1
757,37,945,317,213,186,1,-1,-1,-1
758,37,953,323,222,195,1,-1,-1,-1
759,37,963,326,242,204,1,-1,-1,-1
760,37,985,333,243,210,1,-1,-1,-1
761,37,1001,339,257,223,1,-1,-1,-1
762,37,1024,348,269,233,1,-1,-1,-1
763,37,1050,360,283,238,1,-1,-1,-1
764,37,1067,368,314,258,1,-1,-1,-1
765,37,1095,381,331,271,1,-1,-1,-1
766,37,1104,392,378,301,1,-1,-1,-1
767,37,1126,408,400,312,1,-1,-1,-1
768,37,1157,429,448,332,1,-1,-1,-1
769,37,1194,449,476,351,1,-1,-1,-1
770,37,1241,478,543,373,1,-1,-1,-1
771,37,1294,500,578,408,1,-1,-1,-1
772,37,1338,521,581,445,1,-1,-1,-1
773,37,1391,551,528,455,1,-1,-1,-1
772,38,1253,372,452,204,1,-1,-1,-1
773,38,1214,371,442,213,1,-1,-1,-1
774,38,1170,365,450,213,1,-1,-1,-1
775,38,1115,362,441,203,1,-1,-1,-1
776,38,1081,354,446,208,1,-1,-1,-1
777,38,1030,347,427,205,1,-1,-1,-1
778,38,992,348,431,199,1,-1,-1,-1
779,38,945,343,412,195,1,-1,-1,-1
780,38,905,345,407,190,1,-1,-1,-1
781,38,859,342,404,187,1,-1,-1,-1
782,38,810,342,407,181,1,-1,-1,-1
783,38,769,343,397,177,1,-1,-1,-1
784,38,721,340,403,177,1,-1,-1,-1
785,38,669,339,401,174,1,-1,-1,-1
786,38,615,333,419,179,1,-1,-1,-1
787,38,572,330,414,180,1,-1,-1,-1
788,38,520,330,409,178,1,-1,-1,-1
789,38,475,334,404,172,1,-1,-1,-1
790,38,424,334,393,168,1,-1,-1,-1
791,38,384,335,397,170,1,-1,-1,-1
792,38,341,337,385,163,1,-1,-1,-1
793,38,286,335,396,165,1,-1,-1,-1
794,38,247,336,388,166,1,-1,-1,-1
795,38,181,337,395,164,1,-1,-1,-1
796,38,138,338,383,162,1,-1,-1,-1
797,38,104,337,381,166,1,-1,-1,-1
798,38,33,339,382,164,1,-1,-1,-1
799,38,7,343,372,162,1,-1,-1,-1
800,38,0,344,324,162,1,-1,-1,-1
801,38,1,347,277,154,1,-1,-1,-1
802,38,0,342,246,153,1,-1,-1,-1
873,39,17,414,376,199,1,-1,-1,-1
874,39,23,411,427,204,1,-1,-1,-1
875,39,23,410,460,202,1,-1,-1,-1
876,39,82,407,440,199,1,-1,-1,-1
877,39,128,405,431,199,1,-1,-1,-1
878,39,173,404,439,197,1,-1,-1,-1
879,39,221,402,437,197,1,-1,-1,-1
880,39,276,392,433,201,1,-1,-1,-1
881,39,328,386,427,202,1,-1,-1,-1
882,39,377,385,427,199,1,-1,-1,-1
883,39,433,385,424,195,1,-1,-1,-1
884,39,482,382,421,193,1,-1,-1,-1
885,39,531,382,421,189,1,-1,-1,-1
886,39,589,381,410,185,1,-1,-1,-1
887,39,642,379,397,185,1,-1,-1,-1
888,39,683,376,390,181,1,-1,-1,-1
889,39,743,371,372,180,1,-1,-1,-1
890,39,770,370,390,173,1,-1,-1,-1
891,39,812,365,377,173,1,-1,-1,-1
892,39,853,359,369,172,1,-1,-1,-1
893,39,892,357,358,167,1,-1,-1,-1
894,39,933,351,344,167,1,-1,-1,-1
895,39,974,347,330,167,1,-1,-1,-1
896,39,1016,342,311,163,1,-1,-1,-1
897,39,1046,339,298,160,1,-1,-1,-1
898,39,1081,335,275,156,1,-1,-1,-1
899,39,1103,334,262,150,1,-1,-1,-1
900,39,1129,329,252,152,1,-1,-1,-1
901,39,1152,328,223,146,1,-1,-1,-1
902,39,1169,324,212,143,1,-1,-1,-1
903,39,1188,319,199,142,1,-1,-1,-1
904,39,1201,316,179,137,1,-1,-1,-1
905,39,1212,314,164,137,1,-1,-1,-1
906,39,1221,311,157,136,1,-1,-1,-1
907,39,1229,311,147,129,1,-1,-1,-1
908,39,1230,310,144,129,1,-1,-1,-1
909,39,1234,310,140,121,1,-1,-1,-1
910,39,1232,303,139,124,1,-1,-1,-1
911,39,1226,302,141,121,1,-1,-1,-1
912,39,1221,299,141,118,1,-1,-1,-1
913,39,1214,297,143,118,1,-1,-1,-1
914,39,1208,293,140,118,1,-1,-1,-1
915,39,1200,290,141,117,1,-1,-1,-1
916,39,1193,287,138,117,1,-1,-1,-1
917,39,1187,283,138,117,1,-1,-1,-1
918,39,1177,282,141,114,1,-1,-1,-1
919,39,1174,279,133,111,1,-1,-1,-1
896,40,37,405,401,199,1,-1,-1,-1
897,40,29,402,469,200,1,-1,-1,-1
898,40,48,399,482,196,1,-1,-1,-1
899,40,95,395,468,198,1,-1,-1,-1
900,40,142,390,462,198,1,-1,-1,-1
901,40,193,387,464,198,1,-1,-1,-1
902,40,244,385,462,197,1,-1,-1,-1
903,40,297,381,457,197,1,-1,-1,-1
904,40,346,379,454,193,1,-1,-1,-1
905,40,402,375,459,192,1,-1,-1,-1
906,40,458,373,435,191,1,-1,-1,-1
907,40,509,371,421,189,1,-1,-1,-1
908,40,557,369,416,187,1,-1,-1,-1
909,40,607,367,403,185,1,-1,-1,-1
910,40,653,363,395,183,1,-1,-1,-1
911,40,690,357,388,184,1,-1,-1,-1
912,40,732,353,380,181,1,-1,-1,-1
913,40,766,355,380,174,1,-1,-1,-1
914,40,798,350,377,175,1,-1,-1,-1
915,40,837,347,371,169,1,-1,-1,-1
916,40,873,342,358,171,1,-1,-1,-1
917,40,909,339,351,168,1,-1,-1,-1
918,40,942,334,336,168,1,-1,-1,-1
919,40,978,329,323,170,1,-1,-1,-1
920,40,1009,328,301,163,1,-1,-1,-1
921,40,1033,324,285,160,1,-1,-1,-1
922,40,1054,320,287,159,1,-1,-1,-1
923,40,1086,317,255,154,1,-1,-1,-1
924,40,1106,313,244,153,1,-1,-1,-1
925,40,1129,313,223,147,1,-1,-1,-1
926,40,1148,311,207,142,1,-1,-1,-1
927,40,1158,308,201,145,1,-1,-1,-1
928,40,1172,307,189,140,1,-1,-1,-1
929,40,1182,305,179,138,1,-1,-1,-1
930,40,1194,303,162,136,1,-1,-1,-1
931,40,1203,301,153,131,1,-1,-1,-1
932,40,1209,296,148,129,1,-1,-1,-1
913,41,14,410,372,198,1,-1,-1,-1
914,41,26,406,441,198,1,-1,-1,-1
915,41,75,406,425,192,1,-1,-1,-1
916,41,134,402,429,194,1,-1,-1,-1
917,41,186,399,437,195,1,-1,-1,-1
918,41,247,394,421,193,1,-1,-1,-1
919,41,307,391,432,194,1,-1,-1,-1
920,41,358,384,448,196,1,-1,-1,-1
921,41,432,384,425,189,1,-1,-1,-1
922,41,489,380,419,190,1,-1,-1,-1
923,41,547,380,419,185,1,-1,-1,-1
924,41,616,380,390,179,1,-1,-1,-1
925,41,675,376,374,178,1,-1,-1,-1
926,41,734,372,366,179,1,-1,-1,-1
927,41,768,372,376,169,1,-1,-1,-1
928,41,810,368,375,168,1,-1,-1,-1
929,41,863,364,358,167,1,-1,-1,-1
930,41,910,357,346,170,1,-1,-1,-1
931,41,957,353,332,169,1,-1,-1,-1
932,41,996,347,326,167,1,-1,-1,-1
933,41,1030,348,316,158,1,-1,-1,-1
934,41,1065,344,294,157,1,-1,-1,-1
935,41,1094,342,276,153,1,-1,-1,-1
936,41,1130,339,265,149,1,-1,-1,-1
937,41,1155,337,250,147,1,-1,-1,-1
938,41,1176,327,238,148,1,-1,-1,-1
939,41,1202,327,222,143,1,-1,-1,-1
940,41,1218,325,201,137,1,-1,-1,-1
941,41,1238,324,182,134,1,-1,-1,-1
942,41,1248,323,168,131,1,-1,-1,-1
943,41,1253,318,166,133,1,-1,-1,-1
944,41,1258,316,158,133,1,-1,-1,-1
945,41,1265,315,152,130,1,-1,-1,-1
946,41,1271,312,144,129,1,-1,-1,-1
947,41,1275,313,140,126,1,-1,-1,-1
948,41,1274,308,137,124,1,-1,-1,-1
949,41,1265,306,142,119,1,-1,-1,-1
950,41,1264,306,140,113,1,-1,-1,-1
951,41,1257,304,140,113,1,-1,-1,-1
952,41,1248,298,142,115,1,-1,-1,-1
953,41,1241,295,141,115,1,-1,-1,-1
954,41,1237,296,139,111,1,-1,-1,-1
955,41,1224,291,141,112,1,-1,-1,-1
956,41,1219,288,135,112,1,-1,-1,-1
957,41,1212,285,136,112,1,-1,-1,-1
958,41,1202,284,137,109,1,-1,-1,-1
959,41,1197,282,130,107,1,-1,-1,-1
936,42,29,387,339,215,1,-1,-1,-1
937,42,48,387,374,214,1,-1,-1,-1
938,42,44,381,455,220,1,-1,-1,-1
939,42,35,383,497,214,1,-1,-1,-1
940,42,35,374,549,228,1,-1,-1,-1
941,42,54,372,563,227,1,-1,-1,-1
942,42,108,371,562,226,1,-1,-1,-1
943,42,152,363,577,231,1,-1,-1,-1
944,42,198,360,570,232,1,-1,-1,-1
945,42,264,360,544,225,1,-1,-1,-1
946,42,280,361,568,222,1,-1,-1,-1
947,42,350,357,534,226,1,-1,-1,-1
948,42,409,347,539,232,1,-1,-1,-1
949,42,463,342,527,232,1,-1,-1,-1
950,42,493,336,529,233,1,-1,-1,-1
951,42,512,349,526,215,1,-1,-1,-1
952,42,593,328,512,237,1,-1,-1,-1
953,42,637,331,511,227,1,-1,-1,-1
954,42,691,326,497,227,1,-1,-1,-1
955,42,737,328,468,222,1,-1,-1,-1
956,42,779,330,453,214,1,-1,-1,-1
957,42,816,331,451,205,1,-1,-1,-1
958,42,849,326,447,205,1,-1,-1,-1
959,42,878,323,439,200,1,-1,-1,-1
960,42,914,317,419,201,1,-1,-1,-1
961,42,952,316,395,196,1,-1,-1,-1
962,42,979,314,374,192,1,-1,-1,-1
963,42,1010,314,352,189,1,-1,-1,-1
964,42,1030,312,342,184,1,-1,-1,-1
965,42,1059,307,324,183,1,-1,-1,-1
966,42,1087,299,310,185,1,-1,-1,-1
967,42,1105,298,283,182,1,-1,-1,-1
968,42,1123,299,259,174,1,-1,-1,-1
969,42,1141,300,244,166,1,-1,-1,-1
970,42,1154,294,219,172,1,-1,-1,-1
971,42,1161,296,214,162,1,-1,-1,-1
972,42,1175,295,199,161,1,-1,-1,-1
973,42,1189,294,176,159,1,-1,-1,-1
974,42,1190,291,173,160,1,-1,-1,-1
975,42,1199,289,163,159,1,-1,-1,-1
976,42,1202,288,155,155,1,-1,-1,-1
977,42,1200,287,155,149,1,-1,-1,-1
978,42,1204,285,148,148,1,-1,-1,-1
979,42,1201,285,148,144,1,-1,-1,-1
980,42,1195,286,150,137,1,-1,-1,-1
981,42,1190,283,152,135,1,-1,-1,-1
982,42,1188,280,150,136,1,-1,-1,-1
983,42,1180,280,153,134,1,-1,-1,-1
984,42,1176,276,152,131,1,-1,-1,-1
985,42,1170,274,150,129,1,-1,-1,-1
986,42,1166,271,149,127,1,-1,-1,-1
987,42,1159,269,153,128,1,-1,-1,-1
988,42,1155,268,147,126,1,-1,-1,-1
989,42,1146,267,154,127,1,-1,-1,-1
990,42,1142,266,149,124,1,-1,-1,-1
991,42,1137,265,152,121,1,-1,-1,-1
992,42,1129,263,152,121,1,-1,-1,-1
993,42,1121,263,149,118,1,-1,-1,-1
994,42,1115,263,150,117,1,-1,-1,-1
995,42,1107,262,148,115,1,-1,-1,-1
996,42,1107,259,143,118,1,-1,-1,-1
997,42,1101,258,144,115,1,-1,-1,-1
998,42,1097,258,140,110,1,-1,-1,-1
999,42,1095,257,134,110,1,-1,-1,-1
1000,42,1088,255,137,109,1,-1,-1,-1
1001,42,1085,253,135,109,1,-1,-1,-1
1002,42,1078,252,139,106,1,-1,-1,-1
1003,42,1079,252,130,105,1,-1,-1,-1
1004,42,1078,251,125,105,1,-1,-1,-1
1005,42,1073,248,127,106,1,-1,-1,-1
1006,42,1071,249,126,102,1,-1,-1,-1
1007,42,1069,251,121,98,1,-1,-1,-1
1008,42,1067,246,116,103,1,-1,-1,-1
1009,42,1065,245,117,102,1,-1,-1,-1
1010,42,1063,244,115,102,1,-1,-1,-1
1011,42,1062,245,112,98,1,-1,-1,-1
1012,42,1062,241,113,102,1,-1,-1,-1
1013,42,1056,241,113,100,1,-1,-1,-1
1014,42,1056,240,109,98,1,-1,-1,-1
1015,42,1052,239,110,99,1,-1,-1,-1
1016,42,1050,238,109,96,1,-1,-1,-1
1017,42,1052,239,104,95,1,-1,-1,-1
1018,42,1049,238,103,92,1,-1,-1,-1
1019,42,1047,238,100,90,1,-1,-1,-1
1020,42,1047,241,98,85,1,-1,-1,-1
1021,42,1049,239,94,87,1,-1,-1,-1
1022,42,1045,239,95,85,1,-1,-1,-1
1023,42,1046,237,95,86,1,-1,-1,-1
1024,42,1047,238,92,85,1,-1,-1,-1
1025,42,1048,238,91,85,1,-1,-1,-1
1026,42,1051,236,86,83,1,-1,-1,-1
1027,42,1051,237,84,80,1,-1,-1,-1
1028,42,1049,235,86,82,1,-1,-1,-1
1029,42,1049,234,83,81,1,-1,-1,-1
1030,42,1050,233,83,81,1,-1,-1,-1
959,43,24,512,495,286,1,-1,-1,-1
960,43,51,534,539,261,1,-1,-1,-1
961,43,94,537,578,259,1,-1,-1,-1
962,43,159,535,584,255,1,-1,-1,-1
963,43,196,536,637,258,1,-1,-1,-1
964,43,315,529,586,261,1,-1,-1,-1
965,43,335,530,662,265,1,-1,-1,-1
966,43,418,532,660,260,1,-1,-1,-1
967,43,573,530,593,262,1,-1,-1,-1
968,43,693,529,560,258,1,-1,-1,-1
969,43,798,529,552,259,1,-1,-1,-1
970,43,905,534,518,249,1,-1,-1,-1
971,43,1024,531,514,249,1,-1,-1,-1
972,43,1132,533,512,244,1,-1,-1,-1
973,43,1236,533,513,248,1,-1,-1,-1
974,43,1325,528,528,250,1,-1,-1,-1
975,43,1450,520,469,255,1,-1,-1,-1
976,43,1435,534,484,241,1,-1,-1,-1
968,44,280,452,552,221,1,-1,-1,-1
969,44,356,451,569,220,1,-1,-1,-1
970,44,435,449,583,221,1,-1,-1,-1
971,44,513,442,510,238,1,-1,-1,-1
972,44,611,444,505,246,1,-1,-1,-1
973,44,687,441,504,242,1,-1,-1,-1
974,44,780,438,498,247,1,-1,-1,-1
975,44,860,436,515,247,1,-1,-1,-1
976,44,967,440,498,237,1,-1,-1,-1
977,44,1062,431,499,248,1,-1,-1,-1
978,44,1157,428,498,251,1,-1,-1,-1
979,44,1251,429,491,249,1,-1,-1,-1
980,44,1348,424,498,252,1,-1,-1,-1
981,44,1419,437,485,235,1,-1,-1,-1
982,44,1495,438,424,235,1,-1,-1,-1
983,44,1570,440,349,231,1,-1,-1,-1
978,45,22,437,405,246,1,-1,-1,-1
979,45,32,421,514,263,1,-1,-1,-1
980,45,41,422,599,261,1,-1,-1,-1
981,45,102,422,619,258,1,-1,-1,-1
982,45,168,418,640,260,1,-1,-1,-1
983,45,272,418,632,259,1,-1,-1,-1
984,45,353,412,652,266,1,-1,-1,-1
985,45,490,414,622,268,1,-1,-1,-1
986,45,577,414,629,264,1,-1,-1,-1
987,45,639,412,680,270,1,-1,-1,-1
988,45,798,411,637,267,1,-1,-1,-1
989,45,903,411,631,265,1,-1,-1,-1
990,45,981,411,655,270,1,-1,-1,-1
991,45,1108,411,612,262,1,-1,-1,-1
992,45,1205,413,633,264,1,-1,-1,-1
993,45,1332,415,587,262,1,-1,-1,-1
994,45,1424,415,495,254,1,-1,-1,-1
984,46,0,528,351,262,1,-1,-1,-1
985,46,13,525,427,265,1,-1,-1,-1
986,46,33,523,501,266,1,-1,-1,-1
987,46,36,519,591,277,1,-1,-1,-1
988,46,76,512,664,285,1,-1,-1,-1
989,46,228,513,561,279,1,-1,-1,-1
990,46,245,504,712,294,1,-1,-1,-1
991,46,354,503,707,291,1,-1,-1,-1
992,46,468,507,668,285,1,-1,-1,-1
993,46,570,503,671,285,1,-1,-1,-1
994,46,681,503,663,288,1,-1,-1,-1
995,46,786,504,705,294,1,-1,-1,-1
996,46,961,498,604,282,1,-1,-1,-1
997,46,1072,501,610,277,1,-1,-1,-1
998,46,1187,497,583,279,1,-1,-1,-1
999,46,1299,494,592,281,1,-1,-1,-1
1000,46,1424,497,495,276,1,-1,-1,-1
1001,46,1432,500,487,270,1,-1,-1,-1
1078,47,47,486,392,319,1,-1,-1,-1
1079,47,110,462,579,336,1,-1,-1,-1
1080,48,476,473,478,325,1,-1,-1,-1
1081,48,229,452,935,348,1,-1,-1,-1
1082,48,474,442,967,362,1,-1,-1,-1
1083,48,721,440,919,356,1,-1,-1,-1
1084,48,953,443,925,340,1,-1,-1,-1
1084,49,911,239,80,76,1,-1,-1,-1
1085,49,909,241,80,76,1,-1,-1,-1
1086,49,907,242,81,77,1,-1,-1,-1
1087,49,903,241,86,79,1,-1,-1,-1
1088,49,900,245,89,75,1,-1,-1,-1
1089,49,898,243,88,78,1,-1,-1,-1
1090,49,898,246,86,76,1,-1,-1,-1
1091,49,893,246,90,77,1,-1,-1,-1
1092,49,894,246,88,78,1,-1,-1,-1
1093,49,892,247,88,79,1,-1,-1,-1
1094,49,890,247,89,80,1,-1,-1,-1
1095,49,885,247,94,81,1,-1,-1,-1
1096,49,883,247,95,82,1,-1,-1,-1
1097,49,882,247,94,84,1,-1,-1,-1
1098,49,879,249,96,82,1,-1,-1,-1
1099,49,878,249,97,87,1,-1,-1,-1
1100,49,874,252,97,85,1,-1,-1,-1
1101,49,875,250,95,88,1,-1,-1,-1
1102,49,873,253,96,87,1,-1,-1,-1
1103,49,870,253,100,85,1,-1,-1,-1
1104,49,868,254,99,89,1,-1,-1,-1
1105,49,867,256,97,88,1,-1,-1,-1
1106,49,866,257,99,89,1,-1,-1,-1
1107,49,863,258,102,88,1,-1,-1,-1
1108,49,862,259,101,90,1,-1,-1,-1
1109,49,860,261,100,90,1,-1,-1,-1
1110,49,857,260,103,92,1,-1,-1,-1
1111,49,856,261,101,93,1,-1,-1,-1
1112,49,853,262,103,96,1,-1,-1,-1
1113,49,853,263,101,95,1,-1,-1,-1
1114,49,848,264,105,96,1,-1,-1,-1
1115,49,849,265,104,97,1,-1,-1,-1
1116,49,848,266,104,98,1,-1,-1,-1
1117,49,846,267,107,98,1,-1,-1,-1
1118,49,846,267,106,99,1,-1,-1,-1
1119,49,843,268,108,100,1,-1,-1,-1
1120,49,842,268,109,103,1,-1,-1,-1
1121,49,841,267,108,104,1,-1,-1,-1
1122,49,838,268,112,104,1,-1,-1,-1
1123,49,840,269,107,105,1,-1,-1,-1
1124,49,838,269,109,104,1,-1,-1,-1
1125,49,837,269,110,109,1,-1,-1,-1
1126,49,837,269,111,109,1,-1,-1,-1
1127,49,836,271,111,109,1,-1,-1,-1
1128,49,836,273,110,107,1,-1,-1,-1
1129,49,835,276,112,105,1,-1,-1,-1
1130,49,833,278,113,104,1,-1,-1,-1
1131,49,834,279,110,103,1,-1,-1,-1
1132,49,833,279,111,108,1,-1,-1,-1
1133,49,833,278,111,110,1,-1,-1,-1
1134,49,836,277,108,115,1,-1,-1,-1
1135,49,833,279,112,111,1,-1,-1,-1
1136,49,834,279,113,113,1,-1,-1,-1
1137,49,831,280,114,112,1,-1,-1,-1
1138,49,833,280,114,113,1,-1,-1,-1
1139,49,834,280,113,114,1,-1,-1,-1
1140,49,833,281,114,115,1,-1,-1,-1
1141,49,833,281,115,115,1,-1,-1,-1
1142,49,832,281,117,119,1,-1,-1,-1
1143,49,831,284,116,116,1,-1,-1,-1
1144,49,829,283,120,116,1,-1,-1,-1
1145,49,830,283,117,121,1,-1,-1,-1
1146,49,830,284,118,120,1,-1,-1,-1
1147,49,829,284,119,121,1,-1,-1,-1
1148,49,830,285,119,118,1,-1,-1,-1
1149,49,831,287,119,118,1,-1,-1,-1
1150,49,831,288,119,118,1,-1,-1,-1
1151,49,831,287,119,119,1,-1,-1,-1
1152,49,831,288,120,119,1,-1,-1,-1
1153,49,829,292,120,115,1,-1,-1,-1
1154,49,829,293,120,114,1,-1,-1,-1
1155,49,830,293,120,114,1,-1,-1,-1
1156,49,830,293,120,115,1,-1,-1,-1
1157,49,828,291,122,116,1,-1,-1,-1
1158,49,829,293,120,115,1,-1,-1,-1
1159,49,828,292,122,116,1,-1,-1,-1
1160,49,828,292,122,116,1,-1,-1,-1
1161,49,829,293,121,116,1,-1,-1,-1
1162,49,828,294,123,115,1,-1,-1,-1
1163,49,828,292,124,116,1,-1,-1,-1
1164,49,828,292,124,117,1,-1,-1,-1
1165,49,827,290,125,118,1,-1,-1,-1
1166,49,827,291,126,117,1,-1,-1,-1
1167,49,828,291,126,117,1,-1,-1,-1
1168,49,828,291,126,117,1,-1,-1,-1
1169,49,827,292,127,117,1,-1,-1,-1
1170,49,827,291,127,117,1,-1,-1,-1
1171,49,828,291,127,118,1,-1,-1,-1
1172,49,828,291,127,118,1,-1,-1,-1
1173,49,828,291,126,117,1,-1,-1,-1
1174,49,828,291,127,118,1,-1,-1,-1
1175,49,828,289,128,121,1,-1,-1,-1
1176,49,828,291,126,117,1,-1,-1,-1
1177,49,830,291,125,118,1,-1,-1,-1
1178,49,830,291,127,119,1,-1,-1,-1
1179,49,827,292,127,117,1,-1,-1,-1
1180,49,828,293,127,116,1,-1,-1,-1
1181,49,828,293,127,116,1,-1,-1,-1
1182,49,828,293,127,115,1,-1,-1,-1
1183,49,826,290,131,121,1,-1,-1,-1
1184,49,828,293,128,116,1,-1,-1,-1
1185,49,830,291,128,118,1,-1,-1,-1
1186,49,830,291,128,119,1,-1,-1,-1
1187,49,825,289,133,121,1,-1,-1,-1
1188,49,827,292,128,117,1,-1,-1,-1
1189,49,827,292,128,117,1,-1,-1,-1
1190,49,828,292,128,117,1,-1,-1,-1
1191,49,827,292,130,118,1,-1,-1,-1
1192,49,826,293,131,121,1,-1,-1,-1
1193,49,826,293,131,121,1,-1,-1,-1
1194,49,826,294,131,121,1,-1,-1,-1
1195,49,828,294,128,120,1,-1,-1,-1
1196,49,826,294,129,120,1,-1,-1,-1
1197,49,821,292,134,125,1,-1,-1,-1
1198,49,820,292,136,126,1,-1,-1,-1
1199,49,818,292,136,126,1,-1,-1,-1
1200,49,817,295,135,126,1,-1,-1,-1
1201,49,813,294,138,124,1,-1,-1,-1
1202,49,812,297,136,125,1,-1,-1,-1
1203,49,807,297,138,127,1,-1,-1,-1
1204,49,805,298,140,128,1,-1,-1,-1
1205,49,799,298,144,129,1,-1,-1,-1
1206,49,794,298,148,131,1,-1,-1,-1
1207,49,786,298,155,133,1,-1,-1,-1
1208,49,776,299,164,133,1,-1,-1,-1
1209,49,767,301,168,131,1,-1,-1,-1
1210,49,757,303,177,131,1,-1,-1,-1
1211,49,745,304,178,132,1,-1,-1,-1
1212,49,731,305,190,134,1,-1,-1,-1
1213,49,718,307,196,133,1,-1,-1,-1
1214,49,709,310,197,132,1,-1,-1,-1
1215,49,687,311,207,135,1,-1,-1,-1
1216,49,668,312,219,134,1,-1,-1,-1
1217,49,650,312,227,136,1,-1,-1,-1
1218,49,628,312,234,140,1,-1,-1,-1
1219,49,610,312,242,142,1,-1,-1,-1
1220,49,584,314,251,144,1,-1,-1,-1
1221,49,558,315,256,145,1,-1,-1,-1
1222,49,521,316,275,148,1,-1,-1,-1
1223,49,500,318,278,146,1,-1,-1,-1
1224,49,474,318,288,149,1,-1,-1,-1
1225,49,441,323,279,148,1,-1,-1,-1
1226,49,401,327,295,147,1,-1,-1,-1
1227,49,373,330,295,148,1,-1,-1,-1
1228,49,335,330,307,151,1,-1,-1,-1
1229,49,290,332,322,156,1,-1,-1,-1
1230,49,248,331,327,159,1,-1,-1,-1
1231,49,203,334,335,160,1,-1,-1,-1
1232,49,162,335,338,164,1,-1,-1,-1
1233,49,124,339,341,163,1,-1,-1,-1
1234,49,79,341,340,161,1,-1,-1,-1
1235,49,34,344,344,160,1,-1,-1,-1
1236,49,5,348,331,159,1,-1,-1,-1
1237,49,0,356,284,150,1,-1,-1,-1
1238,49,2,357,243,150,1,-1,-1,-1
1097,50,1599,337,314,171,1,-1,-1,-1
1098,50,1478,327,424,186,1,-1,-1,-1
1099,50,1358,332,473,179,1,-1,-1,-1
1100,50,1250,325,469,192,1,-1,-1,-1
1101,50,1124,326,470,186,1,-1,-1,-1
1102,50,1014,324,490,188,1,-1,-1,-1
1103,50,895,328,470,186,1,-1,-1,-1
1104,50,773,326,471,193,1,-1,-1,-1
1105,50,654,322,487,194,1,-1,-1,-1
1106,50,516,332,477,189,1,-1,-1,-1
1107,50,423,334,460,189,1,-1,-1,-1
1108,50,309,339,456,190,1,-1,-1,-1
1109,50,185,343,452,184,1,-1,-1,-1
1110,50,63,342,462,188,1,-1,-1,-1
1111,50,0,348,417,186,1,-1,-1,-1
1112,50,0,352,315,177,1,-1,-1,-1
1106,51,1554,323,334,150,1,-1,-1,-1
1107,51,1425,322,342,149,1,-1,-1,-1
1108,51,1285,319,353,153,1,-1,-1,-1
1109,51,1145,317,360,156,1,-1,-1,-1
1110,51,1013,321,360,154,1,-1,-1,-1
1111,51,867,322,365,157,1,-1,-1,-1
1112,51,726,325,376,156,1,-1,-1,-1
1113,51,577,328,378,157,1,-1,-1,-1
1114,51,455,332,356,152,1,-1,-1,-1
1115,51,317,341,354,153,1,-1,-1,-1
1116,51,183,343,345,154,1,-1,-1,-1
1117,51,58,340,345,159,1,-1,-1,-1
1118,51,0,351,292,149,1,-1,-1,-1
1127,52,1587,362,319,144,1,-1,-1,-1
1128,52,1437,359,384,149,1,-1,-1,-1
1129,52,1295,360,390,147,1,-1,-1,-1
1130,52,1142,364,399,143,1,-1,-1,-1
1131,52,988,360,384,149,1,-1,-1,-1
1132,52,820,363,427,150,1,-1,-1,-1
1133,52,676,364,401,151,1,-1,-1,-1
1134,52,518,364,409,154,1,-1,-1,-1
1135,52,368,372,394,149,1,-1,-1,-1
1136,52,227,377,388,147,1,-1,-1,-1
1137,52,93,380,373,147,1,-1,-1,-1
1138,52,0,381,346,148,1,-1,-1,-1
1145,53,21,469,528,309,1,-1,-1,-1
1146,53,70,460,720,323,1,-1,-1,-1
1147,53,288,456,738,326,1,-1,-1,-1
1148,53,521,456,743,329,1,-1,-1,-1
1149,53,772,453,745,325,1,-1,-1,-1
1150,53,1044,449,716,327,1,-1,-1,-1
1151,53,1268,444,651,333,1,-1,-1,-1
1157,54,56,507,432,285,1,-1,-1,-1
1158,54,133,494,615,289,1,-1,-1,-1
1159,54,323,487,690,307,1,-1,-1,-1
1160,54,620,485,639,298,1,-1,-1,-1
1161,54,834,473,638,312,1,-1,-1,-1
1162,54,1152,473,578,297,1,-1,-1,-1
1163,54,1370,474,549,306,1,-1,-1,-1
1215,55,36,540,339,247,1,-1,-1,-1
1216,55,95,515,575,284,1,-1,-1,-1
1217,55,308,515,634,283,1,-1,-1,-1
1218,55,625,507,592,287,1,-1,-1,-1
1219,55,921,507,597,285,1,-1,-1,-1
1220,55,1162,500,590,285,1,-1,-1,-1
1221,55,1427,512,492,267,1,-1,-1,-1
1222,56,25,458,471,240,1,-1,-1,-1
1223,56,203,452,533,238,1,-1,-1,-1
1224,56,456,447,516,242,1,-1,-1,-1
1225,56,686,442,511,245,1,-1,-1,-1
1226,56,914,447,537,240,1,-1,-1,-1
1227,56,1138,443,506,240,1,-1,-1,-1
1228,56,1391,429,507,253,1,-1,-1,-1
1229,56,1555,444,364,233,1,-1,-1,-1
1264,57,1543,345,337,128,1,-1,-1,-1
1265,57,1393,339,320,135,1,-1,-1,-1
1266,57,1225,343,337,129,1,-1,-1,-1
1267,57,1064,345,341,132,1,-1,-1,-1
1268,57,889,344,348,134,1,-1,-1,-1
1269,57,737,347,343,135,1,-1,-1,-1
1270,57,563,350,348,138,1,-1,-1,-1
1271,58,396,357,324,134,1,-1,-1,-1
1272,58,237,356,328,140,1,-1,-1,-1
1273,58,71,367,333,134,1,-1,-1,-1
1274,58,0,374,262,128,1,-1,-1,-1
1287,59,1607,337,305,169,1,-1,-1,-1
1288,59,1430,337,412,169,1,-1,-1,-1
1289,59,1268,335,406,171,1,-1,-1,-1
1290,59,1110,335,394,172,1,-1,-1,-1
1291,59,920,332,398,180,1,-1,-1,-1
1292,59,756,332,404,180,1,-1,-1,-1
1293,59,565,332,432,180,1,-1,-1,-1
1294,59,408,342,393,175,1,-1,-1,-1
1295,59,237,345,384,177,1,-1,-1,-1
1296,59,77,350,387,176,1,-1,-1,-1
1297,59,0,361,319,168,1,-1,-1,-1
1320,60,71,520,469,270,1,-1,-1,-1
1321,60,205,505,628,283,1,-1,-1,-1
1322,60,472,498,630,287,1,-1,-1,-1
1323,60,789,496,566,292,1,-1,-1,-1
1324,60,1001,489,668,288,1,-1,-1,-1
1325,60,1275,487,641,287,1,-1,-1,-1
1328,61,1550,333,334,145,1,-1,-1,-1
1329,61,1384,329,333,149,1,-1,-1,-1
1330,61,1217,327,348,152,1,-1,-1,-1
1331,61,1057,327,344,154,1,-1,-1,-1
1332,61,886,325,355,160,1,-1,-1,-1
1333,61,725,329,354,161,1,-1,-1,-1
1334,61,549,330,358,161,1,-1,-1,-1
1335,61,390,336,340,158,1,-1,-1,-1
1336,61,231,346,329,153,1,-1,-1,-1
1337,61,71,347,335,157,1,-1,-1,-1
1338,61,0,354,269,153,1,-1,-1,-1
1333,62,1060,302,132,107,1,-1,-1,-1
1334,62,1052,303,140,108,1,-1,-1,-1
1335,62,1052,303,140,108,1,-1,-1,-1
1336,62,1052,303,140,108,1,-1,-1,-1
1337,62,1052,303,140,108,1,-1,-1,-1
1338,62,1052,303,140,108,1,-1,-1,-1
1339,62,1052,303,140,108,1,-1,-1,-1
1340,62,1052,303,140,108,1,-1,-1,-1
1341,62,1052,303,140,108,1,-1,-1,-1
1342,62,1052,303,140,108,1,-1,-1,-1
1343,62,1052,303,139,108,1,-1,-1,-1
1344,62,1052,303,140,109,1,-1,-1,-1
1345,62,1052,303,140,108,1,-1,-1,-1
1346,62,1052,303,140,108,1,-1,-1,-1
1347,62,1052,303,140,108,1,-1,-1,-1
1348,62,1052,303,140,108,1,-1,-1,-1
1349,62,1052,303,140,108,1,-1,-1,-1
1350,62,1052,303,140,108,1,-1,-1,-1
1351,62,1052,303,140,108,1,-1,-1,-1
1352,62,1052,303,140,108,1,-1,-1,-1
1353,62,1052,303,140,109,1,-1,-1,-1
1354,62,1052,304,140,109,1,-1,-1,-1
1355,62,1052,303,141,109,1,-1,-1,-1
1356,62,1052,304,140,109,1,-1,-1,-1
1357,62,1050,303,142,109,1,-1,-1,-1
1358,62,1052,303,141,109,1,-1,-1,-1
1359,62,1052,303,141,109,1,-1,-1,-1
1360,62,1052,303,141,109,1,-1,-1,-1
1361,62,1052,303,141,109,1,-1,-1,-1
1362,62,1052,303,140,109,1,-1,-1,-1
1363,62,1052,303,140,109,1,-1,-1,-1
1364,62,1052,303,140,109,1,-1,-1,-1
1365,62,1052,303,140,109,1,-1,-1,-1
1366,62,1052,303,140,109,1,-1,-1,-1
1367,62,1052,303,141,109,1,-1,-1,-1
1368,62,1052,303,140,109,1,-1,-1,-1
1369,62,1052,303,141,109,1,-1,-1,-1
1370,62,1052,303,141,109,1,-1,-1,-1
1371,62,1052,303,141,109,1,-1,-1,-1
1372,62,1052,303,141,110,1,-1,-1,-1
1373,62,1052,303,141,109,1,-1,-1,-1
1374,62,1051,304,146,110,1,-1,-1,-1
1375,62,1051,304,145,109,1,-1,-1,-1
1376,62,1052,303,141,110,1,-1,-1,-1
1377,62,1051,304,146,110,1,-1,-1,-1
1378,62,1051,304,146,109,1,-1,-1,-1
1379,62,1052,303,141,110,1,-1,-1,-1
1380,62,1051,304,146,109,1,-1,-1,-1
1381,62,1051,304,147,110,1,-1,-1,-1
1382,62,1054,305,146,111,1,-1,-1,-1
1383,62,1052,305,148,112,1,-1,-1,-1
1384,62,1052,307,150,109,1,-1,-1,-1
1385,62,1052,307,149,109,1,-1,-1,-1
1386,62,1057,306,149,109,1,-1,-1,-1
1387,62,1058,307,152,110,1,-1,-1,-1
1388,62,1056,308,154,109,1,-1,-1,-1
1389,62,1062,308,150,111,1,-1,-1,-1
1390,62,1063,311,148,109,1,-1,-1,-1
1391,62,1064,310,153,113,1,-1,-1,-1
1392,62,1068,311,152,113,1,-1,-1,-1
1393,62,1068,311,160,115,1,-1,-1,-1
1394,62,1073,313,157,113,1,-1,-1,-1
1395,62,1075,315,159,113,1,-1,-1,-1
1396,62,1075,316,165,113,1,-1,-1,-1
1397,62,1080,314,160,119,1,-1,-1,-1
1398,62,1089,319,158,114,1,-1,-1,-1
1399,62,1089,319,170,118,1,-1,-1,-1
1400,62,1093,319,178,121,1,-1,-1,-1
1401,62,1100,320,180,123,1,-1,-1,-1
1402,62,1105,321,182,124,1,-1,-1,-1
1403,62,1110,325,187,124,1,-1,-1,-1
1404,62,1112,323,193,129,1,-1,-1,-1
1405,62,1128,327,198,127,1,-1,-1,-1
1406,62,1135,327,202,128,1,-1,-1,-1
1407,62,1150,330,200,128,1,-1,-1,-1
1408,62,1153,329,214,129,1,-1,-1,-1
1409,62,1159,332,230,130,1,-1,-1,-1
1410,62,1180,331,240,136,1,-1,-1,-1
1411,62,1191,334,251,133,1,-1,-1,-1
1412,62,1206,337,269,135,1,-1,-1,-1
1413,62,1224,338,271,137,1,-1,-1,-1
1414,62,1246,342,278,139,1,-1,-1,-1
1415,62,1276,346,292,139,1,-1,-1,-1
1416,62,1305,349,296,140,1,-1,-1,-1
1417,62,1332,354,306,143,1,-1,-1,-1
1418,62,1344,356,322,145,1,-1,-1,-1
1419,62,1371,359,342,149,1,-1,-1,-1
1420,62,1420,362,352,151,1,-1,-1,-1
1421,62,1456,365,366,153,1,-1,-1,-1
1422,62,1485,366,389,157,1,-1,-1,-1
1423,62,1520,368,385,161,1,-1,-1,-1
1424,62,1560,376,359,158,1,-1,-1,-1
1425,62,1593,381,326,157,1,-1,-1,-1
1426,62,1645,389,274,154,1,-1,-1,-1
1334,63,893,303,129,114,1,-1,-1,-1
1335,63,886,305,137,114,1,-1,-1,-1
1336,63,886,305,136,114,1,-1,-1,-1
1337,63,886,305,137,114,1,-1,-1,-1
1338,63,886,305,137,114,1,-1,-1,-1
1339,63,886,305,137,114,1,-1,-1,-1
1340,63,886,305,136,114,1,-1,-1,-1
1341,63,886,305,137,114,1,-1,-1,-1
1342,63,886,305,137,114,1,-1,-1,-1
1343,63,886,305,137,114,1,-1,-1,-1
1344,63,886,305,137,114,1,-1,-1,-1
1345,63,886,305,138,114,1,-1,-1,-1
1346,63,886,305,138,114,1,-1,-1,-1
1347,63,886,305,138,114,1,-1,-1,-1
1348,63,887,305,137,114,1,-1,-1,-1
1349,63,886,304,138,115,1,-1,-1,-1
1350,63,885,305,139,115,1,-1,-1,-1
1351,63,887,305,137,114,1,-1,-1,-1
1352,63,887,305,137,113,1,-1,-1,-1
1353,63,887,306,137,113,1,-1,-1,-1
1354,63,887,306,137,113,1,-1,-1,-1
1355,63,887,306,136,113,1,-1,-1,-1
1356,63,887,306,136,113,1,-1,-1,-1
1357,63,888,306,136,113,1,-1,-1,-1
1358,63,887,306,136,113,1,-1,-1,-1
1359,63,887,306,136,113,1,-1,-1,-1
1360,63,887,305,136,113,1,-1,-1,-1
1361,63,887,305,136,113,1,-1,-1,-1
1362,63,887,306,136,113,1,-1,-1,-1
1363,63,887,306,136,113,1,-1,-1,-1
1364,63,887,305,137,114,1,-1,-1,-1
1365,63,887,306,136,113,1,-1,-1,-1
1366,63,887,305,137,114,1,-1,-1,-1
1367,63,887,305,136,113,1,-1,-1,-1
1368,63,887,305,136,114,1,-1,-1,-1
1369,63,887,305,136,114,1,-1,-1,-1
1370,63,887,305,136,114,1,-1,-1,-1
1371,63,887,305,135,113,1,-1,-1,-1
1372,63,887,305,135,113,1,-1,-1,-1
1373,63,887,305,135,113,1,-1,-1,-1
1374,63,887,305,135,113,1,-1,-1,-1
1375,63,887,305,135,113,1,-1,-1,-1
1376,63,887,305,135,113,1,-1,-1,-1
1377,63,887,305,135,113,1,-1,-1,-1
1378,63,887,305,135,113,1,-1,-1,-1
1379,63,887,305,135,113,1,-1,-1,-1
1380,63,887,305,135,113,1,-1,-1,-1
1381,63,887,305,136,113,1,-1,-1,-1
1382,63,887,304,136,116,1,-1,-1,-1
1383,63,888,305,136,117,1,-1,-1,-1
1384,63,889,306,136,116,1,-1,-1,-1
1385,63,889,307,139,116,1,-1,-1,-1
1386,63,889,308,142,116,1,-1,-1,-1
1387,63,890,312,143,114,1,-1,-1,-1
1388,63,892,311,142,116,1,-1,-1,-1
1389,63,894,312,141,117,1,-1,-1,-1
1390,63,893,313,146,118,1,-1,-1,-1
1391,63,896,314,144,119,1,-1,-1,-1
1392,63,898,316,147,120,1,-1,-1,-1
1393,63,899,317,148,123,1,-1,-1,-1
1394,63,901,318,149,123,1,-1,-1,-1
1395,63,903,320,151,125,1,-1,-1,-1
1396,63,905,323,154,123,1,-1,-1,-1
1397,63,908,325,156,122,1,-1,-1,-1
1398,63,911,326,162,126,1,-1,-1,-1
1399,63,914,328,161,129,1,-1,-1,-1
1400,63,916,330,160,131,1,-1,-1,-1
1401,63,922,333,165,131,1,-1,-1,-1
1402,63,924,335,170,134,1,-1,-1,-1
1403,63,929,339,171,137,1,-1,-1,-1
1404,63,930,339,180,146,1,-1,-1,-1
1405,63,936,344,183,146,1,-1,-1,-1
1406,63,944,350,182,147,1,-1,-1,-1
1407,63,948,351,190,154,1,-1,-1,-1
1408,63,953,356,194,156,1,-1,-1,-1
1409,63,959,362,201,156,1,-1,-1,-1
1410,63,968,366,205,161,1,-1,-1,-1
1411,63,977,372,214,168,1,-1,-1,-1
1412,63,989,376,216,173,1,-1,-1,-1
1413,63,994,382,226,177,1,-1,-1,-1
1414,63,1007,388,232,189,1,-1,-1,-1
1415,63,1016,395,250,195,1,-1,-1,-1
1416,63,1023,407,268,195,1,-1,-1,-1
1417,63,1038,417,287,200,1,-1,-1,-1
1418,63,1053,424,296,213,1,-1,-1,-1
1419,63,1084,443,302,215,1,-1,-1,-1
1420,63,1105,454,340,229,1,-1,-1,-1
1421,63,1108,464,369,251,1,-1,-1,-1
1422,63,1145,481,386,256,1,-1,-1,-1
1423,63,1168,503,421,270,1,-1,-1,-1
1424,63,1205,519,444,293,1,-1,-1,-1
1425,63,1247,551,469,302,1,-1,-1,-1
1426,63,1273,576,530,325,1,-1,-1,-1
1427,63,1320,599,572,346,1,-1,-1,-1
1428,63,1388,626,531,372,1,-1,-1,-1
1429,63,1413,657,506,384,1,-1,-1,-1
1346,64,44,558,407,233,1,-1,-1,-1
1347,64,174,544,553,249,1,-1,-1,-1
1348,64,407,539,572,256,1,-1,-1,-1
1349,64,672,535,547,260,1,-1,-1,-1
1350,64,929,536,561,247,1,-1,-1,-1
1351,64,1189,531,547,250,1,-1,-1,-1
1352,64,1435,538,484,240,1,-1,-1,-1
1439,65,21,577,333,307,1,-1,-1,-1
1440,65,29,580,362,308,1,-1,-1,-1
1441,65,26,574,426,332,1,-1,-1,-1
1442,65,57,580,437,352,1,-1,-1,-1
1443,65,49,592,521,343,1,-1,-1,-1
1444,65,58,594,560,363,1,-1,-1,-1
1445,65,52,586,678,378,1,-1,-1,-1
1446,65,92,598,693,381,1,-1,-1,-1
1447,65,188,613,616,395,1,-1,-1,-1
1448,65,168,628,711,399,1,-1,-1,-1
1449,65,235,633,733,414,1,-1,-1,-1
1450,65,347,639,679,438,1,-1,-1,-1
1451,65,373,664,786,415,1,-1,-1,-1
1452,65,448,677,764,402,1,-1,-1,-1
1453,65,492,692,781,387,1,-1,-1,-1
1454,65,531,687,865,392,1,-1,-1,-1
1455,65,662,716,785,363,1,-1,-1,-1
1456,65,710,733,849,346,1,-1,-1,-1
1518,66,1665,418,254,186,1,-1,-1,-1
1519,66,1632,410,282,182,1,-1,-1,-1
1520,66,1600,402,302,174,1,-1,-1,-1
1521,66,1575,394,310,166,1,-1,-1,-1
1522,66,1546,386,307,163,1,-1,-1,-1
1523,66,1506,377,319,161,1,-1,-1,-1
1524,66,1480,371,302,157,1,-1,-1,-1
1525,66,1455,363,294,154,1,-1,-1,-1
1526,66,1443,359,264,148,1,-1,-1,-1
1527,66,1429,354,250,143,1,-1,-1,-1
1528,66,1413,347,247,141,1,-1,-1,-1
1529,66,1398,341,238,137,1,-1,-1,-1
1530,66,1384,339,219,132,1,-1,-1,-1
1531,66,1367,335,208,128,1,-1,-1,-1
1532,66,1347,329,212,126,1,-1,-1,-1
1533,66,1331,328,199,122,1,-1,-1,-1
1534,66,1320,325,195,119,1,-1,-1,-1
1535,66,1303,323,185,116,1,-1,-1,-1
1536,66,1288,319,181,114,1,-1,-1,-1
1537,66,1279,316,176,110,1,-1,-1,-1
1538,66,1262,312,173,111,1,-1,-1,-1
1539,66,1252,307,172,113,1,-1,-1,-1
1540,66,1235,304,172,111,1,-1,-1,-1
1541,66,1229,302,161,109,1,-1,-1,-1
1542,66,1217,299,160,106,1,-1,-1,-1
1543,66,1206,296,158,105,1,-1,-1,-1
1544,66,1199,295,153,102,1,-1,-1,-1
1545,66,1191,289,149,105,1,-1,-1,-1
1546,66,1184,287,139,105,1,-1,-1,-1
1547,66,1172,287,142,102,1,-1,-1,-1
1548,66,1166,285,139,102,1,-1,-1,-1
1549,66,1162,281,138,102,1,-1,-1,-1
1550,66,1155,279,134,99,1,-1,-1,-1
1551,66,1148,278,131,97,1,-1,-1,-1
1552,66,1144,277,128,96,1,-1,-1,-1
1553,66,1136,273,126,100,1,-1,-1,-1
1554,66,1133,271,122,98,1,-1,-1,-1
1555,66,1127,270,121,97,1,-1,-1,-1
1556,66,1121,268,118,93,1,-1,-1,-1
1557,66,1117,267,108,88,1,-1,-1,-1
1558,66,1110,266,108,85,1,-1,-1,-1
1559,66,1106,265,105,85,1,-1,-1,-1
1560,66,1102,265,104,83,1,-1,-1,-1
1561,66,1096,264,101,81,1,-1,-1,-1
1562,66,1095,263,93,81,1,-1,-1,-1
1563,66,1092,261,94,82,1,-1,-1,-1
1530,67,912,233,77,65,1,-1,-1,-1
1531,67,911,233,78,66,1,-1,-1,-1
1532,67,908,233,78,66,1,-1,-1,-1
1533,67,906,232,77,70,1,-1,-1,-1
1534,67,902,233,77,69,1,-1,-1,-1
1535,67,900,234,78,67,1,-1,-1,-1
1536,67,898,235,76,68,1,-1,-1,-1
1537,67,895,235,78,68,1,-1,-1,-1
1538,67,893,236,77,67,1,-1,-1,-1
1539,67,889,236,81,67,1,-1,-1,-1
1540,67,886,235,84,69,1,-1,-1,-1
1541,67,883,236,86,71,1,-1,-1,-1
1542,67,882,237,83,70,1,-1,-1,-1
1543,67,880,236,82,73,1,-1,-1,-1
1544,67,876,237,83,74,1,-1,-1,-1
1545,67,875,238,81,73,1,-1,-1,-1
1546,67,873,240,83,73,1,-1,-1,-1
1547,67,871,240,84,73,1,-1,-1,-1
1548,67,869,242,86,73,1,-1,-1,-1
1549,67,865,242,87,73,1,-1,-1,-1
1550,67,864,242,87,74,1,-1,-1,-1
1551,67,859,243,91,75,1,-1,-1,-1
1552,67,858,244,90,76,1,-1,-1,-1
1553,67,857,245,90,75,1,-1,-1,-1
1554,67,856,245,92,76,1,-1,-1,-1
1555,67,855,247,91,77,1,-1,-1,-1
1556,67,852,248,93,79,1,-1,-1,-1
1557,67,852,250,93,76,1,-1,-1,-1
1558,67,851,249,95,78,1,-1,-1,-1
1559,67,851,249,98,78,1,-1,-1,-1
1560,67,847,250,100,80,1,-1,-1,-1
1561,67,846,250,96,84,1,-1,-1,-1
1562,67,845,251,99,83,1,-1,-1,-1
1563,67,843,250,102,86,1,-1,-1,-1
1564,67,844,250,102,87,1,-1,-1,-1
1565,67,843,250,105,90,1,-1,-1,-1
1566,67,843,251,105,90,1,-1,-1,-1
1567,67,844,254,104,88,1,-1,-1,-1
1568,67,842,255,106,92,1,-1,-1,-1
1569,67,844,255,105,92,1,-1,-1,-1
1570,67,842,256,108,93,1,-1,-1,-1
1571,67,844,258,105,94,1,-1,-1,-1
1572,67,842,259,105,95,1,-1,-1,-1
1573,67,845,261,102,97,1,-1,-1,-1
1574,67,842,259,106,100,1,-1,-1,-1
1575,67,840,260,109,101,1,-1,-1,-1
1576,67,839,263,108,102,1,-1,-1,-1
1577,67,837,263,112,104,1,-1,-1,-1
1578,67,835,262,114,108,1,-1,-1,-1
1579,67,838,263,112,108,1,-1,-1,-1
1580,67,837,265,115,107,1,-1,-1,-1
1581,67,832,266,118,108,1,-1,-1,-1
1582,67,831,268,118,107,1,-1,-1,-1
1583,67,829,269,119,110,1,-1,-1,-1
1584,67,826,271,119,109,1,-1,-1,-1
1585,67,820,271,123,114,1,-1,-1,-1
1586,67,815,274,127,114,1,-1,-1,-1
1587,67,810,275,127,115,1,-1,-1,-1
1588,67,804,275,132,119,1,-1,-1,-1
1589,67,783,276,147,123,1,-1,-1,-1
1590,67,774,279,152,124,1,-1,-1,-1
1591,67,764,283,155,122,1,-1,-1,-1
1592,67,750,282,168,126,1,-1,-1,-1
1593,67,738,283,170,127,1,-1,-1,-1
1594,67,725,286,175,125,1,-1,-1,-1
1595,67,707,285,181,130,1,-1,-1,-1
1596,67,693,285,184,135,1,-1,-1,-1
1597,67,673,287,192,139,1,-1,-1,-1
1598,67,655,291,198,137,1,-1,-1,-1
1599,67,635,296,201,133,1,-1,-1,-1
1600,67,617,295,207,140,1,-1,-1,-1
1601,67,598,294,224,140,1,-1,-1,-1
1602,67,568,298,234,142,1,-1,-1,-1
1603,67,544,300,247,143,1,-1,-1,-1
1604,67,510,302,264,147,1,-1,-1,-1
1605,67,488,304,252,148,1,-1,-1,-1
1606,67,459,308,263,148,1,-1,-1,-1
1607,67,412,312,279,148,1,-1,-1,-1
1608,67,377,311,287,151,1,-1,-1,-1
1609,67,352,314,280,151,1,-1,-1,-1
1610,67,293,312,308,156,1,-1,-1,-1
1611,67,249,317,316,157,1,-1,-1,-1
1612,67,214,322,318,156,1,-1,-1,-1
1613,67,168,324,332,157,1,-1,-1,-1
1614,67,123,325,338,159,1,-1,-1,-1
1615,67,93,327,333,159,1,-1,-1,-1
1616,67,54,329,330,161,1,-1,-1,-1
1617,67,11,331,333,162,1,-1,-1,-1
1618,67,0,335,292,157,1,-1,-1,-1
1619,67,0,340,260,151,1,-1,-1,-1
1620,67,0,343,225,145,1,-1,-1,-1
1535,68,1597,369,306,215,1,-1,-1,-1
1536,68,1557,356,344,217,1,-1,-1,-1
1537,68,1526,350,352,204,1,-1,-1,-1
1538,68,1497,344,346,202,1,-1,-1,-1
1539,68,1468,337,332,190,1,-1,-1,-1
1540,68,1441,334,321,183,1,-1,-1,-1
1541,68,1417,329,305,177,1,-1,-1,-1
1542,68,1400,322,288,176,1,-1,-1,-1
1543,68,1376,320,284,170,1,-1,-1,-1
1544,68,1354,316,275,163,1,-1,-1,-1
1545,68,1343,310,253,160,1,-1,-1,-1
1546,68,1328,308,244,158,1,-1,-1,-1
1547,68,1312,306,231,149,1,-1,-1,-1
1548,68,1294,299,227,149,1,-1,-1,-1
1549,68,1279,297,218,146,1,-1,-1,-1
1550,68,1266,296,211,139,1,-1,-1,-1
1551,68,1257,296,208,136,1,-1,-1,-1
1552,68,1242,291,199,135,1,-1,-1,-1
1553,68,1233,288,192,133,1,-1,-1,-1
1554,68,1222,286,185,129,1,-1,-1,-1
1555,68,1215,284,178,126,1,-1,-1,-1
1556,68,1200,283,175,125,1,-1,-1,-1
1557,68,1188,281,170,122,1,-1,-1,-1
1558,68,1171,280,179,120,1,-1,-1,-1
1559,68,1168,275,168,122,1,-1,-1,-1
1560,68,1162,273,159,119,1,-1,-1,-1
1561,68,1150,273,159,115,1,-1,-1,-1
1562,68,1149,268,149,116,1,-1,-1,-1
1563,68,1142,269,147,113,1,-1,-1,-1
1564,68,1136,267,144,110,1,-1,-1,-1
1565,68,1127,265,143,110,1,-1,-1,-1
1566,68,1121,264,139,108,1,-1,-1,-1
1567,68,1109,259,143,111,1,-1,-1,-1
1568,68,1112,261,134,104,1,-1,-1,-1
1569,68,1105,259,131,104,1,-1,-1,-1
1570,68,1101,258,128,101,1,-1,-1,-1
1571,68,1097,257,125,100,1,-1,-1,-1
1572,68,1093,255,126,100,1,-1,-1,-1
1573,68,1087,255,123,97,1,-1,-1,-1
1574,68,1079,251,123,101,1,-1,-1,-1
1575,68,1077,248,119,102,1,-1,-1,-1
1576,68,1074,247,117,99,1,-1,-1,-1
1577,68,1073,247,114,100,1,-1,-1,-1
1578,68,1072,245,111,100,1,-1,-1,-1
1579,68,1069,243,109,99,1,-1,-1,-1
1580,68,1063,239,112,100,1,-1,-1,-1
1581,68,1065,239,107,99,1,-1,-1,-1
1582,68,1061,238,106,98,1,-1,-1,-1
1583,68,1052,236,112,99,1,-1,-1,-1
1584,68,1050,238,109,95,1,-1,-1,-1
1585,68,1049,236,107,94,1,-1,-1,-1
1586,68,1048,237,98,92,1,-1,-1,-1
1587,68,1044,237,102,92,1,-1,-1,-1
1588,68,1045,236,99,92,1,-1,-1,-1
1589,68,1043,236,99,92,1,-1,-1,-1
1590,68,1042,235,95,89,1,-1,-1,-1
1591,68,1042,235,94,86,1,-1,-1,-1
1592,68,1042,234,92,86,1,-1,-1,-1
1593,68,1041,234,94,84,1,-1,-1,-1
1594,68,1041,234,90,84,1,-1,-1,-1
1595,68,1041,233,91,86,1,-1,-1,-1
1596,68,1041,232,92,87,1,-1,-1,-1
1597,68,1040,231,93,85,1,-1,-1,-1
1550,69,1720,420,199,166,1,-1,-1,-1
1551,69,1676,410,243,172,1,-1,-1,-1
1552,69,1635,397,283,173,1,-1,-1,-1
1553,69,1606,390,300,167,1,-1,-1,-1
1554,69,1575,381,319,166,1,-1,-1,-1
1555,69,1543,376,312,160,1,-1,-1,-1
1556,69,1530,370,289,157,1,-1,-1,-1
1557,69,1496,358,298,155,1,-1,-1,-1
1558,69,1474,352,279,151,1,-1,-1,-1
1559,69,1461,351,257,143,1,-1,-1,-1
1560,69,1449,349,237,138,1,-1,-1,-1
1561,69,1430,344,237,134,1,-1,-1,-1
1562,69,1408,340,240,130,1,-1,-1,-1
1563,69,1395,336,216,126,1,-1,-1,-1
1564,69,1371,330,208,124,1,-1,-1,-1
1565,69,1361,326,203,123,1,-1,-1,-1
1566,69,1347,322,194,125,1,-1,-1,-1
1567,69,1330,320,189,121,1,-1,-1,-1
1568,69,1315,318,190,116,1,-1,-1,-1
1569,69,1302,315,179,114,1,-1,-1,-1
1570,69,1295,312,175,113,1,-1,-1,-1
1571,69,1282,310,171,114,1,-1,-1,-1
1572,69,1267,307,171,113,1,-1,-1,-1
1573,69,1255,305,162,109,1,-1,-1,-1
1574,69,1239,303,167,109,1,-1,-1,-1
1575,69,1235,300,156,105,1,-1,-1,-1
1576,69,1218,298,160,105,1,-1,-1,-1
1577,69,1209,294,153,105,1,-1,-1,-1
1578,69,1200,293,151,103,1,-1,-1,-1
1579,69,1189,289,145,104,1,-1,-1,-1
1580,69,1182,288,139,99,1,-1,-1,-1
1581,69,1174,286,138,100,1,-1,-1,-1
1582,69,1163,282,139,102,1,-1,-1,-1
1583,69,1158,281,137,99,1,-1,-1,-1
1584,69,1151,279,140,97,1,-1,-1,-1
1585,69,1144,281,128,91,1,-1,-1,-1
1586,69,1140,279,126,91,1,-1,-1,-1
1587,69,1128,273,132,96,1,-1,-1,-1
1588,69,1124,272,129,94,1,-1,-1,-1
1589,69,1121,273,121,89,1,-1,-1,-1
1590,69,1118,270,116,90,1,-1,-1,-1
1591,69,1111,268,115,90,1,-1,-1,-1
1592,69,1108,267,113,89,1,-1,-1,-1
1593,69,1103,266,111,88,1,-1,-1,-1
1594,69,1098,264,109,88,1,-1,-1,-1
1595,69,1095,263,104,86,1,-1,-1,-1
1596,69,1096,262,98,85,1,-1,-1,-1
1597,69,1087,260,100,87,1,-1,-1,-1
1598,69,1085,256,99,90,1,-1,-1,-1
1599,69,1082,255,101,90,1,-1,-1,-1
1600,69,1079,253,101,88,1,-1,-1,-1
1601,69,1076,255,98,83,1,-1,-1,-1
1602,69,1073,250,99,85,1,-1,-1,-1
1603,69,1073,249,95,85,1,-1,-1,-1
1604,69,1074,250,89,81,1,-1,-1,-1
1572,70,1620,374,292,195,1,-1,-1,-1
1573,70,1591,366,310,192,1,-1,-1,-1
1574,70,1555,355,319,188,1,-1,-1,-1
1575,70,1528,349,308,182,1,-1,-1,-1
1576,70,1504,341,301,178,1,-1,-1,-1
1577,70,1480,337,287,171,1,-1,-1,-1
1578,70,1466,336,269,164,1,-1,-1,-1
1579,70,1432,329,274,162,1,-1,-1,-1
1580,70,1426,326,246,155,1,-1,-1,-1
1581,70,1400,319,242,151,1,-1,-1,-1
1582,70,1388,312,238,152,1,-1,-1,-1
1583,70,1362,313,233,146,1,-1,-1,-1
1584,70,1347,307,223,143,1,-1,-1,-1
1585,70,1333,305,214,139,1,-1,-1,-1
1586,70,1321,302,207,138,1,-1,-1,-1
1587,70,1306,298,201,135,1,-1,-1,-1
1588,70,1296,298,195,132,1,-1,-1,-1
1589,70,1284,296,185,128,1,-1,-1,-1
1590,70,1268,293,188,127,1,-1,-1,-1
1591,70,1256,294,185,123,1,-1,-1,-1
1592,70,1243,294,179,118,1,-1,-1,-1
1593,70,1232,289,175,119,1,-1,-1,-1
1594,70,1222,289,173,115,1,-1,-1,-1
1595,70,1213,283,163,116,1,-1,-1,-1
1596,70,1201,280,165,117,1,-1,-1,-1
1597,70,1193,279,158,114,1,-1,-1,-1
1598,70,1185,278,150,112,1,-1,-1,-1
1599,70,1174,278,148,109,1,-1,-1,-1
1600,70,1169,276,146,108,1,-1,-1,-1
1601,70,1159,273,148,108,1,-1,-1,-1
1602,70,1154,270,141,108,1,-1,-1,-1
1603,70,1150,269,144,106,1,-1,-1,-1
1604,70,1144,268,134,102,1,-1,-1,-1
1605,70,1135,266,133,104,1,-1,-1,-1
1606,70,1131,263,131,103,1,-1,-1,-1
1607,70,1125,261,130,103,1,-1,-1,-1
1608,70,1117,259,129,102,1,-1,-1,-1
1609,70,1113,258,128,104,1,-1,-1,-1
1610,70,1110,261,122,100,1,-1,-1,-1
1611,70,1107,257,122,97,1,-1,-1,-1
1612,70,1105,257,114,95,1,-1,-1,-1
1613,70,1102,256,112,94,1,-1,-1,-1
1614,70,1096,255,112,93,1,-1,-1,-1
1615,70,1086,250,118,98,1,-1,-1,-1
1616,70,1079,249,119,98,1,-1,-1,-1
1617,70,1077,247,116,96,1,-1,-1,-1
1618,70,1074,244,118,99,1,-1,-1,-1
1619,70,1074,242,114,96,1,-1,-1,-1
1620,70,1071,243,114,94,1,-1,-1,-1
1621,70,1071,240,110,95,1,-1,-1,-1
1622,70,1069,240,109,89,1,-1,-1,-1
1623,70,1068,242,102,83,1,-1,-1,-1
1624,70,1068,242,99,86,1,-1,-1,-1
1625,70,1064,241,96,84,1,-1,-1,-1
1591,71,1613,356,306,221,1,-1,-1,-1
1592,71,1581,344,336,218,1,-1,-1,-1
1593,71,1546,337,347,211,1,-1,-1,-1
1594,71,1521,334,335,200,1,-1,-1,-1
1595,71,1491,329,331,192,1,-1,-1,-1
1596,71,1472,322,310,190,1,-1,-1,-1
1597,71,1445,317,303,184,1,-1,-1,-1
1598,71,1416,310,298,182,1,-1,-1,-1
1599,71,1397,308,283,175,1,-1,-1,-1
1600,71,1387,303,264,169,1,-1,-1,-1
1601,71,1362,300,260,165,1,-1,-1,-1
1602,71,1350,297,243,158,1,-1,-1,-1
1603,71,1342,285,226,166,1,-1,-1,-1
1604,71,1321,289,223,157,1,-1,-1,-1
1605,71,1301,291,223,151,1,-1,-1,-1
1606,71,1295,286,210,147,1,-1,-1,-1
1607,71,1281,285,202,145,1,-1,-1,-1
1608,71,1269,283,198,142,1,-1,-1,-1
1609,71,1255,279,195,141,1,-1,-1,-1
1610,71,1243,278,189,135,1,-1,-1,-1
1611,71,1233,276,184,131,1,-1,-1,-1
1612,71,1216,275,187,129,1,-1,-1,-1
1613,71,1209,273,178,127,1,-1,-1,-1
1614,71,1199,272,175,125,1,-1,-1,-1
1615,71,1198,273,163,120,1,-1,-1,-1
1616,71,1184,271,163,118,1,-1,-1,-1
1617,71,1182,268,154,117,1,-1,-1,-1
1618,71,1170,264,152,119,1,-1,-1,-1
1619,71,1161,262,153,119,1,-1,-1,-1
1620,71,1160,261,144,116,1,-1,-1,-1
1621,71,1147,262,148,113,1,-1,-1,-1
1622,71,1139,260,143,112,1,-1,-1,-1
1623,71,1132,260,140,107,1,-1,-1,-1
1624,71,1127,259,137,107,1,-1,-1,-1
1625,71,1120,256,136,107,1,-1,-1,-1
1626,71,1119,254,133,107,1,-1,-1,-1
1627,71,1114,253,130,107,1,-1,-1,-1
1628,71,1112,251,127,106,1,-1,-1,-1
1629,71,1107,252,127,103,1,-1,-1,-1
1630,71,1103,252,124,102,1,-1,-1,-1
1631,71,1100,250,120,103,1,-1,-1,-1
1632,71,1093,247,118,104,1,-1,-1,-1
1633,71,1088,242,120,107,1,-1,-1,-1
1634,71,1084,239,121,107,1,-1,-1,-1
1635,71,1080,238,119,107,1,-1,-1,-1
1636,71,1079,237,115,105,1,-1,-1,-1
1637,71,1079,238,112,103,1,-1,-1,-1
1638,71,1077,237,112,103,1,-1,-1,-1
1639,71,1075,236,110,102,1,-1,-1,-1
1640,71,1074,239,107,97,1,-1,-1,-1
1641,71,1071,238,107,95,1,-1,-1,-1
1642,71,1070,237,107,95,1,-1,-1,-1
1643,71,1071,236,103,96,1,-1,-1,-1
1644,71,1069,236,101,92,1,-1,-1,-1
1645,71,1066,235,100,94,1,-1,-1,-1
1646,71,1065,234,100,94,1,-1,-1,-1
1647,71,1064,233,104,91,1,-1,-1,-1
1648,71,1061,233,103,91,1,-1,-1,-1
1649,71,1060,232,100,91,1,-1,-1,-1
1650,71,1059,231,99,91,1,-1,-1,-1
1651,71,1060,230,97,88,1,-1,-1,-1
1652,71,1060,229,95,88,1,-1,-1,-1
1653,71,1061,227,91,90,1,-1,-1,-1
1654,71,1060,226,90,90,1,-1,-1,-1
1655,71,1061,226,89,88,1,-1,-1,-1
1656,71,1061,224,87,88,1,-1,-1,-1
1657,71,1060,224,89,85,1,-1,-1,-1
1658,71,1060,223,87,85,1,-1,-1,-1
1659,71,1060,223,88,85,1,-1,-1,-1
1660,71,1060,220,89,88,1,-1,-1,-1
1661,71,1059,223,88,80,1,-1,-1,-1
1592,72,860,257,89,81,1,-1,-1,-1
1593,72,859,257,91,81,1,-1,-1,-1
1594,72,856,257,95,83,1,-1,-1,-1
1595,72,856,259,93,81,1,-1,-1,-1
1596,72,855,259,95,85,1,-1,-1,-1
1597,72,854,260,96,86,1,-1,-1,-1
1598,72,852,260,98,90,1,-1,-1,-1
1599,72,851,262,99,89,1,-1,-1,-1
1600,72,852,264,100,90,1,-1,-1,-1
1601,72,851,263,100,92,1,-1,-1,-1
1602,72,852,265,99,93,1,-1,-1,-1
1603,72,850,266,101,94,1,-1,-1,-1
1604,72,850,266,101,96,1,-1,-1,-1
1605,72,849,268,103,99,1,-1,-1,-1
1606,72,848,269,104,97,1,-1,-1,-1
1607,72,847,270,106,99,1,-1,-1,-1
1608,72,845,270,108,100,1,-1,-1,-1
1609,72,841,272,110,101,1,-1,-1,-1
1610,72,839,272,111,103,1,-1,-1,-1
1611,72,836,274,114,104,1,-1,-1,-1
1612,72,833,274,115,106,1,-1,-1,-1
1613,72,831,274,116,111,1,-1,-1,-1
1614,72,826,277,117,111,1,-1,-1,-1
1615,72,821,278,120,113,1,-1,-1,-1
1616,72,817,282,118,111,1,-1,-1,-1
1617,72,809,282,124,115,1,-1,-1,-1
1618,72,801,285,129,116,1,-1,-1,-1
1619,72,788,283,136,118,1,-1,-1,-1
1620,72,777,285,139,120,1,-1,-1,-1
1621,72,764,289,145,117,1,-1,-1,-1
1622,72,750,290,153,121,1,-1,-1,-1
1623,72,734,292,156,123,1,-1,-1,-1
1624,72,717,297,161,121,1,-1,-1,-1
1625,72,698,298,169,122,1,-1,-1,-1
1626,72,684,298,166,124,1,-1,-1,-1
1627,72,659,301,179,122,1,-1,-1,-1
1628,72,639,303,182,124,1,-1,-1,-1
1629,72,612,305,191,127,1,-1,-1,-1
1630,72,591,307,195,128,1,-1,-1,-1
1631,72,559,309,205,131,1,-1,-1,-1
1632,72,522,310,216,137,1,-1,-1,-1
1633,72,495,311,232,138,1,-1,-1,-1
1634,72,463,315,228,136,1,-1,-1,-1
1635,72,429,317,241,136,1,-1,-1,-1
1636,72,382,321,256,137,1,-1,-1,-1
1637,72,357,324,251,137,1,-1,-1,-1
1638,72,305,322,269,143,1,-1,-1,-1
1639,72,257,326,273,144,1,-1,-1,-1
1640,72,217,332,275,140,1,-1,-1,-1
1641,72,180,332,283,142,1,-1,-1,-1
1642,72,138,333,281,146,1,-1,-1,-1
1643,72,85,338,284,145,1,-1,-1,-1
1644,72,43,338,284,149,1,-1,-1,-1
1645,72,4,341,281,147,1,-1,-1,-1
1641,73,918,226,77,68,1,-1,-1,-1
1642,73,915,227,78,68,1,-1,-1,-1
1643,73,912,226,81,69,1,-1,-1,-1
1644,73,911,229,80,67,1,-1,-1,-1
1645,73,912,227,78,71,1,-1,-1,-1
1646,73,907,229,79,70,1,-1,-1,-1
1647,73,903,229,83,72,1,-1,-1,-1
1648,73,901,230,83,70,1,-1,-1,-1
1649,73,898,229,82,71,1,-1,-1,-1
1650,73,893,230,83,71,1,-1,-1,-1
1651,73,891,231,84,71,1,-1,-1,-1
1652,73,889,232,84,71,1,-1,-1,-1
1653,73,887,232,84,72,1,-1,-1,-1
1654,73,883,231,89,75,1,-1,-1,-1
1655,73,883,233,86,73,1,-1,-1,-1
1656,73,882,234,84,73,1,-1,-1,-1
1657,73,881,233,84,77,1,-1,-1,-1
1658,73,876,233,86,76,1,-1,-1,-1
1659,73,873,236,87,75,1,-1,-1,-1
1660,73,870,237,88,75,1,-1,-1,-1
1661,73,869,238,88,74,1,-1,-1,-1
1662,73,867,239,88,75,1,-1,-1,-1
1663,73,863,240,91,76,1,-1,-1,-1
1664,73,862,239,92,79,1,-1,-1,-1
1665,73,863,242,91,76,1,-1,-1,-1
1666,73,859,241,92,79,1,-1,-1,-1
1667,73,859,242,93,81,1,-1,-1,-1
1668,73,860,243,93,80,1,-1,-1,-1
1669,73,858,243,96,82,1,-1,-1,-1
1670,73,857,243,94,84,1,-1,-1,-1
1671,73,856,244,96,84,1,-1,-1,-1
1672,73,857,245,95,85,1,-1,-1,-1
1673,73,855,247,96,86,1,-1,-1,-1
1674,73,854,249,98,85,1,-1,-1,-1
1675,73,854,250,98,86,1,-1,-1,-1
1676,73,852,251,103,87,1,-1,-1,-1
1677,73,854,251,100,88,1,-1,-1,-1
1678,73,853,252,101,89,1,-1,-1,-1
1679,73,854,253,102,91,1,-1,-1,-1
1680,73,853,254,101,89,1,-1,-1,-1
1681,73,855,254,101,93,1,-1,-1,-1
1682,73,853,255,104,95,1,-1,-1,-1
1683,73,853,255,105,97,1,-1,-1,-1
1684,73,852,255,107,100,1,-1,-1,-1
1685,73,851,257,108,100,1,-1,-1,-1
1686,73,851,256,112,102,1,-1,-1,-1
1687,73,854,257,109,105,1,-1,-1,-1
1688,73,852,258,112,106,1,-1,-1,-1
1689,73,852,259,112,106,1,-1,-1,-1
1690,73,852,260,113,106,1,-1,-1,-1
1691,73,853,261,115,109,1,-1,-1,-1
1692,73,853,262,113,110,1,-1,-1,-1
1693,73,850,262,116,114,1,-1,-1,-1
1694,73,850,262,115,115,1,-1,-1,-1
1695,73,850,263,114,118,1,-1,-1,-1
1696,73,846,265,118,118,1,-1,-1,-1
1697,73,841,265,122,120,1,-1,-1,-1
1698,73,839,267,122,122,1,-1,-1,-1
1699,73,833,270,129,121,1,-1,-1,-1
1700,73,826,268,132,124,1,-1,-1,-1
1701,73,825,271,131,122,1,-1,-1,-1
1702,73,816,273,135,121,1,-1,-1,-1
1703,73,808,276,140,126,1,-1,-1,-1
1704,73,800,277,143,128,1,-1,-1,-1
1705,73,782,276,160,131,1,-1,-1,-1
1706,73,774,278,161,131,1,-1,-1,-1
1707,73,766,280,164,131,1,-1,-1,-1
1708,73,748,283,171,130,1,-1,-1,-1
1709,73,734,282,179,134,1,-1,-1,-1
1710,73,715,282,196,139,1,-1,-1,-1
1711,73,688,284,211,143,1,-1,-1,-1
1712,73,676,284,218,144,1,-1,-1,-1
1713,73,651,288,229,141,1,-1,-1,-1
1714,73,633,288,244,144,1,-1,-1,-1
1715,73,606,292,252,143,1,-1,-1,-1
1716,73,581,291,259,148,1,-1,-1,-1
1717,73,554,293,284,148,1,-1,-1,-1
1718,73,524,296,289,150,1,-1,-1,-1
1719,73,500,298,289,150,1,-1,-1,-1
1720,73,469,299,297,154,1,-1,-1,-1
1721,73,438,306,302,149,1,-1,-1,-1
1722,73,394,305,319,155,1,-1,-1,-1
1723,73,363,306,329,158,1,-1,-1,-1
1724,73,328,312,342,153,1,-1,-1,-1
1725,73,265,309,348,162,1,-1,-1,-1
1726,73,229,313,348,159,1,-1,-1,-1
1727,73,203,320,342,154,1,-1,-1,-1
1728,73,150,319,353,160,1,-1,-1,-1
1729,73,106,321,353,163,1,-1,-1,-1
1730,73,52,321,368,165,1,-1,-1,-1
1731,73,14,324,354,154,1,-1,-1,-1
1732,73,7,329,335,146,1,-1,-1,-1
1652,74,1641,390,272,184,1,-1,-1,-1
1653,74,1594,381,292,177,1,-1,-1,-1
1654,74,1563,371,287,170,1,-1,-1,-1
1655,74,1532,365,273,162,1,-1,-1,-1
1656,74,1506,353,261,159,1,-1,-1,-1
1657,74,1470,349,250,152,1,-1,-1,-1
1658,74,1450,341,236,145,1,-1,-1,-1
1659,74,1425,336,232,144,1,-1,-1,-1
1660,74,1399,329,227,138,1,-1,-1,-1
1661,74,1389,324,197,135,1,-1,-1,-1
1662,74,1364,321,196,131,1,-1,-1,-1
1663,74,1344,318,195,125,1,-1,-1,-1
1664,74,1329,314,182,125,1,-1,-1,-1
1665,74,1312,311,181,120,1,-1,-1,-1
1666,74,1302,307,168,119,1,-1,-1,-1
1667,74,1288,304,163,116,1,-1,-1,-1
1668,74,1267,302,165,113,1,-1,-1,-1
1669,74,1255,301,157,110,1,-1,-1,-1
1670,74,1240,298,155,109,1,-1,-1,-1
1671,74,1225,296,155,105,1,-1,-1,-1
1672,74,1212,290,152,107,1,-1,-1,-1
1673,74,1201,287,147,106,1,-1,-1,-1
1674,74,1191,286,141,103,1,-1,-1,-1
1675,74,1181,284,138,103,1,-1,-1,-1
1676,74,1170,282,138,101,1,-1,-1,-1
1677,74,1161,278,138,101,1,-1,-1,-1
1678,74,1156,277,135,99,1,-1,-1,-1
1679,74,1146,275,125,97,1,-1,-1,-1
1680,74,1142,272,120,96,1,-1,-1,-1
1681,74,1130,269,122,98,1,-1,-1,-1
1682,74,1127,269,113,92,1,-1,-1,-1
1683,74,1118,264,116,98,1,-1,-1,-1
1684,74,1110,262,117,96,1,-1,-1,-1
1685,74,1108,262,112,94,1,-1,-1,-1
1686,74,1107,262,103,90,1,-1,-1,-1
1687,74,1099,261,105,88,1,-1,-1,-1
1688,74,1094,260,102,88,1,-1,-1,-1
1689,74,1090,259,101,87,1,-1,-1,-1
1690,74,1086,258,98,84,1,-1,-1,-1
1691,74,1084,256,98,85,1,-1,-1,-1
1692,74,1082,256,96,81,1,-1,-1,-1
1693,74,1079,255,91,80,1,-1,-1,-1
1694,74,1079,253,87,79,1,-1,-1,-1
1695,74,1076,254,86,74,1,-1,-1,-1
1696,74,1074,254,82,71,1,-1,-1,-1
1697,74,1070,252,86,73,1,-1,-1,-1
1698,74,1067,253,86,70,1,-1,-1,-1
1699,74,1064,251,89,73,1,-1,-1,-1
1700,74,1062,251,84,70,1,-1,-1,-1
1701,74,1061,250,84,69,1,-1,-1,-1
1702,74,1061,249,81,69,1,-1,-1,-1
1703,74,1062,248,77,71,1,-1,-1,-1
1704,74,1058,245,79,72,1,-1,-1,-1
1681,75,1682,400,237,166,1,-1,-1,-1
1682,75,1639,386,276,165,1,-1,-1,-1
1683,75,1599,379,308,160,1,-1,-1,-1
1684,75,1577,375,293,152,1,-1,-1,-1
1685,75,1547,366,286,151,1,-1,-1,-1
1686,75,1511,359,282,148,1,-1,-1,-1
1687,75,1489,356,264,138,1,-1,-1,-1
1688,75,1471,348,250,137,1,-1,-1,-1
1689,75,1450,343,241,134,1,-1,-1,-1
1690,75,1434,337,229,131,1,-1,-1,-1
1691,75,1409,335,224,127,1,-1,-1,-1
1692,75,1395,329,209,124,1,-1,-1,-1
1693,75,1369,326,214,122,1,-1,-1,-1
1694,75,1358,321,203,120,1,-1,-1,-1
1695,75,1341,322,188,115,1,-1,-1,-1
1696,75,1324,317,188,115,1,-1,-1,-1
1697,75,1315,314,181,111,1,-1,-1,-1
1698,75,1300,311,176,110,1,-1,-1,-1
1699,75,1288,308,169,110,1,-1,-1,-1
1700,75,1274,308,165,105,1,-1,-1,-1
1701,75,1257,306,158,102,1,-1,-1,-1
1702,75,1244,302,165,105,1,-1,-1,-1
1703,75,1235,300,157,101,1,-1,-1,-1
1704,75,1222,298,158,100,1,-1,-1,-1
1705,75,1209,294,157,100,1,-1,-1,-1
1706,75,1203,291,147,100,1,-1,-1,-1
1707,75,1194,287,141,102,1,-1,-1,-1
1708,75,1181,285,144,101,1,-1,-1,-1
1709,75,1177,285,135,96,1,-1,-1,-1
1710,75,1168,283,132,95,1,-1,-1,-1
1711,75,1163,282,131,94,1,-1,-1,-1
1712,75,1157,280,132,92,1,-1,-1,-1
1713,75,1154,279,120,89,1,-1,-1,-1
1714,75,1146,277,121,90,1,-1,-1,-1
1715,75,1136,275,119,89,1,-1,-1,-1
1716,75,1132,270,112,92,1,-1,-1,-1
1717,75,1128,270,110,88,1,-1,-1,-1
1718,75,1124,268,109,87,1,-1,-1,-1
1719,75,1118,267,109,86,1,-1,-1,-1
1720,75,1114,266,107,86,1,-1,-1,-1
1721,75,1109,266,107,84,1,-1,-1,-1
1722,75,1104,265,107,82,1,-1,-1,-1
1723,75,1100,264,108,83,1,-1,-1,-1
1724,75,1094,262,108,84,1,-1,-1,-1
1725,75,1092,259,105,84,1,-1,-1,-1
1726,75,1088,257,107,85,1,-1,-1,-1
1727,75,1086,254,103,87,1,-1,-1,-1
1728,75,1085,252,101,84,1,-1,-1,-1
1729,75,1086,252,98,84,1,-1,-1,-1
1730,75,1083,253,98,78,1,-1,-1,-1
1731,75,1081,254,97,74,1,-1,-1,-1
1732,75,1079,252,92,73,1,-1,-1,-1
1733,75,1078,251,90,74,1,-1,-1,-1
1734,75,1076,250,89,73,1,-1,-1,-1
1735,75,1075,248,88,76,1,-1,-1,-1
1736,75,1074,246,87,76,1,-1,-1,-1
1737,75,1073,246,88,74,1,-1,-1,-1
1738,75,1072,245,89,73,1,-1,-1,-1
1739,75,1069,244,91,75,1,-1,-1,-1
1740,75,1069,244,86,74,1,-1,-1,-1
1741,75,1068,243,89,73,1,-1,-1,-1
1742,75,1067,243,87,71,1,-1,-1,-1
1743,75,1069,243,81,70,1,-1,-1,-1
1744,75,1067,242,84,69,1,-1,-1,-1
1733,76,1629,361,281,210,1,-1,-1,-1
1734,76,1580,348,328,206,1,-1,-1,-1
1735,76,1552,341,335,198,1,-1,-1,-1
1736,76,1516,333,314,189,1,-1,-1,-1
1737,76,1477,325,306,184,1,-1,-1,-1
1738,76,1445,320,292,178,1,-1,-1,-1
1739,76,1407,309,282,172,1,-1,-1,-1
1740,76,1385,306,268,166,1,-1,-1,-1
1741,76,1368,302,253,159,1,-1,-1,-1
1742,76,1345,298,236,153,1,-1,-1,-1
1743,76,1314,289,240,153,1,-1,-1,-1
1744,76,1305,292,220,148,1,-1,-1,-1
1745,76,1295,288,203,144,1,-1,-1,-1
1746,76,1281,287,191,137,1,-1,-1,-1
1747,76,1265,285,185,132,1,-1,-1,-1
1748,76,1241,281,187,129,1,-1,-1,-1
1749,76,1229,280,180,123,1,-1,-1,-1
1750,76,1219,279,171,121,1,-1,-1,-1
1751,76,1203,274,166,122,1,-1,-1,-1
1752,76,1195,272,157,118,1,-1,-1,-1
1753,76,1186,270,154,117,1,-1,-1,-1
1754,76,1169,268,153,114,1,-1,-1,-1
1755,76,1161,266,153,114,1,-1,-1,-1
1756,76,1155,262,143,114,1,-1,-1,-1
1757,76,1146,261,144,111,1,-1,-1,-1
1758,76,1140,260,130,107,1,-1,-1,-1
1759,76,1132,258,132,106,1,-1,-1,-1
1760,76,1126,258,125,103,1,-1,-1,-1
1761,76,1118,255,127,102,1,-1,-1,-1
1762,76,1112,255,126,102,1,-1,-1,-1
1763,76,1108,254,126,101,1,-1,-1,-1
1764,76,1103,253,119,98,1,-1,-1,-1
1765,76,1098,251,116,99,1,-1,-1,-1
1766,76,1090,249,116,97,1,-1,-1,-1
1767,76,1086,246,113,98,1,-1,-1,-1
1768,76,1084,242,112,98,1,-1,-1,-1
1769,76,1080,243,111,95,1,-1,-1,-1
1770,76,1077,242,108,94,1,-1,-1,-1
1771,76,1076,243,105,92,1,-1,-1,-1
1772,76,1074,241,101,91,1,-1,-1,-1
1773,76,1071,241,97,87,1,-1,-1,-1
1774,76,1070,243,97,85,1,-1,-1,-1
1775,76,1069,240,96,85,1,-1,-1,-1
1776,76,1065,241,96,83,1,-1,-1,-1
1777,76,1060,240,98,84,1,-1,-1,-1
1778,76,1060,238,94,86,1,-1,-1,-1
1779,76,1059,237,93,85,1,-1,-1,-1
1780,76,1058,235,94,86,1,-1,-1,-1
1781,76,1057,234,92,85,1,-1,-1,-1
1782,76,1057,233,86,83,1,-1,-1,-1
1783,76,1057,232,84,81,1,-1,-1,-1
1784,76,1058,231,83,79,1,-1,-1,-1
1785,76,1057,231,83,79,1,-1,-1,-1
1786,76,1059,230,82,77,1,-1,-1,-1
1778,77,32,410,351,200,1,-1,-1,-1
1779,77,29,410,371,200,1,-1,-1,-1
1780,77,34,408,375,202,1,-1,-1,-1
1781,77,41,411,378,200,1,-1,-1,-1
1782,77,18,410,434,199,1,-1,-1,-1
1783,77,21,407,448,201,1,-1,-1,-1
1784,77,24,408,467,200,1,-1,-1,-1
1785,77,41,407,460,197,1,-1,-1,-1
1786,77,61,405,452,198,1,-1,-1,-1
1787,77,93,405,448,197,1,-1,-1,-1
1788,77,116,404,445,197,1,-1,-1,-1
1789,77,141,402,447,196,1,-1,-1,-1
1790,77,148,402,481,196,1,-1,-1,-1
1791,77,191,389,462,211,1,-1,-1,-1
1792,77,222,395,457,200,1,-1,-1,-1
1793,77,245,394,468,198,1,-1,-1,-1
1794,77,288,393,458,197,1,-1,-1,-1
1795,77,330,388,458,196,1,-1,-1,-1
1796,77,371,389,454,192,1,-1,-1,-1
1797,77,412,385,443,191,1,-1,-1,-1
1798,77,450,386,425,188,1,-1,-1,-1
1799,77,482,384,431,189,1,-1,-1,-1
1800,77,527,380,414,187,1,-1,-1,-1
1801,77,554,381,420,183,1,-1,-1,-1
1802,77,581,377,425,183,1,-1,-1,-1
1803,77,591,370,439,187,1,-1,-1,-1
1804,77,637,366,418,186,1,-1,-1,-1
1805,77,697,365,389,182,1,-1,-1,-1
1806,77,727,357,387,184,1,-1,-1,-1
1807,77,765,357,376,178,1,-1,-1,-1
1808,77,799,353,370,177,1,-1,-1,-1
1809,77,811,351,372,175,1,-1,-1,-1
1810,77,861,349,344,172,1,-1,-1,-1
1811,77,896,349,321,165,1,-1,-1,-1
1812,77,924,341,322,168,1,-1,-1,-1
1813,77,962,337,303,168,1,-1,-1,-1
1814,77,985,335,279,162,1,-1,-1,-1
1815,77,1011,336,265,156,1,-1,-1,-1
1816,77,1033,334,256,152,1,-1,-1,-1
1817,77,1061,331,232,149,1,-1,-1,-1
1818,77,1080,327,226,145,1,-1,-1,-1
1819,77,1099,326,206,141,1,-1,-1,-1
1820,77,1115,321,195,140,1,-1,-1,-1
1821,77,1128,318,189,137,1,-1,-1,-1
1822,77,1143,314,177,139,1,-1,-1,-1
1823,77,1152,317,168,134,1,-1,-1,-1
1824,77,1161,311,158,136,1,-1,-1,-1
1825,77,1168,309,155,132,1,-1,-1,-1
1826,77,1177,311,147,123,1,-1,-1,-1
1827,77,1181,305,145,126,1,-1,-1,-1
1828,77,1187,303,137,123,1,-1,-1,-1
1829,77,1191,300,134,122,1,-1,-1,-1
1830,77,1194,303,129,114,1,-1,-1,-1
1831,77,1196,297,126,117,1,-1,-1,-1
1832,77,1192,295,130,117,1,-1,-1,-1
1833,77,1192,294,126,113,1,-1,-1,-1
1834,77,1186,290,127,113,1,-1,-1,-1
1835,77,1178,286,133,113,1,-1,-1,-1
1836,77,1176,284,130,112,1,-1,-1,-1
1837,77,1173,284,125,107,1,-1,-1,-1
1838,77,1168,281,124,109,1,-1,-1,-1
1839,77,1163,282,124,105,1,-1,-1,-1
1840,77,1156,279,125,105,1,-1,-1,-1
1841,77,1154,277,122,106,1,-1,-1,-1
1821,78,10,410,375,201,1,-1,-1,-1
1822,78,10,415,439,195,1,-1,-1,-1
1823,78,44,407,444,198,1,-1,-1,-1
1824,78,92,407,432,194,1,-1,-1,-1
1825,78,151,405,407,194,1,-1,-1,-1
1826,78,201,405,397,192,1,-1,-1,-1
1827,78,236,402,416,191,1,-1,-1,-1
1828,78,288,395,417,194,1,-1,-1,-1
1829,78,334,390,418,195,1,-1,-1,-1
1830,78,382,386,429,194,1,-1,-1,-1
1831,78,443,387,415,190,1,-1,-1,-1
1832,78,487,385,421,188,1,-1,-1,-1
1833,78,538,383,424,186,1,-1,-1,-1
1834,78,598,382,403,181,1,-1,-1,-1
1835,78,652,378,402,182,1,-1,-1,-1
1836,78,699,374,389,182,1,-1,-1,-1
1837,78,751,373,376,178,1,-1,-1,-1
1838,78,801,369,360,176,1,-1,-1,-1
1839,78,844,365,369,174,1,-1,-1,-1
1840,78,875,362,367,169,1,-1,-1,-1
1841,78,921,355,356,174,1,-1,-1,-1
1842,78,958,350,350,172,1,-1,-1,-1
1843,78,986,347,339,172,1,-1,-1,-1
1844,78,1022,346,324,166,1,-1,-1,-1
1845,78,1060,344,311,163,1,-1,-1,-1
1846,78,1079,340,301,160,1,-1,-1,-1
1847,78,1109,338,276,158,1,-1,-1,-1
1848,78,1140,337,248,152,1,-1,-1,-1
1849,78,1169,331,232,152,1,-1,-1,-1
1850,78,1189,328,214,148,1,-1,-1,-1
1851,78,1209,325,193,143,1,-1,-1,-1
1852,78,1223,325,171,139,1,-1,-1,-1
1853,78,1229,323,171,134,1,-1,-1,-1
1854,78,1242,321,159,135,1,-1,-1,-1
1855,78,1249,319,147,133,1,-1,-1,-1
1856,78,1250,320,144,127,1,-1,-1,-1
1857,78,1254,320,138,122,1,-1,-1,-1
1858,78,1253,314,138,125,1,-1,-1,-1
1859,78,1248,310,140,124,1,-1,-1,-1
1860,78,1242,308,140,123,1,-1,-1,-1
1861,78,1236,304,142,123,1,-1,-1,-1
1862,78,1233,306,138,114,1,-1,-1,-1
1863,78,1224,301,141,117,1,-1,-1,-1
1864,78,1217,299,141,116,1,-1,-1,-1
1865,78,1211,297,141,116,1,-1,-1,-1
1866,78,1199,291,144,118,1,-1,-1,-1
1867,78,1190,291,143,115,1,-1,-1,-1
1868,78,1188,289,139,113,1,-1,-1,-1
1869,78,1179,287,137,110,1,-1,-1,-1
1870,78,1169,287,133,106,1,-1,-1,-1
1871,78,1168,282,132,110,1,-1,-1,-1
1872,78,1163,283,128,105,1,-1,-1,-1
1873,78,1158,282,123,105,1,-1,-1,-1
1874,78,1154,280,120,104,1,-1,-1,-1
1875,78,1149,278,120,103,1,-1,-1,-1
1876,78,1146,277,117,101,1,-1,-1,-1
1877,78,1139,277,117,98,1,-1,-1,-1
1878,78,1134,274,112,98,1,-1,-1,-1
1879,78,1129,273,113,97,1,-1,-1,-1
1880,78,1122,270,115,96,1,-1,-1,-1
1881,78,1119,269,111,97,1,-1,-1,-1
1882,78,1113,264,113,98,1,-1,-1,-1
1883,78,1111,263,110,98,1,-1,-1,-1
1884,78,1108,262,108,98,1,-1,-1,-1
1885,78,1104,261,107,96,1,-1,-1,-1
1886,78,1101,262,105,92,1,-1,-1,-1
1887,78,1098,262,103,90,1,-1,-1,-1
1888,78,1096,260,101,91,1,-1,-1,-1
1889,78,1092,256,103,92,1,-1,-1,-1
1890,78,1088,253,101,93,1,-1,-1,-1
1891,78,1087,251,101,94,1,-1,-1,-1
1892,78,1082,246,105,98,1,-1,-1,-1
1893,78,1085,248,99,93,1,-1,-1,-1
1894,78,1084,251,95,85,1,-1,-1,-1
1895,78,1084,251,95,85,1,-1,-1,-1
1896,78,1084,248,94,86,1,-1,-1,-1
1897,78,1082,250,92,80,1,-1,-1,-1
1898,78,1081,247,88,81,1,-1,-1,-1
1899,78,1080,247,86,79,1,-1,-1,-1
1900,78,1079,244,85,81,1,-1,-1,-1
1901,78,1079,243,84,84,1,-1,-1,-1
1902,78,1078,245,79,78,1,-1,-1,-1
1932,79,1582,335,329,169,1,-1,-1,-1
1933,79,1498,332,382,170,1,-1,-1,-1
1934,79,1428,330,443,176,1,-1,-1,-1
1935,79,1355,332,451,175,1,-1,-1,-1
1936,79,1277,329,460,177,1,-1,-1,-1
1937,79,1202,328,445,180,1,-1,-1,-1
1938,79,1117,327,457,182,1,-1,-1,-1
1939,79,1045,329,448,182,1,-1,-1,-1
1940,79,973,330,450,180,1,-1,-1,-1
1941,79,888,328,456,184,1,-1,-1,-1
1942,79,809,332,444,181,1,-1,-1,-1
1943,79,711,327,471,184,1,-1,-1,-1
1944,79,604,329,485,184,1,-1,-1,-1
1945,79,505,336,467,181,1,-1,-1,-1
1946,79,417,335,469,181,1,-1,-1,-1
1947,79,343,341,441,183,1,-1,-1,-1
1948,79,237,344,442,179,1,-1,-1,-1
1949,79,131,347,445,182,1,-1,-1,-1
1950,79,51,346,432,181,1,-1,-1,-1
1951,79,0,351,388,181,1,-1,-1,-1
1952,79,2,356,305,172,1,-1,-1,-1
1942,80,1653,343,261,128,1,-1,-1,-1
1943,80,1598,342,298,129,1,-1,-1,-1
1944,80,1554,342,327,129,1,-1,-1,-1
1945,80,1494,337,338,136,1,-1,-1,-1
1946,80,1429,337,335,134,1,-1,-1,-1
1947,80,1385,337,326,136,1,-1,-1,-1
1948,80,1305,338,342,132,1,-1,-1,-1
1949,80,1240,335,351,136,1,-1,-1,-1
1950,80,1183,338,345,134,1,-1,-1,-1
1951,80,1114,337,346,135,1,-1,-1,-1
1952,80,1049,340,336,132,1,-1,-1,-1
1953,80,984,339,336,135,1,-1,-1,-1
