0,1,942,200,144,138,1,-1,-1,-1
1,1,943,198,142,136,1,-1,-1,-1
2,1,944,192,145,138,1,-1,-1,-1
3,1,943,192,146,134,1,-1,-1,-1
4,1,947,190,142,133,1,-1,-1,-1
5,1,948,186,143,133,1,-1,-1,-1
6,1,949,185,141,132,1,-1,-1,-1
7,1,948,183,143,132,1,-1,-1,-1
8,1,948,181,144,132,1,-1,-1,-1
9,1,950,178,145,131,1,-1,-1,-1
10,1,953,176,142,132,1,-1,-1,-1
11,1,953,174,144,131,1,-1,-1,-1
12,1,954,173,139,128,1,-1,-1,-1
13,1,954,171,141,128,1,-1,-1,-1
14,1,956,169,145,127,1,-1,-1,-1
15,1,962,163,140,127,1,-1,-1,-1
16,1,962,164,139,124,1,-1,-1,-1
17,1,962,161,140,125,1,-1,-1,-1
18,1,965,159,140,124,1,-1,-1,-1
19,1,967,157,142,124,1,-1,-1,-1
20,1,976,154,135,124,1,-1,-1,-1
21,1,975,153,141,123,1,-1,-1,-1
22,1,978,152,141,122,1,-1,-1,-1
23,1,980,151,143,119,1,-1,-1,-1
24,1,987,148,141,120,1,-1,-1,-1
25,1,994,146,136,119,1,-1,-1,-1
26,1,999,143,137,119,1,-1,-1,-1
27,1,1003,140,139,119,1,-1,-1,-1
28,1,1008,138,138,120,1,-1,-1,-1
29,1,1015,136,137,121,1,-1,-1,-1
30,1,1021,134,138,120,1,-1,-1,-1
31,1,1027,132,139,119,1,-1,-1,-1
32,1,1031,131,140,118,1,-1,-1,-1
33,1,1036,129,140,119,1,-1,-1,-1
34,1,1046,128,137,119,1,-1,-1,-1
35,1,1052,127,140,115,1,-1,-1,-1
36,1,1059,125,138,115,1,-1,-1,-1
37,1,1067,123,141,115,1,-1,-1,-1
38,1,1072,123,143,114,1,-1,-1,-1
39,1,1082,122,138,114,1,-1,-1,-1
40,1,1088,119,142,114,1,-1,-1,-1
41,1,1096,118,140,113,1,-1,-1,-1
42,1,1106,115,137,113,1,-1,-1,-1
43,1,1115,114,138,114,1,-1,-1,-1
44,1,1123,114,137,110,1,-1,-1,-1
45,1,1131,110,136,113,1,-1,-1,-1
46,1,1140,111,135,109,1,-1,-1,-1
47,1,1152,110,135,109,1,-1,-1,-1
48,1,1156,109,133,106,1,-1,-1,-1
49,1,1163,108,133,107,1,-1,-1,-1
50,1,1170,107,134,107,1,-1,-1,-1
51,1,1174,106,136,107,1,-1,-1,-1
52,1,1184,106,132,106,1,-1,-1,-1
53,1,1189,105,133,107,1,-1,-1,-1
54,1,1200,106,132,103,1,-1,-1,-1
55,1,1209,102,131,106,1,-1,-1,-1
56,1,1214,101,132,104,1,-1,-1,-1
57,1,1220,102,137,99,1,-1,-1,-1
58,1,1229,99,140,100,1,-1,-1,-1
59,1,1236,98,135,101,1,-1,-1,-1
61,2,1589,732,330,296,1,-1,-1,-1
62,2,1585,721,331,287,1,-1,-1,-1
63,2,1573,709,341,290,1,-1,-1,-1
64,2,1570,702,335,281,1,-1,-1,-1
65,2,1542,689,363,282,1,-1,-1,-1
66,2,1537,681,363,281,1,-1,-1,-1
67,2,1537,668,346,281,1,-1,-1,-1
68,2,1514,665,359,270,1,-1,-1,-1
69,2,1508,656,345,260,1,-1,-1,-1
70,2,1488,649,346,254,1,-1,-1,-1
71,2,1478,639,339,256,1,-1,-1,-1
72,2,1462,631,337,251,1,-1,-1,-1
73,2,1456,620,321,251,1,-1,-1,-1
74,2,1442,613,323,243,1,-1,-1,-1
75,2,1431,608,315,238,1,-1,-1,-1
76,2,1420,598,312,237,1,-1,-1,-1
77,2,1414,591,308,230,1,-1,-1,-1
78,2,1401,581,302,236,1,-1,-1,-1
79,2,1387,570,300,237,1,-1,-1,-1
80,2,1381,564,294,232,1,-1,-1,-1
81,2,1375,563,285,223,1,-1,-1,-1
82,2,1363,554,281,220,1,-1,-1,-1
83,2,1354,547,280,212,1,-1,-1,-1
84,2,1353,540,259,212,1,-1,-1,-1
85,2,1335,528,268,214,1,-1,-1,-1
86,2,1328,522,267,213,1,-1,-1,-1
87,2,1318,512,261,211,1,-1,-1,-1
88,2,1312,508,253,206,1,-1,-1,-1
89,2,1304,504,251,202,1,-1,-1,-1
90,2,1296,495,250,200,1,-1,-1,-1
91,2,1292,492,247,196,1,-1,-1,-1
92,2,1287,490,239,185,1,-1,-1,-1
93,2,1280,479,232,183,1,-1,-1,-1
94,2,1273,475,231,185,1,-1,-1,-1
95,2,1263,467,230,181,1,-1,-1,-1
96,2,1256,459,228,181,1,-1,-1,-1
97,2,1258,453,223,180,1,-1,-1,-1
98,2,1252,441,212,180,1,-1,-1,-1
99,2,1248,437,214,174,1,-1,-1,-1
100,2,1237,424,209,175,1,-1,-1,-1
101,2,1238,419,205,176,1,-1,-1,-1
102,2,1227,413,206,167,1,-1,-1,-1
103,2,1218,404,206,169,1,-1,-1,-1
104,2,1210,396,203,168,1,-1,-1,-1
104,3,1399,632,520,412,1,-1,-1,-1
105,2,1201,388,203,163,1,-1,-1,-1
105,3,1382,619,525,399,1,-1,-1,-1
106,3,1367,609,517,395,1,-1,-1,-1
106,2,1186,376,203,165,1,-1,-1,-1
107,2,1177,374,200,159,1,-1,-1,-1
107,3,1376,602,483,384,1,-1,-1,-1
108,2,1163,360,198,163,1,-1,-1,-1
108,3,1358,598,477,368,1,-1,-1,-1
109,2,1154,352,193,161,1,-1,-1,-1
109,3,1344,589,472,357,1,-1,-1,-1
110,2,1135,349,200,157,1,-1,-1,-1
110,3,1324,585,464,352,1,-1,-1,-1
111,2,1126,337,200,163,1,-1,-1,-1
111,3,1325,573,439,346,1,-1,-1,-1
112,2,1113,335,194,155,1,-1,-1,-1
112,3,1313,569,432,338,1,-1,-1,-1
113,2,1105,331,192,151,1,-1,-1,-1
113,3,1320,557,406,333,1,-1,-1,-1
114,2,1090,317,194,158,1,-1,-1,-1
114,3,1301,547,410,324,1,-1,-1,-1
115,2,1078,311,189,154,1,-1,-1,-1
115,3,1296,540,393,320,1,-1,-1,-1
116,2,1076,313,185,147,1,-1,-1,-1
116,3,1292,533,388,310,1,-1,-1,-1
117,2,1066,305,184,154,1,-1,-1,-1
117,3,1280,522,386,310,1,-1,-1,-1
118,2,1055,302,185,148,1,-1,-1,-1
118,3,1273,522,362,293,1,-1,-1,-1
119,2,1046,293,179,146,1,-1,-1,-1
119,3,1275,512,360,297,1,-1,-1,-1
120,2,1041,292,174,142,1,-1,-1,-1
120,3,1272,503,350,293,1,-1,-1,-1
121,2,1028,288,176,141,1,-1,-1,-1
121,3,1270,499,341,290,1,-1,-1,-1
122,2,1023,280,170,142,1,-1,-1,-1
122,3,1250,493,343,275,1,-1,-1,-1
123,2,1014,274,171,141,1,-1,-1,-1
123,3,1252,487,331,274,1,-1,-1,-1
124,2,1007,273,171,139,1,-1,-1,-1
124,3,1242,481,331,270,1,-1,-1,-1
125,2,998,266,168,138,1,-1,-1,-1
125,3,1247,470,324,270,1,-1,-1,-1
126,2,995,263,165,137,1,-1,-1,-1
126,3,1238,465,310,264,1,-1,-1,-1
127,3,1237,458,307,266,1,-1,-1,-1
127,2,987,255,166,140,1,-1,-1,-1
128,2,984,255,160,134,1,-1,-1,-1
128,3,1234,458,299,247,1,-1,-1,-1
129,2,982,250,158,136,1,-1,-1,-1
129,3,1235,451,289,251,1,-1,-1,-1
130,2,977,247,157,130,1,-1,-1,-1
130,3,1229,441,298,253,1,-1,-1,-1
131,2,977,242,153,133,1,-1,-1,-1
131,3,1230,439,290,242,1,-1,-1,-1
132,2,977,233,150,134,1,-1,-1,-1
132,3,1229,433,278,238,1,-1,-1,-1
133,2,978,230,147,136,1,-1,-1,-1
133,3,1217,426,282,233,1,-1,-1,-1
134,2,975,226,146,132,1,-1,-1,-1
134,3,1220,416,274,234,1,-1,-1,-1
135,2,972,223,148,132,1,-1,-1,-1
135,3,1222,409,265,235,1,-1,-1,-1
136,2,975,220,140,131,1,-1,-1,-1
136,3,1205,401,263,229,1,-1,-1,-1
137,2,974,217,144,129,1,-1,-1,-1
137,3,1205,393,258,226,1,-1,-1,-1
138,2,975,213,139,130,1,-1,-1,-1
138,3,1201,391,258,219,1,-1,-1,-1
139,2,972,210,145,132,1,-1,-1,-1
139,3,1198,380,256,221,1,-1,-1,-1
140,2,974,209,140,127,1,-1,-1,-1
140,3,1200,373,248,220,1,-1,-1,-1
141,3,1193,367,248,220,1,-1,-1,-1
141,2,975,205,139,126,1,-1,-1,-1
142,2,973,201,134,123,1,-1,-1,-1
142,3,1189,358,247,218,1,-1,-1,-1
143,2,973,201,134,121,1,-1,-1,-1
143,3,1185,350,245,216,1,-1,-1,-1
144,2,975,198,136,120,1,-1,-1,-1
144,3,1174,343,245,214,1,-1,-1,-1
145,2,971,194,136,120,1,-1,-1,-1
145,3,1174,338,239,207,1,-1,-1,-1
146,2,971,193,134,116,1,-1,-1,-1
146,3,1172,334,232,204,1,-1,-1,-1
147,2,972,190,134,116,1,-1,-1,-1
147,3,1168,327,229,203,1,-1,-1,-1
148,2,972,186,134,117,1,-1,-1,-1
148,3,1165,323,227,197,1,-1,-1,-1
149,2,972,182,135,116,1,-1,-1,-1
149,3,1162,313,225,193,1,-1,-1,-1
150,2,976,182,132,114,1,-1,-1,-1
150,3,1162,304,223,192,1,-1,-1,-1
151,2,979,178,133,116,1,-1,-1,-1
151,3,1166,300,218,190,1,-1,-1,-1
152,2,981,174,133,117,1,-1,-1,-1
152,3,1156,296,217,187,1,-1,-1,-1
153,2,982,172,133,114,1,-1,-1,-1
153,3,1143,291,222,184,1,-1,-1,-1
154,2,987,170,130,111,1,-1,-1,-1
154,3,1147,283,212,179,1,-1,-1,-1
155,2,987,167,134,112,1,-1,-1,-1
155,3,1146,278,211,177,1,-1,-1,-1
156,2,995,163,130,112,1,-1,-1,-1
156,3,1143,272,207,178,1,-1,-1,-1
157,2,997,161,131,111,1,-1,-1,-1
157,3,1142,262,202,179,1,-1,-1,-1
158,2,1005,160,130,111,1,-1,-1,-1
158,3,1140,255,201,180,1,-1,-1,-1
159,2,1007,158,131,109,1,-1,-1,-1
159,3,1131,252,204,176,1,-1,-1,-1
160,2,1012,155,129,106,1,-1,-1,-1
160,3,1128,250,204,175,1,-1,-1,-1
161,2,1017,153,129,106,1,-1,-1,-1
161,3,1122,247,203,170,1,-1,-1,-1
162,2,1021,153,133,104,1,-1,-1,-1
162,3,1114,240,203,169,1,-1,-1,-1
163,2,1029,150,130,107,1,-1,-1,-1
163,3,1121,235,192,167,1,-1,-1,-1
164,2,1036,147,129,106,1,-1,-1,-1
164,3,1113,232,198,165,1,-1,-1,-1
165,2,1044,145,129,107,1,-1,-1,-1
165,3,1117,227,189,160,1,-1,-1,-1
166,2,1052,141,129,106,1,-1,-1,-1
166,3,1113,222,184,163,1,-1,-1,-1
167,2,1058,138,131,105,1,-1,-1,-1
167,3,1109,219,189,163,1,-1,-1,-1
168,2,1065,133,127,110,1,-1,-1,-1
168,3,1109,216,186,162,1,-1,-1,-1
169,2,1074,134,130,106,1,-1,-1,-1
169,3,1113,211,176,158,1,-1,-1,-1
170,2,1078,132,133,105,1,-1,-1,-1
170,3,1110,205,177,157,1,-1,-1,-1
171,2,1089,130,127,104,1,-1,-1,-1
171,3,1104,205,178,159,1,-1,-1,-1
172,2,1097,129,126,103,1,-1,-1,-1
172,3,1108,197,175,155,1,-1,-1,-1
173,3,1103,195,180,155,1,-1,-1,-1
173,2,1103,126,130,102,1,-1,-1,-1
174,3,1108,193,166,150,1,-1,-1,-1
174,2,1110,128,128,101,1,-1,-1,-1
175,2,1118,126,128,101,1,-1,-1,-1
175,3,1108,191,163,145,1,-1,-1,-1
176,2,1125,123,130,100,1,-1,-1,-1
176,3,1103,187,163,147,1,-1,-1,-1
177,2,1133,123,127,97,1,-1,-1,-1
177,3,1104,185,158,147,1,-1,-1,-1
178,2,1139,123,129,97,1,-1,-1,-1
178,3,1105,181,157,145,1,-1,-1,-1
179,2,1147,122,128,96,1,-1,-1,-1
179,3,1105,180,156,145,1,-1,-1,-1
180,2,1155,119,127,95,1,-1,-1,-1
180,3,1103,177,161,139,1,-1,-1,-1
181,2,1160,118,130,95,1,-1,-1,-1
181,3,1102,174,155,141,1,-1,-1,-1
182,2,1168,118,130,93,1,-1,-1,-1
182,3,1108,171,150,138,1,-1,-1,-1
183,3,1105,165,153,141,1,-1,-1,-1
183,2,1181,116,124,92,1,-1,-1,-1
184,3,1100,158,155,143,1,-1,-1,-1
184,4,1549,711,367,355,1,-1,-1,-1
184,2,1190,109,129,98,1,-1,-1,-1
185,3,1102,157,157,141,1,-1,-1,-1
185,4,1548,696,364,356,1,-1,-1,-1
186,3,1108,155,162,137,1,-1,-1,-1
186,4,1541,690,373,351,1,-1,-1,-1
187,3,1110,151,156,140,1,-1,-1,-1
187,4,1532,688,376,352,1,-1,-1,-1
188,3,1113,153,154,133,1,-1,-1,-1
188,4,1518,672,393,341,1,-1,-1,-1
189,3,1116,152,151,133,1,-1,-1,-1
189,4,1498,663,410,332,1,-1,-1,-1
190,4,1519,649,400,340,1,-1,-1,-1
190,3,1124,145,153,139,1,-1,-1,-1
191,4,1497,641,409,336,1,-1,-1,-1
191,3,1125,139,161,138,1,-1,-1,-1
192,4,1489,635,412,326,1,-1,-1,-1
192,3,1130,142,158,141,1,-1,-1,-1
193,4,1486,626,397,320,1,-1,-1,-1
194,4,1474,624,395,305,1,-1,-1,-1
194,5,997,40,229,156,1,-1,-1,-1
195,4,1463,613,390,309,1,-1,-1,-1
195,5,988,39,220,158,1,-1,-1,-1
196,4,1454,605,383,306,1,-1,-1,-1
196,5,969,44,226,155,1,-1,-1,-1
197,5,957,46,223,156,1,-1,-1,-1
197,4,1446,592,381,302,1,-1,-1,-1
198,5,947,45,227,159,1,-1,-1,-1
198,4,1436,582,376,296,1,-1,-1,-1
199,5,931,47,227,159,1,-1,-1,-1
199,4,1434,575,365,293,1,-1,-1,-1
200,4,1427,568,358,290,1,-1,-1,-1
200,5,920,46,231,160,1,-1,-1,-1
201,5,912,46,227,161,1,-1,-1,-1
201,4,1423,559,349,286,1,-1,-1,-1
202,4,1415,555,348,277,1,-1,-1,-1
202,5,893,45,232,165,1,-1,-1,-1
203,4,1408,552,332,269,1,-1,-1,-1
203,5,880,48,234,166,1,-1,-1,-1
204,4,1396,542,331,273,1,-1,-1,-1
204,5,867,45,235,170,1,-1,-1,-1
205,4,1392,540,323,264,1,-1,-1,-1
205,5,859,49,231,168,1,-1,-1,-1
206,4,1388,529,318,258,1,-1,-1,-1
206,5,841,50,236,169,1,-1,-1,-1
207,4,1375,520,313,261,1,-1,-1,-1
207,5,828,53,239,168,1,-1,-1,-1
208,4,1363,515,311,254,1,-1,-1,-1
208,5,825,55,225,166,1,-1,-1,-1
209,4,1359,511,303,249,1,-1,-1,-1
209,5,808,54,236,170,1,-1,-1,-1
210,4,1355,502,289,248,1,-1,-1,-1
210,5,799,57,231,167,1,-1,-1,-1
211,4,1348,499,291,239,1,-1,-1,-1
211,5,783,60,236,169,1,-1,-1,-1
212,4,1334,495,293,234,1,-1,-1,-1
212,5,771,62,237,169,1,-1,-1,-1
213,4,1332,481,283,240,1,-1,-1,-1
213,5,763,62,235,169,1,-1,-1,-1
214,4,1321,480,276,232,1,-1,-1,-1
214,5,752,62,238,171,1,-1,-1,-1
215,4,1315,474,272,225,1,-1,-1,-1
215,5,744,61,245,175,1,-1,-1,-1
216,4,1305,464,270,228,1,-1,-1,-1
216,5,731,63,248,173,1,-1,-1,-1
217,4,1296,461,266,223,1,-1,-1,-1
217,5,729,67,245,171,1,-1,-1,-1
218,4,1285,451,270,224,1,-1,-1,-1
218,5,717,64,234,176,1,-1,-1,-1
219,4,1274,448,265,218,1,-1,-1,-1
219,5,710,67,235,176,1,-1,-1,-1
220,4,1277,440,255,218,1,-1,-1,-1
220,5,701,68,227,177,1,-1,-1,-1
221,4,1272,439,249,212,1,-1,-1,-1
221,5,696,64,226,183,1,-1,-1,-1
222,4,1265,430,248,212,1,-1,-1,-1
222,5,690,66,226,184,1,-1,-1,-1
223,4,1261,423,242,203,1,-1,-1,-1
223,5,686,68,219,182,1,-1,-1,-1
224,4,1250,413,246,207,1,-1,-1,-1
225,4,1251,410,236,201,1,-1,-1,-1
226,4,1249,405,230,199,1,-1,-1,-1
227,4,1240,400,230,193,1,-1,-1,-1
228,4,1235,392,230,193,1,-1,-1,-1
229,4,1234,384,221,190,1,-1,-1,-1
230,4,1230,381,220,185,1,-1,-1,-1
231,4,1228,374,213,184,1,-1,-1,-1
232,4,1220,365,214,188,1,-1,-1,-1
233,4,1221,363,209,179,1,-1,-1,-1
234,4,1214,354,211,182,1,-1,-1,-1
235,4,1204,349,213,175,1,-1,-1,-1
236,4,1208,335,199,178,1,-1,-1,-1
237,4,1201,331,199,176,1,-1,-1,-1
238,4,1196,328,203,171,1,-1,-1,-1
239,4,1196,324,199,168,1,-1,-1,-1
240,4,1195,317,194,166,1,-1,-1,-1
241,4,1192,312,195,166,1,-1,-1,-1
242,4,1192,308,191,161,1,-1,-1,-1
243,4,1188,299,185,163,1,-1,-1,-1
244,4,1179,295,190,162,1,-1,-1,-1
245,4,1181,292,183,158,1,-1,-1,-1
246,4,1180,289,184,156,1,-1,-1,-1
247,4,1175,282,179,153,1,-1,-1,-1
248,4,1173,279,177,153,1,-1,-1,-1
249,4,1170,272,177,154,1,-1,-1,-1
250,4,1164,268,177,153,1,-1,-1,-1
251,4,1162,262,175,151,1,-1,-1,-1
251,6,1035,764,459,300,1,-1,-1,-1
252,4,1161,256,172,151,1,-1,-1,-1
252,6,1049,754,446,313,1,-1,-1,-1
253,4,1160,254,167,147,1,-1,-1,-1
253,6,1052,744,442,319,1,-1,-1,-1
254,4,1155,248,168,149,1,-1,-1,-1
254,6,1055,732,423,312,1,-1,-1,-1
255,4,1154,246,165,144,1,-1,-1,-1
255,6,1054,720,423,316,1,-1,-1,-1
256,4,1151,241,164,143,1,-1,-1,-1
256,6,1066,709,400,312,1,-1,-1,-1
257,4,1146,237,164,141,1,-1,-1,-1
257,6,1062,701,405,312,1,-1,-1,-1
258,4,1142,233,165,142,1,-1,-1,-1
258,6,1069,695,383,299,1,-1,-1,-1
259,4,1143,231,158,142,1,-1,-1,-1
259,6,1072,679,385,297,1,-1,-1,-1
259,7,526,150,222,237,1,-1,-1,-1
260,4,1140,227,162,141,1,-1,-1,-1
260,6,1069,670,391,294,1,-1,-1,-1
260,7,527,153,223,240,1,-1,-1,-1
261,4,1136,220,160,139,1,-1,-1,-1
261,6,1069,664,367,284,1,-1,-1,-1
261,7,526,155,218,242,1,-1,-1,-1
262,4,1133,217,159,138,1,-1,-1,-1
262,6,1075,656,363,281,1,-1,-1,-1
262,7,523,157,223,239,1,-1,-1,-1
263,4,1129,213,156,137,1,-1,-1,-1
263,6,1063,653,357,274,1,-1,-1,-1
263,7,519,157,229,246,1,-1,-1,-1
264,4,1127,210,153,137,1,-1,-1,-1
264,6,1071,646,353,261,1,-1,-1,-1
264,7,517,156,231,249,1,-1,-1,-1
265,4,1127,208,153,139,1,-1,-1,-1
265,6,1065,632,346,271,1,-1,-1,-1
265,7,506,154,238,262,1,-1,-1,-1
266,4,1124,202,155,137,1,-1,-1,-1
266,6,1068,624,347,264,1,-1,-1,-1
266,7,497,157,242,264,1,-1,-1,-1
267,4,1121,197,154,138,1,-1,-1,-1
267,6,1060,609,342,260,1,-1,-1,-1
267,7,490,166,249,250,1,-1,-1,-1
268,4,1117,194,153,136,1,-1,-1,-1
268,6,1052,606,330,253,1,-1,-1,-1
268,7,490,172,251,261,1,-1,-1,-1
269,4,1118,191,147,134,1,-1,-1,-1
269,6,1058,596,326,249,1,-1,-1,-1
269,7,479,179,259,248,1,-1,-1,-1
270,4,1118,190,147,133,1,-1,-1,-1
270,6,1041,591,317,243,1,-1,-1,-1
270,7,480,181,255,249,1,-1,-1,-1
271,4,1115,186,146,130,1,-1,-1,-1
271,6,1038,583,325,242,1,-1,-1,-1
271,7,469,179,256,261,1,-1,-1,-1
272,4,1115,183,142,132,1,-1,-1,-1
272,7,473,185,251,266,1,-1,-1,-1
272,6,1044,571,311,241,1,-1,-1,-1
273,4,1115,180,142,129,1,-1,-1,-1
273,7,472,189,252,269,1,-1,-1,-1
273,6,1040,569,305,228,1,-1,-1,-1
274,4,1113,177,143,130,1,-1,-1,-1
274,7,460,190,260,278,1,-1,-1,-1
274,6,1034,566,284,228,1,-1,-1,-1
275,4,1113,173,140,129,1,-1,-1,-1
275,7,461,192,260,285,1,-1,-1,-1
275,6,1034,550,289,233,1,-1,-1,-1
276,4,1113,170,141,128,1,-1,-1,-1
276,7,456,198,256,281,1,-1,-1,-1
276,6,1034,544,282,227,1,-1,-1,-1
277,4,1117,169,142,129,1,-1,-1,-1
277,7,457,200,259,277,1,-1,-1,-1
277,6,1034,543,261,215,1,-1,-1,-1
278,4,1115,166,143,123,1,-1,-1,-1
278,7,451,205,261,276,1,-1,-1,-1
278,6,1019,527,294,221,1,-1,-1,-1
279,4,1119,163,140,126,1,-1,-1,-1
279,7,439,210,272,280,1,-1,-1,-1
279,6,1027,522,276,218,1,-1,-1,-1
280,4,1123,158,137,128,1,-1,-1,-1
280,7,429,215,273,285,1,-1,-1,-1
280,6,1021,522,263,210,1,-1,-1,-1
281,4,1124,158,141,122,1,-1,-1,-1
281,7,423,218,272,299,1,-1,-1,-1
282,4,1128,155,144,123,1,-1,-1,-1
282,7,419,220,286,306,1,-1,-1,-1
283,4,1131,152,141,124,1,-1,-1,-1
283,7,413,224,286,303,1,-1,-1,-1
284,4,1134,149,142,125,1,-1,-1,-1
284,7,402,219,296,306,1,-1,-1,-1
285,4,1144,147,139,124,1,-1,-1,-1
285,7,404,229,295,312,1,-1,-1,-1
285,8,1160,74,129,99,1,-1,-1,-1
286,4,1145,148,146,118,1,-1,-1,-1
286,7,397,231,297,319,1,-1,-1,-1
286,8,1148,75,133,100,1,-1,-1,-1
287,4,1153,146,141,119,1,-1,-1,-1
287,7,386,232,302,315,1,-1,-1,-1
287,8,1137,75,133,102,1,-1,-1,-1
288,4,1157,143,144,115,1,-1,-1,-1
288,7,384,240,303,322,1,-1,-1,-1
288,8,1121,76,135,103,1,-1,-1,-1
289,4,1168,141,141,118,1,-1,-1,-1
289,7,384,241,300,337,1,-1,-1,-1
289,8,1110,78,134,101,1,-1,-1,-1
290,4,1176,139,143,111,1,-1,-1,-1
290,7,377,250,309,327,1,-1,-1,-1
290,8,1096,83,132,97,1,-1,-1,-1
291,4,1182,137,147,115,1,-1,-1,-1
291,8,1084,85,130,96,1,-1,-1,-1
291,7,370,249,316,336,1,-1,-1,-1
292,4,1191,135,145,115,1,-1,-1,-1
292,7,360,246,317,351,1,-1,-1,-1
292,8,1064,86,135,101,1,-1,-1,-1
293,7,354,254,322,350,1,-1,-1,-1
293,8,1051,80,135,110,1,-1,-1,-1
293,4,1201,131,147,116,1,-1,-1,-1
294,7,352,263,318,351,1,-1,-1,-1
294,8,1035,85,138,109,1,-1,-1,-1
295,8,1015,89,140,105,1,-1,-1,-1
295,7,357,255,313,369,1,-1,-1,-1
296,8,1004,97,138,98,1,-1,-1,-1
296,7,351,266,318,361,1,-1,-1,-1
297,8,988,98,142,101,1,-1,-1,-1
297,7,341,282,326,357,1,-1,-1,-1
298,8,975,97,140,105,1,-1,-1,-1
298,7,332,284,336,348,1,-1,-1,-1
299,8,961,100,138,106,1,-1,-1,-1
299,7,313,283,347,359,1,-1,-1,-1
300,8,945,102,137,105,1,-1,-1,-1
300,7,325,293,345,371,1,-1,-1,-1
301,8,934,105,138,104,1,-1,-1,-1
301,7,315,302,350,377,1,-1,-1,-1
302,8,914,106,143,104,1,-1,-1,-1
302,7,313,306,358,372,1,-1,-1,-1
303,8,902,108,138,105,1,-1,-1,-1
303,7,296,313,370,366,1,-1,-1,-1
304,8,892,109,132,106,1,-1,-1,-1
304,7,285,315,380,375,1,-1,-1,-1
305,8,872,112,143,106,1,-1,-1,-1
305,7,278,324,383,379,1,-1,-1,-1
306,8,860,112,142,109,1,-1,-1,-1
306,7,273,325,389,384,1,-1,-1,-1
307,8,845,112,140,110,1,-1,-1,-1
307,7,266,337,400,379,1,-1,-1,-1
308,8,825,115,146,109,1,-1,-1,-1
308,7,254,328,408,396,1,-1,-1,-1
309,8,815,117,142,113,1,-1,-1,-1
309,7,243,333,412,398,1,-1,-1,-1
