91,16,2208,1294,188,145,1,-1,-1,-1
92,16,2196,1290,186,147,1,-1,-1,-1
93,16,2153,1283,216,156,1,-1,-1,-1
94,16,2132,1275,220,155,1,-1,-1,-1
95,16,2104,1269,237,162,1,-1,-1,-1
96,16,2065,1258,259,166,1,-1,-1,-1
97,16,2053,1255,243,167,1,-1,-1,-1
98,16,2029,1253,244,159,1,-1,-1,-1
99,16,2007,1246,234,161,1,-1,-1,-1
100,16,1982,1238,253,169,1,-1,-1,-1
101,16,1952,1233,273,171,1,-1,-1,-1
102,16,1913,1221,263,177,1,-1,-1,-1
103,16,1872,1212,279,181,1,-1,-1,-1
104,16,1841,1206,288,190,1,-1,-1,-1
105,16,1790,1191,317,195,1,-1,-1,-1
106,16,1774,1177,308,201,1,-1,-1,-1
107,16,1731,1166,320,211,1,-1,-1,-1
107,17,15,1302,1029,616,1,-1,-1,-1
108,16,1693,1161,329,216,1,-1,-1,-1
108,17,39,1279,1149,625,1,-1,-1,-1
109,16,1604,1152,386,221,1,-1,-1,-1
109,17,206,1270,1105,556,1,-1,-1,-1
110,16,1596,1146,369,217,1,-1,-1,-1
110,17,488,1263,888,491,1,-1,-1,-1
111,16,1570,1142,394,216,1,-1,-1,-1
111,17,749,1263,742,428,1,-1,-1,-1
112,17,901,1259,647,404,1,-1,-1,-1
112,16,1535,1131,437,228,1,-1,-1,-1
113,17,1019,1267,588,365,1,-1,-1,-1
113,16,1476,1127,495,229,1,-1,-1,-1
114,17,1125,1263,515,337,1,-1,-1,-1
114,16,1392,1113,503,237,1,-1,-1,-1
115,17,1221,1256,462,328,1,-1,-1,-1
115,16,1343,1101,417,243,1,-1,-1,-1
116,17,1303,1265,433,292,1,-1,-1,-1
116,16,1266,1091,461,245,1,-1,-1,-1
117,16,1205,1083,467,244,1,-1,-1,-1
117,17,1378,1262,485,281,1,-1,-1,-1
118,16,1134,1074,502,265,1,-1,-1,-1
119,16,1051,1067,537,283,1,-1,-1,-1
120,16,956,1052,554,299,1,-1,-1,-1
121,16,854,1042,602,317,1,-1,-1,-1
122,16,737,1027,660,345,1,-1,-1,-1
122,18,1667,1267,316,193,1,-1,-1,-1
123,16,613,1018,708,365,1,-1,-1,-1
123,18,1703,1272,307,185,1,-1,-1,-1
124,16,452,997,788,399,1,-1,-1,-1
124,18,1730,1269,295,190,1,-1,-1,-1
125,16,313,986,828,428,1,-1,-1,-1
125,18,1766,1271,283,200,1,-1,-1,-1
126,16,109,972,935,464,1,-1,-1,-1
126,18,1821,1284,267,193,1,-1,-1,-1
127,16,0,955,939,506,1,-1,-1,-1
127,18,1861,1291,258,190,1,-1,-1,-1
128,18,1891,1297,249,184,1,-1,-1,-1
129,18,1924,1298,244,183,1,-1,-1,-1
130,18,1950,1300,287,184,1,-1,-1,-1
131,18,1983,1303,272,180,1,-1,-1,-1
132,18,2012,1310,252,160,1,-1,-1,-1
184,19,2321,1327,175,126,1,-1,-1,-1
185,19,2308,1328,174,121,1,-1,-1,-1
186,19,2297,1324,164,120,1,-1,-1,-1
187,19,2284,1323,159,117,1,-1,-1,-1
188,19,2266,1320,159,121,1,-1,-1,-1
189,19,2255,1314,163,125,1,-1,-1,-1
190,19,2242,1310,165,128,1,-1,-1,-1
191,19,2224,1306,169,132,1,-1,-1,-1
192,19,2203,1295,178,144,1,-1,-1,-1
193,19,2193,1293,174,142,1,-1,-1,-1
194,19,2151,1296,196,140,1,-1,-1,-1
195,19,2135,1284,203,144,1,-1,-1,-1
196,19,2119,1281,205,143,1,-1,-1,-1
197,19,2094,1274,207,147,1,-1,-1,-1
198,19,2070,1266,214,156,1,-1,-1,-1
199,19,2045,1262,199,150,1,-1,-1,-1
200,19,2027,1257,221,156,1,-1,-1,-1
201,19,2011,1253,239,162,1,-1,-1,-1
202,19,1970,1247,259,162,1,-1,-1,-1
203,19,1960,1244,231,161,1,-1,-1,-1
204,19,1914,1235,244,168,1,-1,-1,-1
205,19,1884,1226,253,171,1,-1,-1,-1
206,19,1847,1219,266,177,1,-1,-1,-1
207,19,1827,1213,261,179,1,-1,-1,-1
208,19,1787,1203,274,188,1,-1,-1,-1
209,19,1753,1194,280,190,1,-1,-1,-1
210,19,1716,1182,290,196,1,-1,-1,-1
211,19,1655,1162,314,209,1,-1,-1,-1
212,19,1596,1154,350,214,1,-1,-1,-1
213,19,1557,1157,394,212,1,-1,-1,-1
214,19,1511,1152,421,214,1,-1,-1,-1
215,19,1602,1147,357,201,1,-1,-1,-1
215,20,1456,1140,399,213,1,-1,-1,-1
216,20,1407,1137,367,211,1,-1,-1,-1
216,19,1705,1148,262,177,1,-1,-1,-1
217,19,1721,1148,247,180,1,-1,-1,-1
217,20,1350,1123,377,220,1,-1,-1,-1
218,19,1707,1150,266,179,1,-1,-1,-1
218,20,1311,1120,381,223,1,-1,-1,-1
219,19,1704,1147,262,179,1,-1,-1,-1
219,20,1237,1111,410,228,1,-1,-1,-1
220,19,1708,1150,265,178,1,-1,-1,-1
220,20,1139,1099,461,243,1,-1,-1,-1
221,19,1692,1150,273,177,1,-1,-1,-1
221,20,1078,1088,465,254,1,-1,-1,-1
222,19,1690,1150,274,177,1,-1,-1,-1
222,20,1013,1079,485,264,1,-1,-1,-1
223,19,1691,1146,276,182,1,-1,-1,-1
223,20,953,1074,501,273,1,-1,-1,-1
224,19,1689,1145,278,182,1,-1,-1,-1
224,20,819,1057,550,294,1,-1,-1,-1
225,19,1689,1145,278,182,1,-1,-1,-1
225,20,725,1044,585,314,1,-1,-1,-1
226,19,1690,1146,277,182,1,-1,-1,-1
226,20,588,1039,626,329,1,-1,-1,-1
227,19,1690,1146,277,182,1,-1,-1,-1
227,20,413,1019,730,363,1,-1,-1,-1
228,19,1696,1147,270,178,1,-1,-1,-1
228,20,276,1013,755,379,1,-1,-1,-1
229,19,1696,1147,270,178,1,-1,-1,-1
229,20,79,1001,828,407,1,-1,-1,-1
230,19,1690,1146,277,181,1,-1,-1,-1
230,20,0,983,813,436,1,-1,-1,-1
231,19,1690,1146,277,181,1,-1,-1,-1
231,20,0,938,708,490,1,-1,-1,-1
232,19,1690,1146,277,181,1,-1,-1,-1
233,19,1691,1146,277,181,1,-1,-1,-1
234,19,1695,1147,271,178,1,-1,-1,-1
235,19,1695,1147,271,178,1,-1,-1,-1
236,19,1695,1147,271,178,1,-1,-1,-1
237,19,1693,1146,277,184,1,-1,-1,-1
238,19,1693,1146,277,184,1,-1,-1,-1
239,19,1693,1146,277,184,1,-1,-1,-1
240,19,1695,1147,273,178,1,-1,-1,-1
241,19,1695,1147,273,178,1,-1,-1,-1
242,19,1695,1147,273,178,1,-1,-1,-1
243,19,1695,1147,273,178,1,-1,-1,-1
244,19,1695,1147,273,178,1,-1,-1,-1
245,19,1695,1147,273,178,1,-1,-1,-1
246,19,1696,1147,273,178,1,-1,-1,-1
247,19,1696,1147,273,178,1,-1,-1,-1
248,19,1696,1147,273,178,1,-1,-1,-1
249,19,1696,1147,273,178,1,-1,-1,-1
250,19,1692,1148,276,178,1,-1,-1,-1
251,19,1692,1148,276,178,1,-1,-1,-1
252,19,1692,1148,275,178,1,-1,-1,-1
253,19,1692,1148,276,178,1,-1,-1,-1
254,19,1696,1147,273,178,1,-1,-1,-1
255,19,1696,1147,273,178,1,-1,-1,-1
256,19,1696,1147,273,178,1,-1,-1,-1
257,19,1692,1148,276,178,1,-1,-1,-1
258,19,1692,1148,276,178,1,-1,-1,-1
259,19,1692,1148,276,178,1,-1,-1,-1
260,19,1692,1148,276,178,1,-1,-1,-1
261,19,1696,1147,274,178,1,-1,-1,-1
262,19,1696,1147,274,178,1,-1,-1,-1
263,19,1695,1147,274,178,1,-1,-1,-1
264,19,1695,1147,274,178,1,-1,-1,-1
265,19,1695,1147,274,178,1,-1,-1,-1
266,19,1695,1147,274,178,1,-1,-1,-1
267,19,1695,1147,274,178,1,-1,-1,-1
268,19,1695,1147,274,178,1,-1,-1,-1
269,19,1695,1147,274,178,1,-1,-1,-1
270,19,1692,1146,276,181,1,-1,-1,-1
271,19,1693,1147,276,184,1,-1,-1,-1
272,19,1693,1147,276,184,1,-1,-1,-1
273,19,1693,1147,276,184,1,-1,-1,-1
274,19,1691,1146,277,181,1,-1,-1,-1
274,21,2315,1332,170,126,1,-1,-1,-1
275,19,1692,1146,277,181,1,-1,-1,-1
275,21,2305,1333,168,121,1,-1,-1,-1
276,19,1693,1147,274,181,1,-1,-1,-1
276,21,2288,1327,164,122,1,-1,-1,-1
277,19,1693,1147,274,181,1,-1,-1,-1
277,21,2276,1333,165,110,1,-1,-1,-1
278,19,1693,1147,274,181,1,-1,-1,-1
278,21,2262,1325,164,119,1,-1,-1,-1
279,19,1693,1147,274,181,1,-1,-1,-1
279,21,2250,1325,163,114,1,-1,-1,-1
280,19,1693,1147,274,181,1,-1,-1,-1
280,21,2240,1320,165,125,1,-1,-1,-1
281,19,1693,1147,274,181,1,-1,-1,-1
281,21,2219,1313,172,131,1,-1,-1,-1
282,19,1693,1147,274,181,1,-1,-1,-1
282,21,2205,1312,176,127,1,-1,-1,-1
283,19,1693,1147,274,181,1,-1,-1,-1
283,21,2202,1307,160,133,1,-1,-1,-1
284,19,1693,1147,274,181,1,-1,-1,-1
284,21,2141,1299,203,137,1,-1,-1,-1
285,19,1702,1150,271,178,1,-1,-1,-1
285,21,2129,1292,196,143,1,-1,-1,-1
286,19,1702,1150,270,178,1,-1,-1,-1
286,21,2099,1286,207,143,1,-1,-1,-1
287,19,1702,1150,270,177,1,-1,-1,-1
287,21,2083,1287,203,136,1,-1,-1,-1
288,19,1697,1147,268,180,1,-1,-1,-1
288,21,2049,1279,184,129,1,-1,-1,-1
289,19,1702,1151,269,177,1,-1,-1,-1
289,21,2036,1272,205,140,1,-1,-1,-1
290,19,1703,1151,268,177,1,-1,-1,-1
290,21,2009,1268,232,143,1,-1,-1,-1
291,19,1703,1151,268,177,1,-1,-1,-1
291,21,1984,1258,232,150,1,-1,-1,-1
292,19,1699,1150,270,178,1,-1,-1,-1
292,21,1961,1255,226,152,1,-1,-1,-1
293,19,1689,1150,283,178,1,-1,-1,-1
293,21,1937,1248,234,155,1,-1,-1,-1
294,21,1898,1240,255,161,1,-1,-1,-1
294,19,1687,1151,281,174,1,-1,-1,-1
294,22,94,1236,1220,673,1,-1,-1,-1
295,21,1865,1234,258,162,1,-1,-1,-1
295,19,1693,1149,267,168,1,-1,-1,-1
295,22,24,1232,1192,648,1,-1,-1,-1
296,21,1838,1227,259,164,1,-1,-1,-1
296,22,306,1231,997,567,1,-1,-1,-1
296,19,1685,1148,258,165,1,-1,-1,-1
297,21,1808,1215,273,175,1,-1,-1,-1
297,22,546,1227,850,505,1,-1,-1,-1
297,19,1679,1148,235,162,1,-1,-1,-1
298,21,1763,1211,283,169,1,-1,-1,-1
298,22,747,1231,741,445,1,-1,-1,-1
299,21,1740,1204,286,174,1,-1,-1,-1
299,22,898,1233,646,416,1,-1,-1,-1
300,21,1715,1201,275,169,1,-1,-1,-1
300,22,1002,1237,588,380,1,-1,-1,-1
301,21,1619,1176,327,187,1,-1,-1,-1
301,22,1106,1237,548,357,1,-1,-1,-1
302,21,1584,1180,327,178,1,-1,-1,-1
302,22,1206,1238,514,335,1,-1,-1,-1
303,21,1552,1176,327,178,1,-1,-1,-1
303,22,1280,1243,495,314,1,-1,-1,-1
304,21,1514,1172,326,177,1,-1,-1,-1
304,22,1360,1245,516,305,1,-1,-1,-1
305,21,1479,1152,329,190,1,-1,-1,-1
306,21,1420,1146,340,181,1,-1,-1,-1
307,21,1382,1140,333,181,1,-1,-1,-1
308,21,1301,1128,376,206,1,-1,-1,-1
309,21,1235,1127,390,205,1,-1,-1,-1
310,21,1192,1119,400,211,1,-1,-1,-1
310,23,1690,1266,309,203,1,-1,-1,-1
311,21,1096,1108,431,222,1,-1,-1,-1
311,23,1727,1258,308,217,1,-1,-1,-1
312,21,1027,1102,449,229,1,-1,-1,-1
312,23,1767,1276,301,207,1,-1,-1,-1
313,21,962,1101,475,231,1,-1,-1,-1
313,23,1813,1281,274,205,1,-1,-1,-1
314,21,857,1085,519,254,1,-1,-1,-1
314,23,1847,1292,272,200,1,-1,-1,-1
315,21,749,1075,567,269,1,-1,-1,-1
315,23,1883,1298,263,195,1,-1,-1,-1
316,21,638,1065,616,283,1,-1,-1,-1
316,23,1918,1296,245,200,1,-1,-1,-1
317,21,524,1057,649,299,1,-1,-1,-1
317,23,1944,1302,275,192,1,-1,-1,-1
318,23,1968,1301,324,193,1,-1,-1,-1
318,21,416,1054,672,316,1,-1,-1,-1
319,21,225,1045,755,336,1,-1,-1,-1
319,23,1988,1291,311,197,1,-1,-1,-1
320,21,66,1035,839,354,1,-1,-1,-1
321,21,0,1028,785,385,1,-1,-1,-1
324,24,1957,1255,232,138,1,-1,-1,-1
325,24,1945,1249,215,153,1,-1,-1,-1
326,24,1903,1240,235,158,1,-1,-1,-1
327,24,1870,1232,244,164,1,-1,-1,-1
328,24,1828,1228,246,159,1,-1,-1,-1
329,24,1794,1219,256,163,1,-1,-1,-1
330,24,1755,1208,258,168,1,-1,-1,-1
331,24,1716,1202,260,170,1,-1,-1,-1
332,24,1669,1188,283,181,1,-1,-1,-1
333,24,1591,1177,318,185,1,-1,-1,-1
334,24,1530,1170,322,190,1,-1,-1,-1
335,24,1497,1169,324,186,1,-1,-1,-1
336,24,1457,1160,320,192,1,-1,-1,-1
337,24,1408,1151,330,198,1,-1,-1,-1
338,24,1337,1142,350,203,1,-1,-1,-1
339,24,1277,1141,368,202,1,-1,-1,-1
340,24,1193,1130,389,215,1,-1,-1,-1
341,24,1110,1119,411,230,1,-1,-1,-1
342,24,1022,1110,440,244,1,-1,-1,-1
343,24,920,1102,497,264,1,-1,-1,-1
344,24,794,1092,535,286,1,-1,-1,-1
345,24,645,1084,589,301,1,-1,-1,-1
346,24,503,1079,634,312,1,-1,-1,-1
347,24,329,1067,729,347,1,-1,-1,-1
348,24,114,1052,785,368,1,-1,-1,-1
349,24,0,1037,765,409,1,-1,-1,-1
381,25,11,839,731,502,1,-1,-1,-1
382,25,33,876,815,477,1,-1,-1,-1
383,25,61,874,883,481,1,-1,-1,-1
384,25,53,873,1027,491,1,-1,-1,-1
385,25,132,886,1017,482,1,-1,-1,-1
386,25,208,897,991,475,1,-1,-1,-1
387,25,325,929,911,446,1,-1,-1,-1
388,25,410,952,836,434,1,-1,-1,-1
389,25,501,976,820,414,1,-1,-1,-1
390,25,596,1005,731,388,1,-1,-1,-1
391,25,679,1005,712,382,1,-1,-1,-1
392,25,744,1021,694,371,1,-1,-1,-1
393,25,804,1038,674,357,1,-1,-1,-1
394,25,875,1046,646,348,1,-1,-1,-1
395,25,941,1064,627,332,1,-1,-1,-1
396,25,1017,1070,600,328,1,-1,-1,-1
397,25,1093,1081,556,319,1,-1,-1,-1
398,25,1137,1093,556,310,1,-1,-1,-1
399,25,1209,1103,509,301,1,-1,-1,-1
400,25,1284,1119,467,289,1,-1,-1,-1
401,25,1313,1126,449,282,1,-1,-1,-1
402,25,1373,1135,429,276,1,-1,-1,-1
403,25,1443,1139,423,274,1,-1,-1,-1
404,25,1493,1150,424,258,1,-1,-1,-1
405,25,1526,1155,409,260,1,-1,-1,-1
406,25,1572,1163,385,258,1,-1,-1,-1
407,25,1610,1164,369,266,1,-1,-1,-1
408,25,1652,1188,371,244,1,-1,-1,-1
409,25,1708,1158,352,285,1,-1,-1,-1
410,25,1728,1159,361,283,1,-1,-1,-1
411,25,1762,1194,346,255,1,-1,-1,-1
412,25,1802,1219,325,220,1,-1,-1,-1
413,25,1842,1219,302,228,1,-1,-1,-1
414,25,1872,1231,309,213,1,-1,-1,-1
415,25,1921,1242,270,209,1,-1,-1,-1
416,25,1947,1242,331,215,1,-1,-1,-1
417,25,1985,1256,294,201,1,-1,-1,-1
