52,26,2081,394,306,155,1,-1,-1,-1
53,26,2067,396,308,152,1,-1,-1,-1
54,26,2037,393,324,153,1,-1,-1,-1
55,26,2018,386,305,162,1,-1,-1,-1
56,26,1994,383,305,159,1,-1,-1,-1
57,26,1956,381,320,157,1,-1,-1,-1
58,26,1924,378,325,155,1,-1,-1,-1
59,26,1889,378,327,155,1,-1,-1,-1
60,26,1892,376,321,158,1,-1,-1,-1
61,26,1868,377,331,152,1,-1,-1,-1
62,26,1869,374,309,155,1,-1,-1,-1
63,26,1857,374,297,158,1,-1,-1,-1
64,26,1832,373,309,157,1,-1,-1,-1
65,26,1829,373,303,147,1,-1,-1,-1
66,26,1763,371,339,149,1,-1,-1,-1
67,26,1763,367,336,150,1,-1,-1,-1
68,26,1747,365,354,150,1,-1,-1,-1
75,27,1609,343,313,156,1,-1,-1,-1
76,27,1611,349,312,152,1,-1,-1,-1
77,27,1592,351,309,151,1,-1,-1,-1
78,27,1578,348,321,152,1,-1,-1,-1
79,27,1575,349,317,149,1,-1,-1,-1
80,27,1564,353,305,143,1,-1,-1,-1
81,27,1550,348,307,148,1,-1,-1,-1
82,27,1541,347,313,147,1,-1,-1,-1
83,27,1534,349,308,146,1,-1,-1,-1
84,27,1528,347,309,146,1,-1,-1,-1
85,27,1509,345,301,148,1,-1,-1,-1
86,27,1495,344,307,146,1,-1,-1,-1
87,27,1499,343,318,150,1,-1,-1,-1
88,27,1484,341,321,150,1,-1,-1,-1
89,27,1492,343,319,150,1,-1,-1,-1
90,27,1480,343,306,149,1,-1,-1,-1
91,27,1466,341,307,148,1,-1,-1,-1
92,27,1460,339,325,153,1,-1,-1,-1
93,27,1442,341,319,152,1,-1,-1,-1
94,27,1431,341,309,152,1,-1,-1,-1
95,27,1424,341,309,155,1,-1,-1,-1
96,27,1409,341,315,156,1,-1,-1,-1
97,27,1409,338,311,162,1,-1,-1,-1
98,27,1401,340,304,160,1,-1,-1,-1
99,27,1397,340,306,161,1,-1,-1,-1
100,27,1391,342,303,159,1,-1,-1,-1
101,27,1379,342,313,161,1,-1,-1,-1
102,27,1382,341,306,161,1,-1,-1,-1
103,27,1379,341,301,162,1,-1,-1,-1
104,27,1362,342,300,163,1,-1,-1,-1
105,27,1350,343,309,163,1,-1,-1,-1
106,27,1346,342,308,164,1,-1,-1,-1
107,27,1340,343,292,161,1,-1,-1,-1
108,27,1338,345,299,163,1,-1,-1,-1
109,27,1347,349,283,161,1,-1,-1,-1
110,27,1334,345,288,168,1,-1,-1,-1
111,27,1330,346,275,165,1,-1,-1,-1
112,27,1332,347,263,164,1,-1,-1,-1
113,27,1328,349,263,165,1,-1,-1,-1
114,27,1325,352,263,164,1,-1,-1,-1
115,27,1323,354,257,165,1,-1,-1,-1
116,27,1322,355,246,165,1,-1,-1,-1
117,27,1329,354,238,170,1,-1,-1,-1
118,27,1331,358,235,167,1,-1,-1,-1
119,27,1325,357,233,174,1,-1,-1,-1
120,27,1323,360,230,172,1,-1,-1,-1
121,27,1329,361,221,175,1,-1,-1,-1
122,27,1329,363,214,177,1,-1,-1,-1
123,27,1329,367,206,178,1,-1,-1,-1
124,27,1334,366,201,181,1,-1,-1,-1
125,27,1336,375,196,173,1,-1,-1,-1
126,27,1335,376,196,176,1,-1,-1,-1
127,27,1338,377,198,177,1,-1,-1,-1
128,27,1341,381,196,176,1,-1,-1,-1
129,27,1343,382,196,180,1,-1,-1,-1
130,27,1344,384,200,181,1,-1,-1,-1
131,27,1347,385,201,185,1,-1,-1,-1
131,28,0,1039,1399,880,1,-1,-1,-1
132,27,1349,387,203,187,1,-1,-1,-1
132,28,56,1071,1809,848,1,-1,-1,-1
133,27,1350,389,208,191,1,-1,-1,-1
133,28,115,1119,1464,795,1,-1,-1,-1
134,27,1352,389,209,195,1,-1,-1,-1
135,27,1356,393,207,194,1,-1,-1,-1
136,27,1357,395,209,197,1,-1,-1,-1
137,27,1357,400,215,194,1,-1,-1,-1
138,27,1360,401,216,197,1,-1,-1,-1
139,27,1360,402,221,200,1,-1,-1,-1
140,27,1359,403,224,201,1,-1,-1,-1
141,27,1363,406,217,207,1,-1,-1,-1
142,27,1361,410,225,208,1,-1,-1,-1
143,27,1361,413,229,213,1,-1,-1,-1
144,27,1363,418,235,213,1,-1,-1,-1
145,27,1363,416,235,219,1,-1,-1,-1
146,27,1369,422,231,218,1,-1,-1,-1
147,27,1370,423,232,225,1,-1,-1,-1
148,27,1370,424,238,222,1,-1,-1,-1
149,27,1368,427,245,230,1,-1,-1,-1
150,27,1371,429,246,234,1,-1,-1,-1
151,27,1374,434,249,238,1,-1,-1,-1
152,27,1375,436,251,241,1,-1,-1,-1
153,27,1377,443,252,243,1,-1,-1,-1
154,27,1379,442,252,252,1,-1,-1,-1
155,27,1383,446,252,252,1,-1,-1,-1
156,27,1383,452,258,256,1,-1,-1,-1
157,27,1384,455,259,259,1,-1,-1,-1
158,27,1389,459,267,263,1,-1,-1,-1
159,27,1392,464,269,261,1,-1,-1,-1
160,27,1396,467,272,265,1,-1,-1,-1
160,29,1397,857,1094,630,1,-1,-1,-1
161,27,1396,469,273,280,1,-1,-1,-1
161,29,1034,824,1274,651,1,-1,-1,-1
162,27,1391,470,285,274,1,-1,-1,-1
162,29,650,794,1644,715,1,-1,-1,-1
163,27,1397,472,285,283,1,-1,-1,-1
163,29,357,762,1839,728,1,-1,-1,-1
164,27,1398,475,291,289,1,-1,-1,-1
164,29,0,727,1835,744,1,-1,-1,-1
165,27,1403,478,296,291,1,-1,-1,-1
165,29,0,700,1542,747,1,-1,-1,-1
166,27,1401,484,300,283,1,-1,-1,-1
166,29,0,669,1212,728,1,-1,-1,-1
167,27,1408,488,302,286,1,-1,-1,-1
168,27,1408,490,314,291,1,-1,-1,-1
169,27,1409,493,317,302,1,-1,-1,-1
170,27,1410,497,317,313,1,-1,-1,-1
171,27,1415,503,324,310,1,-1,-1,-1
172,27,1419,509,325,311,1,-1,-1,-1
173,27,1424,511,331,316,1,-1,-1,-1
174,27,1421,510,341,327,1,-1,-1,-1
175,27,1429,514,348,339,1,-1,-1,-1
176,27,1434,522,350,337,1,-1,-1,-1
177,27,1438,526,349,338,1,-1,-1,-1
178,27,1430,532,360,331,1,-1,-1,-1
179,27,1436,533,359,333,1,-1,-1,-1
180,27,1437,537,368,344,1,-1,-1,-1
181,27,1436,537,379,356,1,-1,-1,-1
182,27,1446,541,376,354,1,-1,-1,-1
183,27,1449,546,389,358,1,-1,-1,-1
184,27,1452,551,394,364,1,-1,-1,-1
185,27,1459,547,384,363,1,-1,-1,-1
186,27,1455,553,407,371,1,-1,-1,-1
187,27,1459,556,410,379,1,-1,-1,-1
188,27,1458,559,417,379,1,-1,-1,-1
189,27,1461,562,421,383,1,-1,-1,-1
190,27,1462,569,429,384,1,-1,-1,-1
190,30,754,1095,1558,820,1,-1,-1,-1
191,27,1468,573,429,384,1,-1,-1,-1
191,30,666,1045,1620,867,1,-1,-1,-1
192,27,1469,575,433,394,1,-1,-1,-1
192,30,520,1020,1538,808,1,-1,-1,-1
193,27,1473,580,437,395,1,-1,-1,-1
193,30,374,978,1514,776,1,-1,-1,-1
194,27,1484,583,444,393,1,-1,-1,-1
194,30,162,958,1568,737,1,-1,-1,-1
195,27,1486,583,449,398,1,-1,-1,-1
195,30,75,931,1394,697,1,-1,-1,-1
196,27,1491,587,451,400,1,-1,-1,-1
196,30,32,893,1202,666,1,-1,-1,-1
197,27,1479,587,457,404,1,-1,-1,-1
197,30,0,893,1009,622,1,-1,-1,-1
198,27,1478,583,471,405,1,-1,-1,-1
198,30,0,841,897,621,1,-1,-1,-1
199,27,1492,587,457,411,1,-1,-1,-1
200,27,1500,586,462,417,1,-1,-1,-1
201,27,1500,587,467,424,1,-1,-1,-1
202,27,1499,588,472,427,1,-1,-1,-1
203,27,1494,592,477,421,1,-1,-1,-1
204,27,1494,589,491,423,1,-1,-1,-1
205,27,1494,590,495,423,1,-1,-1,-1
206,27,1495,592,497,423,1,-1,-1,-1
207,27,1498,594,493,422,1,-1,-1,-1
208,27,1513,604,475,418,1,-1,-1,-1
209,27,1515,604,473,418,1,-1,-1,-1
210,27,1493,592,499,422,1,-1,-1,-1
211,27,1493,591,498,422,1,-1,-1,-1
212,27,1494,591,497,422,1,-1,-1,-1
213,27,1494,590,497,422,1,-1,-1,-1
214,27,1493,590,497,423,1,-1,-1,-1
215,27,1495,591,495,422,1,-1,-1,-1
216,27,1495,590,495,422,1,-1,-1,-1
217,27,1494,590,496,422,1,-1,-1,-1
218,27,1494,590,497,422,1,-1,-1,-1
219,27,1495,591,496,421,1,-1,-1,-1
220,27,1513,604,476,415,1,-1,-1,-1
221,27,1497,593,494,419,1,-1,-1,-1
222,27,1497,593,493,420,1,-1,-1,-1
223,27,1497,593,493,420,1,-1,-1,-1
224,27,1497,594,492,419,1,-1,-1,-1
225,27,1497,594,492,419,1,-1,-1,-1
226,27,1498,594,492,419,1,-1,-1,-1
227,27,1513,603,476,416,1,-1,-1,-1
228,27,1514,603,473,416,1,-1,-1,-1
229,27,1514,603,472,416,1,-1,-1,-1
230,27,1513,604,477,416,1,-1,-1,-1
231,27,1512,604,477,416,1,-1,-1,-1
232,27,1512,604,477,416,1,-1,-1,-1
233,27,1513,604,477,416,1,-1,-1,-1
234,27,1513,604,477,416,1,-1,-1,-1
235,27,1513,604,477,416,1,-1,-1,-1
236,27,1513,604,477,416,1,-1,-1,-1
237,27,1512,604,477,416,1,-1,-1,-1
238,27,1512,604,477,416,1,-1,-1,-1
239,27,1513,604,476,416,1,-1,-1,-1
240,27,1513,605,478,415,1,-1,-1,-1
241,27,1513,605,477,415,1,-1,-1,-1
242,27,1513,605,478,415,1,-1,-1,-1
243,27,1513,605,478,415,1,-1,-1,-1
244,27,1513,604,478,416,1,-1,-1,-1
245,27,1513,604,478,416,1,-1,-1,-1
246,27,1513,604,477,416,1,-1,-1,-1
247,27,1513,604,478,416,1,-1,-1,-1
248,27,1513,604,478,416,1,-1,-1,-1
249,27,1513,604,478,416,1,-1,-1,-1
250,27,1513,603,479,417,1,-1,-1,-1
251,27,1512,603,479,417,1,-1,-1,-1
252,27,1512,604,479,417,1,-1,-1,-1
253,27,1498,595,494,420,1,-1,-1,-1
254,27,1512,604,479,417,1,-1,-1,-1
255,27,1512,603,479,417,1,-1,-1,-1
256,27,1498,594,494,420,1,-1,-1,-1
257,27,1512,604,479,417,1,-1,-1,-1
258,27,1512,604,479,416,1,-1,-1,-1
259,27,1512,603,479,417,1,-1,-1,-1
260,27,1512,604,479,417,1,-1,-1,-1
261,27,1511,604,480,417,1,-1,-1,-1
262,27,1498,594,493,419,1,-1,-1,-1
262,31,1795,914,758,543,1,-1,-1,-1
263,27,1496,594,487,413,1,-1,-1,-1
263,31,1509,885,977,555,1,-1,-1,-1
264,27,1495,592,493,390,1,-1,-1,-1
264,31,1213,877,1167,557,1,-1,-1,-1
265,31,951,859,1227,547,1,-1,-1,-1
266,31,458,801,1385,575,1,-1,-1,-1
267,32,1509,602,479,410,1,-1,-1,-1
267,31,227,783,1252,554,1,-1,-1,-1
268,32,1512,603,479,416,1,-1,-1,-1
268,31,0,773,1207,537,1,-1,-1,-1
269,32,1513,604,477,416,1,-1,-1,-1
269,31,10,728,1112,573,1,-1,-1,-1
270,32,1513,604,477,416,1,-1,-1,-1
270,31,0,692,826,577,1,-1,-1,-1
271,32,1513,604,478,415,1,-1,-1,-1
272,32,1512,604,479,416,1,-1,-1,-1
273,32,1512,604,479,416,1,-1,-1,-1
274,32,1512,604,479,416,1,-1,-1,-1
275,32,1512,604,479,415,1,-1,-1,-1
276,32,1494,594,497,420,1,-1,-1,-1
277,32,1494,594,497,421,1,-1,-1,-1
278,32,1494,594,497,421,1,-1,-1,-1
279,32,1495,594,496,420,1,-1,-1,-1
280,32,1495,594,497,421,1,-1,-1,-1
281,32,1495,594,497,420,1,-1,-1,-1
282,32,1497,593,495,420,1,-1,-1,-1
283,32,1497,593,494,420,1,-1,-1,-1
284,32,1497,593,494,420,1,-1,-1,-1
285,32,1497,593,494,420,1,-1,-1,-1
286,32,1497,593,494,420,1,-1,-1,-1
287,32,1497,594,493,420,1,-1,-1,-1
288,32,1498,593,493,420,1,-1,-1,-1
289,32,1497,593,493,420,1,-1,-1,-1
290,32,1497,593,493,420,1,-1,-1,-1
291,32,1497,593,493,420,1,-1,-1,-1
292,32,1497,593,493,420,1,-1,-1,-1
293,32,1497,593,493,420,1,-1,-1,-1
294,32,1497,593,492,420,1,-1,-1,-1
295,32,1497,593,494,420,1,-1,-1,-1
296,32,1497,593,493,420,1,-1,-1,-1
297,32,1497,593,493,420,1,-1,-1,-1
298,32,1497,593,493,420,1,-1,-1,-1
299,32,1497,593,493,420,1,-1,-1,-1
300,32,1497,593,493,420,1,-1,-1,-1
301,32,1497,593,494,421,1,-1,-1,-1
302,32,1497,593,494,421,1,-1,-1,-1
303,32,1497,593,493,421,1,-1,-1,-1
304,32,1497,593,493,420,1,-1,-1,-1
305,32,1497,593,493,421,1,-1,-1,-1
306,32,1497,593,493,421,1,-1,-1,-1
307,32,1497,593,492,420,1,-1,-1,-1
308,32,1497,593,492,420,1,-1,-1,-1
309,32,1497,593,493,420,1,-1,-1,-1
310,32,1497,593,493,420,1,-1,-1,-1
311,32,1497,593,493,420,1,-1,-1,-1
312,32,1497,592,493,421,1,-1,-1,-1
313,32,1496,592,494,421,1,-1,-1,-1
314,32,1497,592,494,421,1,-1,-1,-1
315,32,1497,593,493,420,1,-1,-1,-1
316,32,1496,591,494,423,1,-1,-1,-1
317,32,1496,591,494,423,1,-1,-1,-1
318,32,1496,591,494,422,1,-1,-1,-1
319,32,1497,592,493,422,1,-1,-1,-1
320,32,1512,602,475,420,1,-1,-1,-1
321,32,1499,593,490,425,1,-1,-1,-1
322,32,1499,592,489,424,1,-1,-1,-1
323,32,1500,593,486,422,1,-1,-1,-1
324,32,1498,592,490,422,1,-1,-1,-1
325,32,1499,593,490,421,1,-1,-1,-1
326,32,1515,604,475,414,1,-1,-1,-1
327,32,1515,604,475,415,1,-1,-1,-1
328,32,1514,603,478,416,1,-1,-1,-1
329,32,1514,603,477,416,1,-1,-1,-1
330,32,1514,603,476,415,1,-1,-1,-1
331,32,1498,594,491,418,1,-1,-1,-1
332,32,1499,595,491,417,1,-1,-1,-1
333,32,1498,595,491,417,1,-1,-1,-1
334,32,1512,603,480,417,1,-1,-1,-1
335,32,1497,594,494,419,1,-1,-1,-1
336,32,1496,592,495,421,1,-1,-1,-1
337,32,1496,592,495,421,1,-1,-1,-1
338,32,1496,593,495,421,1,-1,-1,-1
339,32,1496,593,495,421,1,-1,-1,-1
340,32,1496,593,494,420,1,-1,-1,-1
341,32,1496,593,495,420,1,-1,-1,-1
342,32,1496,593,495,420,1,-1,-1,-1
343,32,1497,593,494,420,1,-1,-1,-1
344,32,1497,594,494,420,1,-1,-1,-1
345,32,1496,593,495,420,1,-1,-1,-1
346,32,1513,602,477,417,1,-1,-1,-1
347,32,1513,602,478,416,1,-1,-1,-1
348,32,1495,591,497,421,1,-1,-1,-1
349,32,1495,591,497,421,1,-1,-1,-1
350,32,1495,591,497,421,1,-1,-1,-1
351,32,1495,591,497,422,1,-1,-1,-1
352,32,1495,591,496,421,1,-1,-1,-1
353,32,1495,590,496,422,1,-1,-1,-1
354,32,1494,590,496,421,1,-1,-1,-1
354,33,1525,939,938,488,1,-1,-1,-1
355,32,1496,593,489,413,1,-1,-1,-1
355,33,1266,923,1172,501,1,-1,-1,-1
356,32,1494,588,496,407,1,-1,-1,-1
356,33,977,919,1207,477,1,-1,-1,-1
357,32,1508,593,470,402,1,-1,-1,-1
358,32,1492,597,501,412,1,-1,-1,-1
359,32,1498,594,493,417,1,-1,-1,-1
360,32,1497,595,495,418,1,-1,-1,-1
361,32,1497,595,495,418,1,-1,-1,-1
362,32,1497,595,495,418,1,-1,-1,-1
363,32,1497,595,495,417,1,-1,-1,-1
364,32,1498,595,494,417,1,-1,-1,-1
365,32,1498,595,494,417,1,-1,-1,-1
366,32,1512,604,479,415,1,-1,-1,-1
367,32,1497,594,495,419,1,-1,-1,-1
368,32,1497,593,494,419,1,-1,-1,-1
369,32,1497,594,494,419,1,-1,-1,-1
370,32,1512,604,478,415,1,-1,-1,-1
371,32,1512,604,478,415,1,-1,-1,-1
372,32,1511,604,478,415,1,-1,-1,-1
373,32,1511,604,478,415,1,-1,-1,-1
374,32,1512,604,478,415,1,-1,-1,-1
375,32,1511,604,479,415,1,-1,-1,-1
376,32,1495,591,497,421,1,-1,-1,-1
377,32,1495,591,497,422,1,-1,-1,-1
378,32,1495,591,496,422,1,-1,-1,-1
379,32,1495,591,496,421,1,-1,-1,-1
380,32,1495,591,495,421,1,-1,-1,-1
381,32,1496,591,494,422,1,-1,-1,-1
381,34,1706,963,835,509,1,-1,-1,-1
382,32,1495,592,492,417,1,-1,-1,-1
382,34,1337,947,1077,508,1,-1,-1,-1
383,32,1494,594,490,411,1,-1,-1,-1
383,34,1019,921,1121,502,1,-1,-1,-1
384,32,1493,590,492,417,1,-1,-1,-1
384,34,673,895,1115,488,1,-1,-1,-1
385,32,1511,595,485,422,1,-1,-1,-1
385,34,255,862,1160,498,1,-1,-1,-1
386,32,1520,598,482,430,1,-1,-1,-1
386,34,0,855,1076,484,1,-1,-1,-1
387,32,1503,600,500,430,1,-1,-1,-1
387,34,46,809,1104,498,1,-1,-1,-1
388,32,1505,601,509,432,1,-1,-1,-1
389,32,1500,599,519,436,1,-1,-1,-1
390,32,1497,600,535,441,1,-1,-1,-1
391,32,1504,598,549,446,1,-1,-1,-1
392,32,1527,609,552,452,1,-1,-1,-1
393,32,1526,613,579,444,1,-1,-1,-1
394,32,1530,616,616,460,1,-1,-1,-1
395,32,1520,621,642,456,1,-1,-1,-1
396,32,1555,633,667,454,1,-1,-1,-1
397,32,1554,638,704,449,1,-1,-1,-1
398,32,1571,643,723,469,1,-1,-1,-1
399,32,1589,650,758,483,1,-1,-1,-1
400,32,1611,655,794,482,1,-1,-1,-1
401,32,1624,660,840,488,1,-1,-1,-1
402,32,1676,672,859,498,1,-1,-1,-1
403,32,1676,679,883,504,1,-1,-1,-1
404,32,1702,690,857,509,1,-1,-1,-1
405,32,1755,696,804,528,1,-1,-1,-1
406,32,1766,699,793,541,1,-1,-1,-1
