89,35,331,748,120,101,1,-1,-1,-1
90,35,338,748,119,103,1,-1,-1,-1
91,35,337,746,124,111,1,-1,-1,-1
92,35,339,749,129,112,1,-1,-1,-1
93,35,342,751,132,108,1,-1,-1,-1
94,35,344,750,139,111,1,-1,-1,-1
95,35,346,752,141,111,1,-1,-1,-1
96,35,351,751,138,114,1,-1,-1,-1
97,35,353,753,142,111,1,-1,-1,-1
98,35,356,754,144,113,1,-1,-1,-1
99,35,360,755,144,116,1,-1,-1,-1
100,35,367,755,144,116,1,-1,-1,-1
101,35,370,754,145,118,1,-1,-1,-1
102,35,376,757,147,119,1,-1,-1,-1
103,35,380,757,151,121,1,-1,-1,-1
104,35,384,760,152,122,1,-1,-1,-1
105,35,390,760,161,125,1,-1,-1,-1
106,35,394,763,164,127,1,-1,-1,-1
107,35,402,763,170,129,1,-1,-1,-1
108,35,409,764,170,132,1,-1,-1,-1
109,35,419,764,166,132,1,-1,-1,-1
110,35,426,766,177,133,1,-1,-1,-1
111,35,431,768,183,135,1,-1,-1,-1
112,35,437,771,188,141,1,-1,-1,-1
113,35,444,774,192,145,1,-1,-1,-1
114,35,454,776,200,149,1,-1,-1,-1
115,35,465,778,201,152,1,-1,-1,-1
116,35,478,781,209,153,1,-1,-1,-1
117,35,487,783,214,158,1,-1,-1,-1
118,35,499,783,230,163,1,-1,-1,-1
119,35,509,784,245,168,1,-1,-1,-1
120,35,518,787,255,175,1,-1,-1,-1
121,35,536,791,256,183,1,-1,-1,-1
122,35,551,790,264,194,1,-1,-1,-1
123,35,565,794,292,202,1,-1,-1,-1
124,35,590,797,314,208,1,-1,-1,-1
125,35,604,801,328,217,1,-1,-1,-1
126,35,620,804,343,228,1,-1,-1,-1
127,35,658,807,366,237,1,-1,-1,-1
128,35,677,813,396,256,1,-1,-1,-1
129,35,706,819,431,264,1,-1,-1,-1
130,35,742,824,453,290,1,-1,-1,-1
131,35,783,829,496,307,1,-1,-1,-1
132,35,837,836,520,328,1,-1,-1,-1
133,35,889,850,569,346,1,-1,-1,-1
134,35,920,856,659,383,1,-1,-1,-1
135,35,1008,879,732,415,1,-1,-1,-1
136,35,1068,877,840,481,1,-1,-1,-1
137,35,1167,909,973,525,1,-1,-1,-1
138,35,1284,934,1141,592,1,-1,-1,-1
139,35,1396,941,1163,700,1,-1,-1,-1
140,35,1493,943,1033,810,1,-1,-1,-1
141,35,1655,971,904,762,1,-1,-1,-1
178,36,1557,673,963,547,1,-1,-1,-1
179,36,1406,654,1066,601,1,-1,-1,-1
180,36,1406,667,1076,535,1,-1,-1,-1
181,36,1285,671,985,492,1,-1,-1,-1
182,36,1149,672,892,439,1,-1,-1,-1
183,36,1131,687,741,397,1,-1,-1,-1
184,36,1008,690,691,363,1,-1,-1,-1
185,36,954,671,609,360,1,-1,-1,-1
186,36,907,681,573,338,1,-1,-1,-1
187,36,896,692,525,303,1,-1,-1,-1
188,36,845,700,455,284,1,-1,-1,-1
189,36,810,700,428,260,1,-1,-1,-1
190,36,791,700,371,240,1,-1,-1,-1
191,36,756,691,347,242,1,-1,-1,-1
192,36,736,703,321,221,1,-1,-1,-1
193,36,708,702,307,212,1,-1,-1,-1
194,36,690,701,286,206,1,-1,-1,-1
195,36,668,698,272,202,1,-1,-1,-1
196,36,652,695,261,203,1,-1,-1,-1
197,36,627,693,265,198,1,-1,-1,-1
198,36,612,695,254,189,1,-1,-1,-1
199,36,603,699,254,185,1,-1,-1,-1
200,36,593,700,235,176,1,-1,-1,-1
201,36,583,700,235,173,1,-1,-1,-1
202,36,568,697,233,171,1,-1,-1,-1
203,36,562,696,232,169,1,-1,-1,-1
204,36,545,698,213,166,1,-1,-1,-1
205,36,539,699,204,161,1,-1,-1,-1
206,36,526,703,205,153,1,-1,-1,-1
207,36,521,703,201,150,1,-1,-1,-1
208,36,513,704,192,146,1,-1,-1,-1
209,36,503,704,193,147,1,-1,-1,-1
210,36,498,707,191,141,1,-1,-1,-1
211,36,484,707,195,142,1,-1,-1,-1
212,36,479,705,181,143,1,-1,-1,-1
212,37,1764,804,769,480,1,-1,-1,-1
213,36,473,708,183,136,1,-1,-1,-1
213,37,1713,778,811,466,1,-1,-1,-1
214,36,464,705,180,137,1,-1,-1,-1
214,37,1613,759,840,448,1,-1,-1,-1
215,37,1578,763,794,400,1,-1,-1,-1
215,36,455,710,176,130,1,-1,-1,-1
216,37,1500,763,721,381,1,-1,-1,-1
216,36,449,706,167,128,1,-1,-1,-1
217,37,1448,758,677,364,1,-1,-1,-1
217,36,447,710,159,127,1,-1,-1,-1
218,37,1402,754,620,346,1,-1,-1,-1
218,36,443,711,155,123,1,-1,-1,-1
219,37,1352,760,581,319,1,-1,-1,-1
219,36,438,713,150,119,1,-1,-1,-1
220,37,1304,745,541,314,1,-1,-1,-1
220,36,429,713,149,118,1,-1,-1,-1
221,37,1281,739,499,308,1,-1,-1,-1
221,36,432,710,141,120,1,-1,-1,-1
222,37,1215,744,494,284,1,-1,-1,-1
222,36,427,707,141,123,1,-1,-1,-1
223,37,1193,731,446,292,1,-1,-1,-1
223,36,422,707,142,124,1,-1,-1,-1
224,37,1150,725,436,268,1,-1,-1,-1
224,36,416,704,141,122,1,-1,-1,-1
225,37,1086,722,434,269,1,-1,-1,-1
225,36,412,703,142,123,1,-1,-1,-1
226,37,1053,718,428,264,1,-1,-1,-1
226,36,401,709,141,109,1,-1,-1,-1
227,37,1027,720,414,242,1,-1,-1,-1
228,37,996,704,443,244,1,-1,-1,-1
229,37,986,726,350,217,1,-1,-1,-1
230,37,954,726,336,212,1,-1,-1,-1
231,37,922,726,326,205,1,-1,-1,-1
232,37,904,725,310,199,1,-1,-1,-1
233,37,882,724,300,193,1,-1,-1,-1
234,37,856,724,283,189,1,-1,-1,-1
235,37,837,725,275,186,1,-1,-1,-1
236,37,812,727,266,180,1,-1,-1,-1
237,37,800,725,258,179,1,-1,-1,-1
238,37,778,728,251,171,1,-1,-1,-1
239,37,768,727,240,169,1,-1,-1,-1
240,37,752,724,244,167,1,-1,-1,-1
241,37,739,717,228,173,1,-1,-1,-1
242,37,719,717,231,170,1,-1,-1,-1
243,37,702,718,223,164,1,-1,-1,-1
244,37,687,715,219,163,1,-1,-1,-1
245,37,679,717,214,157,1,-1,-1,-1
246,37,668,719,211,155,1,-1,-1,-1
247,37,657,720,205,151,1,-1,-1,-1
248,37,645,719,204,149,1,-1,-1,-1
249,37,625,717,209,149,1,-1,-1,-1
250,37,615,715,205,147,1,-1,-1,-1
251,37,610,714,200,146,1,-1,-1,-1
252,37,606,712,188,145,1,-1,-1,-1
253,37,593,713,184,140,1,-1,-1,-1
254,37,587,713,178,139,1,-1,-1,-1
255,37,579,714,174,133,1,-1,-1,-1
256,37,570,713,172,134,1,-1,-1,-1
257,37,560,712,172,131,1,-1,-1,-1
258,37,549,711,173,131,1,-1,-1,-1
259,37,541,714,166,125,1,-1,-1,-1
260,37,535,712,159,127,1,-1,-1,-1
261,37,526,715,162,122,1,-1,-1,-1
262,37,524,712,153,124,1,-1,-1,-1
263,37,518,711,150,123,1,-1,-1,-1
264,37,509,715,154,119,1,-1,-1,-1
265,37,505,713,157,121,1,-1,-1,-1
266,37,502,716,146,114,1,-1,-1,-1
267,37,498,717,140,112,1,-1,-1,-1
268,37,488,715,150,112,1,-1,-1,-1
269,37,482,715,153,110,1,-1,-1,-1
270,37,477,714,148,111,1,-1,-1,-1
271,37,467,716,139,106,1,-1,-1,-1
275,38,323,754,125,112,1,-1,-1,-1
276,38,323,753,130,114,1,-1,-1,-1
277,38,324,752,132,117,1,-1,-1,-1
278,38,325,755,139,113,1,-1,-1,-1
279,38,326,757,139,112,1,-1,-1,-1
280,38,330,756,141,113,1,-1,-1,-1
281,38,335,756,142,120,1,-1,-1,-1
282,38,335,755,146,122,1,-1,-1,-1
282,39,1678,709,843,470,1,-1,-1,-1
283,38,342,755,144,125,1,-1,-1,-1
283,39,1546,712,873,435,1,-1,-1,-1
284,38,344,756,148,126,1,-1,-1,-1
284,39,1507,658,882,453,1,-1,-1,-1
285,38,344,757,157,126,1,-1,-1,-1
285,39,1439,684,734,390,1,-1,-1,-1
286,38,350,760,157,124,1,-1,-1,-1
286,39,1321,684,640,374,1,-1,-1,-1
287,39,1191,676,641,357,1,-1,-1,-1
287,38,355,759,157,131,1,-1,-1,-1
288,39,1176,678,548,332,1,-1,-1,-1
288,38,359,762,161,128,1,-1,-1,-1
289,39,1068,680,525,310,1,-1,-1,-1
289,38,365,760,166,133,1,-1,-1,-1
290,39,1020,681,486,300,1,-1,-1,-1
290,38,372,760,165,134,1,-1,-1,-1
291,38,381,761,165,137,1,-1,-1,-1
291,39,990,687,468,274,1,-1,-1,-1
292,39,971,688,419,257,1,-1,-1,-1
292,38,383,764,172,137,1,-1,-1,-1
293,39,913,699,366,242,1,-1,-1,-1
293,38,385,765,180,140,1,-1,-1,-1
294,39,882,701,339,226,1,-1,-1,-1
294,38,394,770,178,137,1,-1,-1,-1
295,39,840,702,328,212,1,-1,-1,-1
295,38,398,769,181,144,1,-1,-1,-1
296,39,807,705,304,204,1,-1,-1,-1
296,38,409,774,179,144,1,-1,-1,-1
297,39,770,708,294,198,1,-1,-1,-1
297,38,414,773,191,148,1,-1,-1,-1
298,39,759,707,270,195,1,-1,-1,-1
298,38,417,775,198,156,1,-1,-1,-1
299,39,735,702,264,193,1,-1,-1,-1
299,38,425,777,207,158,1,-1,-1,-1
300,39,714,699,249,186,1,-1,-1,-1
300,38,435,778,208,162,1,-1,-1,-1
301,39,697,694,238,187,1,-1,-1,-1
301,38,443,777,208,165,1,-1,-1,-1
302,39,676,698,233,181,1,-1,-1,-1
302,38,450,783,212,165,1,-1,-1,-1
303,39,654,700,232,183,1,-1,-1,-1
303,38,457,785,226,172,1,-1,-1,-1
304,39,647,708,221,168,1,-1,-1,-1
304,38,467,784,234,180,1,-1,-1,-1
305,38,475,786,251,188,1,-1,-1,-1
305,39,620,703,228,168,1,-1,-1,-1
306,38,489,794,249,187,1,-1,-1,-1
306,39,616,707,210,155,1,-1,-1,-1
307,38,501,797,259,188,1,-1,-1,-1
307,39,600,707,211,153,1,-1,-1,-1
308,38,514,797,278,203,1,-1,-1,-1
308,39,590,704,212,152,1,-1,-1,-1
309,38,522,797,303,213,1,-1,-1,-1
309,39,579,707,204,145,1,-1,-1,-1
310,38,538,804,320,225,1,-1,-1,-1
310,39,565,702,200,152,1,-1,-1,-1
311,38,559,808,340,227,1,-1,-1,-1
311,39,557,704,198,154,1,-1,-1,-1
312,38,588,807,355,246,1,-1,-1,-1
312,39,544,706,191,150,1,-1,-1,-1
313,38,602,810,377,260,1,-1,-1,-1
313,39,537,707,184,143,1,-1,-1,-1
314,39,527,706,176,141,1,-1,-1,-1
314,38,635,820,397,271,1,-1,-1,-1
315,39,521,707,168,136,1,-1,-1,-1
315,38,662,827,436,283,1,-1,-1,-1
316,38,682,836,483,303,1,-1,-1,-1
316,39,512,709,171,134,1,-1,-1,-1
317,38,720,838,516,327,1,-1,-1,-1
317,39,504,711,168,128,1,-1,-1,-1
318,38,760,848,556,345,1,-1,-1,-1
318,39,497,711,166,127,1,-1,-1,-1
319,38,798,865,587,363,1,-1,-1,-1
319,39,489,710,164,124,1,-1,-1,-1
320,38,846,872,655,403,1,-1,-1,-1
320,39,482,707,161,127,1,-1,-1,-1
321,38,907,875,753,449,1,-1,-1,-1
321,39,476,710,157,120,1,-1,-1,-1
322,38,986,885,856,496,1,-1,-1,-1
322,39,464,708,157,121,1,-1,-1,-1
323,38,1050,903,1024,560,1,-1,-1,-1
323,39,460,707,153,120,1,-1,-1,-1
324,38,1158,927,1163,639,1,-1,-1,-1
324,39,460,708,142,117,1,-1,-1,-1
325,38,1300,930,1259,753,1,-1,-1,-1
325,39,457,708,139,118,1,-1,-1,-1
326,39,450,710,132,113,1,-1,-1,-1
326,38,1407,929,1152,899,1,-1,-1,-1
327,39,447,708,132,117,1,-1,-1,-1
328,39,438,707,136,113,1,-1,-1,-1
329,39,435,706,129,113,1,-1,-1,-1
330,39,432,704,129,115,1,-1,-1,-1
331,39,429,701,129,115,1,-1,-1,-1
332,39,425,706,129,109,1,-1,-1,-1
373,40,1788,779,763,415,1,-1,-1,-1
374,40,1589,741,844,436,1,-1,-1,-1
375,40,1426,745,835,394,1,-1,-1,-1
376,40,1369,736,845,383,1,-1,-1,-1
377,40,1326,739,704,356,1,-1,-1,-1
378,40,1285,750,612,307,1,-1,-1,-1
379,40,1190,745,574,293,1,-1,-1,-1
380,40,1103,725,537,300,1,-1,-1,-1
381,40,1018,712,516,290,1,-1,-1,-1
382,40,959,716,511,274,1,-1,-1,-1
383,40,943,727,462,249,1,-1,-1,-1
384,40,896,730,390,219,1,-1,-1,-1
385,40,863,726,363,218,1,-1,-1,-1
386,40,845,728,325,202,1,-1,-1,-1
387,40,813,725,298,198,1,-1,-1,-1
388,40,790,727,283,189,1,-1,-1,-1
389,40,766,734,270,177,1,-1,-1,-1
390,40,754,732,253,177,1,-1,-1,-1
391,40,730,735,246,170,1,-1,-1,-1
392,40,709,726,250,172,1,-1,-1,-1
393,40,692,729,241,161,1,-1,-1,-1
394,40,675,729,235,155,1,-1,-1,-1
395,40,659,727,228,157,1,-1,-1,-1
396,40,643,725,229,155,1,-1,-1,-1
397,40,627,724,225,150,1,-1,-1,-1
398,40,611,721,223,153,1,-1,-1,-1
399,40,604,719,214,152,1,-1,-1,-1
399,41,1821,808,672,386,1,-1,-1,-1
400,40,595,719,208,146,1,-1,-1,-1
400,41,1623,764,831,430,1,-1,-1,-1
401,40,583,716,202,147,1,-1,-1,-1
401,41,1477,746,821,400,1,-1,-1,-1
402,40,573,714,186,146,1,-1,-1,-1
402,41,1407,751,716,359,1,-1,-1,-1
403,40,560,716,186,142,1,-1,-1,-1
403,41,1316,750,621,327,1,-1,-1,-1
404,41,1221,748,549,296,1,-1,-1,-1
404,40,546,711,187,140,1,-1,-1,-1
405,41,1152,738,498,287,1,-1,-1,-1
405,40,543,712,182,138,1,-1,-1,-1
406,41,1061,725,471,276,1,-1,-1,-1
406,40,529,713,180,134,1,-1,-1,-1
407,41,1006,729,446,257,1,-1,-1,-1
407,40,520,720,176,126,1,-1,-1,-1
408,41,968,726,427,239,1,-1,-1,-1
408,40,513,720,172,126,1,-1,-1,-1
409,41,920,731,349,217,1,-1,-1,-1
409,40,506,719,168,123,1,-1,-1,-1
410,41,882,731,340,206,1,-1,-1,-1
410,40,502,723,162,119,1,-1,-1,-1
411,41,851,729,293,197,1,-1,-1,-1
411,40,494,721,160,117,1,-1,-1,-1
412,41,813,726,277,191,1,-1,-1,-1
412,40,491,718,154,117,1,-1,-1,-1
413,41,784,730,259,179,1,-1,-1,-1
413,40,484,718,153,115,1,-1,-1,-1
414,41,767,735,231,172,1,-1,-1,-1
414,40,472,717,161,115,1,-1,-1,-1
415,41,735,729,239,175,1,-1,-1,-1
416,41,712,721,237,173,1,-1,-1,-1
417,41,696,727,225,160,1,-1,-1,-1
418,41,673,727,223,155,1,-1,-1,-1
419,41,661,726,213,154,1,-1,-1,-1
420,41,637,724,214,157,1,-1,-1,-1
421,41,614,724,211,153,1,-1,-1,-1
422,41,608,715,203,155,1,-1,-1,-1
423,41,592,714,199,152,1,-1,-1,-1
424,41,582,714,184,148,1,-1,-1,-1
425,41,570,717,183,140,1,-1,-1,-1
426,41,558,716,176,137,1,-1,-1,-1
427,41,544,714,177,138,1,-1,-1,-1
428,41,535,713,171,134,1,-1,-1,-1
429,41,527,717,164,129,1,-1,-1,-1
430,41,510,718,171,128,1,-1,-1,-1
431,41,507,717,159,128,1,-1,-1,-1
432,41,494,718,164,124,1,-1,-1,-1
433,41,495,720,155,117,1,-1,-1,-1
434,41,489,722,148,112,1,-1,-1,-1
435,41,478,720,154,114,1,-1,-1,-1
436,41,470,720,156,113,1,-1,-1,-1
