33,48,801,733,368,316,1,-1,-1,-1
34,48,814,702,354,305,1,-1,-1,-1
35,48,819,673,341,298,1,-1,-1,-1
36,48,838,648,325,285,1,-1,-1,-1
37,48,847,626,312,275,1,-1,-1,-1
38,48,845,597,317,269,1,-1,-1,-1
39,48,855,579,298,257,1,-1,-1,-1
40,48,863,559,291,258,1,-1,-1,-1
41,48,869,537,287,252,1,-1,-1,-1
42,48,884,526,275,245,1,-1,-1,-1
43,48,876,507,276,240,1,-1,-1,-1
44,48,887,496,259,228,1,-1,-1,-1
45,48,889,484,262,225,1,-1,-1,-1
46,48,899,463,249,223,1,-1,-1,-1
47,48,903,455,242,218,1,-1,-1,-1
48,48,904,440,245,215,1,-1,-1,-1
49,48,918,435,233,204,1,-1,-1,-1
50,48,920,423,226,201,1,-1,-1,-1
51,48,925,413,218,197,1,-1,-1,-1
52,48,926,404,215,194,1,-1,-1,-1
53,48,929,394,208,189,1,-1,-1,-1
54,48,935,386,208,187,1,-1,-1,-1
55,48,940,381,202,182,1,-1,-1,-1
56,48,941,371,204,183,1,-1,-1,-1
57,48,945,364,196,176,1,-1,-1,-1
58,48,947,356,189,172,1,-1,-1,-1
59,48,949,348,187,173,1,-1,-1,-1
60,48,951,341,184,168,1,-1,-1,-1
61,48,956,337,181,164,1,-1,-1,-1
62,48,958,327,178,163,1,-1,-1,-1
63,48,960,323,179,162,1,-1,-1,-1
64,48,962,316,174,160,1,-1,-1,-1
65,48,963,311,171,156,1,-1,-1,-1
66,48,963,305,170,155,1,-1,-1,-1
67,48,967,300,164,151,1,-1,-1,-1
68,48,971,294,164,151,1,-1,-1,-1
69,48,974,290,163,148,1,-1,-1,-1
70,48,975,286,161,143,1,-1,-1,-1
71,48,974,281,160,144,1,-1,-1,-1
72,48,975,274,157,145,1,-1,-1,-1
73,48,979,270,151,141,1,-1,-1,-1
74,48,978,266,152,136,1,-1,-1,-1
75,48,981,262,151,137,1,-1,-1,-1
76,48,983,258,151,137,1,-1,-1,-1
77,48,985,253,147,138,1,-1,-1,-1
78,48,983,251,144,128,1,-1,-1,-1
79,48,984,246,142,131,1,-1,-1,-1
80,48,981,244,144,127,1,-1,-1,-1
81,48,983,240,145,125,1,-1,-1,-1
82,48,990,234,138,129,1,-1,-1,-1
83,48,988,232,141,124,1,-1,-1,-1
84,48,986,229,141,123,1,-1,-1,-1
85,48,987,227,137,119,1,-1,-1,-1
86,48,986,225,134,116,1,-1,-1,-1
87,48,987,221,136,117,1,-1,-1,-1
88,48,990,218,134,116,1,-1,-1,-1
89,48,991,215,134,117,1,-1,-1,-1
90,48,991,212,134,116,1,-1,-1,-1
91,48,990,207,132,117,1,-1,-1,-1
92,48,990,203,130,116,1,-1,-1,-1
93,48,992,202,126,113,1,-1,-1,-1
94,48,991,202,127,109,1,-1,-1,-1
95,48,992,200,126,109,1,-1,-1,-1
96,48,993,198,127,109,1,-1,-1,-1
97,48,992,196,123,107,1,-1,-1,-1
98,48,991,193,123,105,1,-1,-1,-1
99,48,990,191,122,104,1,-1,-1,-1
100,48,993,189,120,100,1,-1,-1,-1
101,48,993,188,122,101,1,-1,-1,-1
102,48,995,189,119,98,1,-1,-1,-1
103,48,998,185,116,99,1,-1,-1,-1
104,48,995,183,118,99,1,-1,-1,-1
105,48,994,180,118,99,1,-1,-1,-1
106,48,995,177,116,99,1,-1,-1,-1
107,48,995,175,115,98,1,-1,-1,-1
108,48,996,174,114,97,1,-1,-1,-1
108,49,787,774,390,301,1,-1,-1,-1
109,48,997,172,115,96,1,-1,-1,-1
109,49,785,741,370,323,1,-1,-1,-1
110,48,997,171,114,95,1,-1,-1,-1
110,49,792,707,376,310,1,-1,-1,-1
111,48,998,169,113,95,1,-1,-1,-1
111,49,805,678,369,297,1,-1,-1,-1
112,48,999,167,110,93,1,-1,-1,-1
112,49,815,646,353,282,1,-1,-1,-1
113,48,999,164,109,94,1,-1,-1,-1
113,49,829,623,343,283,1,-1,-1,-1
114,49,834,605,331,261,1,-1,-1,-1
114,48,1000,162,108,94,1,-1,-1,-1
115,49,849,577,320,264,1,-1,-1,-1
115,48,1001,160,109,96,1,-1,-1,-1
116,48,1002,160,107,92,1,-1,-1,-1
116,49,846,561,311,251,1,-1,-1,-1
117,48,1001,159,107,90,1,-1,-1,-1
117,49,854,539,301,240,1,-1,-1,-1
118,48,1000,155,107,92,1,-1,-1,-1
118,49,861,518,292,236,1,-1,-1,-1
119,49,867,503,281,226,1,-1,-1,-1
119,48,999,153,106,92,1,-1,-1,-1
120,49,874,487,279,228,1,-1,-1,-1
120,48,999,152,105,92,1,-1,-1,-1
121,49,877,474,274,215,1,-1,-1,-1
121,48,1002,150,102,92,1,-1,-1,-1
122,49,881,458,268,211,1,-1,-1,-1
122,48,1002,151,103,91,1,-1,-1,-1
123,49,888,446,265,212,1,-1,-1,-1
123,48,1004,149,102,89,1,-1,-1,-1
124,49,895,432,257,210,1,-1,-1,-1
124,48,1004,146,100,90,1,-1,-1,-1
125,49,899,421,247,201,1,-1,-1,-1
125,48,1002,146,101,88,1,-1,-1,-1
126,49,904,410,244,192,1,-1,-1,-1
126,48,1003,143,99,88,1,-1,-1,-1
127,49,912,400,233,190,1,-1,-1,-1
127,48,1002,142,100,88,1,-1,-1,-1
128,49,911,390,232,185,1,-1,-1,-1
129,49,917,382,225,183,1,-1,-1,-1
130,49,920,370,221,183,1,-1,-1,-1
131,49,922,363,218,175,1,-1,-1,-1
132,49,925,357,212,168,1,-1,-1,-1
133,49,928,347,208,171,1,-1,-1,-1
134,49,931,340,205,167,1,-1,-1,-1
135,49,936,334,196,164,1,-1,-1,-1
136,49,941,325,194,159,1,-1,-1,-1
137,49,941,319,192,158,1,-1,-1,-1
138,49,943,312,186,157,1,-1,-1,-1
139,49,942,306,184,152,1,-1,-1,-1
140,49,944,300,181,152,1,-1,-1,-1
141,49,949,294,175,153,1,-1,-1,-1
142,49,952,289,169,148,1,-1,-1,-1
143,49,951,285,171,141,1,-1,-1,-1
144,49,952,278,170,146,1,-1,-1,-1
145,49,956,271,162,142,1,-1,-1,-1
146,49,955,270,165,135,1,-1,-1,-1
147,49,957,264,161,134,1,-1,-1,-1
148,49,959,260,157,133,1,-1,-1,-1
149,49,963,255,154,134,1,-1,-1,-1
150,49,965,252,154,129,1,-1,-1,-1
151,49,966,247,150,128,1,-1,-1,-1
152,49,963,241,151,127,1,-1,-1,-1
153,49,961,238,154,125,1,-1,-1,-1
153,50,852,127,121,108,1,-1,-1,-1
154,49,961,235,154,125,1,-1,-1,-1
154,50,854,128,119,109,1,-1,-1,-1
155,49,969,230,146,126,1,-1,-1,-1
155,50,852,130,122,110,1,-1,-1,-1
156,49,968,226,147,122,1,-1,-1,-1
156,50,851,132,122,111,1,-1,-1,-1
157,49,967,223,147,122,1,-1,-1,-1
157,50,848,134,124,113,1,-1,-1,-1
158,49,967,219,146,120,1,-1,-1,-1
158,50,845,136,123,112,1,-1,-1,-1
159,49,968,217,145,118,1,-1,-1,-1
159,50,843,138,126,114,1,-1,-1,-1
160,49,968,213,146,118,1,-1,-1,-1
160,50,843,139,125,114,1,-1,-1,-1
161,49,972,210,143,117,1,-1,-1,-1
161,50,842,140,124,117,1,-1,-1,-1
161,51,770,742,390,337,1,-1,-1,-1
162,49,974,206,141,119,1,-1,-1,-1
162,50,841,142,126,117,1,-1,-1,-1
162,51,781,711,368,330,1,-1,-1,-1
163,49,974,204,140,115,1,-1,-1,-1
163,50,840,144,123,117,1,-1,-1,-1
163,51,797,679,353,314,1,-1,-1,-1
164,49,973,201,139,115,1,-1,-1,-1
164,50,836,147,125,118,1,-1,-1,-1
164,51,799,656,345,294,1,-1,-1,-1
165,49,975,200,138,112,1,-1,-1,-1
165,50,833,148,129,121,1,-1,-1,-1
165,51,807,620,340,289,1,-1,-1,-1
166,50,830,147,129,123,1,-1,-1,-1
166,49,975,197,134,110,1,-1,-1,-1
166,51,820,600,320,276,1,-1,-1,-1
167,50,827,154,132,119,1,-1,-1,-1
167,49,978,196,132,108,1,-1,-1,-1
167,51,832,578,316,266,1,-1,-1,-1
168,49,982,196,131,105,1,-1,-1,-1
168,50,826,156,133,123,1,-1,-1,-1
168,51,839,556,308,251,1,-1,-1,-1
169,50,824,159,134,123,1,-1,-1,-1
169,49,983,194,129,104,1,-1,-1,-1
169,51,844,538,302,239,1,-1,-1,-1
170,50,818,161,139,124,1,-1,-1,-1
170,49,983,190,130,106,1,-1,-1,-1
170,51,860,518,273,240,1,-1,-1,-1
171,50,817,162,138,128,1,-1,-1,-1
171,49,983,186,129,106,1,-1,-1,-1
171,51,862,500,280,230,1,-1,-1,-1
172,50,812,163,142,130,1,-1,-1,-1
172,49,983,184,127,106,1,-1,-1,-1
172,51,864,483,273,230,1,-1,-1,-1
173,50,811,165,140,129,1,-1,-1,-1
173,51,870,471,269,219,1,-1,-1,-1
173,49,984,183,128,103,1,-1,-1,-1
174,50,809,168,144,131,1,-1,-1,-1
174,51,874,454,268,215,1,-1,-1,-1
174,49,986,181,123,102,1,-1,-1,-1
175,50,806,172,145,133,1,-1,-1,-1
175,49,988,178,123,103,1,-1,-1,-1
175,51,889,439,257,220,1,-1,-1,-1
176,50,802,175,147,135,1,-1,-1,-1
176,49,990,177,122,102,1,-1,-1,-1
176,51,893,435,245,201,1,-1,-1,-1
177,50,797,178,151,137,1,-1,-1,-1
177,49,990,174,119,103,1,-1,-1,-1
177,51,889,414,244,205,1,-1,-1,-1
178,50,795,182,151,135,1,-1,-1,-1
178,51,901,411,238,191,1,-1,-1,-1
178,49,990,170,118,102,1,-1,-1,-1
179,50,792,186,153,138,1,-1,-1,-1
179,51,904,396,235,193,1,-1,-1,-1
179,49,989,167,119,104,1,-1,-1,-1
180,50,785,189,158,138,1,-1,-1,-1
180,51,911,388,228,186,1,-1,-1,-1
180,49,990,166,118,103,1,-1,-1,-1
181,50,784,191,158,141,1,-1,-1,-1
181,51,919,380,222,181,1,-1,-1,-1
181,49,990,163,120,103,1,-1,-1,-1
182,50,779,196,161,144,1,-1,-1,-1
182,51,920,373,216,171,1,-1,-1,-1
182,49,991,161,118,102,1,-1,-1,-1
183,50,776,198,163,147,1,-1,-1,-1
183,51,922,363,217,172,1,-1,-1,-1
183,49,995,160,114,98,1,-1,-1,-1
184,50,770,201,166,149,1,-1,-1,-1
184,51,925,350,210,173,1,-1,-1,-1
184,49,994,159,112,97,1,-1,-1,-1
185,50,766,204,165,151,1,-1,-1,-1
185,51,927,345,207,166,1,-1,-1,-1
185,49,993,158,112,99,1,-1,-1,-1
186,50,761,206,170,154,1,-1,-1,-1
186,51,936,336,199,165,1,-1,-1,-1
186,49,994,157,112,96,1,-1,-1,-1
187,50,760,213,169,156,1,-1,-1,-1
187,51,938,325,195,163,1,-1,-1,-1
187,49,993,155,111,98,1,-1,-1,-1
188,50,754,219,174,156,1,-1,-1,-1
188,51,941,320,195,160,1,-1,-1,-1
188,49,994,153,113,98,1,-1,-1,-1
189,50,747,222,178,161,1,-1,-1,-1
189,51,944,312,191,157,1,-1,-1,-1
189,49,995,151,113,97,1,-1,-1,-1
190,50,745,227,179,162,1,-1,-1,-1
190,51,947,304,186,154,1,-1,-1,-1
190,49,995,150,110,97,1,-1,-1,-1
191,50,738,231,184,161,1,-1,-1,-1
191,51,949,298,185,152,1,-1,-1,-1
191,49,995,148,107,97,1,-1,-1,-1
192,50,733,236,186,167,1,-1,-1,-1
192,51,949,294,184,146,1,-1,-1,-1
192,49,994,146,106,95,1,-1,-1,-1
193,50,724,243,189,169,1,-1,-1,-1
193,51,952,287,178,147,1,-1,-1,-1
194,50,722,246,191,174,1,-1,-1,-1
194,51,954,280,175,144,1,-1,-1,-1
195,50,717,252,194,177,1,-1,-1,-1
195,51,956,274,174,140,1,-1,-1,-1
196,50,708,258,200,180,1,-1,-1,-1
196,51,961,272,167,137,1,-1,-1,-1
197,50,699,266,202,180,1,-1,-1,-1
197,51,961,266,166,138,1,-1,-1,-1
198,50,693,268,206,190,1,-1,-1,-1
198,51,959,260,164,134,1,-1,-1,-1
199,50,684,276,212,191,1,-1,-1,-1
199,51,963,255,159,136,1,-1,-1,-1
200,50,676,280,218,195,1,-1,-1,-1
200,51,962,251,158,130,1,-1,-1,-1
201,50,671,290,218,201,1,-1,-1,-1
201,51,967,247,152,130,1,-1,-1,-1
202,51,967,243,153,126,1,-1,-1,-1
202,50,665,298,220,202,1,-1,-1,-1
203,50,654,305,230,212,1,-1,-1,-1
203,51,968,236,149,128,1,-1,-1,-1
204,50,647,313,234,215,1,-1,-1,-1
204,51,968,231,152,128,1,-1,-1,-1
205,50,632,324,241,215,1,-1,-1,-1
205,51,968,227,148,124,1,-1,-1,-1
206,50,620,330,246,222,1,-1,-1,-1
206,51,967,224,147,123,1,-1,-1,-1
207,51,968,221,145,121,1,-1,-1,-1
207,50,611,338,254,228,1,-1,-1,-1
208,51,966,218,150,118,1,-1,-1,-1
208,50,595,348,270,235,1,-1,-1,-1
209,51,971,216,144,116,1,-1,-1,-1
209,50,587,359,265,241,1,-1,-1,-1
210,51,971,210,144,116,1,-1,-1,-1
210,50,573,366,280,257,1,-1,-1,-1
211,51,969,205,144,119,1,-1,-1,-1
211,50,560,379,282,259,1,-1,-1,-1
212,51,970,203,145,117,1,-1,-1,-1
212,50,543,394,292,260,1,-1,-1,-1
213,51,969,198,144,115,1,-1,-1,-1
213,50,525,407,301,266,1,-1,-1,-1
214,50,516,418,302,278,1,-1,-1,-1
214,51,972,198,141,110,1,-1,-1,-1
215,50,492,430,321,289,1,-1,-1,-1
215,51,974,195,138,110,1,-1,-1,-1
216,50,469,444,336,298,1,-1,-1,-1
216,51,976,194,136,107,1,-1,-1,-1
217,50,439,462,354,306,1,-1,-1,-1
217,51,977,192,135,105,1,-1,-1,-1
218,50,423,474,359,321,1,-1,-1,-1
218,51,975,190,137,103,1,-1,-1,-1
219,50,404,485,367,337,1,-1,-1,-1
219,51,977,187,135,101,1,-1,-1,-1
220,50,374,510,389,351,1,-1,-1,-1
220,51,979,187,134,99,1,-1,-1,-1
221,50,341,527,409,364,1,-1,-1,-1
221,51,982,185,130,98,1,-1,-1,-1
222,50,310,552,427,375,1,-1,-1,-1
222,51,983,181,129,99,1,-1,-1,-1
223,51,983,174,130,103,1,-1,-1,-1
223,50,268,580,453,388,1,-1,-1,-1
223,52,849,135,104,94,1,-1,-1,-1
224,51,985,167,127,106,1,-1,-1,-1
224,50,241,600,446,411,1,-1,-1,-1
224,52,849,138,103,92,1,-1,-1,-1
225,50,203,632,469,425,1,-1,-1,-1
225,51,986,163,123,107,1,-1,-1,-1
225,52,846,139,104,91,1,-1,-1,-1
226,51,986,161,123,106,1,-1,-1,-1
226,52,843,141,105,92,1,-1,-1,-1
226,50,141,665,516,414,1,-1,-1,-1
227,51,987,161,122,104,1,-1,-1,-1
227,52,843,143,106,92,1,-1,-1,-1
228,51,990,162,120,100,1,-1,-1,-1
228,52,844,143,105,94,1,-1,-1,-1
229,51,992,159,115,98,1,-1,-1,-1
229,52,845,145,104,96,1,-1,-1,-1
230,51,993,159,114,97,1,-1,-1,-1
230,52,841,147,107,95,1,-1,-1,-1
231,51,993,158,113,96,1,-1,-1,-1
231,52,838,148,111,95,1,-1,-1,-1
232,51,994,159,111,94,1,-1,-1,-1
232,52,836,149,110,97,1,-1,-1,-1
233,51,993,155,113,92,1,-1,-1,-1
233,52,832,151,115,96,1,-1,-1,-1
234,52,831,154,115,98,1,-1,-1,-1
234,51,995,152,109,92,1,-1,-1,-1
235,52,832,155,115,99,1,-1,-1,-1
235,51,993,151,109,93,1,-1,-1,-1
236,52,831,157,116,98,1,-1,-1,-1
236,51,993,150,109,92,1,-1,-1,-1
237,52,828,158,117,99,1,-1,-1,-1
237,51,994,149,108,92,1,-1,-1,-1
238,52,828,158,115,101,1,-1,-1,-1
238,51,996,148,107,89,1,-1,-1,-1
239,52,825,159,118,102,1,-1,-1,-1
239,51,997,145,102,89,1,-1,-1,-1
240,52,822,163,119,102,1,-1,-1,-1
240,51,996,146,105,85,1,-1,-1,-1
241,52,821,163,118,103,1,-1,-1,-1
241,51,996,143,105,88,1,-1,-1,-1
242,52,819,166,121,103,1,-1,-1,-1
242,51,996,142,104,87,1,-1,-1,-1
243,52,819,169,121,102,1,-1,-1,-1
243,51,998,140,102,87,1,-1,-1,-1
244,52,819,171,118,102,1,-1,-1,-1
244,51,996,139,100,85,1,-1,-1,-1
245,52,816,173,119,102,1,-1,-1,-1
246,52,813,176,121,103,1,-1,-1,-1
247,52,813,179,121,101,1,-1,-1,-1
248,52,813,180,121,103,1,-1,-1,-1
249,52,812,182,122,105,1,-1,-1,-1
250,52,810,183,125,108,1,-1,-1,-1
251,52,806,186,127,108,1,-1,-1,-1
252,52,804,185,128,110,1,-1,-1,-1
253,52,805,186,126,111,1,-1,-1,-1
254,52,802,188,128,111,1,-1,-1,-1
255,52,801,191,129,111,1,-1,-1,-1
256,52,799,195,130,110,1,-1,-1,-1
257,52,795,195,132,113,1,-1,-1,-1
258,52,796,199,131,115,1,-1,-1,-1
259,52,792,201,132,116,1,-1,-1,-1
260,52,789,203,137,120,1,-1,-1,-1
261,52,787,206,137,121,1,-1,-1,-1
262,52,786,207,136,122,1,-1,-1,-1
263,52,783,209,137,125,1,-1,-1,-1
264,52,780,215,136,121,1,-1,-1,-1
265,52,777,217,140,123,1,-1,-1,-1
266,52,774,223,141,123,1,-1,-1,-1
267,52,770,225,141,126,1,-1,-1,-1
268,52,766,228,146,126,1,-1,-1,-1
269,52,764,232,146,128,1,-1,-1,-1
270,52,761,235,148,131,1,-1,-1,-1
270,53,769,771,377,295,1,-1,-1,-1
271,52,757,241,148,128,1,-1,-1,-1
271,53,781,735,363,317,1,-1,-1,-1
272,52,752,245,152,129,1,-1,-1,-1
272,53,788,699,358,311,1,-1,-1,-1
273,52,748,248,151,132,1,-1,-1,-1
273,53,791,666,344,305,1,-1,-1,-1
274,52,744,251,155,136,1,-1,-1,-1
274,53,803,641,331,286,1,-1,-1,-1
275,52,742,253,155,138,1,-1,-1,-1
275,53,803,619,324,281,1,-1,-1,-1
276,52,736,261,157,136,1,-1,-1,-1
276,53,828,591,301,271,1,-1,-1,-1
277,52,734,265,156,139,1,-1,-1,-1
277,53,824,569,306,267,1,-1,-1,-1
278,52,728,270,160,138,1,-1,-1,-1
278,53,831,549,297,256,1,-1,-1,-1
279,52,721,273,163,141,1,-1,-1,-1
279,53,852,532,272,241,1,-1,-1,-1
280,52,715,274,169,146,1,-1,-1,-1
280,53,854,513,271,234,1,-1,-1,-1
281,52,710,279,169,149,1,-1,-1,-1
281,53,863,498,261,233,1,-1,-1,-1
282,52,705,286,171,150,1,-1,-1,-1
282,53,870,484,250,222,1,-1,-1,-1
283,52,698,291,176,150,1,-1,-1,-1
283,53,882,472,240,220,1,-1,-1,-1
284,52,694,296,175,152,1,-1,-1,-1
284,53,884,456,242,208,1,-1,-1,-1
285,52,686,301,178,155,1,-1,-1,-1
285,53,886,445,234,198,1,-1,-1,-1
286,52,679,306,181,162,1,-1,-1,-1
286,53,892,432,230,204,1,-1,-1,-1
287,52,676,312,182,160,1,-1,-1,-1
287,53,897,420,222,198,1,-1,-1,-1
288,52,665,318,188,165,1,-1,-1,-1
288,53,903,407,219,191,1,-1,-1,-1
289,52,658,326,190,165,1,-1,-1,-1
289,53,905,398,213,194,1,-1,-1,-1
290,52,651,331,193,167,1,-1,-1,-1
290,53,909,388,214,186,1,-1,-1,-1
291,52,644,338,197,172,1,-1,-1,-1
291,53,909,380,206,185,1,-1,-1,-1
292,52,636,344,201,176,1,-1,-1,-1
292,53,914,369,203,181,1,-1,-1,-1
293,52,623,353,206,176,1,-1,-1,-1
293,53,917,362,199,173,1,-1,-1,-1
294,52,616,360,212,179,1,-1,-1,-1
294,53,918,354,197,173,1,-1,-1,-1
295,52,615,366,210,186,1,-1,-1,-1
295,53,923,347,191,168,1,-1,-1,-1
296,52,604,379,215,181,1,-1,-1,-1
296,53,929,339,186,162,1,-1,-1,-1
297,52,592,387,223,187,1,-1,-1,-1
297,53,931,329,182,166,1,-1,-1,-1
298,52,582,398,225,186,1,-1,-1,-1
298,53,929,321,183,165,1,-1,-1,-1
299,52,571,400,231,200,1,-1,-1,-1
299,53,933,316,178,159,1,-1,-1,-1
300,53,937,309,172,161,1,-1,-1,-1
300,52,558,411,238,202,1,-1,-1,-1
301,53,938,305,173,152,1,-1,-1,-1
301,52,548,426,240,201,1,-1,-1,-1
302,52,537,432,249,211,1,-1,-1,-1
302,53,947,297,169,152,1,-1,-1,-1
303,52,522,446,256,211,1,-1,-1,-1
303,53,946,292,168,153,1,-1,-1,-1
304,53,948,288,162,146,1,-1,-1,-1
304,52,510,455,258,220,1,-1,-1,-1
305,52,492,462,267,231,1,-1,-1,-1
305,53,951,281,160,145,1,-1,-1,-1
306,53,952,275,158,146,1,-1,-1,-1
306,52,477,476,274,234,1,-1,-1,-1
307,53,954,270,157,141,1,-1,-1,-1
307,52,461,494,279,233,1,-1,-1,-1
308,53,958,267,155,138,1,-1,-1,-1
308,52,446,506,286,245,1,-1,-1,-1
309,53,961,260,151,138,1,-1,-1,-1
309,52,421,515,300,256,1,-1,-1,-1
