59,54,80,1177,853,620,1,-1,-1,-1
60,54,347,1145,764,525,1,-1,-1,-1
61,54,570,1122,622,456,1,-1,-1,-1
62,54,692,1096,564,407,1,-1,-1,-1
63,54,847,1069,493,380,1,-1,-1,-1
64,54,949,1049,424,345,1,-1,-1,-1
66,55,1150,1025,345,291,1,-1,-1,-1
67,55,1217,1015,325,270,1,-1,-1,-1
68,55,1283,1007,282,239,1,-1,-1,-1
69,55,1322,997,285,245,1,-1,-1,-1
70,55,1393,999,235,205,1,-1,-1,-1
71,55,1422,994,237,206,1,-1,-1,-1
72,55,1442,990,240,203,1,-1,-1,-1
73,55,1472,983,232,197,1,-1,-1,-1
74,55,1516,978,218,186,1,-1,-1,-1
75,55,1527,976,214,181,1,-1,-1,-1
76,55,1559,971,200,174,1,-1,-1,-1
77,55,1566,963,203,175,1,-1,-1,-1
78,55,1594,965,194,170,1,-1,-1,-1
79,55,1607,957,193,166,1,-1,-1,-1
80,55,1625,959,189,156,1,-1,-1,-1
81,55,1647,954,182,158,1,-1,-1,-1
82,55,1659,952,176,151,1,-1,-1,-1
83,55,1675,950,165,150,1,-1,-1,-1
84,55,1687,948,165,147,1,-1,-1,-1
85,55,1693,948,162,144,1,-1,-1,-1
86,55,1708,946,159,142,1,-1,-1,-1
87,55,1719,945,157,140,1,-1,-1,-1
88,55,1728,946,151,137,1,-1,-1,-1
89,55,1741,945,147,128,1,-1,-1,-1
90,55,1752,941,145,128,1,-1,-1,-1
91,55,1764,943,138,122,1,-1,-1,-1
92,55,1771,941,136,123,1,-1,-1,-1
93,55,1778,941,134,120,1,-1,-1,-1
94,55,1788,941,128,115,1,-1,-1,-1
95,55,1799,934,127,118,1,-1,-1,-1
96,55,1805,932,124,118,1,-1,-1,-1
97,55,1807,935,127,114,1,-1,-1,-1
98,55,1815,928,123,119,1,-1,-1,-1
99,55,1819,930,124,116,1,-1,-1,-1
100,55,1825,930,125,114,1,-1,-1,-1
101,55,1830,929,124,112,1,-1,-1,-1
102,55,1838,929,120,112,1,-1,-1,-1
103,55,1843,930,118,106,1,-1,-1,-1
104,55,1847,927,119,107,1,-1,-1,-1
105,55,1848,928,123,106,1,-1,-1,-1
106,55,1856,929,118,101,1,-1,-1,-1
107,55,1862,925,118,103,1,-1,-1,-1
108,55,1865,923,118,106,1,-1,-1,-1
109,55,1868,922,117,106,1,-1,-1,-1
110,55,1872,922,113,104,1,-1,-1,-1
111,55,1876,921,111,104,1,-1,-1,-1
137,56,64,1149,980,632,1,-1,-1,-1
138,56,399,1114,760,539,1,-1,-1,-1
139,56,612,1099,610,461,1,-1,-1,-1
140,56,780,1081,578,404,1,-1,-1,-1
141,56,881,1056,498,383,1,-1,-1,-1
144,57,1126,1014,368,293,1,-1,-1,-1
145,57,1219,1012,330,275,1,-1,-1,-1
146,57,1261,994,323,266,1,-1,-1,-1
147,57,1312,988,305,254,1,-1,-1,-1
148,57,1363,986,283,233,1,-1,-1,-1
149,57,1404,972,264,230,1,-1,-1,-1
150,57,1457,975,276,210,1,-1,-1,-1
151,57,1477,971,267,206,1,-1,-1,-1
152,57,1513,972,252,190,1,-1,-1,-1
153,57,1536,962,238,188,1,-1,-1,-1
154,57,1562,956,228,182,1,-1,-1,-1
155,57,1592,958,219,176,1,-1,-1,-1
156,57,1609,955,215,169,1,-1,-1,-1
157,57,1639,954,205,169,1,-1,-1,-1
158,57,1657,954,191,153,1,-1,-1,-1
159,57,1676,950,178,153,1,-1,-1,-1
160,57,1689,948,171,146,1,-1,-1,-1
161,57,1702,947,167,143,1,-1,-1,-1
162,57,1713,945,168,137,1,-1,-1,-1
163,57,1730,944,151,134,1,-1,-1,-1
164,57,1740,942,150,127,1,-1,-1,-1
165,57,1752,941,148,124,1,-1,-1,-1
166,57,1763,941,145,119,1,-1,-1,-1
167,57,1772,939,138,118,1,-1,-1,-1
168,57,1781,938,135,113,1,-1,-1,-1
169,57,1790,936,134,116,1,-1,-1,-1
170,57,1795,934,136,113,1,-1,-1,-1
171,57,1803,927,129,119,1,-1,-1,-1
172,57,1810,928,131,115,1,-1,-1,-1
191,58,25,1089,1066,591,1,-1,-1,-1
192,58,316,1063,842,507,1,-1,-1,-1
193,58,621,1043,690,453,1,-1,-1,-1
244,59,1785,855,124,117,1,-1,-1,-1
245,59,1773,855,133,120,1,-1,-1,-1
246,59,1769,856,135,121,1,-1,-1,-1
247,59,1758,852,144,125,1,-1,-1,-1
248,59,1744,849,149,131,1,-1,-1,-1
249,59,1736,849,149,130,1,-1,-1,-1
250,59,1736,851,144,129,1,-1,-1,-1
251,59,1726,850,152,130,1,-1,-1,-1
252,59,1716,849,158,132,1,-1,-1,-1
253,59,1710,847,154,136,1,-1,-1,-1
254,59,1701,847,154,137,1,-1,-1,-1
255,59,1692,848,153,137,1,-1,-1,-1
256,59,1675,852,165,137,1,-1,-1,-1
257,59,1664,848,171,143,1,-1,-1,-1
258,59,1646,846,180,147,1,-1,-1,-1
259,59,1634,847,182,150,1,-1,-1,-1
260,59,1620,845,186,155,1,-1,-1,-1
261,59,1609,848,188,153,1,-1,-1,-1
262,59,1597,850,183,157,1,-1,-1,-1
263,59,1576,854,198,150,1,-1,-1,-1
264,59,1560,851,209,159,1,-1,-1,-1
265,59,1544,851,208,160,1,-1,-1,-1
266,59,1521,848,220,166,1,-1,-1,-1
267,59,1497,848,219,166,1,-1,-1,-1
268,59,1472,846,236,172,1,-1,-1,-1
269,59,1443,837,242,185,1,-1,-1,-1
270,59,1407,832,262,195,1,-1,-1,-1
271,59,1369,828,279,200,1,-1,-1,-1
272,59,1335,828,301,206,1,-1,-1,-1
273,59,1299,829,315,211,1,-1,-1,-1
274,59,1257,824,324,222,1,-1,-1,-1
275,59,1216,823,348,238,1,-1,-1,-1
276,59,1164,821,367,246,1,-1,-1,-1
277,59,1117,807,376,267,1,-1,-1,-1
278,59,1029,814,432,271,1,-1,-1,-1
279,59,884,787,508,320,1,-1,-1,-1
280,59,780,779,551,333,1,-1,-1,-1
281,59,680,777,614,353,1,-1,-1,-1
282,59,544,774,657,377,1,-1,-1,-1
283,59,365,768,771,399,1,-1,-1,-1
284,59,148,753,825,443,1,-1,-1,-1
285,59,0,744,889,497,1,-1,-1,-1
286,59,0,726,816,554,1,-1,-1,-1
298,60,10,1177,896,687,1,-1,-1,-1
299,60,109,1143,952,585,1,-1,-1,-1
300,60,446,1110,767,500,1,-1,-1,-1
301,60,635,1083,646,432,1,-1,-1,-1
302,60,780,1061,580,386,1,-1,-1,-1
303,60,918,1035,533,351,1,-1,-1,-1
304,60,1022,1024,468,307,1,-1,-1,-1
305,60,1129,1016,412,278,1,-1,-1,-1
306,60,1195,1002,365,265,1,-1,-1,-1
307,60,1265,994,348,249,1,-1,-1,-1
308,60,1305,985,308,234,1,-1,-1,-1
309,60,1368,987,261,207,1,-1,-1,-1
310,60,1420,985,241,187,1,-1,-1,-1
311,60,1451,979,245,187,1,-1,-1,-1
312,60,1485,969,230,185,1,-1,-1,-1
313,60,1519,968,218,175,1,-1,-1,-1
314,60,1549,964,204,174,1,-1,-1,-1
315,60,1565,960,205,173,1,-1,-1,-1
316,60,1595,959,195,165,1,-1,-1,-1
317,60,1608,957,194,158,1,-1,-1,-1
318,60,1629,953,176,149,1,-1,-1,-1
319,60,1648,951,173,144,1,-1,-1,-1
320,60,1666,949,166,139,1,-1,-1,-1
321,60,1676,947,165,139,1,-1,-1,-1
322,60,1693,948,155,130,1,-1,-1,-1
323,60,1709,947,153,128,1,-1,-1,-1
324,60,1711,942,158,129,1,-1,-1,-1
325,60,1726,945,145,123,1,-1,-1,-1
326,60,1738,944,140,121,1,-1,-1,-1
327,60,1753,940,136,121,1,-1,-1,-1
328,60,1759,943,137,113,1,-1,-1,-1
329,60,1768,941,133,113,1,-1,-1,-1
330,60,1774,939,133,112,1,-1,-1,-1
331,60,1781,939,131,110,1,-1,-1,-1
332,60,1788,933,131,111,1,-1,-1,-1
333,60,1795,930,129,112,1,-1,-1,-1
334,60,1800,923,131,117,1,-1,-1,-1
335,60,1806,924,128,113,1,-1,-1,-1
336,60,1815,924,126,113,1,-1,-1,-1
337,60,1823,927,124,105,1,-1,-1,-1
338,60,1829,923,125,107,1,-1,-1,-1
338,61,1725,845,140,127,1,-1,-1,-1
339,60,1837,926,120,101,1,-1,-1,-1
339,61,1715,845,139,127,1,-1,-1,-1
340,61,1712,847,138,126,1,-1,-1,-1
340,60,1840,926,118,100,1,-1,-1,-1
341,61,1714,849,133,128,1,-1,-1,-1
341,60,1848,927,114,97,1,-1,-1,-1
342,61,1708,848,133,131,1,-1,-1,-1
342,60,1853,929,111,95,1,-1,-1,-1
343,60,1857,927,109,94,1,-1,-1,-1
343,61,1700,847,132,128,1,-1,-1,-1
344,61,1694,853,133,123,1,-1,-1,-1
344,60,1863,927,104,93,1,-1,-1,-1
345,61,1677,843,148,132,1,-1,-1,-1
345,60,1867,923,104,97,1,-1,-1,-1
346,61,1670,844,148,137,1,-1,-1,-1
347,61,1654,843,159,141,1,-1,-1,-1
348,61,1651,845,150,146,1,-1,-1,-1
349,61,1643,849,151,141,1,-1,-1,-1
350,61,1629,851,166,140,1,-1,-1,-1
351,61,1621,848,152,144,1,-1,-1,-1
352,61,1609,854,157,139,1,-1,-1,-1
353,61,1593,858,166,136,1,-1,-1,-1
354,61,1587,860,165,133,1,-1,-1,-1
355,61,1571,866,168,131,1,-1,-1,-1
356,61,1560,869,169,132,1,-1,-1,-1
357,61,1546,869,174,135,1,-1,-1,-1
358,61,1525,865,178,142,1,-1,-1,-1
359,61,1509,864,185,141,1,-1,-1,-1
360,61,1493,857,184,156,1,-1,-1,-1
361,61,1469,856,193,160,1,-1,-1,-1
362,61,1448,855,200,164,1,-1,-1,-1
363,61,1415,854,221,167,1,-1,-1,-1
364,61,1387,855,229,164,1,-1,-1,-1
365,61,1365,850,234,169,1,-1,-1,-1
366,61,1340,847,250,174,1,-1,-1,-1
367,61,1304,842,250,185,1,-1,-1,-1
368,61,1268,840,258,194,1,-1,-1,-1
369,61,1226,840,278,196,1,-1,-1,-1
370,61,1187,836,276,204,1,-1,-1,-1
371,61,1147,839,290,204,1,-1,-1,-1
372,61,1108,834,308,215,1,-1,-1,-1
373,61,1019,839,358,224,1,-1,-1,-1
373,62,1780,849,119,119,1,-1,-1,-1
374,61,934,828,394,245,1,-1,-1,-1
374,62,1765,845,135,125,1,-1,-1,-1
375,61,883,829,418,253,1,-1,-1,-1
375,62,1751,843,143,125,1,-1,-1,-1
376,61,805,832,458,263,1,-1,-1,-1
376,62,1748,841,139,127,1,-1,-1,-1
377,61,695,820,469,282,1,-1,-1,-1
377,62,1742,841,143,127,1,-1,-1,-1
378,61,607,826,498,293,1,-1,-1,-1
378,62,1740,842,138,124,1,-1,-1,-1
379,61,493,821,577,319,1,-1,-1,-1
379,62,1732,843,143,127,1,-1,-1,-1
380,61,354,819,599,336,1,-1,-1,-1
380,62,1728,844,146,129,1,-1,-1,-1
381,61,205,816,690,362,1,-1,-1,-1
381,62,1718,842,153,132,1,-1,-1,-1
382,61,58,814,723,391,1,-1,-1,-1
382,62,1711,841,148,133,1,-1,-1,-1
383,61,0,821,669,400,1,-1,-1,-1
383,62,1703,844,147,130,1,-1,-1,-1
384,62,1699,842,142,133,1,-1,-1,-1
385,62,1688,841,150,135,1,-1,-1,-1
386,62,1687,847,145,133,1,-1,-1,-1
387,62,1671,845,156,135,1,-1,-1,-1
388,62,1655,844,166,140,1,-1,-1,-1
389,62,1645,851,166,138,1,-1,-1,-1
390,62,1638,845,164,143,1,-1,-1,-1
391,62,1625,843,174,149,1,-1,-1,-1
392,62,1613,847,176,146,1,-1,-1,-1
393,62,1603,851,172,146,1,-1,-1,-1
394,62,1591,850,174,148,1,-1,-1,-1
395,62,1572,854,186,146,1,-1,-1,-1
396,62,1556,854,190,148,1,-1,-1,-1
397,62,1544,855,190,151,1,-1,-1,-1
398,62,1520,857,202,152,1,-1,-1,-1
399,62,1502,860,204,153,1,-1,-1,-1
400,62,1473,843,216,173,1,-1,-1,-1
401,62,1448,836,226,184,1,-1,-1,-1
402,62,1424,839,240,184,1,-1,-1,-1
403,62,1381,835,254,185,1,-1,-1,-1
404,62,1358,832,267,197,1,-1,-1,-1
405,62,1327,830,272,201,1,-1,-1,-1
406,62,1302,832,282,206,1,-1,-1,-1
407,62,1260,828,294,213,1,-1,-1,-1
408,62,1213,831,304,214,1,-1,-1,-1
409,62,1165,822,319,237,1,-1,-1,-1
410,62,1113,824,326,243,1,-1,-1,-1
411,62,1051,817,355,256,1,-1,-1,-1
412,62,953,818,411,265,1,-1,-1,-1
413,62,861,809,474,288,1,-1,-1,-1
414,62,757,804,509,305,1,-1,-1,-1
415,62,665,800,550,320,1,-1,-1,-1
416,62,517,795,609,346,1,-1,-1,-1
417,62,377,786,677,371,1,-1,-1,-1
418,62,211,782,739,408,1,-1,-1,-1
419,62,33,777,795,455,1,-1,-1,-1
420,62,0,774,695,472,1,-1,-1,-1
479,63,1746,850,127,123,1,-1,-1,-1
480,63,1738,855,131,122,1,-1,-1,-1
481,63,1727,858,137,122,1,-1,-1,-1
482,63,1718,851,137,129,1,-1,-1,-1
483,63,1712,850,139,129,1,-1,-1,-1
484,63,1707,852,140,131,1,-1,-1,-1
485,63,1694,846,143,135,1,-1,-1,-1
486,63,1691,851,143,134,1,-1,-1,-1
487,63,1686,849,142,135,1,-1,-1,-1
488,63,1670,849,152,138,1,-1,-1,-1
489,63,1651,840,165,149,1,-1,-1,-1
490,63,1644,850,170,146,1,-1,-1,-1
491,63,1641,851,163,147,1,-1,-1,-1
492,63,1624,853,177,142,1,-1,-1,-1
493,63,1616,850,167,148,1,-1,-1,-1
494,63,1602,859,175,138,1,-1,-1,-1
495,63,1586,858,179,140,1,-1,-1,-1
496,63,1580,862,174,143,1,-1,-1,-1
497,63,1558,871,184,131,1,-1,-1,-1
498,63,1543,866,194,142,1,-1,-1,-1
499,63,1532,869,192,142,1,-1,-1,-1
500,63,1512,867,193,145,1,-1,-1,-1
501,63,1486,862,208,154,1,-1,-1,-1
502,63,1463,856,207,164,1,-1,-1,-1
503,63,1440,857,222,163,1,-1,-1,-1
504,63,1409,858,235,162,1,-1,-1,-1
505,63,1379,852,238,169,1,-1,-1,-1
505,64,1717,850,138,132,1,-1,-1,-1
506,63,1348,851,254,175,1,-1,-1,-1
506,64,1709,847,138,131,1,-1,-1,-1
507,63,1298,845,263,182,1,-1,-1,-1
507,64,1708,848,137,134,1,-1,-1,-1
508,63,1247,842,288,188,1,-1,-1,-1
508,64,1697,844,141,140,1,-1,-1,-1
509,63,1217,846,281,195,1,-1,-1,-1
509,64,1694,855,137,129,1,-1,-1,-1
510,63,1172,841,300,201,1,-1,-1,-1
510,64,1680,849,145,139,1,-1,-1,-1
511,63,1124,848,312,204,1,-1,-1,-1
511,64,1665,850,155,141,1,-1,-1,-1
512,63,1037,847,359,218,1,-1,-1,-1
512,64,1657,854,157,140,1,-1,-1,-1
513,63,945,835,404,231,1,-1,-1,-1
513,64,1646,864,158,132,1,-1,-1,-1
514,64,1637,869,158,127,1,-1,-1,-1
514,63,859,827,435,252,1,-1,-1,-1
515,64,1623,853,165,139,1,-1,-1,-1
515,63,756,829,485,263,1,-1,-1,-1
516,64,1609,862,171,137,1,-1,-1,-1
516,63,673,823,523,279,1,-1,-1,-1
517,64,1596,859,168,140,1,-1,-1,-1
517,63,576,820,571,305,1,-1,-1,-1
518,64,1581,864,175,137,1,-1,-1,-1
518,63,402,818,622,321,1,-1,-1,-1
519,64,1564,871,176,131,1,-1,-1,-1
519,63,294,819,700,351,1,-1,-1,-1
520,64,1552,874,180,132,1,-1,-1,-1
520,63,110,831,744,357,1,-1,-1,-1
521,64,1533,870,189,139,1,-1,-1,-1
521,63,0,820,741,408,1,-1,-1,-1
522,64,1513,869,191,143,1,-1,-1,-1
523,64,1490,862,202,151,1,-1,-1,-1
524,64,1463,856,210,164,1,-1,-1,-1
525,64,1437,855,218,167,1,-1,-1,-1
526,64,1414,859,225,163,1,-1,-1,-1
527,64,1384,855,231,171,1,-1,-1,-1
528,64,1354,852,248,176,1,-1,-1,-1
529,64,1319,848,256,184,1,-1,-1,-1
530,64,1283,844,267,192,1,-1,-1,-1
531,64,1236,845,274,195,1,-1,-1,-1
532,64,1196,846,278,201,1,-1,-1,-1
533,64,1149,840,305,210,1,-1,-1,-1
534,64,1092,843,326,220,1,-1,-1,-1
535,64,1000,840,380,226,1,-1,-1,-1
536,64,918,835,422,244,1,-1,-1,-1
537,64,830,833,464,265,1,-1,-1,-1
538,64,732,828,500,281,1,-1,-1,-1
539,64,625,826,524,291,1,-1,-1,-1
540,64,486,824,555,318,1,-1,-1,-1
541,64,352,825,630,333,1,-1,-1,-1
542,64,146,820,739,361,1,-1,-1,-1
543,64,16,811,761,396,1,-1,-1,-1
544,64,0,842,650,388,1,-1,-1,-1
