0,70,1190,1180,585,464,1,-1,-1,-1
1,70,1288,1205,680,507,1,-1,-1,-1
2,70,1374,1221,759,574,1,-1,-1,-1
3,70,1547,1242,856,649,1,-1,-1,-1
35,71,337,1039,116,103,1,-1,-1,-1
36,71,342,1038,121,107,1,-1,-1,-1
37,71,345,1043,124,102,1,-1,-1,-1
38,71,347,1044,128,107,1,-1,-1,-1
39,71,346,1045,133,109,1,-1,-1,-1
40,71,350,1045,133,112,1,-1,-1,-1
41,71,352,1045,136,113,1,-1,-1,-1
42,71,360,1046,135,114,1,-1,-1,-1
43,71,366,1048,138,112,1,-1,-1,-1
44,71,371,1048,140,114,1,-1,-1,-1
45,71,379,1050,137,117,1,-1,-1,-1
46,71,385,1053,133,119,1,-1,-1,-1
47,71,388,1055,138,119,1,-1,-1,-1
48,71,392,1055,141,122,1,-1,-1,-1
49,71,395,1057,145,124,1,-1,-1,-1
50,71,402,1057,158,134,1,-1,-1,-1
51,71,412,1062,155,132,1,-1,-1,-1
52,71,418,1065,158,134,1,-1,-1,-1
53,71,428,1065,163,138,1,-1,-1,-1
54,71,432,1067,168,140,1,-1,-1,-1
55,71,446,1069,169,145,1,-1,-1,-1
56,71,455,1070,178,151,1,-1,-1,-1
57,71,463,1075,180,151,1,-1,-1,-1
58,71,467,1078,184,156,1,-1,-1,-1
59,71,478,1077,199,169,1,-1,-1,-1
60,71,492,1081,197,170,1,-1,-1,-1
61,71,508,1081,211,174,1,-1,-1,-1
62,71,528,1087,206,176,1,-1,-1,-1
63,71,545,1087,209,186,1,-1,-1,-1
64,71,554,1093,221,194,1,-1,-1,-1
65,71,574,1096,236,195,1,-1,-1,-1
66,71,597,1103,246,201,1,-1,-1,-1
67,71,616,1102,268,222,1,-1,-1,-1
68,71,634,1108,293,229,1,-1,-1,-1
69,71,652,1111,307,232,1,-1,-1,-1
70,71,709,1103,331,260,1,-1,-1,-1
71,71,725,1117,364,276,1,-1,-1,-1
72,71,752,1122,404,284,1,-1,-1,-1
73,71,792,1119,432,313,1,-1,-1,-1
74,71,825,1134,493,336,1,-1,-1,-1
75,71,873,1142,529,356,1,-1,-1,-1
76,71,945,1158,554,382,1,-1,-1,-1
77,71,1010,1175,614,413,1,-1,-1,-1
78,71,1086,1181,754,455,1,-1,-1,-1
79,71,1181,1214,837,508,1,-1,-1,-1
80,71,1297,1237,928,568,1,-1,-1,-1
81,71,1417,1271,1109,647,1,-1,-1,-1
85,72,310,1027,130,106,1,-1,-1,-1
86,72,313,1026,130,107,1,-1,-1,-1
87,72,315,1029,132,110,1,-1,-1,-1
88,72,321,1028,132,112,1,-1,-1,-1
89,72,325,1032,136,107,1,-1,-1,-1
90,72,329,1032,135,112,1,-1,-1,-1
91,72,336,1033,136,113,1,-1,-1,-1
92,72,338,1034,136,114,1,-1,-1,-1
93,72,336,1033,146,120,1,-1,-1,-1
94,72,341,1033,147,124,1,-1,-1,-1
95,72,349,1035,144,123,1,-1,-1,-1
96,72,352,1036,150,119,1,-1,-1,-1
97,72,361,1036,149,120,1,-1,-1,-1
98,72,366,1038,154,124,1,-1,-1,-1
99,72,370,1039,153,123,1,-1,-1,-1
100,72,377,1041,155,123,1,-1,-1,-1
101,72,383,1043,163,124,1,-1,-1,-1
102,72,388,1043,165,128,1,-1,-1,-1
103,72,396,1043,167,130,1,-1,-1,-1
104,72,401,1046,170,130,1,-1,-1,-1
105,72,409,1048,175,135,1,-1,-1,-1
106,72,419,1051,175,138,1,-1,-1,-1
107,72,427,1050,179,144,1,-1,-1,-1
108,72,440,1052,179,147,1,-1,-1,-1
109,72,448,1055,188,146,1,-1,-1,-1
110,72,459,1054,197,154,1,-1,-1,-1
111,72,467,1060,191,146,1,-1,-1,-1
112,72,484,1059,194,153,1,-1,-1,-1
113,72,495,1062,200,157,1,-1,-1,-1
114,72,505,1062,204,163,1,-1,-1,-1
115,72,513,1065,215,168,1,-1,-1,-1
116,72,531,1065,230,181,1,-1,-1,-1
117,72,552,1070,223,180,1,-1,-1,-1
118,72,578,1072,223,179,1,-1,-1,-1
119,72,589,1071,249,193,1,-1,-1,-1
120,72,614,1076,257,204,1,-1,-1,-1
121,72,624,1070,294,222,1,-1,-1,-1
122,72,655,1073,293,230,1,-1,-1,-1
123,72,684,1081,289,231,1,-1,-1,-1
124,72,692,1075,320,254,1,-1,-1,-1
125,72,729,1076,385,251,1,-1,-1,-1
126,72,791,1083,417,273,1,-1,-1,-1
127,72,854,1081,458,294,1,-1,-1,-1
128,72,875,1085,522,324,1,-1,-1,-1
129,72,917,1103,530,339,1,-1,-1,-1
130,72,982,1110,578,379,1,-1,-1,-1
131,72,1064,1119,654,430,1,-1,-1,-1
132,72,1112,1133,751,462,1,-1,-1,-1
133,72,1275,1139,852,522,1,-1,-1,-1
134,72,1324,1166,961,602,1,-1,-1,-1
135,72,1423,1195,1125,679,1,-1,-1,-1
186,73,312,1027,123,102,1,-1,-1,-1
187,73,316,1028,123,103,1,-1,-1,-1
188,73,318,1028,121,104,1,-1,-1,-1
189,73,321,1029,126,105,1,-1,-1,-1
190,73,325,1029,125,104,1,-1,-1,-1
191,73,324,1026,132,115,1,-1,-1,-1
192,73,329,1029,133,113,1,-1,-1,-1
193,73,336,1031,128,108,1,-1,-1,-1
194,73,336,1030,134,115,1,-1,-1,-1
195,73,347,1033,132,109,1,-1,-1,-1
196,73,347,1034,139,112,1,-1,-1,-1
197,73,355,1036,134,112,1,-1,-1,-1
198,73,355,1034,136,117,1,-1,-1,-1
199,73,360,1034,139,119,1,-1,-1,-1
200,73,364,1034,144,122,1,-1,-1,-1
201,73,371,1034,143,121,1,-1,-1,-1
202,73,376,1036,145,122,1,-1,-1,-1
203,73,385,1037,143,123,1,-1,-1,-1
204,73,388,1040,149,122,1,-1,-1,-1
205,73,392,1040,149,125,1,-1,-1,-1
206,73,396,1042,153,126,1,-1,-1,-1
207,73,403,1045,155,127,1,-1,-1,-1
208,73,409,1047,162,126,1,-1,-1,-1
209,73,415,1048,163,128,1,-1,-1,-1
210,73,426,1047,156,135,1,-1,-1,-1
211,73,432,1050,158,138,1,-1,-1,-1
212,73,437,1055,169,137,1,-1,-1,-1
213,73,445,1056,171,139,1,-1,-1,-1
214,73,452,1059,174,142,1,-1,-1,-1
215,73,460,1061,180,145,1,-1,-1,-1
216,73,469,1061,182,149,1,-1,-1,-1
217,73,477,1063,187,152,1,-1,-1,-1
218,73,486,1065,183,157,1,-1,-1,-1
219,73,501,1068,191,157,1,-1,-1,-1
220,73,510,1071,196,162,1,-1,-1,-1
221,73,512,1073,211,170,1,-1,-1,-1
222,73,530,1077,212,175,1,-1,-1,-1
223,73,549,1081,211,175,1,-1,-1,-1
224,73,564,1084,222,181,1,-1,-1,-1
225,73,575,1087,231,179,1,-1,-1,-1
226,73,597,1092,241,187,1,-1,-1,-1
227,73,613,1094,254,200,1,-1,-1,-1
228,73,636,1094,267,203,1,-1,-1,-1
229,73,655,1094,275,223,1,-1,-1,-1
230,73,684,1096,294,230,1,-1,-1,-1
231,73,710,1093,309,243,1,-1,-1,-1
232,73,748,1105,316,255,1,-1,-1,-1
233,73,781,1106,348,267,1,-1,-1,-1
234,73,796,1118,410,282,1,-1,-1,-1
235,73,842,1125,407,296,1,-1,-1,-1
236,73,880,1133,466,326,1,-1,-1,-1
237,73,958,1146,475,345,1,-1,-1,-1
238,73,984,1166,538,375,1,-1,-1,-1
239,73,1054,1186,608,397,1,-1,-1,-1
240,73,1127,1191,716,452,1,-1,-1,-1
241,73,1213,1213,790,509,1,-1,-1,-1
242,73,1327,1240,955,577,1,-1,-1,-1
243,73,1432,1286,1117,633,1,-1,-1,-1
250,74,1560,813,914,551,1,-1,-1,-1
251,74,1388,815,1043,529,1,-1,-1,-1
252,74,1259,851,920,456,1,-1,-1,-1
253,74,1218,862,792,419,1,-1,-1,-1
254,74,1158,881,714,389,1,-1,-1,-1
255,74,1084,890,624,360,1,-1,-1,-1
256,74,1041,900,571,327,1,-1,-1,-1
257,74,968,902,508,327,1,-1,-1,-1
258,74,935,897,441,306,1,-1,-1,-1
259,74,881,919,429,265,1,-1,-1,-1
260,74,842,919,395,259,1,-1,-1,-1
261,74,797,933,378,239,1,-1,-1,-1
262,74,773,937,350,227,1,-1,-1,-1
263,74,749,948,300,217,1,-1,-1,-1
264,74,721,951,281,210,1,-1,-1,-1
265,74,691,957,276,199,1,-1,-1,-1
266,74,661,957,273,194,1,-1,-1,-1
267,74,647,962,246,184,1,-1,-1,-1
268,74,632,960,234,182,1,-1,-1,-1
269,74,610,963,239,180,1,-1,-1,-1
270,74,595,966,232,171,1,-1,-1,-1
271,74,579,964,225,167,1,-1,-1,-1
272,74,571,963,211,167,1,-1,-1,-1
273,74,554,961,209,166,1,-1,-1,-1
274,74,540,958,204,168,1,-1,-1,-1
275,74,527,961,196,159,1,-1,-1,-1
276,74,512,968,196,154,1,-1,-1,-1
277,74,504,969,185,151,1,-1,-1,-1
278,74,492,972,185,144,1,-1,-1,-1
279,74,486,978,172,136,1,-1,-1,-1
280,74,477,979,167,132,1,-1,-1,-1
281,74,466,985,171,125,1,-1,-1,-1
282,74,458,984,162,125,1,-1,-1,-1
283,74,448,983,162,127,1,-1,-1,-1
284,74,441,983,160,125,1,-1,-1,-1
285,74,437,983,157,123,1,-1,-1,-1
286,74,430,984,154,121,1,-1,-1,-1
287,74,421,986,150,113,1,-1,-1,-1
288,74,417,981,146,118,1,-1,-1,-1
289,74,415,983,144,113,1,-1,-1,-1
290,74,411,982,144,113,1,-1,-1,-1
291,74,404,981,144,113,1,-1,-1,-1
292,74,394,981,143,115,1,-1,-1,-1
293,74,391,979,133,115,1,-1,-1,-1
294,74,386,979,129,113,1,-1,-1,-1
295,74,381,980,126,112,1,-1,-1,-1
296,74,378,980,127,111,1,-1,-1,-1
297,74,372,981,132,109,1,-1,-1,-1
298,74,370,979,131,109,1,-1,-1,-1
299,74,363,975,127,113,1,-1,-1,-1
300,74,360,972,128,114,1,-1,-1,-1
301,74,358,972,126,111,1,-1,-1,-1
302,74,357,973,125,109,1,-1,-1,-1
303,74,355,974,127,108,1,-1,-1,-1
304,74,352,971,130,111,1,-1,-1,-1
305,74,345,974,135,107,1,-1,-1,-1
306,74,343,975,127,107,1,-1,-1,-1
307,74,336,977,128,104,1,-1,-1,-1
308,74,332,976,127,104,1,-1,-1,-1
309,74,333,978,122,101,1,-1,-1,-1
310,74,322,978,131,98,1,-1,-1,-1
350,75,1613,911,744,394,1,-1,-1,-1
351,75,1500,906,706,379,1,-1,-1,-1
352,75,1406,927,627,334,1,-1,-1,-1
353,75,1297,931,583,318,1,-1,-1,-1
354,75,1225,941,526,298,1,-1,-1,-1
355,75,1179,940,453,280,1,-1,-1,-1
356,75,1111,941,434,273,1,-1,-1,-1
357,75,1077,949,395,247,1,-1,-1,-1
358,75,1035,956,351,233,1,-1,-1,-1
359,75,1001,935,320,240,1,-1,-1,-1
360,75,963,956,305,217,1,-1,-1,-1
361,75,928,959,308,203,1,-1,-1,-1
362,75,903,956,285,211,1,-1,-1,-1
363,75,857,959,278,188,1,-1,-1,-1
365,76,796,966,238,172,1,-1,-1,-1
366,76,776,970,228,167,1,-1,-1,-1
367,76,751,977,212,163,1,-1,-1,-1
368,76,733,975,209,164,1,-1,-1,-1
369,76,710,969,215,168,1,-1,-1,-1
370,76,695,973,203,160,1,-1,-1,-1
371,76,671,974,206,153,1,-1,-1,-1
372,76,663,975,187,148,1,-1,-1,-1
373,76,642,980,187,145,1,-1,-1,-1
374,76,628,979,184,142,1,-1,-1,-1
375,76,618,980,177,140,1,-1,-1,-1
376,76,604,980,171,139,1,-1,-1,-1
377,76,587,980,176,137,1,-1,-1,-1
378,76,583,984,162,131,1,-1,-1,-1
379,76,567,980,157,138,1,-1,-1,-1
380,76,556,981,157,130,1,-1,-1,-1
381,76,543,983,156,125,1,-1,-1,-1
382,76,533,979,146,129,1,-1,-1,-1
383,76,523,979,147,127,1,-1,-1,-1
384,76,513,982,150,122,1,-1,-1,-1
385,76,508,981,146,122,1,-1,-1,-1
386,76,500,985,142,114,1,-1,-1,-1
386,77,1718,827,774,519,1,-1,-1,-1
387,76,492,983,142,113,1,-1,-1,-1
387,77,1615,831,727,467,1,-1,-1,-1
388,77,1389,866,681,416,1,-1,-1,-1
388,76,486,983,143,115,1,-1,-1,-1
389,77,1327,883,578,369,1,-1,-1,-1
389,76,480,988,138,109,1,-1,-1,-1
390,77,1206,891,562,358,1,-1,-1,-1
390,76,473,989,130,111,1,-1,-1,-1
391,77,1169,906,476,324,1,-1,-1,-1
391,76,470,994,122,100,1,-1,-1,-1
392,77,1098,911,445,317,1,-1,-1,-1
392,76,467,995,116,97,1,-1,-1,-1
393,77,1048,908,407,305,1,-1,-1,-1
393,76,463,994,114,99,1,-1,-1,-1
394,77,999,922,373,274,1,-1,-1,-1
394,76,455,996,114,97,1,-1,-1,-1
395,77,963,923,342,259,1,-1,-1,-1
395,76,446,998,119,95,1,-1,-1,-1
396,77,927,935,319,234,1,-1,-1,-1
396,76,436,997,129,96,1,-1,-1,-1
397,77,872,930,326,230,1,-1,-1,-1
397,76,435,994,119,95,1,-1,-1,-1
398,77,844,944,300,214,1,-1,-1,-1
398,76,427,993,125,94,1,-1,-1,-1
399,77,819,942,279,205,1,-1,-1,-1
399,76,423,991,120,94,1,-1,-1,-1
400,77,785,945,263,199,1,-1,-1,-1
400,76,419,988,116,95,1,-1,-1,-1
401,77,766,950,238,188,1,-1,-1,-1
401,76,415,991,116,93,1,-1,-1,-1
402,77,744,956,228,177,1,-1,-1,-1
402,76,412,990,113,92,1,-1,-1,-1
403,77,721,954,229,176,1,-1,-1,-1
403,76,404,990,114,93,1,-1,-1,-1
404,77,701,959,215,169,1,-1,-1,-1
404,76,400,991,113,92,1,-1,-1,-1
405,77,678,958,217,165,1,-1,-1,-1
405,76,394,988,113,94,1,-1,-1,-1
406,77,665,968,207,157,1,-1,-1,-1
406,76,391,988,110,94,1,-1,-1,-1
407,77,645,971,202,152,1,-1,-1,-1
407,76,391,985,107,98,1,-1,-1,-1
408,77,633,965,195,155,1,-1,-1,-1
409,77,617,970,195,152,1,-1,-1,-1
410,77,607,968,190,144,1,-1,-1,-1
411,77,591,968,178,145,1,-1,-1,-1
412,77,578,957,173,138,1,-1,-1,-1
413,77,572,964,165,139,1,-1,-1,-1
414,77,563,964,157,139,1,-1,-1,-1
487,78,1630,888,812,457,1,-1,-1,-1
488,78,1490,938,700,378,1,-1,-1,-1
489,78,1442,912,751,388,1,-1,-1,-1
490,78,1338,935,703,348,1,-1,-1,-1
491,78,1228,937,591,318,1,-1,-1,-1
492,78,1126,941,575,304,1,-1,-1,-1
493,78,1142,950,449,277,1,-1,-1,-1
494,78,1058,950,419,266,1,-1,-1,-1
495,78,1007,954,389,254,1,-1,-1,-1
496,78,974,949,351,246,1,-1,-1,-1
497,78,913,958,346,227,1,-1,-1,-1
498,78,859,964,331,213,1,-1,-1,-1
499,78,860,973,285,192,1,-1,-1,-1
502,79,785,985,228,158,1,-1,-1,-1
503,79,749,985,229,158,1,-1,-1,-1
504,79,730,985,219,159,1,-1,-1,-1
505,79,700,989,221,156,1,-1,-1,-1
506,79,677,987,223,158,1,-1,-1,-1
507,79,663,988,217,151,1,-1,-1,-1
508,79,653,990,201,144,1,-1,-1,-1
509,79,632,991,195,140,1,-1,-1,-1
509,80,1824,880,702,454,1,-1,-1,-1
510,79,626,987,186,143,1,-1,-1,-1
510,80,1666,892,778,432,1,-1,-1,-1
511,79,609,988,184,139,1,-1,-1,-1
511,80,1546,902,721,398,1,-1,-1,-1
512,79,594,990,182,136,1,-1,-1,-1
512,80,1503,924,602,353,1,-1,-1,-1
513,79,583,995,174,132,1,-1,-1,-1
513,80,1322,929,598,332,1,-1,-1,-1
514,79,565,997,172,124,1,-1,-1,-1
514,80,1246,940,542,309,1,-1,-1,-1
515,80,1199,950,466,284,1,-1,-1,-1
515,79,557,995,165,124,1,-1,-1,-1
516,80,1122,954,433,268,1,-1,-1,-1
516,79,549,995,162,124,1,-1,-1,-1
517,80,1060,956,408,259,1,-1,-1,-1
517,79,538,994,155,122,1,-1,-1,-1
518,80,1025,958,366,247,1,-1,-1,-1
518,79,528,992,152,118,1,-1,-1,-1
519,80,989,960,331,228,1,-1,-1,-1
519,79,521,988,151,124,1,-1,-1,-1
520,80,955,957,324,215,1,-1,-1,-1
520,79,513,996,147,114,1,-1,-1,-1
521,80,914,960,309,205,1,-1,-1,-1
521,79,507,996,140,110,1,-1,-1,-1
522,80,882,969,288,194,1,-1,-1,-1
522,79,496,994,144,112,1,-1,-1,-1
523,80,842,970,270,191,1,-1,-1,-1
523,79,487,994,144,112,1,-1,-1,-1
524,80,815,974,255,178,1,-1,-1,-1
524,79,483,990,138,113,1,-1,-1,-1
525,79,478,997,131,104,1,-1,-1,-1
525,80,794,977,233,168,1,-1,-1,-1
526,80,771,980,218,165,1,-1,-1,-1
526,79,473,996,129,104,1,-1,-1,-1
527,80,745,985,211,157,1,-1,-1,-1
527,79,466,998,126,100,1,-1,-1,-1
528,80,716,987,215,156,1,-1,-1,-1
528,79,460,998,121,99,1,-1,-1,-1
529,80,703,987,210,150,1,-1,-1,-1
529,79,450,998,127,101,1,-1,-1,-1
530,80,687,984,205,152,1,-1,-1,-1
530,79,442,1000,123,96,1,-1,-1,-1
531,80,661,988,204,149,1,-1,-1,-1
531,79,436,1001,123,94,1,-1,-1,-1
532,80,650,986,195,149,1,-1,-1,-1
532,79,431,999,123,94,1,-1,-1,-1
533,80,631,988,194,142,1,-1,-1,-1
533,79,427,999,120,92,1,-1,-1,-1
534,80,627,987,178,142,1,-1,-1,-1
534,79,422,996,118,94,1,-1,-1,-1
535,80,611,990,177,135,1,-1,-1,-1
535,79,419,995,116,95,1,-1,-1,-1
536,80,599,990,178,131,1,-1,-1,-1
536,79,416,991,116,98,1,-1,-1,-1
537,80,586,992,170,128,1,-1,-1,-1
537,79,412,993,112,95,1,-1,-1,-1
538,80,580,999,163,117,1,-1,-1,-1
539,80,569,992,160,126,1,-1,-1,-1
540,80,557,991,157,123,1,-1,-1,-1
541,80,549,991,155,119,1,-1,-1,-1
542,80,536,993,148,114,1,-1,-1,-1
543,80,526,988,144,120,1,-1,-1,-1
544,80,515,986,148,121,1,-1,-1,-1
545,80,501,993,149,112,1,-1,-1,-1
546,80,495,990,147,115,1,-1,-1,-1
547,80,484,988,147,119,1,-1,-1,-1
548,80,476,990,148,111,1,-1,-1,-1
549,80,474,993,141,111,1,-1,-1,-1
550,80,468,995,134,109,1,-1,-1,-1
551,80,467,995,125,103,1,-1,-1,-1
552,80,464,995,122,101,1,-1,-1,-1
553,80,455,999,120,96,1,-1,-1,-1
554,80,450,1001,120,94,1,-1,-1,-1
555,80,440,1002,124,92,1,-1,-1,-1
