86,81,1007,735,403,338,1,-1,-1,-1
87,81,1001,707,401,356,1,-1,-1,-1
88,81,1007,689,383,355,1,-1,-1,-1
89,81,1012,671,381,352,1,-1,-1,-1
90,81,1020,652,371,350,1,-1,-1,-1
91,81,1021,638,365,337,1,-1,-1,-1
92,81,1019,621,351,325,1,-1,-1,-1
93,81,1021,611,343,314,1,-1,-1,-1
94,81,1028,593,335,313,1,-1,-1,-1
95,81,1035,573,324,313,1,-1,-1,-1
96,81,1036,566,325,300,1,-1,-1,-1
97,81,1028,553,325,288,1,-1,-1,-1
98,81,1047,537,300,285,1,-1,-1,-1
99,81,1037,520,318,282,1,-1,-1,-1
100,81,1040,506,299,279,1,-1,-1,-1
101,81,1038,500,304,266,1,-1,-1,-1
102,81,1047,479,292,277,1,-1,-1,-1
103,81,1054,462,283,271,1,-1,-1,-1
104,81,1047,459,288,256,1,-1,-1,-1
105,81,1057,453,264,243,1,-1,-1,-1
106,81,1056,438,274,241,1,-1,-1,-1
107,81,1056,423,262,244,1,-1,-1,-1
108,81,1061,414,261,238,1,-1,-1,-1
109,81,1061,403,257,239,1,-1,-1,-1
110,81,1061,390,253,241,1,-1,-1,-1
111,81,1063,380,250,232,1,-1,-1,-1
112,81,1069,371,238,235,1,-1,-1,-1
113,81,1071,360,235,230,1,-1,-1,-1
114,81,1072,354,232,228,1,-1,-1,-1
115,81,1071,340,228,222,1,-1,-1,-1
116,81,1065,330,233,226,1,-1,-1,-1
117,81,1069,320,226,217,1,-1,-1,-1
118,81,1075,310,222,213,1,-1,-1,-1
119,81,1075,303,221,213,1,-1,-1,-1
120,81,1075,296,222,211,1,-1,-1,-1
121,81,1074,284,219,207,1,-1,-1,-1
122,81,1076,278,212,202,1,-1,-1,-1
123,81,1076,268,216,203,1,-1,-1,-1
124,81,1075,263,214,200,1,-1,-1,-1
125,81,1080,259,206,196,1,-1,-1,-1
126,81,1080,252,207,192,1,-1,-1,-1
127,81,1077,244,205,186,1,-1,-1,-1
128,81,1077,239,202,184,1,-1,-1,-1
129,81,1078,233,201,184,1,-1,-1,-1
130,81,1080,229,196,182,1,-1,-1,-1
131,81,1077,221,195,183,1,-1,-1,-1
132,81,1087,219,189,178,1,-1,-1,-1
133,81,1082,219,186,169,1,-1,-1,-1
134,81,1087,209,183,171,1,-1,-1,-1
135,81,1088,205,183,171,1,-1,-1,-1
136,81,1088,202,182,168,1,-1,-1,-1
137,81,1088,199,181,163,1,-1,-1,-1
138,81,1083,194,187,163,1,-1,-1,-1
139,81,1093,185,176,164,1,-1,-1,-1
140,81,1087,182,176,162,1,-1,-1,-1
141,81,1089,179,175,157,1,-1,-1,-1
142,81,1088,174,178,160,1,-1,-1,-1
143,81,1090,167,176,161,1,-1,-1,-1
144,81,1090,162,179,160,1,-1,-1,-1
145,81,1091,163,175,153,1,-1,-1,-1
146,81,1094,159,168,153,1,-1,-1,-1
147,81,1099,152,160,157,1,-1,-1,-1
148,81,1099,149,159,153,1,-1,-1,-1
149,81,1096,145,164,152,1,-1,-1,-1
150,81,1099,144,162,148,1,-1,-1,-1
151,81,1099,139,160,150,1,-1,-1,-1
152,81,1099,136,160,147,1,-1,-1,-1
153,81,1098,134,158,145,1,-1,-1,-1
154,81,1099,130,156,144,1,-1,-1,-1
155,81,1102,126,154,145,1,-1,-1,-1
156,81,1099,126,157,141,1,-1,-1,-1
157,81,1101,123,151,140,1,-1,-1,-1
158,81,1097,117,154,142,1,-1,-1,-1
159,81,1099,113,152,141,1,-1,-1,-1
160,81,1104,114,150,136,1,-1,-1,-1
161,81,1103,113,150,134,1,-1,-1,-1
162,81,1102,111,150,134,1,-1,-1,-1
163,81,1103,106,146,136,1,-1,-1,-1
164,81,1104,102,146,135,1,-1,-1,-1
165,81,1110,101,141,133,1,-1,-1,-1
166,81,1109,97,144,133,1,-1,-1,-1
167,81,1109,98,141,129,1,-1,-1,-1
168,81,1110,96,137,128,1,-1,-1,-1
169,81,1109,95,138,125,1,-1,-1,-1
170,81,1109,92,138,125,1,-1,-1,-1
171,81,1112,91,140,125,1,-1,-1,-1
172,81,1114,92,136,120,1,-1,-1,-1
173,81,1114,89,133,120,1,-1,-1,-1
174,81,1112,87,137,118,1,-1,-1,-1
175,81,1113,86,134,116,1,-1,-1,-1
176,81,1115,83,135,119,1,-1,-1,-1
177,81,1117,82,131,116,1,-1,-1,-1
178,81,1118,79,128,115,1,-1,-1,-1
179,81,1117,80,126,112,1,-1,-1,-1
182,82,980,62,120,102,1,-1,-1,-1
183,82,980,60,119,103,1,-1,-1,-1
184,82,978,62,119,103,1,-1,-1,-1
185,82,971,64,127,102,1,-1,-1,-1
186,82,973,61,123,105,1,-1,-1,-1
187,82,973,63,123,105,1,-1,-1,-1
188,82,973,67,123,100,1,-1,-1,-1
189,82,974,69,119,101,1,-1,-1,-1
190,82,970,70,124,100,1,-1,-1,-1
191,82,969,70,124,100,1,-1,-1,-1
191,83,1063,857,351,219,1,-1,-1,-1
192,83,1073,833,339,240,1,-1,-1,-1
192,82,966,70,125,103,1,-1,-1,-1
193,82,968,71,125,103,1,-1,-1,-1
193,83,1075,812,340,250,1,-1,-1,-1
194,83,1068,792,339,265,1,-1,-1,-1
194,82,969,73,122,103,1,-1,-1,-1
195,83,1076,770,330,274,1,-1,-1,-1
195,82,967,73,122,107,1,-1,-1,-1
196,83,1067,758,332,263,1,-1,-1,-1
196,82,966,74,122,106,1,-1,-1,-1
197,83,1066,743,329,259,1,-1,-1,-1
197,82,964,76,123,107,1,-1,-1,-1
198,83,1073,726,316,257,1,-1,-1,-1
198,82,966,79,123,106,1,-1,-1,-1
199,83,1073,705,316,259,1,-1,-1,-1
199,82,968,79,123,107,1,-1,-1,-1
200,83,1076,694,309,252,1,-1,-1,-1
200,82,965,82,124,105,1,-1,-1,-1
201,83,1079,683,299,242,1,-1,-1,-1
201,82,963,82,124,108,1,-1,-1,-1
202,83,1079,670,291,240,1,-1,-1,-1
202,82,958,82,127,108,1,-1,-1,-1
203,83,1078,648,293,242,1,-1,-1,-1
203,82,958,83,126,107,1,-1,-1,-1
204,83,1088,643,280,233,1,-1,-1,-1
204,82,960,86,126,106,1,-1,-1,-1
205,83,1089,631,275,234,1,-1,-1,-1
205,82,957,90,130,104,1,-1,-1,-1
206,83,1091,623,272,223,1,-1,-1,-1
206,82,959,90,128,106,1,-1,-1,-1
207,83,1090,608,268,223,1,-1,-1,-1
207,82,955,92,128,105,1,-1,-1,-1
208,83,1091,597,263,218,1,-1,-1,-1
208,82,954,92,128,106,1,-1,-1,-1
209,83,1095,584,258,215,1,-1,-1,-1
209,82,955,96,128,108,1,-1,-1,-1
210,83,1095,569,257,217,1,-1,-1,-1
210,82,958,98,125,110,1,-1,-1,-1
211,83,1098,559,251,213,1,-1,-1,-1
211,82,955,97,130,110,1,-1,-1,-1
212,83,1098,545,245,214,1,-1,-1,-1
212,82,953,99,130,109,1,-1,-1,-1
213,83,1101,539,241,205,1,-1,-1,-1
213,82,952,100,131,108,1,-1,-1,-1
214,83,1099,527,242,206,1,-1,-1,-1
214,82,953,101,129,110,1,-1,-1,-1
215,83,1103,518,236,202,1,-1,-1,-1
215,82,952,105,128,107,1,-1,-1,-1
216,83,1101,506,235,204,1,-1,-1,-1
216,82,955,108,127,109,1,-1,-1,-1
217,82,950,107,132,112,1,-1,-1,-1
217,83,1097,491,235,204,1,-1,-1,-1
218,83,1102,487,228,196,1,-1,-1,-1
218,82,947,107,134,113,1,-1,-1,-1
219,82,947,111,133,111,1,-1,-1,-1
219,83,1101,475,226,195,1,-1,-1,-1
220,83,1108,472,217,185,1,-1,-1,-1
220,82,949,113,132,109,1,-1,-1,-1
221,82,945,116,136,111,1,-1,-1,-1
221,83,1109,458,215,188,1,-1,-1,-1
222,83,1107,452,215,184,1,-1,-1,-1
222,82,942,118,140,112,1,-1,-1,-1
223,82,941,118,141,113,1,-1,-1,-1
223,83,1109,445,207,179,1,-1,-1,-1
224,83,1108,431,207,183,1,-1,-1,-1
224,82,942,120,140,112,1,-1,-1,-1
225,82,939,122,142,114,1,-1,-1,-1
225,83,1111,427,205,179,1,-1,-1,-1
226,83,1115,413,201,180,1,-1,-1,-1
226,82,938,125,141,114,1,-1,-1,-1
227,83,1113,407,199,177,1,-1,-1,-1
227,82,939,124,139,115,1,-1,-1,-1
228,83,1113,396,198,180,1,-1,-1,-1
228,84,1043,731,366,317,1,-1,-1,-1
228,82,941,126,137,118,1,-1,-1,-1
229,83,1109,390,196,175,1,-1,-1,-1
229,84,1042,713,358,317,1,-1,-1,-1
229,82,934,127,144,119,1,-1,-1,-1
230,84,1040,694,353,315,1,-1,-1,-1
230,82,933,131,146,118,1,-1,-1,-1
230,83,1108,381,196,174,1,-1,-1,-1
231,83,1111,374,193,170,1,-1,-1,-1
231,82,934,134,144,118,1,-1,-1,-1
231,84,1041,675,352,308,1,-1,-1,-1
232,84,1045,667,340,301,1,-1,-1,-1
232,83,1110,366,194,171,1,-1,-1,-1
232,82,933,135,147,119,1,-1,-1,-1
233,84,1048,656,330,288,1,-1,-1,-1
233,83,1113,359,193,167,1,-1,-1,-1
233,82,932,138,147,118,1,-1,-1,-1
234,84,1052,646,318,283,1,-1,-1,-1
234,83,1112,353,188,166,1,-1,-1,-1
234,82,930,140,144,120,1,-1,-1,-1
235,84,1059,631,307,283,1,-1,-1,-1
235,83,1111,344,187,166,1,-1,-1,-1
235,82,929,140,143,124,1,-1,-1,-1
236,84,1054,620,307,274,1,-1,-1,-1
236,83,1112,338,186,162,1,-1,-1,-1
236,82,926,142,147,122,1,-1,-1,-1
237,84,1058,605,304,267,1,-1,-1,-1
237,83,1112,331,182,162,1,-1,-1,-1
237,82,926,144,146,127,1,-1,-1,-1
238,84,1053,593,301,266,1,-1,-1,-1
238,83,1111,325,182,161,1,-1,-1,-1
238,82,925,146,144,129,1,-1,-1,-1
239,84,1054,584,291,259,1,-1,-1,-1
239,82,922,149,147,127,1,-1,-1,-1
239,83,1113,319,181,158,1,-1,-1,-1
240,84,1061,570,284,254,1,-1,-1,-1
240,82,920,153,146,127,1,-1,-1,-1
240,83,1113,312,178,158,1,-1,-1,-1
241,84,1061,558,282,257,1,-1,-1,-1
241,83,1114,307,176,158,1,-1,-1,-1
241,82,918,156,147,126,1,-1,-1,-1
242,84,1062,546,281,255,1,-1,-1,-1
242,83,1115,298,177,161,1,-1,-1,-1
242,82,916,159,151,126,1,-1,-1,-1
243,84,1063,534,275,250,1,-1,-1,-1
243,83,1115,291,174,156,1,-1,-1,-1
243,82,911,160,156,127,1,-1,-1,-1
244,84,1063,521,274,247,1,-1,-1,-1
244,83,1118,288,170,155,1,-1,-1,-1
244,82,911,163,152,128,1,-1,-1,-1
245,84,1063,512,268,243,1,-1,-1,-1
245,83,1114,282,172,152,1,-1,-1,-1
245,82,909,164,149,130,1,-1,-1,-1
246,84,1063,500,261,240,1,-1,-1,-1
246,82,908,165,150,131,1,-1,-1,-1
246,83,1116,274,169,154,1,-1,-1,-1
247,84,1067,492,255,232,1,-1,-1,-1
247,82,906,167,154,132,1,-1,-1,-1
247,83,1118,270,164,155,1,-1,-1,-1
248,82,906,169,152,136,1,-1,-1,-1
248,83,1117,266,166,146,1,-1,-1,-1
248,84,1063,476,257,233,1,-1,-1,-1
249,83,1117,262,163,145,1,-1,-1,-1
249,84,1066,466,254,230,1,-1,-1,-1
249,82,904,173,154,135,1,-1,-1,-1
250,84,1069,461,245,226,1,-1,-1,-1
250,82,900,177,156,136,1,-1,-1,-1
250,83,1117,251,163,152,1,-1,-1,-1
251,84,1069,454,245,219,1,-1,-1,-1
251,83,1118,247,161,153,1,-1,-1,-1
251,82,893,176,162,139,1,-1,-1,-1
252,84,1071,443,241,215,1,-1,-1,-1
252,82,894,180,161,142,1,-1,-1,-1
252,83,1115,241,164,152,1,-1,-1,-1
253,84,1072,435,237,214,1,-1,-1,-1
253,83,1118,240,159,145,1,-1,-1,-1
253,82,892,183,162,141,1,-1,-1,-1
254,84,1073,427,235,209,1,-1,-1,-1
254,82,890,188,163,141,1,-1,-1,-1
254,83,1117,234,159,148,1,-1,-1,-1
255,84,1078,418,228,208,1,-1,-1,-1
255,83,1118,232,155,143,1,-1,-1,-1
255,82,889,191,163,142,1,-1,-1,-1
256,82,886,193,163,141,1,-1,-1,-1
256,84,1084,407,217,202,1,-1,-1,-1
256,83,1119,224,154,142,1,-1,-1,-1
257,84,1080,403,216,195,1,-1,-1,-1
257,82,886,198,164,145,1,-1,-1,-1
257,83,1119,222,151,141,1,-1,-1,-1
258,84,1086,390,213,200,1,-1,-1,-1
258,82,883,198,166,149,1,-1,-1,-1
258,83,1119,220,150,139,1,-1,-1,-1
259,84,1087,385,209,192,1,-1,-1,-1
259,82,883,200,165,151,1,-1,-1,-1
259,83,1121,216,149,136,1,-1,-1,-1
260,84,1088,376,206,187,1,-1,-1,-1
260,82,881,204,168,152,1,-1,-1,-1
260,83,1121,214,149,133,1,-1,-1,-1
261,82,880,207,165,150,1,-1,-1,-1
261,84,1086,368,208,187,1,-1,-1,-1
261,83,1122,209,146,133,1,-1,-1,-1
262,84,1086,359,207,188,1,-1,-1,-1
262,82,877,208,165,153,1,-1,-1,-1
262,83,1121,203,144,134,1,-1,-1,-1
263,84,1086,353,201,182,1,-1,-1,-1
263,83,1122,200,144,132,1,-1,-1,-1
263,82,874,211,169,155,1,-1,-1,-1
264,84,1086,342,205,187,1,-1,-1,-1
264,82,871,212,175,158,1,-1,-1,-1
264,83,1124,197,140,131,1,-1,-1,-1
265,84,1087,338,201,177,1,-1,-1,-1
265,82,866,219,177,157,1,-1,-1,-1
265,83,1125,193,140,124,1,-1,-1,-1
266,84,1087,328,199,177,1,-1,-1,-1
266,82,865,224,177,158,1,-1,-1,-1
266,83,1120,193,148,126,1,-1,-1,-1
267,84,1086,320,198,176,1,-1,-1,-1
267,82,864,227,173,157,1,-1,-1,-1
267,83,1122,186,138,128,1,-1,-1,-1
268,84,1089,316,192,173,1,-1,-1,-1
268,82,863,229,175,164,1,-1,-1,-1
268,83,1126,182,137,127,1,-1,-1,-1
269,84,1088,309,195,174,1,-1,-1,-1
269,83,1127,180,137,124,1,-1,-1,-1
269,82,861,236,179,165,1,-1,-1,-1
270,84,1090,302,192,170,1,-1,-1,-1
270,82,860,241,177,164,1,-1,-1,-1
270,83,1123,178,142,124,1,-1,-1,-1
271,84,1091,297,191,168,1,-1,-1,-1
271,82,852,247,184,158,1,-1,-1,-1
271,83,1125,175,138,121,1,-1,-1,-1
272,84,1091,289,187,170,1,-1,-1,-1
272,82,851,249,180,162,1,-1,-1,-1
272,83,1124,172,138,120,1,-1,-1,-1
273,84,1091,281,183,169,1,-1,-1,-1
273,82,847,253,184,164,1,-1,-1,-1
273,83,1128,167,134,122,1,-1,-1,-1
274,84,1093,277,182,165,1,-1,-1,-1
274,82,844,255,190,168,1,-1,-1,-1
274,83,1130,160,131,122,1,-1,-1,-1
275,84,1095,273,179,163,1,-1,-1,-1
275,82,841,260,189,172,1,-1,-1,-1
275,83,1127,159,139,124,1,-1,-1,-1
276,84,1095,265,179,163,1,-1,-1,-1
276,82,839,266,194,169,1,-1,-1,-1
276,83,1128,156,141,123,1,-1,-1,-1
277,84,1094,259,178,163,1,-1,-1,-1
277,82,837,272,192,171,1,-1,-1,-1
277,83,1125,155,142,119,1,-1,-1,-1
278,84,1096,254,177,158,1,-1,-1,-1
278,82,833,276,193,173,1,-1,-1,-1
278,83,1126,152,139,118,1,-1,-1,-1
279,84,1094,250,174,160,1,-1,-1,-1
279,82,831,283,192,169,1,-1,-1,-1
279,83,1129,147,134,123,1,-1,-1,-1
280,84,1098,246,171,154,1,-1,-1,-1
280,82,830,290,192,168,1,-1,-1,-1
280,83,1129,147,135,118,1,-1,-1,-1
281,84,1102,241,166,152,1,-1,-1,-1
281,82,826,293,196,171,1,-1,-1,-1
281,83,1131,142,134,119,1,-1,-1,-1
282,84,1103,236,165,153,1,-1,-1,-1
282,82,819,296,200,178,1,-1,-1,-1
282,83,1127,139,138,120,1,-1,-1,-1
283,84,1101,231,166,152,1,-1,-1,-1
283,82,817,300,199,179,1,-1,-1,-1
283,83,1127,135,139,121,1,-1,-1,-1
284,84,1099,225,168,150,1,-1,-1,-1
284,82,812,304,204,184,1,-1,-1,-1
284,83,1127,134,138,119,1,-1,-1,-1
285,82,814,308,201,184,1,-1,-1,-1
285,84,1101,221,166,152,1,-1,-1,-1
285,83,1129,132,136,119,1,-1,-1,-1
286,82,814,318,199,181,1,-1,-1,-1
286,84,1107,218,160,150,1,-1,-1,-1
286,83,1132,131,135,116,1,-1,-1,-1
287,84,1106,214,162,150,1,-1,-1,-1
287,82,809,321,204,186,1,-1,-1,-1
287,83,1132,130,134,114,1,-1,-1,-1
288,84,1103,211,163,147,1,-1,-1,-1
288,82,805,323,207,194,1,-1,-1,-1
288,83,1132,129,133,112,1,-1,-1,-1
289,84,1104,206,161,149,1,-1,-1,-1
289,82,800,333,210,190,1,-1,-1,-1
289,83,1131,126,129,110,1,-1,-1,-1
290,84,1108,203,157,143,1,-1,-1,-1
290,82,796,338,212,193,1,-1,-1,-1
290,83,1131,124,130,110,1,-1,-1,-1
291,84,1108,199,155,142,1,-1,-1,-1
291,82,793,346,214,193,1,-1,-1,-1
291,83,1131,119,133,111,1,-1,-1,-1
292,84,1109,196,152,139,1,-1,-1,-1
292,82,789,352,215,196,1,-1,-1,-1
292,83,1133,117,132,110,1,-1,-1,-1
293,82,785,358,220,198,1,-1,-1,-1
293,84,1109,192,151,139,1,-1,-1,-1
293,83,1132,115,130,107,1,-1,-1,-1
294,84,1109,188,149,137,1,-1,-1,-1
294,82,783,364,220,200,1,-1,-1,-1
294,83,1131,114,129,106,1,-1,-1,-1
295,84,1108,185,150,139,1,-1,-1,-1
295,82,774,371,226,203,1,-1,-1,-1
295,83,1130,111,130,107,1,-1,-1,-1
296,82,771,378,230,205,1,-1,-1,-1
296,84,1109,181,153,137,1,-1,-1,-1
296,83,1132,110,129,105,1,-1,-1,-1
296,85,891,225,171,153,1,-1,-1,-1
297,84,1110,179,149,135,1,-1,-1,-1
297,82,765,381,230,212,1,-1,-1,-1
297,85,886,226,171,160,1,-1,-1,-1
297,83,1131,108,132,107,1,-1,-1,-1
298,82,762,393,232,209,1,-1,-1,-1
298,84,1109,176,149,135,1,-1,-1,-1
298,85,889,232,170,155,1,-1,-1,-1
298,83,1134,106,128,104,1,-1,-1,-1
299,84,1108,172,147,133,1,-1,-1,-1
299,82,761,392,229,218,1,-1,-1,-1
299,85,884,234,176,158,1,-1,-1,-1
299,83,1131,108,129,97,1,-1,-1,-1
300,84,1108,170,147,131,1,-1,-1,-1
300,82,754,400,234,219,1,-1,-1,-1
300,85,882,233,175,164,1,-1,-1,-1
300,83,1129,104,130,99,1,-1,-1,-1
301,84,1109,166,148,130,1,-1,-1,-1
301,82,746,406,238,223,1,-1,-1,-1
301,85,882,239,175,165,1,-1,-1,-1
301,83,1131,102,131,98,1,-1,-1,-1
302,84,1111,165,144,129,1,-1,-1,-1
302,82,741,413,240,224,1,-1,-1,-1
302,85,879,246,176,158,1,-1,-1,-1
302,83,1132,103,130,94,1,-1,-1,-1
303,82,737,426,242,217,1,-1,-1,-1
303,84,1112,162,144,127,1,-1,-1,-1
303,85,876,248,179,163,1,-1,-1,-1
303,83,1130,101,131,96,1,-1,-1,-1
304,84,1112,160,142,124,1,-1,-1,-1
304,82,733,433,245,220,1,-1,-1,-1
304,85,874,252,181,165,1,-1,-1,-1
304,83,1133,95,127,102,1,-1,-1,-1
305,84,1111,158,141,122,1,-1,-1,-1
305,82,728,440,250,224,1,-1,-1,-1
305,85,873,255,183,170,1,-1,-1,-1
305,83,1133,97,128,99,1,-1,-1,-1
306,82,720,443,251,229,1,-1,-1,-1
306,84,1112,154,139,124,1,-1,-1,-1
306,85,868,259,185,172,1,-1,-1,-1
306,83,1131,94,128,96,1,-1,-1,-1
307,82,714,454,254,226,1,-1,-1,-1
307,84,1110,154,146,120,1,-1,-1,-1
307,85,863,264,186,174,1,-1,-1,-1
307,83,1132,94,126,92,1,-1,-1,-1
308,84,1109,147,142,124,1,-1,-1,-1
308,82,710,456,256,236,1,-1,-1,-1
308,85,863,270,187,173,1,-1,-1,-1
309,84,1111,145,138,123,1,-1,-1,-1
309,82,702,467,257,234,1,-1,-1,-1
309,85,861,274,189,174,1,-1,-1,-1
310,84,1109,142,139,122,1,-1,-1,-1
310,82,697,474,261,239,1,-1,-1,-1
310,85,859,277,190,177,1,-1,-1,-1
311,84,1110,140,137,119,1,-1,-1,-1
311,82,687,481,264,243,1,-1,-1,-1
311,85,855,284,187,176,1,-1,-1,-1
312,82,676,489,273,249,1,-1,-1,-1
312,84,1108,139,140,116,1,-1,-1,-1
312,85,851,287,192,179,1,-1,-1,-1
313,82,675,498,275,251,1,-1,-1,-1
313,84,1111,135,139,119,1,-1,-1,-1
313,85,848,294,195,176,1,-1,-1,-1
314,82,668,503,274,257,1,-1,-1,-1
314,84,1112,133,137,116,1,-1,-1,-1
314,85,844,295,196,183,1,-1,-1,-1
315,82,662,513,282,260,1,-1,-1,-1
315,84,1110,129,136,119,1,-1,-1,-1
315,85,838,301,199,182,1,-1,-1,-1
316,84,1113,123,135,124,1,-1,-1,-1
316,82,650,522,284,261,1,-1,-1,-1
316,85,833,311,202,180,1,-1,-1,-1
317,82,641,527,291,270,1,-1,-1,-1
317,84,1110,120,137,122,1,-1,-1,-1
317,85,832,317,203,178,1,-1,-1,-1
318,82,637,532,290,269,1,-1,-1,-1
318,84,1112,118,137,121,1,-1,-1,-1
318,85,829,319,204,188,1,-1,-1,-1
319,82,631,546,292,267,1,-1,-1,-1
319,84,1116,116,132,120,1,-1,-1,-1
319,85,822,326,208,189,1,-1,-1,-1
320,82,626,553,293,271,1,-1,-1,-1
320,84,1117,115,132,119,1,-1,-1,-1
320,85,819,331,209,188,1,-1,-1,-1
321,82,617,564,297,275,1,-1,-1,-1
321,84,1116,113,132,119,1,-1,-1,-1
321,85,815,335,209,193,1,-1,-1,-1
322,82,609,566,306,286,1,-1,-1,-1
322,84,1114,112,135,114,1,-1,-1,-1
322,85,809,342,213,193,1,-1,-1,-1
323,82,595,586,305,280,1,-1,-1,-1
323,84,1115,110,134,113,1,-1,-1,-1
323,85,804,350,216,194,1,-1,-1,-1
324,82,592,586,312,287,1,-1,-1,-1
324,84,1114,110,133,112,1,-1,-1,-1
324,85,802,355,214,198,1,-1,-1,-1
325,82,579,594,324,298,1,-1,-1,-1
325,84,1118,106,130,113,1,-1,-1,-1
325,85,792,365,224,195,1,-1,-1,-1
326,82,570,604,324,306,1,-1,-1,-1
326,84,1116,102,129,116,1,-1,-1,-1
326,85,788,370,224,196,1,-1,-1,-1
327,82,562,617,330,309,1,-1,-1,-1
327,84,1115,101,130,115,1,-1,-1,-1
327,85,783,378,223,199,1,-1,-1,-1
328,82,551,624,332,310,1,-1,-1,-1
328,84,1114,100,130,111,1,-1,-1,-1
328,85,780,383,228,203,1,-1,-1,-1
329,82,542,628,341,318,1,-1,-1,-1
329,85,775,388,228,207,1,-1,-1,-1
329,84,1116,98,129,111,1,-1,-1,-1
330,82,531,636,341,325,1,-1,-1,-1
330,84,1118,98,128,110,1,-1,-1,-1
330,85,767,395,233,209,1,-1,-1,-1
331,82,522,656,346,326,1,-1,-1,-1
331,85,761,403,238,213,1,-1,-1,-1
331,84,1117,97,126,109,1,-1,-1,-1
332,82,506,662,356,333,1,-1,-1,-1
332,85,757,409,237,214,1,-1,-1,-1
332,84,1117,94,126,108,1,-1,-1,-1
333,82,497,670,362,341,1,-1,-1,-1
333,85,750,420,238,209,1,-1,-1,-1
333,84,1116,92,126,110,1,-1,-1,-1
334,85,743,426,246,212,1,-1,-1,-1
334,82,481,686,365,340,1,-1,-1,-1
334,84,1115,93,127,105,1,-1,-1,-1
335,85,738,431,246,217,1,-1,-1,-1
335,84,1115,90,127,107,1,-1,-1,-1
335,82,472,694,364,351,1,-1,-1,-1
336,85,733,441,248,218,1,-1,-1,-1
336,84,1114,89,130,105,1,-1,-1,-1
336,82,460,711,367,351,1,-1,-1,-1
337,85,728,447,250,220,1,-1,-1,-1
337,84,1116,87,128,104,1,-1,-1,-1
337,82,446,719,377,360,1,-1,-1,-1
338,85,720,458,252,217,1,-1,-1,-1
338,84,1117,84,125,105,1,-1,-1,-1
338,82,425,725,388,354,1,-1,-1,-1
339,84,1116,81,123,107,1,-1,-1,-1
339,85,720,461,251,224,1,-1,-1,-1
339,82,412,740,399,339,1,-1,-1,-1
340,85,711,466,254,233,1,-1,-1,-1
340,84,1115,79,126,108,1,-1,-1,-1
341,85,706,473,256,235,1,-1,-1,-1
341,84,1118,77,125,109,1,-1,-1,-1
342,85,707,479,252,236,1,-1,-1,-1
342,84,1120,72,124,110,1,-1,-1,-1
343,84,1119,73,124,109,1,-1,-1,-1
343,85,699,494,256,232,1,-1,-1,-1
344,85,686,494,270,246,1,-1,-1,-1
344,84,1119,70,124,110,1,-1,-1,-1
345,85,679,507,270,247,1,-1,-1,-1
345,84,1119,69,123,109,1,-1,-1,-1
346,85,676,510,276,255,1,-1,-1,-1
346,84,1121,70,121,106,1,-1,-1,-1
347,85,673,516,276,260,1,-1,-1,-1
347,84,1119,69,122,103,1,-1,-1,-1
348,85,667,526,279,264,1,-1,-1,-1
348,84,1119,67,121,103,1,-1,-1,-1
349,85,660,537,286,263,1,-1,-1,-1
349,84,1118,67,122,102,1,-1,-1,-1
350,85,665,547,279,263,1,-1,-1,-1
350,84,1119,67,122,100,1,-1,-1,-1
351,85,655,557,293,264,1,-1,-1,-1
351,84,1123,67,118,100,1,-1,-1,-1
352,85,651,562,292,270,1,-1,-1,-1
352,84,1121,66,121,99,1,-1,-1,-1
353,85,653,569,286,271,1,-1,-1,-1
353,84,1121,62,121,101,1,-1,-1,-1
354,85,636,576,300,284,1,-1,-1,-1
354,86,1053,809,353,268,1,-1,-1,-1
354,84,1122,63,119,99,1,-1,-1,-1
355,85,632,594,305,279,1,-1,-1,-1
355,86,1047,788,339,283,1,-1,-1,-1
356,85,625,595,304,287,1,-1,-1,-1
356,86,1049,773,337,282,1,-1,-1,-1
357,85,624,615,306,280,1,-1,-1,-1
357,86,1060,757,327,281,1,-1,-1,-1
358,86,1062,743,327,271,1,-1,-1,-1
358,85,613,617,318,288,1,-1,-1,-1
359,85,606,629,324,298,1,-1,-1,-1
359,86,1063,727,326,264,1,-1,-1,-1
360,85,598,636,326,299,1,-1,-1,-1
360,86,1063,710,324,265,1,-1,-1,-1
361,86,1063,700,321,258,1,-1,-1,-1
361,85,589,638,336,307,1,-1,-1,-1
362,85,583,649,339,316,1,-1,-1,-1
362,86,1075,686,307,251,1,-1,-1,-1
363,85,576,661,334,315,1,-1,-1,-1
363,86,1075,673,302,249,1,-1,-1,-1
364,85,566,668,349,326,1,-1,-1,-1
364,86,1082,661,286,243,1,-1,-1,-1
365,85,560,687,350,327,1,-1,-1,-1
365,86,1087,647,278,243,1,-1,-1,-1
366,86,1081,635,284,240,1,-1,-1,-1
366,85,544,691,358,336,1,-1,-1,-1
367,86,1081,623,282,236,1,-1,-1,-1
367,85,534,710,370,337,1,-1,-1,-1
368,86,1089,613,270,233,1,-1,-1,-1
368,85,525,721,366,342,1,-1,-1,-1
369,86,1086,598,272,231,1,-1,-1,-1
369,85,522,730,364,349,1,-1,-1,-1
370,86,1080,589,273,226,1,-1,-1,-1
370,85,511,742,385,337,1,-1,-1,-1
371,86,1080,575,272,224,1,-1,-1,-1
372,86,1082,565,259,221,1,-1,-1,-1
373,86,1079,547,261,227,1,-1,-1,-1
374,86,1083,545,255,210,1,-1,-1,-1
375,86,1082,534,250,209,1,-1,-1,-1
376,86,1082,524,243,207,1,-1,-1,-1
377,86,1083,509,235,209,1,-1,-1,-1
378,86,1082,506,236,199,1,-1,-1,-1
379,86,1079,493,237,204,1,-1,-1,-1
380,86,1080,487,229,197,1,-1,-1,-1
381,86,1081,470,225,197,1,-1,-1,-1
382,86,1082,468,223,190,1,-1,-1,-1
383,86,1078,456,224,192,1,-1,-1,-1
384,86,1081,450,218,189,1,-1,-1,-1
385,86,1085,439,212,186,1,-1,-1,-1
386,86,1083,429,213,184,1,-1,-1,-1
387,86,1085,425,208,178,1,-1,-1,-1
388,86,1084,417,209,176,1,-1,-1,-1
389,86,1083,408,205,175,1,-1,-1,-1
390,86,1085,400,203,173,1,-1,-1,-1
391,86,1084,390,201,173,1,-1,-1,-1
392,86,1086,381,197,172,1,-1,-1,-1
393,86,1083,370,202,178,1,-1,-1,-1
394,86,1085,364,194,168,1,-1,-1,-1
395,86,1084,358,196,167,1,-1,-1,-1
396,86,1087,353,191,163,1,-1,-1,-1
397,86,1086,343,193,165,1,-1,-1,-1
398,86,1086,335,191,163,1,-1,-1,-1
398,87,989,80,117,98,1,-1,-1,-1
399,86,1087,331,187,160,1,-1,-1,-1
399,87,986,81,120,99,1,-1,-1,-1
400,86,1088,323,188,159,1,-1,-1,-1
400,87,985,84,119,98,1,-1,-1,-1
401,86,1090,320,183,157,1,-1,-1,-1
401,87,985,87,120,98,1,-1,-1,-1
402,86,1094,312,177,160,1,-1,-1,-1
402,87,983,86,120,98,1,-1,-1,-1
403,86,1091,310,180,150,1,-1,-1,-1
403,87,981,86,121,101,1,-1,-1,-1
404,86,1090,303,177,153,1,-1,-1,-1
404,87,980,87,117,103,1,-1,-1,-1
405,86,1092,293,177,155,1,-1,-1,-1
405,87,978,87,120,104,1,-1,-1,-1
406,86,1094,292,175,147,1,-1,-1,-1
406,87,979,90,120,102,1,-1,-1,-1
407,86,1097,285,171,150,1,-1,-1,-1
407,87,977,91,121,103,1,-1,-1,-1
408,86,1095,282,169,147,1,-1,-1,-1
408,87,976,93,121,103,1,-1,-1,-1
409,86,1094,271,172,152,1,-1,-1,-1
409,87,976,93,122,104,1,-1,-1,-1
410,86,1100,266,168,149,1,-1,-1,-1
410,87,975,96,122,104,1,-1,-1,-1
411,86,1099,266,167,140,1,-1,-1,-1
411,87,974,96,122,105,1,-1,-1,-1
412,86,1098,264,166,137,1,-1,-1,-1
412,87,972,98,124,105,1,-1,-1,-1
413,86,1098,253,165,141,1,-1,-1,-1
413,87,970,101,124,104,1,-1,-1,-1
414,86,1097,245,166,143,1,-1,-1,-1
414,87,969,104,123,104,1,-1,-1,-1
415,86,1097,244,163,139,1,-1,-1,-1
415,87,968,106,123,104,1,-1,-1,-1
416,86,1100,240,161,139,1,-1,-1,-1
416,87,966,107,124,105,1,-1,-1,-1
417,87,965,110,122,104,1,-1,-1,-1
417,86,1101,236,160,138,1,-1,-1,-1
418,86,1103,231,158,139,1,-1,-1,-1
418,87,968,110,119,105,1,-1,-1,-1
419,86,1101,227,161,137,1,-1,-1,-1
419,87,962,111,125,108,1,-1,-1,-1
420,86,1101,220,159,138,1,-1,-1,-1
420,87,959,114,126,108,1,-1,-1,-1
421,86,1102,218,153,138,1,-1,-1,-1
421,87,958,115,127,109,1,-1,-1,-1
422,87,960,116,127,110,1,-1,-1,-1
422,86,1103,214,154,133,1,-1,-1,-1
423,86,1106,209,152,136,1,-1,-1,-1
423,87,960,117,125,112,1,-1,-1,-1
424,86,1106,201,151,136,1,-1,-1,-1
424,87,958,119,125,113,1,-1,-1,-1
425,86,1106,198,154,133,1,-1,-1,-1
425,87,957,122,127,112,1,-1,-1,-1
426,86,1109,197,151,132,1,-1,-1,-1
426,87,955,126,129,112,1,-1,-1,-1
427,86,1111,193,150,131,1,-1,-1,-1
427,87,954,127,125,113,1,-1,-1,-1
428,86,1113,190,148,128,1,-1,-1,-1
428,87,951,130,130,112,1,-1,-1,-1
429,86,1116,188,145,127,1,-1,-1,-1
429,87,949,133,132,114,1,-1,-1,-1
430,87,948,135,129,114,1,-1,-1,-1
430,86,1117,181,147,131,1,-1,-1,-1
431,86,1117,177,148,131,1,-1,-1,-1
431,87,944,137,134,115,1,-1,-1,-1
432,86,1122,176,145,129,1,-1,-1,-1
432,87,943,138,135,118,1,-1,-1,-1
433,86,1123,175,149,123,1,-1,-1,-1
433,87,944,139,134,120,1,-1,-1,-1
434,86,1128,170,142,123,1,-1,-1,-1
434,87,943,142,136,119,1,-1,-1,-1
435,86,1129,170,140,120,1,-1,-1,-1
435,87,943,142,132,120,1,-1,-1,-1
436,86,1131,166,138,121,1,-1,-1,-1
436,87,940,148,133,117,1,-1,-1,-1
437,86,1130,162,141,120,1,-1,-1,-1
437,87,939,150,135,119,1,-1,-1,-1
438,86,1132,160,141,118,1,-1,-1,-1
438,87,937,153,135,121,1,-1,-1,-1
439,86,1133,159,141,115,1,-1,-1,-1
439,87,936,157,137,122,1,-1,-1,-1
440,87,935,160,139,121,1,-1,-1,-1
440,86,1134,154,140,115,1,-1,-1,-1
441,87,933,161,137,123,1,-1,-1,-1
441,86,1135,153,136,115,1,-1,-1,-1
442,87,933,163,136,125,1,-1,-1,-1
442,86,1137,151,136,112,1,-1,-1,-1
443,87,934,162,136,129,1,-1,-1,-1
443,86,1138,150,133,107,1,-1,-1,-1
444,87,932,168,137,128,1,-1,-1,-1
444,86,1137,147,134,109,1,-1,-1,-1
445,87,929,170,137,127,1,-1,-1,-1
445,86,1136,143,136,110,1,-1,-1,-1
446,87,927,178,143,123,1,-1,-1,-1
446,86,1138,140,136,111,1,-1,-1,-1
447,87,927,181,140,125,1,-1,-1,-1
447,86,1135,139,139,108,1,-1,-1,-1
448,87,924,181,143,127,1,-1,-1,-1
448,86,1133,136,137,108,1,-1,-1,-1
449,87,924,185,144,129,1,-1,-1,-1
449,86,1133,134,136,106,1,-1,-1,-1
450,87,923,186,142,136,1,-1,-1,-1
450,86,1130,131,136,107,1,-1,-1,-1
451,87,922,191,143,133,1,-1,-1,-1
451,86,1128,129,139,106,1,-1,-1,-1
452,87,918,195,147,130,1,-1,-1,-1
452,86,1129,126,134,105,1,-1,-1,-1
452,88,993,88,119,90,1,-1,-1,-1
453,87,917,201,148,128,1,-1,-1,-1
453,86,1129,123,134,105,1,-1,-1,-1
453,88,995,88,118,94,1,-1,-1,-1
454,87,914,204,151,130,1,-1,-1,-1
454,86,1129,121,134,104,1,-1,-1,-1
454,88,994,88,120,96,1,-1,-1,-1
455,87,918,207,146,137,1,-1,-1,-1
455,86,1130,118,130,104,1,-1,-1,-1
455,88,993,91,120,96,1,-1,-1,-1
456,87,914,209,145,136,1,-1,-1,-1
456,86,1131,113,129,107,1,-1,-1,-1
456,88,992,90,120,101,1,-1,-1,-1
457,87,913,211,145,137,1,-1,-1,-1
457,86,1132,111,127,106,1,-1,-1,-1
457,88,991,93,122,97,1,-1,-1,-1
458,87,913,214,145,137,1,-1,-1,-1
458,86,1131,112,128,101,1,-1,-1,-1
458,88,990,93,123,99,1,-1,-1,-1
459,87,911,219,145,138,1,-1,-1,-1
459,86,1133,110,124,104,1,-1,-1,-1
459,88,987,95,123,98,1,-1,-1,-1
460,87,909,223,149,139,1,-1,-1,-1
460,86,1133,107,123,105,1,-1,-1,-1
460,88,986,97,121,99,1,-1,-1,-1
461,87,905,226,151,142,1,-1,-1,-1
461,86,1131,103,126,104,1,-1,-1,-1
461,88,984,99,126,101,1,-1,-1,-1
462,87,905,230,148,142,1,-1,-1,-1
462,86,1133,102,126,103,1,-1,-1,-1
462,88,983,101,126,101,1,-1,-1,-1
463,87,901,234,151,143,1,-1,-1,-1
463,86,1132,102,126,100,1,-1,-1,-1
463,88,978,102,129,103,1,-1,-1,-1
464,87,896,239,155,143,1,-1,-1,-1
464,86,1134,100,125,102,1,-1,-1,-1
464,88,977,102,130,108,1,-1,-1,-1
465,87,897,244,152,142,1,-1,-1,-1
465,88,979,104,128,107,1,-1,-1,-1
465,86,1132,98,130,98,1,-1,-1,-1
466,87,894,249,156,145,1,-1,-1,-1
466,88,979,106,127,107,1,-1,-1,-1
466,86,1133,96,125,99,1,-1,-1,-1
467,87,889,252,160,145,1,-1,-1,-1
467,88,973,107,128,108,1,-1,-1,-1
467,86,1135,94,123,98,1,-1,-1,-1
468,87,886,256,161,146,1,-1,-1,-1
468,88,972,107,128,111,1,-1,-1,-1
468,86,1132,93,126,100,1,-1,-1,-1
469,87,884,262,160,147,1,-1,-1,-1
469,88,969,109,130,113,1,-1,-1,-1
469,86,1132,90,123,98,1,-1,-1,-1
470,87,882,266,163,149,1,-1,-1,-1
470,86,1134,84,121,105,1,-1,-1,-1
470,88,970,112,129,110,1,-1,-1,-1
471,87,878,271,166,151,1,-1,-1,-1
471,88,967,116,131,111,1,-1,-1,-1
471,86,1135,86,122,102,1,-1,-1,-1
472,87,875,275,166,155,1,-1,-1,-1
472,88,965,115,133,118,1,-1,-1,-1
472,86,1134,83,121,104,1,-1,-1,-1
473,87,871,280,169,158,1,-1,-1,-1
473,88,963,119,134,115,1,-1,-1,-1
473,86,1133,83,121,104,1,-1,-1,-1
474,87,867,283,170,159,1,-1,-1,-1
474,88,960,122,137,115,1,-1,-1,-1
474,86,1134,76,120,106,1,-1,-1,-1
475,87,865,291,170,158,1,-1,-1,-1
475,88,958,125,136,113,1,-1,-1,-1
475,86,1130,75,123,102,1,-1,-1,-1
476,87,861,296,171,157,1,-1,-1,-1
476,88,956,127,137,115,1,-1,-1,-1
476,86,1133,74,119,103,1,-1,-1,-1
477,87,855,302,176,161,1,-1,-1,-1
477,88,951,129,140,118,1,-1,-1,-1
477,86,1132,72,119,102,1,-1,-1,-1
478,87,853,306,176,162,1,-1,-1,-1
478,88,953,133,140,118,1,-1,-1,-1
478,86,1129,69,123,103,1,-1,-1,-1
479,87,848,313,179,164,1,-1,-1,-1
479,88,947,135,147,120,1,-1,-1,-1
479,86,1131,65,115,104,1,-1,-1,-1
480,87,846,318,177,167,1,-1,-1,-1
480,88,947,137,144,122,1,-1,-1,-1
481,87,841,324,180,166,1,-1,-1,-1
481,88,945,139,145,121,1,-1,-1,-1
482,87,837,329,183,168,1,-1,-1,-1
482,88,944,142,144,122,1,-1,-1,-1
483,87,834,337,183,168,1,-1,-1,-1
483,88,944,146,144,123,1,-1,-1,-1
484,87,829,344,187,170,1,-1,-1,-1
484,88,944,147,143,128,1,-1,-1,-1
485,87,822,348,188,177,1,-1,-1,-1
485,88,939,150,144,128,1,-1,-1,-1
486,87,820,356,194,175,1,-1,-1,-1
486,88,935,154,146,128,1,-1,-1,-1
487,87,813,364,194,175,1,-1,-1,-1
487,88,931,158,149,128,1,-1,-1,-1
488,87,810,369,198,180,1,-1,-1,-1
488,88,931,162,146,128,1,-1,-1,-1
489,87,803,375,199,183,1,-1,-1,-1
489,88,930,167,147,127,1,-1,-1,-1
490,87,801,384,200,183,1,-1,-1,-1
490,88,929,170,145,129,1,-1,-1,-1
491,87,797,390,199,186,1,-1,-1,-1
491,88,925,175,151,126,1,-1,-1,-1
492,87,788,400,210,186,1,-1,-1,-1
492,88,920,180,154,129,1,-1,-1,-1
493,87,786,411,205,184,1,-1,-1,-1
493,88,920,183,154,132,1,-1,-1,-1
494,87,780,414,208,191,1,-1,-1,-1
494,88,918,184,153,131,1,-1,-1,-1
495,87,774,422,212,191,1,-1,-1,-1
495,88,912,188,156,134,1,-1,-1,-1
496,87,768,433,210,191,1,-1,-1,-1
496,88,909,192,157,136,1,-1,-1,-1
497,87,761,439,218,196,1,-1,-1,-1
497,88,905,197,161,138,1,-1,-1,-1
498,87,759,449,216,192,1,-1,-1,-1
498,88,903,200,163,138,1,-1,-1,-1
499,88,904,204,161,138,1,-1,-1,-1
499,87,752,455,220,197,1,-1,-1,-1
500,88,901,209,164,142,1,-1,-1,-1
500,87,738,462,229,205,1,-1,-1,-1
501,87,737,468,222,205,1,-1,-1,-1
501,88,895,214,164,142,1,-1,-1,-1
502,87,732,476,226,208,1,-1,-1,-1
502,88,890,218,167,142,1,-1,-1,-1
503,87,725,483,231,210,1,-1,-1,-1
503,88,893,223,161,146,1,-1,-1,-1
504,87,721,496,232,212,1,-1,-1,-1
504,88,886,230,167,147,1,-1,-1,-1
505,87,712,502,236,215,1,-1,-1,-1
505,88,883,233,171,150,1,-1,-1,-1
506,87,710,508,233,222,1,-1,-1,-1
506,88,879,238,175,149,1,-1,-1,-1
507,87,706,521,239,221,1,-1,-1,-1
507,88,875,245,172,147,1,-1,-1,-1
508,88,874,251,174,149,1,-1,-1,-1
508,87,696,531,243,225,1,-1,-1,-1
509,87,691,545,244,224,1,-1,-1,-1
509,88,862,257,183,150,1,-1,-1,-1
510,87,688,550,247,235,1,-1,-1,-1
510,88,862,264,183,149,1,-1,-1,-1
511,87,678,555,256,240,1,-1,-1,-1
511,88,861,268,182,155,1,-1,-1,-1
512,87,673,571,258,237,1,-1,-1,-1
512,88,855,274,184,158,1,-1,-1,-1
513,87,663,576,261,246,1,-1,-1,-1
513,88,850,283,187,157,1,-1,-1,-1
514,87,664,589,257,246,1,-1,-1,-1
514,88,847,291,189,156,1,-1,-1,-1
515,87,655,600,264,247,1,-1,-1,-1
515,88,844,297,190,160,1,-1,-1,-1
516,87,651,612,263,247,1,-1,-1,-1
516,88,839,302,192,163,1,-1,-1,-1
517,87,638,620,273,252,1,-1,-1,-1
517,88,833,310,192,164,1,-1,-1,-1
518,87,633,624,279,267,1,-1,-1,-1
518,88,830,316,194,169,1,-1,-1,-1
519,87,627,645,285,254,1,-1,-1,-1
519,88,826,326,197,168,1,-1,-1,-1
520,87,621,654,285,262,1,-1,-1,-1
520,88,818,336,202,170,1,-1,-1,-1
521,87,612,666,287,264,1,-1,-1,-1
521,88,812,348,205,165,1,-1,-1,-1
522,87,600,672,296,273,1,-1,-1,-1
522,88,808,351,207,176,1,-1,-1,-1
523,87,588,684,303,275,1,-1,-1,-1
523,88,801,363,211,171,1,-1,-1,-1
524,87,583,696,305,281,1,-1,-1,-1
524,88,796,368,213,181,1,-1,-1,-1
525,87,570,710,314,289,1,-1,-1,-1
525,88,790,382,215,177,1,-1,-1,-1
526,87,565,719,314,296,1,-1,-1,-1
526,88,786,391,218,182,1,-1,-1,-1
527,88,782,401,220,181,1,-1,-1,-1
527,87,557,741,322,292,1,-1,-1,-1
528,87,541,748,328,305,1,-1,-1,-1
528,88,775,416,220,179,1,-1,-1,-1
529,88,765,426,227,181,1,-1,-1,-1
529,87,524,749,333,321,1,-1,-1,-1
530,88,763,433,228,189,1,-1,-1,-1
530,87,520,771,331,308,1,-1,-1,-1
531,88,759,439,231,191,1,-1,-1,-1
531,87,506,782,343,297,1,-1,-1,-1
532,88,749,452,238,193,1,-1,-1,-1
532,87,489,777,357,302,1,-1,-1,-1
533,88,743,462,236,196,1,-1,-1,-1
534,88,735,471,242,199,1,-1,-1,-1
535,88,727,483,248,197,1,-1,-1,-1
536,88,719,495,248,205,1,-1,-1,-1
537,88,713,502,255,215,1,-1,-1,-1
538,88,707,507,255,220,1,-1,-1,-1
539,88,700,524,261,220,1,-1,-1,-1
540,88,688,538,267,223,1,-1,-1,-1
541,88,681,547,268,231,1,-1,-1,-1
542,88,678,565,272,232,1,-1,-1,-1
543,88,666,575,281,236,1,-1,-1,-1
544,88,658,588,286,242,1,-1,-1,-1
545,88,649,600,283,244,1,-1,-1,-1
546,88,638,616,299,247,1,-1,-1,-1
547,88,632,628,302,254,1,-1,-1,-1
548,88,625,646,301,247,1,-1,-1,-1
549,88,610,650,316,268,1,-1,-1,-1
550,88,593,673,325,262,1,-1,-1,-1
551,88,573,684,335,268,1,-1,-1,-1
552,88,569,705,341,270,1,-1,-1,-1
553,88,546,719,352,286,1,-1,-1,-1
553,89,1007,71,114,91,1,-1,-1,-1
554,88,534,733,355,288,1,-1,-1,-1
554,89,1008,73,114,92,1,-1,-1,-1
555,88,518,752,366,292,1,-1,-1,-1
555,89,1007,73,111,93,1,-1,-1,-1
556,88,501,775,371,300,1,-1,-1,-1
556,89,1004,75,114,92,1,-1,-1,-1
557,89,1003,78,115,92,1,-1,-1,-1
557,88,460,785,399,294,1,-1,-1,-1
558,89,1004,80,115,92,1,-1,-1,-1
559,89,1004,80,116,91,1,-1,-1,-1
560,89,999,82,119,92,1,-1,-1,-1
561,89,997,83,120,91,1,-1,-1,-1
562,89,997,85,122,90,1,-1,-1,-1
563,89,998,87,121,89,1,-1,-1,-1
564,89,997,86,118,97,1,-1,-1,-1
565,89,997,89,121,95,1,-1,-1,-1
566,89,996,89,121,97,1,-1,-1,-1
567,89,996,88,122,100,1,-1,-1,-1
568,89,995,90,122,101,1,-1,-1,-1
569,89,994,91,125,101,1,-1,-1,-1
570,89,995,91,123,104,1,-1,-1,-1
571,89,992,94,126,100,1,-1,-1,-1
572,89,992,96,125,99,1,-1,-1,-1
573,89,993,99,124,99,1,-1,-1,-1
574,89,992,100,127,100,1,-1,-1,-1
575,89,992,101,129,101,1,-1,-1,-1
576,89,992,103,127,100,1,-1,-1,-1
577,89,988,105,127,102,1,-1,-1,-1
578,89,989,106,125,102,1,-1,-1,-1
579,89,991,106,124,103,1,-1,-1,-1
580,89,991,108,124,105,1,-1,-1,-1
581,89,990,111,124,103,1,-1,-1,-1
582,89,988,110,125,106,1,-1,-1,-1
583,89,987,111,127,107,1,-1,-1,-1
584,89,986,112,128,109,1,-1,-1,-1
585,89,985,116,128,109,1,-1,-1,-1
586,89,983,120,129,107,1,-1,-1,-1
587,89,984,120,129,110,1,-1,-1,-1
588,89,980,122,129,109,1,-1,-1,-1
589,89,979,125,129,109,1,-1,-1,-1
590,89,981,127,128,109,1,-1,-1,-1
591,89,981,129,128,111,1,-1,-1,-1
592,89,978,132,128,108,1,-1,-1,-1
593,89,976,133,128,112,1,-1,-1,-1
594,89,973,136,128,112,1,-1,-1,-1
595,89,972,137,130,113,1,-1,-1,-1
596,89,970,138,133,116,1,-1,-1,-1
597,89,969,142,132,115,1,-1,-1,-1
598,89,966,143,133,116,1,-1,-1,-1
599,89,966,146,129,115,1,-1,-1,-1
600,89,965,147,131,119,1,-1,-1,-1
601,89,962,149,134,119,1,-1,-1,-1
602,89,961,152,135,121,1,-1,-1,-1
603,89,959,156,138,121,1,-1,-1,-1
604,89,953,158,139,122,1,-1,-1,-1
605,89,952,161,142,121,1,-1,-1,-1
606,89,952,163,142,123,1,-1,-1,-1
607,89,953,166,138,124,1,-1,-1,-1
608,89,951,168,145,125,1,-1,-1,-1
609,89,947,173,141,122,1,-1,-1,-1
610,89,944,178,146,121,1,-1,-1,-1
611,89,945,181,145,121,1,-1,-1,-1
612,89,944,181,144,125,1,-1,-1,-1
613,89,940,186,149,125,1,-1,-1,-1
614,89,942,188,146,129,1,-1,-1,-1
615,89,940,190,147,132,1,-1,-1,-1
616,89,933,194,151,128,1,-1,-1,-1
617,89,931,197,151,130,1,-1,-1,-1
618,89,929,201,153,131,1,-1,-1,-1
619,89,929,202,155,135,1,-1,-1,-1
620,89,927,205,153,138,1,-1,-1,-1
621,89,923,208,153,138,1,-1,-1,-1
622,89,919,212,155,139,1,-1,-1,-1
623,89,919,219,154,137,1,-1,-1,-1
624,89,913,223,159,137,1,-1,-1,-1
625,89,916,227,156,143,1,-1,-1,-1
626,89,907,231,161,140,1,-1,-1,-1
627,89,907,236,164,138,1,-1,-1,-1
628,89,902,243,165,138,1,-1,-1,-1
629,89,903,241,164,145,1,-1,-1,-1
630,89,898,247,168,145,1,-1,-1,-1
631,89,893,252,170,145,1,-1,-1,-1
632,89,890,255,172,147,1,-1,-1,-1
633,89,888,267,172,141,1,-1,-1,-1
634,89,888,270,175,144,1,-1,-1,-1
635,89,883,271,176,152,1,-1,-1,-1
636,89,881,277,178,154,1,-1,-1,-1
637,89,876,284,178,153,1,-1,-1,-1
638,89,874,289,178,153,1,-1,-1,-1
639,89,873,293,180,155,1,-1,-1,-1
640,89,869,298,180,156,1,-1,-1,-1
641,89,864,308,185,154,1,-1,-1,-1
642,89,861,312,185,157,1,-1,-1,-1
643,89,860,319,187,158,1,-1,-1,-1
644,89,851,327,194,157,1,-1,-1,-1
645,89,854,334,189,161,1,-1,-1,-1
646,89,848,342,190,155,1,-1,-1,-1
647,89,843,345,196,161,1,-1,-1,-1
648,89,839,356,196,158,1,-1,-1,-1
649,89,835,357,199,169,1,-1,-1,-1
650,89,829,365,202,166,1,-1,-1,-1
651,89,828,373,202,167,1,-1,-1,-1
652,89,820,383,206,166,1,-1,-1,-1
653,89,815,390,207,171,1,-1,-1,-1
654,89,814,400,207,166,1,-1,-1,-1
655,89,806,406,214,173,1,-1,-1,-1
656,89,804,411,213,176,1,-1,-1,-1
657,89,793,421,222,178,1,-1,-1,-1
658,89,792,429,221,182,1,-1,-1,-1
659,89,787,436,221,185,1,-1,-1,-1
660,89,779,446,227,180,1,-1,-1,-1
661,89,778,452,224,182,1,-1,-1,-1
662,89,773,460,228,185,1,-1,-1,-1
663,89,770,468,230,190,1,-1,-1,-1
664,89,763,476,236,192,1,-1,-1,-1
665,89,760,486,236,191,1,-1,-1,-1
666,89,754,491,237,197,1,-1,-1,-1
667,89,753,497,237,205,1,-1,-1,-1
668,89,751,508,243,206,1,-1,-1,-1
669,89,746,519,246,204,1,-1,-1,-1
670,89,743,529,247,206,1,-1,-1,-1
671,89,738,538,250,206,1,-1,-1,-1
672,89,734,546,256,215,1,-1,-1,-1
673,89,728,554,258,219,1,-1,-1,-1
674,89,728,567,260,221,1,-1,-1,-1
675,89,718,574,265,229,1,-1,-1,-1
676,89,714,592,271,224,1,-1,-1,-1
677,89,711,600,276,230,1,-1,-1,-1
678,89,704,607,274,235,1,-1,-1,-1
679,89,696,626,283,233,1,-1,-1,-1
680,89,682,635,294,239,1,-1,-1,-1
681,89,682,651,287,236,1,-1,-1,-1
682,89,675,657,297,244,1,-1,-1,-1
683,89,659,670,309,247,1,-1,-1,-1
684,89,660,683,305,251,1,-1,-1,-1
685,89,644,692,315,256,1,-1,-1,-1
686,89,637,709,325,256,1,-1,-1,-1
687,89,630,719,325,266,1,-1,-1,-1
688,89,618,729,332,276,1,-1,-1,-1
689,89,606,747,340,277,1,-1,-1,-1
690,89,596,764,344,275,1,-1,-1,-1
691,89,578,770,345,291,1,-1,-1,-1
692,89,568,797,346,282,1,-1,-1,-1
