8,90,1012,220,221,153,1,-1,-1,-1
9,90,1008,216,205,157,1,-1,-1,-1
10,90,986,215,214,153,1,-1,-1,-1
11,90,968,213,211,151,1,-1,-1,-1
12,90,960,209,207,148,1,-1,-1,-1
13,90,943,206,202,156,1,-1,-1,-1
14,90,928,201,196,151,1,-1,-1,-1
15,90,909,202,207,138,1,-1,-1,-1
15,91,1545,320,346,247,1,-1,-1,-1
16,90,902,200,199,140,1,-1,-1,-1
16,91,1503,312,389,262,1,-1,-1,-1
17,90,884,198,193,138,1,-1,-1,-1
17,91,1472,300,415,270,1,-1,-1,-1
18,90,871,195,189,136,1,-1,-1,-1
18,91,1457,296,425,266,1,-1,-1,-1
19,91,1427,286,415,264,1,-1,-1,-1
19,90,864,193,183,137,1,-1,-1,-1
20,91,1420,272,386,273,1,-1,-1,-1
20,90,854,186,177,141,1,-1,-1,-1
21,91,1403,270,389,269,1,-1,-1,-1
21,90,830,183,184,137,1,-1,-1,-1
22,91,1371,274,385,250,1,-1,-1,-1
22,90,819,180,184,137,1,-1,-1,-1
23,91,1352,269,367,253,1,-1,-1,-1
23,90,806,177,180,136,1,-1,-1,-1
24,91,1328,264,370,248,1,-1,-1,-1
24,90,792,174,182,137,1,-1,-1,-1
25,91,1307,262,362,248,1,-1,-1,-1
25,90,784,175,173,130,1,-1,-1,-1
26,91,1287,259,353,241,1,-1,-1,-1
26,90,773,171,169,131,1,-1,-1,-1
27,91,1272,252,345,244,1,-1,-1,-1
27,90,761,167,171,131,1,-1,-1,-1
28,91,1253,253,335,231,1,-1,-1,-1
28,90,748,166,172,128,1,-1,-1,-1
29,90,741,165,163,126,1,-1,-1,-1
29,91,1228,241,336,237,1,-1,-1,-1
30,91,1216,237,327,234,1,-1,-1,-1
30,90,731,164,160,123,1,-1,-1,-1
31,90,722,161,160,122,1,-1,-1,-1
31,91,1203,235,320,229,1,-1,-1,-1
32,90,714,161,154,121,1,-1,-1,-1
32,91,1186,230,316,228,1,-1,-1,-1
33,90,703,159,156,118,1,-1,-1,-1
33,91,1156,234,319,215,1,-1,-1,-1
34,90,698,156,155,121,1,-1,-1,-1
34,91,1141,225,310,222,1,-1,-1,-1
35,90,688,156,152,116,1,-1,-1,-1
35,91,1121,222,309,220,1,-1,-1,-1
36,90,681,154,151,116,1,-1,-1,-1
36,91,1119,220,284,210,1,-1,-1,-1
37,90,670,152,152,116,1,-1,-1,-1
37,91,1108,219,270,208,1,-1,-1,-1
38,90,661,150,150,115,1,-1,-1,-1
38,91,1098,214,262,206,1,-1,-1,-1
39,90,654,148,145,115,1,-1,-1,-1
39,91,1069,204,283,214,1,-1,-1,-1
40,90,642,146,149,116,1,-1,-1,-1
40,91,1054,200,275,216,1,-1,-1,-1
41,90,636,143,145,116,1,-1,-1,-1
42,90,630,141,142,114,1,-1,-1,-1
42,92,1016,205,271,189,1,-1,-1,-1
43,90,624,139,137,116,1,-1,-1,-1
43,92,1004,204,264,182,1,-1,-1,-1
44,90,614,136,144,117,1,-1,-1,-1
44,92,998,200,260,180,1,-1,-1,-1
45,90,607,133,144,117,1,-1,-1,-1
45,92,982,196,252,182,1,-1,-1,-1
46,90,598,131,151,117,1,-1,-1,-1
46,92,973,198,249,177,1,-1,-1,-1
47,90,592,131,145,112,1,-1,-1,-1
47,92,961,193,254,181,1,-1,-1,-1
48,90,588,132,141,111,1,-1,-1,-1
48,92,949,192,250,183,1,-1,-1,-1
49,90,585,131,139,109,1,-1,-1,-1
49,92,939,191,243,176,1,-1,-1,-1
50,90,577,131,137,108,1,-1,-1,-1
50,92,929,176,252,191,1,-1,-1,-1
51,90,568,128,140,108,1,-1,-1,-1
51,92,916,179,243,182,1,-1,-1,-1
52,90,561,125,139,109,1,-1,-1,-1
52,92,906,179,236,172,1,-1,-1,-1
53,90,555,123,138,107,1,-1,-1,-1
53,92,902,171,229,186,1,-1,-1,-1
54,90,551,120,135,107,1,-1,-1,-1
54,92,891,171,222,181,1,-1,-1,-1
55,90,546,119,133,107,1,-1,-1,-1
55,93,1551,365,343,215,1,-1,-1,-1
55,92,869,175,241,170,1,-1,-1,-1
56,90,539,116,136,109,1,-1,-1,-1
56,93,1506,351,346,215,1,-1,-1,-1
56,92,861,173,231,166,1,-1,-1,-1
57,90,529,115,138,109,1,-1,-1,-1
57,93,1458,342,366,215,1,-1,-1,-1
57,92,858,173,221,165,1,-1,-1,-1
58,90,528,117,133,107,1,-1,-1,-1
58,93,1418,333,359,209,1,-1,-1,-1
58,92,842,174,228,164,1,-1,-1,-1
59,90,524,115,132,106,1,-1,-1,-1
59,93,1400,323,339,213,1,-1,-1,-1
59,92,832,167,220,166,1,-1,-1,-1
60,90,519,113,130,106,1,-1,-1,-1
60,93,1360,317,331,206,1,-1,-1,-1
60,92,821,163,216,166,1,-1,-1,-1
61,90,513,111,128,106,1,-1,-1,-1
61,93,1330,308,315,201,1,-1,-1,-1
61,92,810,166,225,159,1,-1,-1,-1
62,90,506,110,130,107,1,-1,-1,-1
62,93,1306,298,306,198,1,-1,-1,-1
62,92,801,162,225,161,1,-1,-1,-1
63,90,505,110,126,105,1,-1,-1,-1
63,93,1274,292,307,196,1,-1,-1,-1
63,92,793,154,221,164,1,-1,-1,-1
64,90,498,108,127,104,1,-1,-1,-1
64,93,1254,285,303,193,1,-1,-1,-1
64,92,783,154,219,162,1,-1,-1,-1
65,90,490,106,129,105,1,-1,-1,-1
65,93,1226,278,287,191,1,-1,-1,-1
65,92,774,152,214,162,1,-1,-1,-1
66,90,489,108,123,100,1,-1,-1,-1
66,92,765,152,211,159,1,-1,-1,-1
66,93,1203,271,276,186,1,-1,-1,-1
67,90,483,107,126,99,1,-1,-1,-1
67,92,760,154,208,156,1,-1,-1,-1
67,93,1180,268,273,180,1,-1,-1,-1
68,90,476,105,125,100,1,-1,-1,-1
68,92,757,152,200,156,1,-1,-1,-1
68,93,1155,259,271,186,1,-1,-1,-1
69,90,472,107,124,97,1,-1,-1,-1
69,92,750,152,194,150,1,-1,-1,-1
70,90,468,105,120,98,1,-1,-1,-1
70,92,741,148,196,154,1,-1,-1,-1
71,90,465,100,120,101,1,-1,-1,-1
71,92,737,148,188,152,1,-1,-1,-1
72,92,730,152,193,147,1,-1,-1,-1
72,90,458,97,125,102,1,-1,-1,-1
73,90,456,94,124,102,1,-1,-1,-1
73,92,720,151,199,145,1,-1,-1,-1
74,90,452,93,122,101,1,-1,-1,-1
74,92,717,146,186,149,1,-1,-1,-1
75,92,712,146,187,149,1,-1,-1,-1
75,90,447,91,124,102,1,-1,-1,-1
76,90,445,91,120,102,1,-1,-1,-1
76,92,707,145,184,147,1,-1,-1,-1
77,90,441,91,123,100,1,-1,-1,-1
77,92,697,142,184,148,1,-1,-1,-1
78,90,437,93,118,97,1,-1,-1,-1
78,92,689,142,183,147,1,-1,-1,-1
79,90,436,94,115,97,1,-1,-1,-1
79,92,684,135,184,153,1,-1,-1,-1
80,90,426,92,120,98,1,-1,-1,-1
80,92,678,134,188,153,1,-1,-1,-1
81,90,425,93,119,96,1,-1,-1,-1
81,92,674,134,186,151,1,-1,-1,-1
82,90,421,92,118,94,1,-1,-1,-1
82,92,665,133,183,149,1,-1,-1,-1
83,92,662,134,181,146,1,-1,-1,-1
83,90,417,88,119,98,1,-1,-1,-1
84,92,658,133,180,144,1,-1,-1,-1
84,90,414,90,114,93,1,-1,-1,-1
85,92,652,135,180,140,1,-1,-1,-1
85,90,412,87,114,95,1,-1,-1,-1
86,92,649,135,181,139,1,-1,-1,-1
86,90,406,90,114,90,1,-1,-1,-1
87,92,646,135,180,140,1,-1,-1,-1
87,90,398,87,115,92,1,-1,-1,-1
88,92,646,135,177,138,1,-1,-1,-1
88,90,396,86,114,92,1,-1,-1,-1
89,92,643,135,173,137,1,-1,-1,-1
89,90,393,86,111,92,1,-1,-1,-1
90,92,645,135,169,136,1,-1,-1,-1
90,90,387,86,118,91,1,-1,-1,-1
91,92,649,134,161,134,1,-1,-1,-1
91,90,384,84,116,94,1,-1,-1,-1
92,92,652,138,157,133,1,-1,-1,-1
93,92,654,132,154,140,1,-1,-1,-1
94,92,655,133,149,133,1,-1,-1,-1
95,92,655,133,151,135,1,-1,-1,-1
96,92,658,132,149,133,1,-1,-1,-1
97,92,661,130,152,133,1,-1,-1,-1
98,92,661,130,149,130,1,-1,-1,-1
106,94,1542,358,340,211,1,-1,-1,-1
107,94,1520,350,351,220,1,-1,-1,-1
108,94,1490,343,347,211,1,-1,-1,-1
109,94,1461,340,364,205,1,-1,-1,-1
110,94,1428,337,339,198,1,-1,-1,-1
111,94,1411,328,324,200,1,-1,-1,-1
112,94,1380,324,311,194,1,-1,-1,-1
113,94,1357,320,308,190,1,-1,-1,-1
114,94,1337,313,298,189,1,-1,-1,-1
115,94,1310,302,303,190,1,-1,-1,-1
116,94,1286,297,298,186,1,-1,-1,-1
117,94,1271,292,293,186,1,-1,-1,-1
118,94,1246,284,284,190,1,-1,-1,-1
119,94,1231,278,276,184,1,-1,-1,-1
120,94,1211,277,273,179,1,-1,-1,-1
121,94,1192,274,269,179,1,-1,-1,-1
122,94,1170,272,269,174,1,-1,-1,-1
123,94,1157,265,259,180,1,-1,-1,-1
124,94,1145,261,249,173,1,-1,-1,-1
125,94,1131,257,238,175,1,-1,-1,-1
126,94,1109,253,243,173,1,-1,-1,-1
137,95,946,224,230,146,1,-1,-1,-1
138,95,939,220,221,147,1,-1,-1,-1
139,95,926,217,213,147,1,-1,-1,-1
140,95,913,210,197,152,1,-1,-1,-1
141,95,897,208,200,151,1,-1,-1,-1
142,95,888,208,195,147,1,-1,-1,-1
143,95,871,208,196,135,1,-1,-1,-1
144,95,868,202,187,146,1,-1,-1,-1
145,95,852,204,190,136,1,-1,-1,-1
146,95,844,202,189,132,1,-1,-1,-1
147,95,828,195,188,143,1,-1,-1,-1
148,95,818,191,187,145,1,-1,-1,-1
149,95,807,189,183,142,1,-1,-1,-1
150,95,797,183,189,137,1,-1,-1,-1
151,95,781,180,190,138,1,-1,-1,-1
152,95,773,176,185,139,1,-1,-1,-1
153,95,766,175,178,139,1,-1,-1,-1
154,95,756,173,177,137,1,-1,-1,-1
155,95,750,174,178,134,1,-1,-1,-1
156,95,739,172,172,133,1,-1,-1,-1
157,95,734,172,170,130,1,-1,-1,-1
158,95,724,172,172,126,1,-1,-1,-1
159,95,721,172,165,121,1,-1,-1,-1
160,95,714,169,166,121,1,-1,-1,-1
161,95,707,168,159,121,1,-1,-1,-1
162,95,701,166,162,119,1,-1,-1,-1
163,95,699,164,157,120,1,-1,-1,-1
164,95,692,164,155,117,1,-1,-1,-1
165,95,686,163,154,116,1,-1,-1,-1
166,95,678,162,155,117,1,-1,-1,-1
167,95,676,162,153,116,1,-1,-1,-1
168,95,669,160,155,115,1,-1,-1,-1
169,95,662,158,154,114,1,-1,-1,-1
169,96,289,76,111,103,1,-1,-1,-1
170,95,659,156,151,113,1,-1,-1,-1
170,96,290,77,117,103,1,-1,-1,-1
171,95,653,155,151,112,1,-1,-1,-1
171,96,296,78,115,102,1,-1,-1,-1
172,95,649,152,150,113,1,-1,-1,-1
172,96,297,81,121,103,1,-1,-1,-1
173,95,642,147,150,117,1,-1,-1,-1
173,96,300,82,122,105,1,-1,-1,-1
174,95,638,148,147,114,1,-1,-1,-1
174,96,305,84,120,104,1,-1,-1,-1
175,95,632,146,149,112,1,-1,-1,-1
175,96,308,86,122,106,1,-1,-1,-1
176,95,627,145,147,112,1,-1,-1,-1
176,96,312,86,124,107,1,-1,-1,-1
177,95,621,146,146,110,1,-1,-1,-1
177,96,316,88,123,107,1,-1,-1,-1
178,95,617,143,146,112,1,-1,-1,-1
178,96,322,89,125,107,1,-1,-1,-1
179,95,609,144,147,111,1,-1,-1,-1
179,96,325,90,124,110,1,-1,-1,-1
180,95,605,143,146,110,1,-1,-1,-1
180,96,328,90,129,110,1,-1,-1,-1
181,95,602,141,146,112,1,-1,-1,-1
181,96,334,91,129,112,1,-1,-1,-1
182,96,338,91,133,112,1,-1,-1,-1
182,95,596,141,144,107,1,-1,-1,-1
183,96,341,93,133,112,1,-1,-1,-1
183,95,592,136,146,111,1,-1,-1,-1
184,96,348,94,130,113,1,-1,-1,-1
184,95,587,136,146,107,1,-1,-1,-1
185,96,350,94,131,118,1,-1,-1,-1
185,95,585,135,143,109,1,-1,-1,-1
186,96,355,96,132,118,1,-1,-1,-1
186,95,575,133,147,108,1,-1,-1,-1
187,96,361,95,133,120,1,-1,-1,-1
187,95,575,133,140,109,1,-1,-1,-1
188,96,364,102,137,113,1,-1,-1,-1
188,95,564,132,144,107,1,-1,-1,-1
189,96,370,106,138,110,1,-1,-1,-1
189,95,565,134,140,105,1,-1,-1,-1
190,96,373,108,141,113,1,-1,-1,-1
190,95,564,132,138,106,1,-1,-1,-1
191,96,377,111,144,113,1,-1,-1,-1
191,95,555,130,141,105,1,-1,-1,-1
192,96,383,110,146,115,1,-1,-1,-1
192,95,552,130,139,100,1,-1,-1,-1
193,96,389,112,143,116,1,-1,-1,-1
193,95,546,127,139,101,1,-1,-1,-1
194,96,395,114,145,116,1,-1,-1,-1
194,95,544,125,137,101,1,-1,-1,-1
195,96,400,114,147,121,1,-1,-1,-1
195,95,538,124,137,101,1,-1,-1,-1
196,96,406,114,151,124,1,-1,-1,-1
196,95,538,123,133,100,1,-1,-1,-1
197,96,411,115,152,123,1,-1,-1,-1
197,95,535,123,133,101,1,-1,-1,-1
198,96,419,116,152,126,1,-1,-1,-1
198,95,536,118,124,108,1,-1,-1,-1
199,96,423,118,154,128,1,-1,-1,-1
200,96,429,122,155,126,1,-1,-1,-1
201,96,438,123,152,128,1,-1,-1,-1
202,96,445,125,154,130,1,-1,-1,-1
203,96,451,126,160,133,1,-1,-1,-1
204,96,456,129,162,131,1,-1,-1,-1
205,96,463,130,160,132,1,-1,-1,-1
206,96,468,131,164,135,1,-1,-1,-1
207,96,475,129,167,142,1,-1,-1,-1
208,96,482,131,172,144,1,-1,-1,-1
209,96,493,136,171,143,1,-1,-1,-1
210,96,503,138,170,146,1,-1,-1,-1
211,96,508,139,175,151,1,-1,-1,-1
212,96,515,143,180,151,1,-1,-1,-1
213,96,524,146,180,155,1,-1,-1,-1
214,96,531,148,185,155,1,-1,-1,-1
215,96,541,152,191,154,1,-1,-1,-1
216,96,550,153,192,156,1,-1,-1,-1
217,96,562,157,195,155,1,-1,-1,-1
218,96,567,158,205,161,1,-1,-1,-1
219,96,578,162,207,162,1,-1,-1,-1
220,96,590,166,209,166,1,-1,-1,-1
221,96,598,168,216,168,1,-1,-1,-1
222,96,613,172,213,170,1,-1,-1,-1
223,96,621,175,221,173,1,-1,-1,-1
224,96,633,177,224,178,1,-1,-1,-1
225,96,643,180,229,178,1,-1,-1,-1
226,96,652,180,234,186,1,-1,-1,-1
227,96,666,185,238,188,1,-1,-1,-1
228,96,677,189,245,191,1,-1,-1,-1
229,96,692,191,250,192,1,-1,-1,-1
230,96,704,197,253,194,1,-1,-1,-1
231,96,720,204,259,197,1,-1,-1,-1
232,96,731,207,264,202,1,-1,-1,-1
233,96,746,214,268,203,1,-1,-1,-1
233,97,1546,315,355,240,1,-1,-1,-1
234,96,761,217,278,208,1,-1,-1,-1
234,97,1529,304,358,260,1,-1,-1,-1
235,96,773,220,290,214,1,-1,-1,-1
235,97,1492,297,383,261,1,-1,-1,-1
236,96,799,225,279,216,1,-1,-1,-1
236,97,1452,288,439,259,1,-1,-1,-1
237,96,808,230,295,221,1,-1,-1,-1
237,97,1428,283,412,257,1,-1,-1,-1
238,96,824,233,306,226,1,-1,-1,-1
238,97,1411,278,376,248,1,-1,-1,-1
239,96,838,238,313,230,1,-1,-1,-1
239,97,1394,273,396,248,1,-1,-1,-1
240,96,851,244,318,229,1,-1,-1,-1
240,97,1354,271,381,241,1,-1,-1,-1
241,96,873,246,325,235,1,-1,-1,-1
241,97,1337,265,371,236,1,-1,-1,-1
242,97,1312,261,364,239,1,-1,-1,-1
242,96,890,250,324,241,1,-1,-1,-1
243,97,1291,254,367,239,1,-1,-1,-1
243,96,907,256,333,247,1,-1,-1,-1
244,97,1267,248,355,235,1,-1,-1,-1
244,96,925,259,343,244,1,-1,-1,-1
245,97,1245,237,335,236,1,-1,-1,-1
245,96,946,266,350,249,1,-1,-1,-1
246,96,974,271,354,264,1,-1,-1,-1
246,97,1236,239,326,229,1,-1,-1,-1
247,96,995,278,387,270,1,-1,-1,-1
248,96,1019,281,374,281,1,-1,-1,-1
249,96,1037,293,387,277,1,-1,-1,-1
250,96,1058,296,387,281,1,-1,-1,-1
251,96,1087,305,395,285,1,-1,-1,-1
252,96,1109,315,408,291,1,-1,-1,-1
253,96,1127,321,432,300,1,-1,-1,-1
254,96,1157,323,435,309,1,-1,-1,-1
255,96,1188,334,437,312,1,-1,-1,-1
256,96,1211,341,453,319,1,-1,-1,-1
256,98,1022,203,269,189,1,-1,-1,-1
257,96,1235,343,464,333,1,-1,-1,-1
257,98,1011,200,268,187,1,-1,-1,-1
258,96,1272,359,462,333,1,-1,-1,-1
258,98,993,198,268,187,1,-1,-1,-1
259,96,1284,364,478,335,1,-1,-1,-1
259,98,987,182,247,195,1,-1,-1,-1
260,96,1309,374,485,344,1,-1,-1,-1
260,98,974,179,251,196,1,-1,-1,-1
261,96,1336,380,478,350,1,-1,-1,-1
261,98,958,185,249,185,1,-1,-1,-1
262,96,1354,382,456,356,1,-1,-1,-1
262,98,947,171,239,197,1,-1,-1,-1
263,96,1370,389,478,365,1,-1,-1,-1
263,98,921,182,257,181,1,-1,-1,-1
264,96,1394,394,505,377,1,-1,-1,-1
264,98,913,180,242,177,1,-1,-1,-1
265,98,904,182,234,172,1,-1,-1,-1
265,96,1418,402,480,378,1,-1,-1,-1
266,98,898,172,224,177,1,-1,-1,-1
267,98,886,168,225,177,1,-1,-1,-1
268,98,879,169,222,172,1,-1,-1,-1
269,98,867,169,210,168,1,-1,-1,-1
270,98,847,172,224,161,1,-1,-1,-1
271,98,833,169,222,160,1,-1,-1,-1
272,98,819,168,224,155,1,-1,-1,-1
273,98,810,168,215,150,1,-1,-1,-1
274,98,800,163,217,155,1,-1,-1,-1
275,98,793,163,209,151,1,-1,-1,-1
276,98,780,157,209,153,1,-1,-1,-1
277,98,775,154,197,154,1,-1,-1,-1
278,98,764,151,201,159,1,-1,-1,-1
279,98,750,154,207,149,1,-1,-1,-1
280,98,748,152,199,150,1,-1,-1,-1
281,98,743,150,190,149,1,-1,-1,-1
282,98,732,152,193,142,1,-1,-1,-1
283,98,723,151,197,143,1,-1,-1,-1
284,98,714,149,189,142,1,-1,-1,-1
285,98,699,146,194,142,1,-1,-1,-1
286,98,688,142,194,149,1,-1,-1,-1
287,98,675,137,199,152,1,-1,-1,-1
288,98,665,130,202,158,1,-1,-1,-1
289,98,656,136,195,143,1,-1,-1,-1
290,98,639,137,205,142,1,-1,-1,-1
291,98,633,139,200,141,1,-1,-1,-1
292,98,620,138,199,139,1,-1,-1,-1
293,98,607,139,207,138,1,-1,-1,-1
294,98,589,135,214,141,1,-1,-1,-1
295,98,577,134,216,141,1,-1,-1,-1
296,98,561,130,216,144,1,-1,-1,-1
297,98,535,131,227,140,1,-1,-1,-1
298,98,521,129,223,140,1,-1,-1,-1
299,98,504,129,226,138,1,-1,-1,-1
300,98,476,129,238,140,1,-1,-1,-1
301,98,465,129,235,139,1,-1,-1,-1
302,98,438,129,238,139,1,-1,-1,-1
303,98,429,129,239,138,1,-1,-1,-1
304,98,406,131,242,136,1,-1,-1,-1
305,98,373,130,252,138,1,-1,-1,-1
306,98,358,131,259,136,1,-1,-1,-1
307,98,332,130,257,136,1,-1,-1,-1
308,98,304,128,266,136,1,-1,-1,-1
309,98,278,128,260,136,1,-1,-1,-1
310,98,253,131,274,136,1,-1,-1,-1
311,98,224,129,262,138,1,-1,-1,-1
312,98,204,130,281,135,1,-1,-1,-1
313,98,176,134,273,137,1,-1,-1,-1
314,98,138,136,298,135,1,-1,-1,-1
315,98,117,134,280,134,1,-1,-1,-1
316,98,86,139,261,131,1,-1,-1,-1
