8,99,1415,319,497,299,1,-1,-1,-1
9,99,1326,315,548,295,1,-1,-1,-1
10,99,1334,306,524,296,1,-1,-1,-1
11,99,1309,305,558,286,1,-1,-1,-1
12,99,1306,303,525,293,1,-1,-1,-1
13,99,1295,298,508,287,1,-1,-1,-1
14,99,1254,295,522,285,1,-1,-1,-1
15,99,1240,289,511,278,1,-1,-1,-1
16,99,1202,285,511,273,1,-1,-1,-1
17,99,1174,281,498,268,1,-1,-1,-1
18,99,1143,281,495,259,1,-1,-1,-1
19,99,1128,276,488,263,1,-1,-1,-1
20,99,1090,272,477,261,1,-1,-1,-1
21,99,1058,262,470,258,1,-1,-1,-1
22,99,1029,260,475,253,1,-1,-1,-1
23,99,1016,257,463,249,1,-1,-1,-1
24,99,995,254,453,242,1,-1,-1,-1
25,99,944,249,455,237,1,-1,-1,-1
26,99,909,245,439,238,1,-1,-1,-1
27,99,890,243,432,230,1,-1,-1,-1
28,99,836,236,468,227,1,-1,-1,-1
29,99,792,231,478,228,1,-1,-1,-1
30,99,775,226,438,223,1,-1,-1,-1
31,99,748,224,443,219,1,-1,-1,-1
32,99,711,215,436,217,1,-1,-1,-1
33,99,705,208,419,219,1,-1,-1,-1
34,99,679,208,413,217,1,-1,-1,-1
35,99,642,209,400,207,1,-1,-1,-1
36,99,620,207,393,203,1,-1,-1,-1
37,99,586,199,398,201,1,-1,-1,-1
38,99,566,200,394,196,1,-1,-1,-1
39,99,540,200,380,188,1,-1,-1,-1
40,99,516,199,370,182,1,-1,-1,-1
41,99,491,195,364,181,1,-1,-1,-1
42,99,465,193,348,176,1,-1,-1,-1
43,99,451,190,333,174,1,-1,-1,-1
44,99,429,189,325,172,1,-1,-1,-1
45,99,402,190,323,164,1,-1,-1,-1
46,99,387,185,315,165,1,-1,-1,-1
47,99,367,184,298,159,1,-1,-1,-1
48,99,349,184,291,156,1,-1,-1,-1
49,99,330,180,274,156,1,-1,-1,-1
50,99,312,181,276,153,1,-1,-1,-1
51,99,293,182,267,145,1,-1,-1,-1
52,99,278,177,252,145,1,-1,-1,-1
53,99,268,175,252,146,1,-1,-1,-1
54,99,254,173,242,144,1,-1,-1,-1
55,99,240,172,232,140,1,-1,-1,-1
56,99,228,171,221,137,1,-1,-1,-1
57,99,207,171,219,133,1,-1,-1,-1
58,99,195,170,206,131,1,-1,-1,-1
59,99,178,169,205,129,1,-1,-1,-1
60,99,173,170,199,123,1,-1,-1,-1
61,99,149,169,197,123,1,-1,-1,-1
62,99,145,167,187,124,1,-1,-1,-1
63,99,133,167,188,117,1,-1,-1,-1
64,99,122,167,181,116,1,-1,-1,-1
65,99,113,167,172,115,1,-1,-1,-1
66,99,103,167,165,111,1,-1,-1,-1
67,99,89,165,163,109,1,-1,-1,-1
120,100,0,197,132,124,1,-1,-1,-1
121,100,0,192,144,130,1,-1,-1,-1
122,100,0,196,145,133,1,-1,-1,-1
123,100,0,196,163,135,1,-1,-1,-1
124,100,0,194,171,140,1,-1,-1,-1
125,100,0,196,180,138,1,-1,-1,-1
126,100,9,195,177,143,1,-1,-1,-1
127,100,10,199,193,139,1,-1,-1,-1
128,100,18,198,197,142,1,-1,-1,-1
129,100,20,199,208,144,1,-1,-1,-1
130,100,27,201,208,145,1,-1,-1,-1
131,100,33,200,217,145,1,-1,-1,-1
132,100,37,202,218,146,1,-1,-1,-1
133,100,41,203,221,148,1,-1,-1,-1
134,100,46,203,224,150,1,-1,-1,-1
135,100,52,204,227,155,1,-1,-1,-1
136,100,58,204,229,153,1,-1,-1,-1
137,100,62,204,234,157,1,-1,-1,-1
138,100,67,207,243,158,1,-1,-1,-1
139,100,71,208,247,160,1,-1,-1,-1
140,100,72,208,249,163,1,-1,-1,-1
141,100,76,208,248,159,1,-1,-1,-1
142,100,83,210,253,160,1,-1,-1,-1
143,100,84,208,255,162,1,-1,-1,-1
144,100,92,212,264,164,1,-1,-1,-1
145,100,96,213,265,164,1,-1,-1,-1
146,100,102,212,265,168,1,-1,-1,-1
147,100,107,212,271,171,1,-1,-1,-1
148,100,111,210,275,174,1,-1,-1,-1
149,100,120,213,279,174,1,-1,-1,-1
150,100,126,213,280,176,1,-1,-1,-1
151,100,130,214,288,184,1,-1,-1,-1
152,100,133,215,294,184,1,-1,-1,-1
153,100,137,213,296,183,1,-1,-1,-1
154,100,153,214,294,188,1,-1,-1,-1
155,100,159,216,316,194,1,-1,-1,-1
156,100,172,218,314,193,1,-1,-1,-1
157,100,185,216,327,201,1,-1,-1,-1
158,100,189,219,328,197,1,-1,-1,-1
159,100,206,222,334,198,1,-1,-1,-1
160,100,223,223,349,207,1,-1,-1,-1
161,100,238,228,362,207,1,-1,-1,-1
162,100,251,231,369,211,1,-1,-1,-1
163,100,267,232,380,216,1,-1,-1,-1
164,100,279,231,398,222,1,-1,-1,-1
165,100,298,236,407,225,1,-1,-1,-1
166,100,323,238,431,236,1,-1,-1,-1
167,100,352,243,448,245,1,-1,-1,-1
168,100,377,245,474,255,1,-1,-1,-1
169,100,410,249,493,260,1,-1,-1,-1
170,100,435,245,494,275,1,-1,-1,-1
171,100,469,252,518,279,1,-1,-1,-1
172,100,512,252,541,295,1,-1,-1,-1
173,100,574,273,569,295,1,-1,-1,-1
174,100,584,272,619,312,1,-1,-1,-1
175,100,642,277,665,323,1,-1,-1,-1
176,100,704,294,696,342,1,-1,-1,-1
177,100,765,293,739,354,1,-1,-1,-1
178,100,862,323,709,354,1,-1,-1,-1
179,100,923,333,752,369,1,-1,-1,-1
180,100,964,337,804,403,1,-1,-1,-1
181,100,1040,346,844,431,1,-1,-1,-1
182,100,1129,364,790,436,1,-1,-1,-1
183,100,1189,361,730,453,1,-1,-1,-1
200,101,1517,389,389,228,1,-1,-1,-1
201,101,1492,388,376,216,1,-1,-1,-1
202,101,1496,383,391,226,1,-1,-1,-1
203,101,1448,382,417,214,1,-1,-1,-1
204,101,1429,372,420,224,1,-1,-1,-1
205,101,1413,367,399,219,1,-1,-1,-1
206,101,1334,354,445,230,1,-1,-1,-1
207,101,1326,351,417,224,1,-1,-1,-1
208,101,1279,345,444,220,1,-1,-1,-1
209,101,1244,335,426,221,1,-1,-1,-1
210,101,1201,331,428,214,1,-1,-1,-1
211,101,1154,322,431,216,1,-1,-1,-1
212,101,1146,322,404,209,1,-1,-1,-1
213,101,1110,316,394,205,1,-1,-1,-1
214,101,1072,311,392,200,1,-1,-1,-1
215,101,1046,304,380,195,1,-1,-1,-1
216,101,1002,298,383,193,1,-1,-1,-1
217,101,939,289,393,193,1,-1,-1,-1
218,101,910,281,381,192,1,-1,-1,-1
219,101,866,268,376,193,1,-1,-1,-1
220,101,824,266,369,188,1,-1,-1,-1
221,101,786,268,362,174,1,-1,-1,-1
222,101,748,261,354,173,1,-1,-1,-1
223,101,720,257,338,172,1,-1,-1,-1
224,101,683,248,338,170,1,-1,-1,-1
225,101,630,241,339,168,1,-1,-1,-1
226,101,591,236,341,166,1,-1,-1,-1
227,101,554,234,341,160,1,-1,-1,-1
228,101,537,228,311,157,1,-1,-1,-1
229,102,997,196,222,130,1,-1,-1,-1
229,101,501,225,291,152,1,-1,-1,-1
230,102,993,196,227,132,1,-1,-1,-1
230,101,470,224,286,146,1,-1,-1,-1
231,102,983,196,228,130,1,-1,-1,-1
231,101,443,219,273,147,1,-1,-1,-1
232,102,976,196,231,131,1,-1,-1,-1
232,101,419,216,256,142,1,-1,-1,-1
233,102,964,199,235,131,1,-1,-1,-1
233,101,389,209,245,141,1,-1,-1,-1
234,102,952,200,240,136,1,-1,-1,-1
234,101,365,206,242,138,1,-1,-1,-1
235,102,940,201,245,136,1,-1,-1,-1
235,101,339,204,226,134,1,-1,-1,-1
236,102,939,202,242,137,1,-1,-1,-1
236,101,328,203,223,133,1,-1,-1,-1
237,102,908,204,261,139,1,-1,-1,-1
237,101,294,203,218,129,1,-1,-1,-1
238,102,900,206,257,138,1,-1,-1,-1
238,101,274,200,230,127,1,-1,-1,-1
239,102,884,207,257,143,1,-1,-1,-1
239,101,265,196,200,123,1,-1,-1,-1
240,102,865,210,259,142,1,-1,-1,-1
240,101,258,196,188,122,1,-1,-1,-1
241,102,848,213,265,147,1,-1,-1,-1
241,101,252,193,181,121,1,-1,-1,-1
242,102,833,217,265,149,1,-1,-1,-1
242,101,230,192,181,117,1,-1,-1,-1
243,102,798,220,288,150,1,-1,-1,-1
243,101,201,190,170,116,1,-1,-1,-1
244,102,786,221,283,151,1,-1,-1,-1
244,101,184,190,171,111,1,-1,-1,-1
245,102,756,225,294,154,1,-1,-1,-1
245,101,163,191,169,107,1,-1,-1,-1
246,102,740,228,296,160,1,-1,-1,-1
246,101,153,187,137,108,1,-1,-1,-1
247,102,705,232,311,161,1,-1,-1,-1
247,101,131,187,151,104,1,-1,-1,-1
248,102,680,238,312,160,1,-1,-1,-1
249,102,641,242,324,164,1,-1,-1,-1
250,102,612,246,336,169,1,-1,-1,-1
251,102,574,254,338,170,1,-1,-1,-1
252,102,535,255,354,181,1,-1,-1,-1
253,102,493,261,363,188,1,-1,-1,-1
254,102,450,268,375,197,1,-1,-1,-1
255,102,404,280,379,197,1,-1,-1,-1
256,102,365,284,384,206,1,-1,-1,-1
257,102,319,290,404,212,1,-1,-1,-1
258,102,267,304,412,216,1,-1,-1,-1
259,102,222,319,403,220,1,-1,-1,-1
