0,103,411,518,354,252,1,-1,-1,-1
1,103,382,521,371,258,1,-1,-1,-1
2,103,370,529,365,259,1,-1,-1,-1
3,103,347,529,369,269,1,-1,-1,-1
4,103,327,535,382,272,1,-1,-1,-1
5,103,301,541,391,278,1,-1,-1,-1
6,103,274,549,405,277,1,-1,-1,-1
7,103,251,558,407,282,1,-1,-1,-1
8,103,222,565,410,290,1,-1,-1,-1
9,103,196,572,423,295,1,-1,-1,-1
10,103,156,577,436,299,1,-1,-1,-1
11,103,130,589,433,303,1,-1,-1,-1
12,103,97,600,447,311,1,-1,-1,-1
13,103,58,620,458,306,1,-1,-1,-1
14,103,24,620,458,320,1,-1,-1,-1
15,103,0,637,463,323,1,-1,-1,-1
16,103,0,649,442,327,1,-1,-1,-1
17,103,0,659,409,329,1,-1,-1,-1
53,104,681,446,270,235,1,-1,-1,-1
54,104,669,447,281,235,1,-1,-1,-1
54,105,886,435,465,535,1,-1,-1,-1
55,104,658,449,294,234,1,-1,-1,-1
55,105,902,430,445,523,1,-1,-1,-1
56,104,649,448,293,240,1,-1,-1,-1
56,105,916,428,447,503,1,-1,-1,-1
57,104,634,448,300,244,1,-1,-1,-1
57,105,928,421,440,492,1,-1,-1,-1
58,104,620,449,296,247,1,-1,-1,-1
58,105,943,411,419,482,1,-1,-1,-1
59,104,611,449,303,250,1,-1,-1,-1
59,105,969,407,394,478,1,-1,-1,-1
60,104,599,453,304,249,1,-1,-1,-1
60,105,957,401,409,461,1,-1,-1,-1
61,104,587,453,310,252,1,-1,-1,-1
61,105,980,397,393,449,1,-1,-1,-1
62,104,574,456,316,252,1,-1,-1,-1
62,105,991,383,389,454,1,-1,-1,-1
63,104,565,456,307,257,1,-1,-1,-1
63,105,1002,376,391,449,1,-1,-1,-1
64,104,546,456,330,261,1,-1,-1,-1
64,105,1015,368,384,440,1,-1,-1,-1
65,104,535,461,324,258,1,-1,-1,-1
65,105,1024,367,376,432,1,-1,-1,-1
66,104,521,460,326,264,1,-1,-1,-1
66,105,1036,364,368,423,1,-1,-1,-1
67,104,508,464,328,264,1,-1,-1,-1
67,105,1056,358,359,419,1,-1,-1,-1
68,104,489,463,332,266,1,-1,-1,-1
68,105,1060,358,355,409,1,-1,-1,-1
69,104,469,462,344,271,1,-1,-1,-1
69,105,1067,352,352,417,1,-1,-1,-1
70,104,459,464,344,274,1,-1,-1,-1
70,105,1072,355,350,396,1,-1,-1,-1
71,104,439,463,353,281,1,-1,-1,-1
71,105,1088,343,341,404,1,-1,-1,-1
72,104,428,465,352,284,1,-1,-1,-1
72,105,1097,344,336,393,1,-1,-1,-1
73,104,418,468,352,290,1,-1,-1,-1
73,105,1104,339,332,390,1,-1,-1,-1
74,104,400,472,359,293,1,-1,-1,-1
74,105,1107,337,324,386,1,-1,-1,-1
75,104,375,478,365,290,1,-1,-1,-1
75,105,1110,334,328,384,1,-1,-1,-1
76,104,359,472,368,301,1,-1,-1,-1
76,105,1124,339,328,371,1,-1,-1,-1
77,105,1131,334,308,372,1,-1,-1,-1
77,104,343,480,376,301,1,-1,-1,-1
78,105,1141,334,305,359,1,-1,-1,-1
78,104,314,481,389,309,1,-1,-1,-1
79,105,1147,336,304,350,1,-1,-1,-1
79,104,295,492,380,307,1,-1,-1,-1
80,105,1152,337,306,353,1,-1,-1,-1
80,104,272,494,390,307,1,-1,-1,-1
81,105,1153,333,306,354,1,-1,-1,-1
81,104,265,493,394,321,1,-1,-1,-1
82,105,1159,330,308,350,1,-1,-1,-1
82,104,230,499,408,326,1,-1,-1,-1
82,106,1028,383,156,134,1,-1,-1,-1
83,105,1165,333,302,345,1,-1,-1,-1
83,106,1040,388,147,120,1,-1,-1,-1
83,104,204,508,426,327,1,-1,-1,-1
84,105,1175,331,301,335,1,-1,-1,-1
84,106,1046,387,148,125,1,-1,-1,-1
84,104,177,510,420,335,1,-1,-1,-1
85,104,153,519,430,340,1,-1,-1,-1
85,105,1180,326,297,333,1,-1,-1,-1
85,106,1047,382,156,131,1,-1,-1,-1
86,104,139,525,433,339,1,-1,-1,-1
86,106,1053,382,155,129,1,-1,-1,-1
86,105,1182,334,295,328,1,-1,-1,-1
87,106,1060,385,155,127,1,-1,-1,-1
87,105,1195,334,294,328,1,-1,-1,-1
87,104,114,525,445,358,1,-1,-1,-1
88,106,1063,385,158,130,1,-1,-1,-1
88,105,1197,335,289,321,1,-1,-1,-1
88,104,91,539,448,352,1,-1,-1,-1
89,106,1072,383,157,131,1,-1,-1,-1
89,105,1203,338,291,315,1,-1,-1,-1
89,104,69,539,442,366,1,-1,-1,-1
90,105,1211,338,286,309,1,-1,-1,-1
90,106,1075,388,163,126,1,-1,-1,-1
90,104,34,549,468,369,1,-1,-1,-1
91,106,1087,387,153,127,1,-1,-1,-1
91,105,1215,332,278,314,1,-1,-1,-1
91,104,9,564,467,371,1,-1,-1,-1
92,106,1092,387,149,127,1,-1,-1,-1
92,105,1228,334,272,308,1,-1,-1,-1
93,106,1096,386,150,130,1,-1,-1,-1
93,105,1225,332,275,310,1,-1,-1,-1
94,106,1094,388,156,127,1,-1,-1,-1
94,105,1235,337,274,304,1,-1,-1,-1
95,106,1102,385,154,132,1,-1,-1,-1
95,105,1236,339,272,300,1,-1,-1,-1
96,106,1107,386,149,132,1,-1,-1,-1
96,105,1242,335,266,295,1,-1,-1,-1
97,106,1111,385,147,133,1,-1,-1,-1
97,105,1247,337,261,293,1,-1,-1,-1
98,106,1113,385,146,133,1,-1,-1,-1
98,105,1254,339,256,292,1,-1,-1,-1
99,106,1116,384,145,138,1,-1,-1,-1
99,105,1258,340,253,290,1,-1,-1,-1
100,106,1115,385,151,137,1,-1,-1,-1
100,105,1264,343,252,284,1,-1,-1,-1
101,106,1115,386,153,137,1,-1,-1,-1
101,105,1267,341,247,290,1,-1,-1,-1
102,106,1115,386,154,138,1,-1,-1,-1
102,105,1268,340,249,282,1,-1,-1,-1
103,106,1115,386,156,139,1,-1,-1,-1
103,105,1271,343,248,275,1,-1,-1,-1
104,106,1115,387,156,139,1,-1,-1,-1
104,105,1273,342,245,273,1,-1,-1,-1
105,106,1116,388,155,139,1,-1,-1,-1
105,105,1276,343,245,270,1,-1,-1,-1
106,106,1119,386,153,142,1,-1,-1,-1
106,105,1277,340,243,280,1,-1,-1,-1
107,106,1118,387,154,140,1,-1,-1,-1
107,105,1280,339,242,272,1,-1,-1,-1
108,106,1120,387,153,141,1,-1,-1,-1
108,105,1285,340,238,277,1,-1,-1,-1
109,106,1120,385,154,147,1,-1,-1,-1
109,105,1287,339,237,271,1,-1,-1,-1
110,106,1117,386,156,144,1,-1,-1,-1
110,105,1288,340,235,268,1,-1,-1,-1
111,106,1116,386,156,145,1,-1,-1,-1
111,105,1290,341,235,266,1,-1,-1,-1
112,106,1116,387,155,144,1,-1,-1,-1
112,105,1292,340,232,263,1,-1,-1,-1
113,106,1117,387,153,145,1,-1,-1,-1
113,105,1296,341,229,261,1,-1,-1,-1
114,106,1117,387,156,146,1,-1,-1,-1
114,105,1301,344,223,259,1,-1,-1,-1
115,106,1117,388,153,147,1,-1,-1,-1
115,105,1305,344,220,256,1,-1,-1,-1
116,106,1116,389,157,146,1,-1,-1,-1
116,105,1306,342,222,253,1,-1,-1,-1
117,106,1116,387,156,150,1,-1,-1,-1
117,105,1311,343,221,250,1,-1,-1,-1
118,106,1112,389,157,149,1,-1,-1,-1
118,105,1309,340,217,251,1,-1,-1,-1
119,106,1110,390,159,148,1,-1,-1,-1
119,105,1311,338,219,251,1,-1,-1,-1
120,106,1110,394,161,143,1,-1,-1,-1
120,105,1314,336,219,254,1,-1,-1,-1
120,107,894,717,444,352,1,-1,-1,-1
121,106,1110,394,162,142,1,-1,-1,-1
121,105,1313,336,220,253,1,-1,-1,-1
121,107,913,703,434,360,1,-1,-1,-1
122,106,1107,393,167,143,1,-1,-1,-1
122,107,900,682,445,374,1,-1,-1,-1
122,105,1317,338,217,248,1,-1,-1,-1
123,106,1102,392,170,145,1,-1,-1,-1
123,107,922,666,434,393,1,-1,-1,-1
123,105,1324,334,211,249,1,-1,-1,-1
124,107,929,658,433,378,1,-1,-1,-1
124,106,1093,393,176,147,1,-1,-1,-1
124,105,1328,333,207,246,1,-1,-1,-1
125,107,946,644,416,380,1,-1,-1,-1
125,106,1088,393,178,149,1,-1,-1,-1
125,105,1332,329,201,247,1,-1,-1,-1
126,107,949,630,415,372,1,-1,-1,-1
126,106,1091,391,173,153,1,-1,-1,-1
126,105,1333,327,201,246,1,-1,-1,-1
127,107,949,620,416,359,1,-1,-1,-1
127,106,1091,394,170,149,1,-1,-1,-1
127,105,1332,340,202,236,1,-1,-1,-1
128,106,1088,396,172,149,1,-1,-1,-1
128,107,967,606,399,356,1,-1,-1,-1
128,105,1333,340,201,233,1,-1,-1,-1
129,107,968,593,406,350,1,-1,-1,-1
129,106,1087,396,171,151,1,-1,-1,-1
129,105,1337,332,196,237,1,-1,-1,-1
130,107,983,578,394,346,1,-1,-1,-1
130,106,1085,398,173,152,1,-1,-1,-1
130,105,1340,324,192,240,1,-1,-1,-1
131,107,985,568,391,340,1,-1,-1,-1
131,106,1082,399,174,152,1,-1,-1,-1
131,105,1337,336,198,230,1,-1,-1,-1
132,107,999,553,380,330,1,-1,-1,-1
132,106,1078,398,175,152,1,-1,-1,-1
132,105,1341,328,192,238,1,-1,-1,-1
133,107,1009,548,369,329,1,-1,-1,-1
133,106,1073,395,176,156,1,-1,-1,-1
133,105,1342,329,193,237,1,-1,-1,-1
134,107,1011,541,379,325,1,-1,-1,-1
134,106,1068,392,182,162,1,-1,-1,-1
134,105,1344,328,191,236,1,-1,-1,-1
135,107,1026,533,369,321,1,-1,-1,-1
135,106,1061,393,185,161,1,-1,-1,-1
135,105,1344,325,189,235,1,-1,-1,-1
136,107,1031,525,364,312,1,-1,-1,-1
136,106,1054,396,191,159,1,-1,-1,-1
136,105,1343,340,190,218,1,-1,-1,-1
137,107,1047,519,347,307,1,-1,-1,-1
137,106,1051,396,195,161,1,-1,-1,-1
137,105,1345,341,187,215,1,-1,-1,-1
138,107,1053,512,349,304,1,-1,-1,-1
138,106,1047,394,197,163,1,-1,-1,-1
138,105,1346,343,186,213,1,-1,-1,-1
139,107,1062,503,344,301,1,-1,-1,-1
139,106,1043,395,198,163,1,-1,-1,-1
139,105,1352,325,179,227,1,-1,-1,-1
140,107,1070,500,348,293,1,-1,-1,-1
140,106,1035,399,203,159,1,-1,-1,-1
140,105,1350,329,183,223,1,-1,-1,-1
141,107,1084,493,335,292,1,-1,-1,-1
141,106,1033,397,195,165,1,-1,-1,-1
141,105,1350,328,183,223,1,-1,-1,-1
142,107,1083,485,334,293,1,-1,-1,-1
142,106,1030,400,185,161,1,-1,-1,-1
142,105,1352,326,179,222,1,-1,-1,-1
143,107,1092,485,328,288,1,-1,-1,-1
143,106,1023,399,188,164,1,-1,-1,-1
144,107,1104,484,320,277,1,-1,-1,-1
144,106,1016,402,193,164,1,-1,-1,-1
145,107,1109,478,325,273,1,-1,-1,-1
145,106,1016,401,190,169,1,-1,-1,-1
146,107,1122,471,316,275,1,-1,-1,-1
146,106,1012,403,191,173,1,-1,-1,-1
147,107,1130,468,315,272,1,-1,-1,-1
147,106,1009,404,190,174,1,-1,-1,-1
148,107,1132,469,307,265,1,-1,-1,-1
148,106,999,404,195,176,1,-1,-1,-1
149,107,1144,456,306,269,1,-1,-1,-1
149,106,989,406,202,176,1,-1,-1,-1
150,107,1150,456,305,263,1,-1,-1,-1
150,106,987,404,207,177,1,-1,-1,-1
151,107,1157,457,298,261,1,-1,-1,-1
151,106,983,406,208,177,1,-1,-1,-1
152,107,1161,454,296,258,1,-1,-1,-1
152,106,978,405,210,180,1,-1,-1,-1
153,107,1171,448,291,258,1,-1,-1,-1
153,106,969,406,215,181,1,-1,-1,-1
154,107,1179,448,285,250,1,-1,-1,-1
154,106,964,408,214,180,1,-1,-1,-1
155,107,1183,441,292,257,1,-1,-1,-1
155,106,958,407,216,185,1,-1,-1,-1
156,107,1196,448,276,243,1,-1,-1,-1
156,106,951,408,217,187,1,-1,-1,-1
157,107,1202,440,279,248,1,-1,-1,-1
157,106,941,409,222,189,1,-1,-1,-1
157,108,1127,407,131,129,1,-1,-1,-1
158,107,1204,439,280,244,1,-1,-1,-1
158,106,939,412,221,187,1,-1,-1,-1
158,108,1125,409,133,128,1,-1,-1,-1
159,107,1213,436,277,243,1,-1,-1,-1
159,106,929,412,226,191,1,-1,-1,-1
159,108,1123,411,134,129,1,-1,-1,-1
160,107,1224,433,265,241,1,-1,-1,-1
160,106,922,414,229,193,1,-1,-1,-1
160,108,1123,413,136,125,1,-1,-1,-1
161,107,1229,435,263,237,1,-1,-1,-1
161,108,1121,416,139,121,1,-1,-1,-1
161,106,909,414,239,195,1,-1,-1,-1
162,107,1230,435,262,235,1,-1,-1,-1
162,108,1119,418,141,121,1,-1,-1,-1
162,106,910,413,230,201,1,-1,-1,-1
163,107,1233,437,262,230,1,-1,-1,-1
163,106,907,412,228,203,1,-1,-1,-1
163,108,1116,412,144,128,1,-1,-1,-1
164,106,904,415,222,199,1,-1,-1,-1
164,107,1242,437,257,227,1,-1,-1,-1
164,108,1108,412,152,129,1,-1,-1,-1
165,106,890,416,229,201,1,-1,-1,-1
165,108,1098,408,165,132,1,-1,-1,-1
165,107,1248,433,248,229,1,-1,-1,-1
166,108,1101,409,157,131,1,-1,-1,-1
166,107,1247,434,251,222,1,-1,-1,-1
166,106,872,416,250,207,1,-1,-1,-1
167,108,1102,409,155,132,1,-1,-1,-1
167,106,867,412,250,210,1,-1,-1,-1
167,107,1250,434,248,219,1,-1,-1,-1
168,108,1102,411,156,133,1,-1,-1,-1
168,106,863,414,250,214,1,-1,-1,-1
168,107,1256,434,250,215,1,-1,-1,-1
169,108,1105,409,153,138,1,-1,-1,-1
169,106,854,413,253,216,1,-1,-1,-1
169,107,1261,434,247,213,1,-1,-1,-1
170,108,1103,411,153,137,1,-1,-1,-1
170,107,1262,435,244,213,1,-1,-1,-1
170,106,848,418,250,211,1,-1,-1,-1
171,108,1101,410,154,141,1,-1,-1,-1
171,106,841,415,252,219,1,-1,-1,-1
171,107,1268,436,236,207,1,-1,-1,-1
172,108,1099,411,156,140,1,-1,-1,-1
172,106,832,414,255,221,1,-1,-1,-1
172,107,1270,435,235,207,1,-1,-1,-1
173,108,1099,413,157,138,1,-1,-1,-1
173,106,817,413,264,226,1,-1,-1,-1
173,107,1271,434,243,208,1,-1,-1,-1
174,108,1095,414,159,138,1,-1,-1,-1
174,106,803,414,266,228,1,-1,-1,-1
174,107,1276,433,237,206,1,-1,-1,-1
175,108,1095,414,159,142,1,-1,-1,-1
175,106,797,415,264,229,1,-1,-1,-1
175,107,1278,431,236,211,1,-1,-1,-1
176,108,1093,415,157,139,1,-1,-1,-1
176,106,786,419,264,228,1,-1,-1,-1
176,107,1282,432,233,203,1,-1,-1,-1
177,108,1091,417,158,138,1,-1,-1,-1
177,106,777,415,270,237,1,-1,-1,-1
177,107,1287,430,232,205,1,-1,-1,-1
178,108,1087,417,161,139,1,-1,-1,-1
178,106,765,414,274,243,1,-1,-1,-1
178,107,1290,429,233,204,1,-1,-1,-1
179,108,1086,417,161,140,1,-1,-1,-1
179,106,749,414,278,241,1,-1,-1,-1
179,107,1294,431,231,197,1,-1,-1,-1
180,108,1083,420,158,138,1,-1,-1,-1
180,106,727,417,292,242,1,-1,-1,-1
180,107,1296,429,230,196,1,-1,-1,-1
181,108,1081,422,161,137,1,-1,-1,-1
181,106,712,418,298,245,1,-1,-1,-1
181,107,1299,430,228,195,1,-1,-1,-1
182,108,1080,421,160,138,1,-1,-1,-1
182,106,699,419,302,247,1,-1,-1,-1
182,107,1307,426,227,195,1,-1,-1,-1
183,108,1077,425,160,138,1,-1,-1,-1
183,106,686,422,304,247,1,-1,-1,-1
183,107,1312,426,221,197,1,-1,-1,-1
184,106,676,424,307,251,1,-1,-1,-1
184,108,1074,427,163,137,1,-1,-1,-1
184,107,1314,424,215,196,1,-1,-1,-1
185,108,1072,426,163,139,1,-1,-1,-1
185,106,664,424,300,253,1,-1,-1,-1
185,107,1316,424,217,194,1,-1,-1,-1
186,108,1067,427,164,139,1,-1,-1,-1
186,106,649,421,307,259,1,-1,-1,-1
186,107,1318,425,212,189,1,-1,-1,-1
187,108,1066,426,166,142,1,-1,-1,-1
187,106,635,424,308,261,1,-1,-1,-1
187,107,1324,425,207,189,1,-1,-1,-1
188,108,1062,430,166,140,1,-1,-1,-1
188,106,620,427,311,263,1,-1,-1,-1
188,107,1328,425,205,187,1,-1,-1,-1
189,108,1062,432,163,139,1,-1,-1,-1
189,106,601,432,322,261,1,-1,-1,-1
189,107,1332,424,203,184,1,-1,-1,-1
190,108,1059,432,162,141,1,-1,-1,-1
190,106,575,427,337,273,1,-1,-1,-1
190,107,1334,422,203,184,1,-1,-1,-1
191,108,1055,433,162,143,1,-1,-1,-1
191,106,564,425,335,282,1,-1,-1,-1
191,107,1336,423,202,182,1,-1,-1,-1
192,108,1051,435,168,142,1,-1,-1,-1
192,106,542,428,351,279,1,-1,-1,-1
192,107,1338,423,200,180,1,-1,-1,-1
193,108,1051,435,164,144,1,-1,-1,-1
193,106,520,434,353,279,1,-1,-1,-1
193,107,1334,425,201,178,1,-1,-1,-1
194,108,1045,436,169,142,1,-1,-1,-1
194,106,503,435,353,283,1,-1,-1,-1
194,107,1338,420,200,180,1,-1,-1,-1
195,108,1041,437,171,143,1,-1,-1,-1
195,106,477,445,371,276,1,-1,-1,-1
195,107,1340,420,199,177,1,-1,-1,-1
196,108,1039,437,171,143,1,-1,-1,-1
196,106,453,437,372,294,1,-1,-1,-1
196,107,1342,419,197,176,1,-1,-1,-1
197,108,1034,441,171,142,1,-1,-1,-1
197,106,428,443,382,293,1,-1,-1,-1
197,107,1343,418,196,175,1,-1,-1,-1
198,108,1029,441,173,144,1,-1,-1,-1
198,106,413,439,377,306,1,-1,-1,-1
198,107,1346,419,193,173,1,-1,-1,-1
199,106,387,440,386,309,1,-1,-1,-1
199,108,1023,443,177,142,1,-1,-1,-1
199,107,1351,423,187,168,1,-1,-1,-1
200,108,1021,442,175,145,1,-1,-1,-1
200,106,368,447,391,306,1,-1,-1,-1
200,107,1352,422,187,167,1,-1,-1,-1
201,108,1016,443,176,148,1,-1,-1,-1
201,106,338,442,402,327,1,-1,-1,-1
201,107,1351,421,192,168,1,-1,-1,-1
202,108,1012,443,178,148,1,-1,-1,-1
202,106,307,444,414,328,1,-1,-1,-1
202,107,1356,417,184,167,1,-1,-1,-1
203,108,1007,445,183,146,1,-1,-1,-1
203,106,283,449,414,334,1,-1,-1,-1
203,107,1357,414,185,166,1,-1,-1,-1
204,108,1002,445,182,150,1,-1,-1,-1
204,106,256,457,426,336,1,-1,-1,-1
204,107,1357,412,188,166,1,-1,-1,-1
205,108,998,446,183,154,1,-1,-1,-1
205,106,224,458,432,352,1,-1,-1,-1
205,107,1358,416,184,165,1,-1,-1,-1
206,108,996,450,182,152,1,-1,-1,-1
206,106,206,468,434,347,1,-1,-1,-1
206,107,1359,414,186,163,1,-1,-1,-1
207,108,988,451,187,153,1,-1,-1,-1
207,106,164,472,448,358,1,-1,-1,-1
207,107,1359,412,187,167,1,-1,-1,-1
208,108,982,452,188,154,1,-1,-1,-1
208,106,144,480,451,362,1,-1,-1,-1
208,107,1360,411,185,167,1,-1,-1,-1
209,108,972,454,192,154,1,-1,-1,-1
209,106,106,482,461,372,1,-1,-1,-1
209,107,1361,410,183,167,1,-1,-1,-1
210,108,970,455,194,154,1,-1,-1,-1
210,107,1367,411,177,160,1,-1,-1,-1
210,106,82,490,456,376,1,-1,-1,-1
211,108,966,455,193,159,1,-1,-1,-1
211,107,1365,410,178,161,1,-1,-1,-1
211,106,57,507,466,379,1,-1,-1,-1
212,108,959,456,196,157,1,-1,-1,-1
212,106,12,517,485,388,1,-1,-1,-1
212,107,1366,409,177,160,1,-1,-1,-1
212,109,910,734,435,324,1,-1,-1,-1
213,108,949,457,197,157,1,-1,-1,-1
213,107,1366,409,177,159,1,-1,-1,-1
213,106,0,528,473,391,1,-1,-1,-1
213,109,924,713,429,345,1,-1,-1,-1
214,108,943,456,207,159,1,-1,-1,-1
214,107,1368,408,175,157,1,-1,-1,-1
214,109,940,698,426,341,1,-1,-1,-1
214,106,0,528,449,410,1,-1,-1,-1
215,108,934,456,206,164,1,-1,-1,-1
215,107,1369,408,174,156,1,-1,-1,-1
215,109,950,677,418,335,1,-1,-1,-1
215,106,0,544,424,413,1,-1,-1,-1
216,108,925,455,212,166,1,-1,-1,-1
216,107,1375,409,167,158,1,-1,-1,-1
216,109,963,662,411,327,1,-1,-1,-1
216,106,0,556,396,422,1,-1,-1,-1
217,107,1371,407,171,156,1,-1,-1,-1
217,108,914,457,215,169,1,-1,-1,-1
217,109,983,651,389,316,1,-1,-1,-1
218,107,1371,406,170,154,1,-1,-1,-1
218,108,912,458,214,170,1,-1,-1,-1
218,109,997,639,393,303,1,-1,-1,-1
219,107,1372,405,169,154,1,-1,-1,-1
219,108,909,461,203,169,1,-1,-1,-1
219,109,1003,624,394,304,1,-1,-1,-1
220,107,1374,403,168,154,1,-1,-1,-1
220,108,897,456,214,179,1,-1,-1,-1
220,109,1029,606,374,301,1,-1,-1,-1
221,108,892,462,218,173,1,-1,-1,-1
221,107,1376,403,166,153,1,-1,-1,-1
221,109,1040,593,365,298,1,-1,-1,-1
222,108,879,458,219,180,1,-1,-1,-1
222,107,1375,400,167,154,1,-1,-1,-1
222,109,1045,582,369,291,1,-1,-1,-1
223,108,872,464,220,173,1,-1,-1,-1
223,107,1377,400,164,153,1,-1,-1,-1
223,109,1058,572,359,287,1,-1,-1,-1
224,108,866,466,217,172,1,-1,-1,-1
224,107,1379,400,168,150,1,-1,-1,-1
224,109,1061,565,359,284,1,-1,-1,-1
225,107,1381,399,162,152,1,-1,-1,-1
225,108,854,461,223,181,1,-1,-1,-1
225,109,1087,553,345,277,1,-1,-1,-1
226,108,845,468,226,179,1,-1,-1,-1
226,107,1382,399,161,151,1,-1,-1,-1
226,109,1105,543,338,281,1,-1,-1,-1
227,107,1382,402,159,149,1,-1,-1,-1
227,108,837,470,229,180,1,-1,-1,-1
228,107,1382,402,160,149,1,-1,-1,-1
228,108,825,471,234,180,1,-1,-1,-1
229,108,814,471,236,184,1,-1,-1,-1
229,107,1382,401,160,149,1,-1,-1,-1
230,107,1381,400,162,148,1,-1,-1,-1
230,108,807,471,236,186,1,-1,-1,-1
231,108,795,470,243,191,1,-1,-1,-1
231,107,1378,398,164,147,1,-1,-1,-1
232,107,1380,401,162,145,1,-1,-1,-1
232,108,779,474,248,187,1,-1,-1,-1
233,107,1379,400,161,144,1,-1,-1,-1
233,108,764,472,256,190,1,-1,-1,-1
234,107,1380,400,161,145,1,-1,-1,-1
234,108,756,479,250,188,1,-1,-1,-1
235,108,744,477,252,197,1,-1,-1,-1
235,107,1377,399,162,143,1,-1,-1,-1
236,108,729,478,260,200,1,-1,-1,-1
236,107,1380,399,161,141,1,-1,-1,-1
237,108,715,479,264,201,1,-1,-1,-1
238,108,701,482,264,201,1,-1,-1,-1
239,108,688,483,273,206,1,-1,-1,-1
240,108,674,484,278,210,1,-1,-1,-1
241,108,660,485,277,214,1,-1,-1,-1
242,108,641,486,284,218,1,-1,-1,-1
243,108,623,488,284,219,1,-1,-1,-1
244,108,610,491,292,218,1,-1,-1,-1
245,108,585,492,302,223,1,-1,-1,-1
246,108,575,495,290,228,1,-1,-1,-1
247,108,556,495,298,233,1,-1,-1,-1
248,108,535,498,307,234,1,-1,-1,-1
249,108,512,502,309,238,1,-1,-1,-1
250,108,501,504,314,242,1,-1,-1,-1
251,108,476,505,322,244,1,-1,-1,-1
252,108,451,513,331,243,1,-1,-1,-1
253,108,418,518,342,247,1,-1,-1,-1
254,108,398,522,345,250,1,-1,-1,-1
255,108,374,525,348,256,1,-1,-1,-1
256,108,339,529,356,264,1,-1,-1,-1
257,108,313,538,358,269,1,-1,-1,-1
258,108,290,544,373,273,1,-1,-1,-1
259,108,259,553,369,279,1,-1,-1,-1
