0,110,188,590,212,120,1,-1,-1,-1
1,110,187,590,211,120,1,-1,-1,-1
2,110,187,590,211,120,1,-1,-1,-1
3,110,187,590,210,119,1,-1,-1,-1
4,110,186,590,211,119,1,-1,-1,-1
5,110,185,590,211,119,1,-1,-1,-1
6,110,186,590,210,119,1,-1,-1,-1
7,110,186,590,210,119,1,-1,-1,-1
8,110,186,591,210,119,1,-1,-1,-1
9,110,186,591,210,119,1,-1,-1,-1
10,110,186,591,210,119,1,-1,-1,-1
11,110,186,591,210,119,1,-1,-1,-1
12,110,185,590,211,119,1,-1,-1,-1
13,110,185,590,211,119,1,-1,-1,-1
14,110,184,591,211,119,1,-1,-1,-1
15,110,185,591,211,119,1,-1,-1,-1
16,110,185,591,211,119,1,-1,-1,-1
17,110,185,591,211,119,1,-1,-1,-1
18,110,185,591,211,119,1,-1,-1,-1
19,110,185,591,211,119,1,-1,-1,-1
20,110,185,591,211,119,1,-1,-1,-1
21,110,186,590,213,120,1,-1,-1,-1
21,111,462,507,88,77,1,-1,-1,-1
22,110,186,590,212,120,1,-1,-1,-1
22,111,465,507,88,78,1,-1,-1,-1
23,110,185,590,212,120,1,-1,-1,-1
23,111,468,506,87,81,1,-1,-1,-1
24,110,184,585,212,129,1,-1,-1,-1
24,111,471,506,86,81,1,-1,-1,-1
24,112,1093,218,426,281,1,-1,-1,-1
25,110,184,585,212,130,1,-1,-1,-1
25,111,474,506,91,83,1,-1,-1,-1
25,112,1074,247,370,248,1,-1,-1,-1
26,110,184,585,212,129,1,-1,-1,-1
26,111,475,505,96,87,1,-1,-1,-1
26,112,1027,257,360,240,1,-1,-1,-1
27,110,184,585,212,129,1,-1,-1,-1
27,111,481,508,94,86,1,-1,-1,-1
27,112,995,272,335,229,1,-1,-1,-1
28,110,184,585,212,129,1,-1,-1,-1
28,111,483,511,97,84,1,-1,-1,-1
28,112,962,293,303,211,1,-1,-1,-1
29,111,487,510,104,87,1,-1,-1,-1
29,110,184,585,212,129,1,-1,-1,-1
29,112,943,299,280,206,1,-1,-1,-1
30,111,490,508,105,95,1,-1,-1,-1
30,110,184,585,212,129,1,-1,-1,-1
30,112,913,307,261,196,1,-1,-1,-1
31,111,494,509,105,93,1,-1,-1,-1
31,110,188,590,210,120,1,-1,-1,-1
31,112,887,323,240,183,1,-1,-1,-1
32,111,498,509,109,94,1,-1,-1,-1
32,110,188,590,210,119,1,-1,-1,-1
32,112,860,336,242,171,1,-1,-1,-1
33,111,503,509,114,96,1,-1,-1,-1
33,110,188,590,210,119,1,-1,-1,-1
33,112,827,350,233,161,1,-1,-1,-1
34,111,508,508,117,99,1,-1,-1,-1
34,110,188,590,210,119,1,-1,-1,-1
34,112,818,353,210,154,1,-1,-1,-1
35,111,514,509,118,102,1,-1,-1,-1
35,110,188,590,209,119,1,-1,-1,-1
35,112,795,359,196,152,1,-1,-1,-1
36,111,516,507,126,106,1,-1,-1,-1
36,110,187,590,209,119,1,-1,-1,-1
36,112,776,360,197,150,1,-1,-1,-1
37,111,524,509,131,106,1,-1,-1,-1
37,110,187,590,209,119,1,-1,-1,-1
37,112,760,364,189,147,1,-1,-1,-1
38,111,528,509,134,108,1,-1,-1,-1
38,110,188,590,210,119,1,-1,-1,-1
39,111,539,507,136,112,1,-1,-1,-1
39,110,187,590,210,119,1,-1,-1,-1
40,111,544,507,140,116,1,-1,-1,-1
40,110,187,590,209,119,1,-1,-1,-1
40,113,454,517,75,67,1,-1,-1,-1
41,111,555,509,150,119,1,-1,-1,-1
41,110,183,584,212,129,1,-1,-1,-1
41,113,457,516,75,67,1,-1,-1,-1
42,111,560,509,155,126,1,-1,-1,-1
42,110,186,590,210,119,1,-1,-1,-1
42,113,465,515,72,68,1,-1,-1,-1
43,111,568,509,155,130,1,-1,-1,-1
43,110,186,590,211,119,1,-1,-1,-1
43,113,466,517,75,68,1,-1,-1,-1
44,111,575,511,166,133,1,-1,-1,-1
44,110,186,590,211,119,1,-1,-1,-1
44,113,465,517,81,71,1,-1,-1,-1
45,111,587,510,174,139,1,-1,-1,-1
45,110,187,590,210,119,1,-1,-1,-1
45,113,470,519,80,71,1,-1,-1,-1
46,111,594,513,186,146,1,-1,-1,-1
46,110,189,589,211,119,1,-1,-1,-1
46,113,473,519,83,73,1,-1,-1,-1
47,111,607,516,193,146,1,-1,-1,-1
47,110,188,589,213,120,1,-1,-1,-1
47,113,478,518,87,76,1,-1,-1,-1
48,111,618,514,206,156,1,-1,-1,-1
48,110,188,588,213,120,1,-1,-1,-1
48,113,479,517,92,79,1,-1,-1,-1
49,111,632,515,229,167,1,-1,-1,-1
49,110,192,588,214,121,1,-1,-1,-1
49,113,483,517,93,83,1,-1,-1,-1
50,111,646,519,238,177,1,-1,-1,-1
50,110,192,585,206,127,1,-1,-1,-1
50,113,485,518,101,82,1,-1,-1,-1
51,111,667,520,253,187,1,-1,-1,-1
51,110,195,584,206,127,1,-1,-1,-1
51,113,490,518,103,86,1,-1,-1,-1
52,111,675,524,278,206,1,-1,-1,-1
52,113,497,517,106,90,1,-1,-1,-1
52,110,198,584,209,127,1,-1,-1,-1
53,111,697,525,304,218,1,-1,-1,-1
53,113,503,517,107,92,1,-1,-1,-1
53,110,201,583,209,129,1,-1,-1,-1
54,111,724,525,330,233,1,-1,-1,-1
54,113,509,517,111,94,1,-1,-1,-1
54,110,204,582,202,126,1,-1,-1,-1
55,111,749,537,361,252,1,-1,-1,-1
55,113,516,516,113,99,1,-1,-1,-1
55,110,203,579,205,132,1,-1,-1,-1
56,113,523,517,124,99,1,-1,-1,-1
56,111,776,539,386,271,1,-1,-1,-1
56,110,209,580,204,125,1,-1,-1,-1
57,113,532,517,124,97,1,-1,-1,-1
57,111,804,542,425,300,1,-1,-1,-1
57,110,207,578,216,130,1,-1,-1,-1
58,113,543,518,126,100,1,-1,-1,-1
58,111,843,547,495,332,1,-1,-1,-1
58,110,198,578,232,130,1,-1,-1,-1
59,113,548,518,135,102,1,-1,-1,-1
59,111,879,549,568,374,1,-1,-1,-1
59,110,232,575,210,127,1,-1,-1,-1
60,113,560,518,140,106,1,-1,-1,-1
60,111,950,553,634,423,1,-1,-1,-1
60,110,216,573,223,133,1,-1,-1,-1
61,113,573,517,153,112,1,-1,-1,-1
61,110,242,569,215,133,1,-1,-1,-1
61,111,1015,556,584,481,1,-1,-1,-1
62,113,588,516,163,115,1,-1,-1,-1
62,110,242,570,212,135,1,-1,-1,-1
63,113,605,516,170,119,1,-1,-1,-1
63,110,262,562,220,138,1,-1,-1,-1
64,113,609,515,179,126,1,-1,-1,-1
64,110,269,562,215,138,1,-1,-1,-1
65,113,633,514,189,130,1,-1,-1,-1
65,110,280,567,203,129,1,-1,-1,-1
66,113,656,515,209,130,1,-1,-1,-1
66,110,298,561,205,130,1,-1,-1,-1
67,113,676,515,215,135,1,-1,-1,-1
67,110,308,558,198,129,1,-1,-1,-1
68,113,708,510,238,150,1,-1,-1,-1
68,110,307,557,209,127,1,-1,-1,-1
69,110,324,553,204,131,1,-1,-1,-1
69,113,738,507,265,162,1,-1,-1,-1
70,110,327,549,214,135,1,-1,-1,-1
70,113,775,506,285,168,1,-1,-1,-1
71,110,339,544,209,138,1,-1,-1,-1
71,113,807,504,310,182,1,-1,-1,-1
72,110,360,541,206,135,1,-1,-1,-1
72,113,867,504,341,188,1,-1,-1,-1
73,110,373,540,205,133,1,-1,-1,-1
73,113,893,501,387,210,1,-1,-1,-1
74,113,956,501,433,226,1,-1,-1,-1
74,110,381,535,208,138,1,-1,-1,-1
75,113,1024,499,478,250,1,-1,-1,-1
75,110,394,534,210,136,1,-1,-1,-1
76,110,406,533,218,134,1,-1,-1,-1
76,113,1077,498,522,261,1,-1,-1,-1
77,110,415,530,210,139,1,-1,-1,-1
77,113,1031,490,510,275,1,-1,-1,-1
78,110,430,527,216,139,1,-1,-1,-1
79,110,444,519,235,147,1,-1,-1,-1
80,110,452,516,232,150,1,-1,-1,-1
81,110,462,510,225,147,1,-1,-1,-1
82,110,495,501,240,154,1,-1,-1,-1
83,110,495,499,247,158,1,-1,-1,-1
84,110,510,498,237,162,1,-1,-1,-1
85,110,533,493,258,164,1,-1,-1,-1
86,110,550,491,252,167,1,-1,-1,-1
87,110,574,489,256,169,1,-1,-1,-1
88,110,578,484,278,177,1,-1,-1,-1
89,110,598,483,281,186,1,-1,-1,-1
90,110,616,477,301,197,1,-1,-1,-1
91,110,642,474,303,203,1,-1,-1,-1
92,110,671,469,322,216,1,-1,-1,-1
92,114,1256,299,310,186,1,-1,-1,-1
93,110,690,462,345,230,1,-1,-1,-1
93,114,1201,313,329,173,1,-1,-1,-1
94,110,725,459,357,237,1,-1,-1,-1
94,114,1146,325,305,171,1,-1,-1,-1
95,110,745,455,400,248,1,-1,-1,-1
95,114,1114,341,269,156,1,-1,-1,-1
96,110,777,447,426,269,1,-1,-1,-1
96,114,1065,349,259,150,1,-1,-1,-1
97,110,802,444,459,280,1,-1,-1,-1
97,114,1029,357,239,143,1,-1,-1,-1
98,110,846,438,497,294,1,-1,-1,-1
99,110,894,419,528,329,1,-1,-1,-1
100,110,949,404,573,369,1,-1,-1,-1
101,110,1001,405,598,386,1,-1,-1,-1
102,115,895,390,171,117,1,-1,-1,-1
102,110,1022,386,555,402,1,-1,-1,-1
103,115,868,393,172,114,1,-1,-1,-1
104,115,853,399,155,110,1,-1,-1,-1
105,115,832,402,153,108,1,-1,-1,-1
106,115,810,405,151,110,1,-1,-1,-1
107,115,790,408,145,107,1,-1,-1,-1
108,115,779,412,144,103,1,-1,-1,-1
109,115,760,415,145,104,1,-1,-1,-1
110,115,745,417,139,103,1,-1,-1,-1
111,115,732,420,135,98,1,-1,-1,-1
112,115,718,425,126,94,1,-1,-1,-1
113,115,705,428,128,94,1,-1,-1,-1
114,115,697,433,117,89,1,-1,-1,-1
115,115,683,434,120,91,1,-1,-1,-1
116,115,675,438,116,88,1,-1,-1,-1
117,115,663,439,112,87,1,-1,-1,-1
118,115,655,442,103,85,1,-1,-1,-1
119,115,648,445,103,85,1,-1,-1,-1
120,115,636,447,103,82,1,-1,-1,-1
121,115,630,450,98,80,1,-1,-1,-1
121,116,454,509,87,73,1,-1,-1,-1
122,115,624,452,99,78,1,-1,-1,-1
122,116,456,509,86,73,1,-1,-1,-1
123,115,616,454,95,75,1,-1,-1,-1
123,116,461,510,83,73,1,-1,-1,-1
124,115,610,456,94,74,1,-1,-1,-1
124,116,461,509,85,74,1,-1,-1,-1
125,115,604,456,93,75,1,-1,-1,-1
125,116,464,510,83,75,1,-1,-1,-1
126,115,598,458,90,73,1,-1,-1,-1
126,116,465,510,86,76,1,-1,-1,-1
127,115,595,457,90,74,1,-1,-1,-1
127,116,466,508,89,78,1,-1,-1,-1
128,116,470,509,92,83,1,-1,-1,-1
128,115,588,458,91,74,1,-1,-1,-1
129,116,474,512,94,81,1,-1,-1,-1
129,115,585,457,82,74,1,-1,-1,-1
130,116,475,513,97,82,1,-1,-1,-1
130,115,575,458,87,74,1,-1,-1,-1
131,116,478,513,96,87,1,-1,-1,-1
131,115,575,461,81,73,1,-1,-1,-1
132,116,481,514,98,87,1,-1,-1,-1
132,115,568,465,84,68,1,-1,-1,-1
133,116,482,515,103,89,1,-1,-1,-1
133,115,565,466,80,67,1,-1,-1,-1
134,116,486,515,107,93,1,-1,-1,-1
134,115,557,466,82,68,1,-1,-1,-1
135,116,489,512,110,95,1,-1,-1,-1
135,115,556,468,77,66,1,-1,-1,-1
136,116,492,515,109,97,1,-1,-1,-1
136,115,554,470,75,66,1,-1,-1,-1
137,116,496,515,109,97,1,-1,-1,-1
138,116,500,517,113,99,1,-1,-1,-1
139,116,503,517,119,104,1,-1,-1,-1
140,116,508,520,117,103,1,-1,-1,-1
141,116,512,522,123,104,1,-1,-1,-1
142,116,518,524,130,109,1,-1,-1,-1
143,116,524,524,132,111,1,-1,-1,-1
144,116,526,524,141,117,1,-1,-1,-1
145,116,534,524,146,123,1,-1,-1,-1
146,116,538,526,154,131,1,-1,-1,-1
147,116,547,525,161,136,1,-1,-1,-1
148,116,551,525,171,142,1,-1,-1,-1
149,116,560,528,182,153,1,-1,-1,-1
150,116,568,529,189,162,1,-1,-1,-1
151,116,573,536,205,159,1,-1,-1,-1
152,116,582,541,226,170,1,-1,-1,-1
153,116,597,540,232,181,1,-1,-1,-1
154,116,620,543,233,185,1,-1,-1,-1
155,116,622,550,259,198,1,-1,-1,-1
156,116,639,555,284,211,1,-1,-1,-1
157,116,656,559,321,227,1,-1,-1,-1
158,116,686,563,355,242,1,-1,-1,-1
159,116,711,568,363,266,1,-1,-1,-1
160,116,740,577,413,288,1,-1,-1,-1
161,116,770,580,477,308,1,-1,-1,-1
162,116,819,584,512,357,1,-1,-1,-1
163,116,857,597,603,412,1,-1,-1,-1
164,116,917,602,682,469,1,-1,-1,-1
165,116,989,623,610,519,1,-1,-1,-1
184,117,1341,320,244,157,1,-1,-1,-1
185,117,1267,330,281,154,1,-1,-1,-1
186,117,1203,341,307,147,1,-1,-1,-1
187,117,1149,352,276,141,1,-1,-1,-1
188,117,1108,362,239,135,1,-1,-1,-1
189,117,1070,374,213,125,1,-1,-1,-1
190,117,1027,379,214,123,1,-1,-1,-1
191,117,997,382,206,122,1,-1,-1,-1
192,117,955,387,204,117,1,-1,-1,-1
193,117,922,395,201,111,1,-1,-1,-1
194,117,897,400,185,106,1,-1,-1,-1
195,117,868,402,178,107,1,-1,-1,-1
196,117,852,406,159,103,1,-1,-1,-1
197,117,833,412,153,101,1,-1,-1,-1
198,117,812,416,148,99,1,-1,-1,-1
199,117,796,419,142,95,1,-1,-1,-1
200,117,780,422,136,93,1,-1,-1,-1
201,117,761,427,135,90,1,-1,-1,-1
202,117,739,431,132,90,1,-1,-1,-1
203,117,720,435,131,89,1,-1,-1,-1
204,117,705,440,124,88,1,-1,-1,-1
205,117,696,444,111,82,1,-1,-1,-1
206,117,681,445,114,83,1,-1,-1,-1
207,117,671,448,112,78,1,-1,-1,-1
208,117,660,448,109,80,1,-1,-1,-1
209,117,655,451,98,78,1,-1,-1,-1
210,117,642,451,101,78,1,-1,-1,-1
211,117,633,455,99,76,1,-1,-1,-1
212,117,630,457,91,73,1,-1,-1,-1
213,117,622,461,89,69,1,-1,-1,-1
214,117,616,461,87,71,1,-1,-1,-1
215,117,613,463,81,68,1,-1,-1,-1
216,117,603,463,84,68,1,-1,-1,-1
217,117,599,463,81,70,1,-1,-1,-1
218,117,592,464,80,69,1,-1,-1,-1
219,117,590,464,73,68,1,-1,-1,-1
220,117,584,465,74,67,1,-1,-1,-1
231,118,428,512,78,66,1,-1,-1,-1
232,118,431,512,77,67,1,-1,-1,-1
233,118,434,512,78,68,1,-1,-1,-1
234,118,437,513,78,67,1,-1,-1,-1
235,118,439,511,80,70,1,-1,-1,-1
236,118,442,510,81,72,1,-1,-1,-1
237,118,444,509,82,73,1,-1,-1,-1
238,118,447,508,83,75,1,-1,-1,-1
239,118,448,507,85,75,1,-1,-1,-1
240,118,451,506,88,77,1,-1,-1,-1
240,119,1233,380,325,192,1,-1,-1,-1
241,118,454,506,89,79,1,-1,-1,-1
241,119,1171,386,345,179,1,-1,-1,-1
242,118,458,505,90,82,1,-1,-1,-1
242,119,1108,396,356,168,1,-1,-1,-1
243,118,460,505,93,81,1,-1,-1,-1
243,119,1057,400,336,165,1,-1,-1,-1
244,118,464,504,95,84,1,-1,-1,-1
244,119,1029,404,312,159,1,-1,-1,-1
245,118,467,497,101,93,1,-1,-1,-1
245,119,996,415,270,148,1,-1,-1,-1
246,118,471,501,102,90,1,-1,-1,-1
246,119,968,420,249,142,1,-1,-1,-1
247,118,474,501,104,94,1,-1,-1,-1
247,119,952,419,275,141,1,-1,-1,-1
248,118,478,502,107,94,1,-1,-1,-1
248,119,922,423,256,137,1,-1,-1,-1
249,118,482,503,112,95,1,-1,-1,-1
249,119,890,427,238,131,1,-1,-1,-1
250,118,488,503,111,97,1,-1,-1,-1
250,119,862,434,210,125,1,-1,-1,-1
251,118,491,504,115,100,1,-1,-1,-1
251,119,846,439,201,120,1,-1,-1,-1
252,118,496,504,123,104,1,-1,-1,-1
252,119,825,441,191,118,1,-1,-1,-1
253,118,504,506,122,104,1,-1,-1,-1
253,119,807,440,179,116,1,-1,-1,-1
254,118,509,507,129,105,1,-1,-1,-1
254,119,785,442,179,115,1,-1,-1,-1
255,118,516,507,135,109,1,-1,-1,-1
255,119,773,444,168,111,1,-1,-1,-1
256,118,524,507,142,112,1,-1,-1,-1
256,119,761,447,163,109,1,-1,-1,-1
257,118,530,508,145,112,1,-1,-1,-1
257,119,741,450,163,106,1,-1,-1,-1
258,118,538,506,155,122,1,-1,-1,-1
258,119,726,451,164,106,1,-1,-1,-1
259,118,544,505,163,129,1,-1,-1,-1
259,119,705,455,164,100,1,-1,-1,-1
260,118,557,510,168,129,1,-1,-1,-1
260,119,692,457,159,103,1,-1,-1,-1
261,118,564,512,178,134,1,-1,-1,-1
261,119,667,464,158,93,1,-1,-1,-1
262,118,570,515,189,139,1,-1,-1,-1
263,118,587,511,201,147,1,-1,-1,-1
264,118,598,511,212,162,1,-1,-1,-1
264,120,1342,317,244,157,1,-1,-1,-1
265,118,617,512,242,170,1,-1,-1,-1
265,120,1293,320,281,156,1,-1,-1,-1
266,118,638,509,258,186,1,-1,-1,-1
266,120,1237,327,301,151,1,-1,-1,-1
266,121,587,479,147,98,1,-1,-1,-1
267,121,569,483,147,99,1,-1,-1,-1
267,118,666,511,274,201,1,-1,-1,-1
267,120,1174,341,316,141,1,-1,-1,-1
268,118,686,509,313,225,1,-1,-1,-1
268,121,545,489,147,99,1,-1,-1,-1
268,120,1149,347,290,138,1,-1,-1,-1
269,118,717,511,343,244,1,-1,-1,-1
269,121,533,494,137,97,1,-1,-1,-1
269,120,1111,356,277,134,1,-1,-1,-1
270,118,746,515,405,260,1,-1,-1,-1
270,121,515,501,138,96,1,-1,-1,-1
270,120,1083,364,233,130,1,-1,-1,-1
271,120,1054,372,214,124,1,-1,-1,-1
271,121,495,506,137,97,1,-1,-1,-1
271,118,766,518,442,290,1,-1,-1,-1
272,121,473,511,145,99,1,-1,-1,-1
272,118,805,521,511,329,1,-1,-1,-1
272,120,1019,377,221,123,1,-1,-1,-1
273,121,459,516,135,97,1,-1,-1,-1
273,118,855,532,602,369,1,-1,-1,-1
273,120,989,381,223,123,1,-1,-1,-1
274,121,434,525,142,97,1,-1,-1,-1
274,120,958,386,211,118,1,-1,-1,-1
274,118,899,537,700,430,1,-1,-1,-1
275,120,944,392,198,110,1,-1,-1,-1
275,121,418,530,146,96,1,-1,-1,-1
275,118,963,531,636,509,1,-1,-1,-1
276,120,916,398,178,108,1,-1,-1,-1
276,121,393,539,138,96,1,-1,-1,-1
277,121,374,546,136,94,1,-1,-1,-1
277,120,893,399,181,108,1,-1,-1,-1
278,121,351,554,136,95,1,-1,-1,-1
278,120,866,402,177,105,1,-1,-1,-1
279,121,328,562,139,92,1,-1,-1,-1
279,120,850,408,175,100,1,-1,-1,-1
280,121,303,570,139,93,1,-1,-1,-1
280,120,828,410,169,102,1,-1,-1,-1
281,120,820,414,159,99,1,-1,-1,-1
281,121,272,578,144,92,1,-1,-1,-1
282,121,249,582,143,97,1,-1,-1,-1
282,120,805,416,154,98,1,-1,-1,-1
283,120,792,419,150,95,1,-1,-1,-1
283,121,227,590,139,95,1,-1,-1,-1
284,120,778,421,149,93,1,-1,-1,-1
284,121,221,595,126,92,1,-1,-1,-1
285,120,764,425,145,91,1,-1,-1,-1
285,121,195,605,134,90,1,-1,-1,-1
286,121,165,614,137,90,1,-1,-1,-1
286,120,743,428,147,92,1,-1,-1,-1
287,120,728,430,142,90,1,-1,-1,-1
287,121,137,622,147,90,1,-1,-1,-1
288,120,721,436,134,86,1,-1,-1,-1
288,121,115,631,140,89,1,-1,-1,-1
289,120,708,438,131,87,1,-1,-1,-1
289,121,95,637,140,87,1,-1,-1,-1
290,120,696,441,126,87,1,-1,-1,-1
290,121,73,644,131,88,1,-1,-1,-1
291,120,690,443,117,85,1,-1,-1,-1
291,121,48,651,135,86,1,-1,-1,-1
292,120,676,445,122,84,1,-1,-1,-1
292,121,32,657,135,87,1,-1,-1,-1
293,120,665,446,121,84,1,-1,-1,-1
293,121,10,660,140,88,1,-1,-1,-1
294,120,655,447,119,84,1,-1,-1,-1
294,122,465,515,69,65,1,-1,-1,-1
295,120,646,450,112,81,1,-1,-1,-1
295,122,469,515,72,65,1,-1,-1,-1
296,120,640,451,111,82,1,-1,-1,-1
296,122,470,518,75,65,1,-1,-1,-1
297,120,632,453,105,80,1,-1,-1,-1
297,122,474,516,75,67,1,-1,-1,-1
298,120,627,456,103,76,1,-1,-1,-1
298,122,476,516,75,69,1,-1,-1,-1
299,120,621,458,97,73,1,-1,-1,-1
299,122,478,517,81,69,1,-1,-1,-1
300,122,480,517,84,71,1,-1,-1,-1
300,120,616,459,93,75,1,-1,-1,-1
301,122,482,517,86,74,1,-1,-1,-1
301,120,612,463,96,71,1,-1,-1,-1
302,122,487,518,88,76,1,-1,-1,-1
302,120,609,463,88,71,1,-1,-1,-1
303,122,492,520,92,75,1,-1,-1,-1
303,120,603,463,90,70,1,-1,-1,-1
304,122,498,517,92,81,1,-1,-1,-1
304,120,598,464,86,71,1,-1,-1,-1
305,122,503,516,94,82,1,-1,-1,-1
305,120,593,465,84,69,1,-1,-1,-1
306,122,509,516,99,86,1,-1,-1,-1
306,120,588,468,79,65,1,-1,-1,-1
307,122,515,515,105,90,1,-1,-1,-1
307,120,584,467,79,67,1,-1,-1,-1
308,122,520,515,103,90,1,-1,-1,-1
308,120,581,467,79,66,1,-1,-1,-1
309,122,527,516,115,91,1,-1,-1,-1
309,120,578,471,75,63,1,-1,-1,-1
310,122,538,517,114,92,1,-1,-1,-1
311,122,547,516,120,92,1,-1,-1,-1
312,122,557,516,121,95,1,-1,-1,-1
313,122,567,514,127,98,1,-1,-1,-1
314,122,577,516,133,99,1,-1,-1,-1
315,122,593,515,146,105,1,-1,-1,-1
316,122,614,514,144,105,1,-1,-1,-1
317,122,624,514,148,111,1,-1,-1,-1
318,122,640,516,162,113,1,-1,-1,-1
319,122,653,513,178,124,1,-1,-1,-1
320,122,675,511,199,129,1,-1,-1,-1
321,122,706,507,196,137,1,-1,-1,-1
322,122,737,500,208,149,1,-1,-1,-1
323,122,757,500,240,161,1,-1,-1,-1
324,122,791,502,260,165,1,-1,-1,-1
325,122,802,505,299,174,1,-1,-1,-1
326,122,844,505,332,190,1,-1,-1,-1
327,122,886,508,374,200,1,-1,-1,-1
328,122,944,506,391,222,1,-1,-1,-1
329,122,1002,505,435,244,1,-1,-1,-1
330,122,1073,505,497,265,1,-1,-1,-1
331,122,1141,508,458,274,1,-1,-1,-1
335,123,1279,368,307,191,1,-1,-1,-1
336,123,1189,384,355,179,1,-1,-1,-1
337,123,1137,390,362,172,1,-1,-1,-1
338,123,1100,392,358,167,1,-1,-1,-1
339,123,1055,399,337,161,1,-1,-1,-1
340,123,1022,405,309,156,1,-1,-1,-1
341,123,988,409,306,148,1,-1,-1,-1
342,123,972,413,273,144,1,-1,-1,-1
343,123,952,422,252,137,1,-1,-1,-1
344,123,924,425,245,134,1,-1,-1,-1
345,123,909,428,226,127,1,-1,-1,-1
346,123,885,431,222,126,1,-1,-1,-1
347,123,858,431,222,125,1,-1,-1,-1
348,123,841,431,215,125,1,-1,-1,-1
348,124,466,503,80,76,1,-1,-1,-1
349,123,833,432,203,119,1,-1,-1,-1
349,124,467,503,81,77,1,-1,-1,-1
350,123,820,432,206,120,1,-1,-1,-1
350,124,469,503,82,80,1,-1,-1,-1
351,123,804,434,200,116,1,-1,-1,-1
351,124,470,504,83,79,1,-1,-1,-1
352,123,787,435,196,118,1,-1,-1,-1
352,124,473,504,86,81,1,-1,-1,-1
353,123,783,439,178,116,1,-1,-1,-1
353,124,477,506,87,79,1,-1,-1,-1
354,123,768,441,179,114,1,-1,-1,-1
354,124,480,510,86,77,1,-1,-1,-1
355,123,762,441,171,115,1,-1,-1,-1
355,124,481,514,89,76,1,-1,-1,-1
356,123,749,445,173,110,1,-1,-1,-1
356,124,484,515,91,78,1,-1,-1,-1
357,123,736,447,167,107,1,-1,-1,-1
357,124,486,516,99,82,1,-1,-1,-1
358,123,728,449,162,109,1,-1,-1,-1
358,124,491,517,100,83,1,-1,-1,-1
359,123,727,446,156,108,1,-1,-1,-1
359,124,493,516,103,87,1,-1,-1,-1
360,124,501,515,102,87,1,-1,-1,-1
360,123,716,450,154,105,1,-1,-1,-1
361,124,504,516,107,90,1,-1,-1,-1
361,123,713,451,151,103,1,-1,-1,-1
362,124,510,514,112,94,1,-1,-1,-1
362,123,709,448,146,105,1,-1,-1,-1
363,124,514,513,114,98,1,-1,-1,-1
363,123,702,452,140,104,1,-1,-1,-1
364,124,524,514,122,98,1,-1,-1,-1
364,123,691,454,141,101,1,-1,-1,-1
365,124,528,516,122,97,1,-1,-1,-1
365,123,684,457,141,101,1,-1,-1,-1
365,125,1371,326,218,149,1,-1,-1,-1
366,123,681,460,137,98,1,-1,-1,-1
366,124,540,515,129,101,1,-1,-1,-1
366,125,1308,325,271,155,1,-1,-1,-1
367,123,677,462,133,96,1,-1,-1,-1
367,124,549,516,131,103,1,-1,-1,-1
367,125,1249,336,298,149,1,-1,-1,-1
368,123,669,462,134,95,1,-1,-1,-1
368,124,559,516,137,105,1,-1,-1,-1
368,125,1188,348,291,141,1,-1,-1,-1
369,124,567,517,143,107,1,-1,-1,-1
369,123,660,465,135,93,1,-1,-1,-1
369,125,1151,356,261,137,1,-1,-1,-1
370,124,577,519,149,109,1,-1,-1,-1
370,125,1111,361,241,135,1,-1,-1,-1
370,123,661,466,132,89,1,-1,-1,-1
371,125,1075,373,216,126,1,-1,-1,-1
371,124,585,519,162,114,1,-1,-1,-1
371,123,663,467,127,86,1,-1,-1,-1
372,125,1036,377,213,123,1,-1,-1,-1
372,124,604,519,161,118,1,-1,-1,-1
372,123,661,465,125,86,1,-1,-1,-1
373,125,1011,384,201,119,1,-1,-1,-1
373,124,611,520,181,121,1,-1,-1,-1
374,125,977,387,189,117,1,-1,-1,-1
374,124,627,517,191,124,1,-1,-1,-1
375,125,949,392,184,113,1,-1,-1,-1
375,124,655,511,211,138,1,-1,-1,-1
376,125,924,397,171,110,1,-1,-1,-1
376,124,672,510,234,144,1,-1,-1,-1
377,125,899,402,166,109,1,-1,-1,-1
377,124,700,504,249,156,1,-1,-1,-1
378,125,873,405,161,105,1,-1,-1,-1
378,124,737,505,256,164,1,-1,-1,-1
379,125,851,409,158,105,1,-1,-1,-1
379,124,767,505,278,167,1,-1,-1,-1
380,125,833,414,153,100,1,-1,-1,-1
380,124,791,502,318,183,1,-1,-1,-1
381,125,813,417,146,101,1,-1,-1,-1
381,124,834,503,361,193,1,-1,-1,-1
382,125,798,421,143,95,1,-1,-1,-1
382,124,888,503,388,213,1,-1,-1,-1
383,125,785,425,135,93,1,-1,-1,-1
383,124,957,501,430,235,1,-1,-1,-1
384,125,768,428,131,89,1,-1,-1,-1
384,124,1043,503,468,251,1,-1,-1,-1
385,125,753,432,129,85,1,-1,-1,-1
385,124,1098,503,501,269,1,-1,-1,-1
398,126,1340,292,251,181,1,-1,-1,-1
399,126,1287,293,282,184,1,-1,-1,-1
400,126,1235,292,295,188,1,-1,-1,-1
401,126,1182,317,282,166,1,-1,-1,-1
402,126,1151,327,259,161,1,-1,-1,-1
403,126,1114,333,237,155,1,-1,-1,-1
404,126,1077,340,231,152,1,-1,-1,-1
405,126,1045,347,220,146,1,-1,-1,-1
406,126,1019,356,207,138,1,-1,-1,-1
407,126,985,361,205,134,1,-1,-1,-1
408,126,955,368,196,131,1,-1,-1,-1
409,126,929,372,190,128,1,-1,-1,-1
410,126,915,379,176,121,1,-1,-1,-1
411,126,894,382,165,122,1,-1,-1,-1
412,126,874,385,164,119,1,-1,-1,-1
413,126,854,392,156,114,1,-1,-1,-1
414,126,837,396,155,110,1,-1,-1,-1
415,126,818,395,149,115,1,-1,-1,-1
416,126,800,398,147,112,1,-1,-1,-1
417,126,787,402,145,109,1,-1,-1,-1
418,126,769,407,141,107,1,-1,-1,-1
419,126,760,413,134,101,1,-1,-1,-1
420,126,742,415,132,102,1,-1,-1,-1
421,126,734,420,124,96,1,-1,-1,-1
422,126,718,421,125,94,1,-1,-1,-1
422,127,443,509,74,69,1,-1,-1,-1
423,127,446,508,73,70,1,-1,-1,-1
424,127,447,509,76,70,1,-1,-1,-1
425,127,448,509,77,71,1,-1,-1,-1
426,127,449,506,78,76,1,-1,-1,-1
427,127,450,506,81,76,1,-1,-1,-1
428,127,451,507,82,76,1,-1,-1,-1
429,127,451,506,84,78,1,-1,-1,-1
430,127,450,506,91,78,1,-1,-1,-1
431,127,453,507,90,78,1,-1,-1,-1
432,127,455,506,92,81,1,-1,-1,-1
433,127,456,505,95,82,1,-1,-1,-1
434,127,457,502,95,86,1,-1,-1,-1
434,128,71,633,248,123,1,-1,-1,-1
435,127,459,504,96,85,1,-1,-1,-1
435,128,70,631,250,125,1,-1,-1,-1
436,127,460,503,98,87,1,-1,-1,-1
436,128,69,628,257,127,1,-1,-1,-1
437,127,465,506,98,88,1,-1,-1,-1
437,128,69,630,254,126,1,-1,-1,-1
438,127,467,506,99,91,1,-1,-1,-1
438,128,60,642,236,115,1,-1,-1,-1
439,127,469,505,107,91,1,-1,-1,-1
439,128,61,643,236,115,1,-1,-1,-1
440,127,470,509,108,90,1,-1,-1,-1
440,128,81,615,284,138,1,-1,-1,-1
441,127,474,510,111,86,1,-1,-1,-1
441,128,73,628,255,126,1,-1,-1,-1
442,127,474,510,118,92,1,-1,-1,-1
442,128,72,632,253,123,1,-1,-1,-1
443,127,478,511,118,91,1,-1,-1,-1
443,128,76,620,274,135,1,-1,-1,-1
444,127,481,510,121,97,1,-1,-1,-1
444,128,68,626,287,128,1,-1,-1,-1
445,127,485,509,123,96,1,-1,-1,-1
445,128,67,625,291,129,1,-1,-1,-1
446,127,491,511,121,98,1,-1,-1,-1
446,128,63,655,168,99,1,-1,-1,-1
447,127,494,511,125,99,1,-1,-1,-1
447,128,69,653,165,100,1,-1,-1,-1
448,127,497,511,129,101,1,-1,-1,-1
448,128,70,653,167,100,1,-1,-1,-1
449,127,503,511,134,103,1,-1,-1,-1
449,128,78,654,159,97,1,-1,-1,-1
449,129,248,605,156,94,1,-1,-1,-1
450,127,509,513,140,100,1,-1,-1,-1
450,128,79,652,167,100,1,-1,-1,-1
450,129,244,603,160,97,1,-1,-1,-1
451,127,514,512,147,102,1,-1,-1,-1
451,128,86,652,162,96,1,-1,-1,-1
451,129,246,602,162,97,1,-1,-1,-1
452,127,520,510,154,112,1,-1,-1,-1
452,128,87,650,170,98,1,-1,-1,-1
452,129,253,603,162,93,1,-1,-1,-1
453,127,523,499,161,127,1,-1,-1,-1
453,129,269,601,158,92,1,-1,-1,-1
453,128,90,651,164,95,1,-1,-1,-1
454,127,531,503,170,125,1,-1,-1,-1
454,129,263,595,170,98,1,-1,-1,-1
454,128,92,651,160,94,1,-1,-1,-1
455,129,278,589,166,101,1,-1,-1,-1
455,127,538,505,167,124,1,-1,-1,-1
455,128,91,649,163,98,1,-1,-1,-1
456,129,294,585,167,103,1,-1,-1,-1
456,127,549,499,172,134,1,-1,-1,-1
456,128,101,650,158,93,1,-1,-1,-1
456,130,1226,376,331,181,1,-1,-1,-1
457,129,288,585,174,101,1,-1,-1,-1
457,127,565,504,184,129,1,-1,-1,-1
457,128,103,650,158,93,1,-1,-1,-1
457,130,1163,383,350,173,1,-1,-1,-1
458,127,567,499,197,137,1,-1,-1,-1
458,129,313,583,168,100,1,-1,-1,-1
458,130,1135,389,339,170,1,-1,-1,-1
458,128,106,650,157,93,1,-1,-1,-1
459,129,318,579,169,101,1,-1,-1,-1
459,130,1106,392,322,166,1,-1,-1,-1
459,128,108,647,161,96,1,-1,-1,-1
459,127,578,500,217,143,1,-1,-1,-1
460,129,328,577,170,101,1,-1,-1,-1
460,130,1069,392,332,163,1,-1,-1,-1
460,128,110,646,164,96,1,-1,-1,-1
460,127,592,503,219,144,1,-1,-1,-1
461,130,1053,397,312,157,1,-1,-1,-1
461,129,341,576,161,100,1,-1,-1,-1
461,128,113,646,162,93,1,-1,-1,-1
461,127,609,504,201,142,1,-1,-1,-1
462,130,1021,404,287,150,1,-1,-1,-1
462,128,118,645,160,93,1,-1,-1,-1
462,129,356,571,161,100,1,-1,-1,-1
462,127,621,496,213,158,1,-1,-1,-1
463,130,1006,404,282,148,1,-1,-1,-1
463,128,122,642,163,93,1,-1,-1,-1
463,129,368,568,161,98,1,-1,-1,-1
463,127,639,493,262,161,1,-1,-1,-1
464,130,978,413,272,141,1,-1,-1,-1
464,129,375,564,163,102,1,-1,-1,-1
464,128,131,641,154,94,1,-1,-1,-1
464,127,659,493,241,171,1,-1,-1,-1
465,130,964,416,249,137,1,-1,-1,-1
465,129,389,559,168,104,1,-1,-1,-1
465,127,686,489,244,180,1,-1,-1,-1
465,128,132,642,155,91,1,-1,-1,-1
466,130,950,420,230,132,1,-1,-1,-1
466,129,396,555,168,108,1,-1,-1,-1
466,127,710,490,249,181,1,-1,-1,-1
466,128,135,638,166,94,1,-1,-1,-1
467,129,404,553,171,108,1,-1,-1,-1
467,127,720,484,279,188,1,-1,-1,-1
467,130,936,424,230,130,1,-1,-1,-1
467,128,131,640,171,90,1,-1,-1,-1
468,129,415,552,171,105,1,-1,-1,-1
468,127,750,483,294,192,1,-1,-1,-1
468,128,140,637,169,92,1,-1,-1,-1
468,130,879,422,265,125,1,-1,-1,-1
469,129,430,549,167,104,1,-1,-1,-1
469,127,770,481,306,206,1,-1,-1,-1
469,128,153,631,163,95,1,-1,-1,-1
470,129,432,550,176,104,1,-1,-1,-1
470,128,152,626,175,98,1,-1,-1,-1
470,127,801,480,326,214,1,-1,-1,-1
471,129,459,546,171,102,1,-1,-1,-1
471,128,169,625,170,93,1,-1,-1,-1
471,127,830,467,401,239,1,-1,-1,-1
472,129,475,542,164,103,1,-1,-1,-1
472,127,863,451,477,271,1,-1,-1,-1
472,128,175,623,169,93,1,-1,-1,-1
473,129,478,541,169,104,1,-1,-1,-1
473,127,924,453,497,274,1,-1,-1,-1
473,128,196,620,161,93,1,-1,-1,-1
474,129,489,536,172,107,1,-1,-1,-1
474,127,974,456,532,283,1,-1,-1,-1
474,128,202,619,155,85,1,-1,-1,-1
475,129,508,530,175,113,1,-1,-1,-1
475,128,212,615,154,89,1,-1,-1,-1
475,127,1018,448,581,309,1,-1,-1,-1
476,128,216,612,163,93,1,-1,-1,-1
476,129,526,530,172,110,1,-1,-1,-1
477,128,217,611,162,93,1,-1,-1,-1
477,129,536,529,174,112,1,-1,-1,-1
478,128,226,608,159,93,1,-1,-1,-1
478,129,539,527,173,118,1,-1,-1,-1
479,128,230,606,164,97,1,-1,-1,-1
479,129,555,526,178,114,1,-1,-1,-1
480,128,238,604,158,98,1,-1,-1,-1
480,129,572,525,172,114,1,-1,-1,-1
481,128,248,600,160,101,1,-1,-1,-1
481,129,580,521,181,120,1,-1,-1,-1
482,128,238,602,177,96,1,-1,-1,-1
482,129,596,520,191,122,1,-1,-1,-1
483,129,605,518,191,126,1,-1,-1,-1
483,128,275,602,147,91,1,-1,-1,-1
483,131,1349,317,234,156,1,-1,-1,-1
484,128,289,597,154,94,1,-1,-1,-1
484,129,619,518,185,127,1,-1,-1,-1
484,131,1279,323,283,154,1,-1,-1,-1
485,128,292,597,153,92,1,-1,-1,-1
485,129,623,519,200,125,1,-1,-1,-1
485,131,1220,333,308,149,1,-1,-1,-1
486,128,302,595,154,92,1,-1,-1,-1
486,131,1168,346,285,140,1,-1,-1,-1
486,129,636,511,210,136,1,-1,-1,-1
487,128,306,592,161,94,1,-1,-1,-1
487,131,1130,352,271,138,1,-1,-1,-1
487,129,649,507,231,143,1,-1,-1,-1
488,128,313,590,158,95,1,-1,-1,-1
488,131,1096,361,226,133,1,-1,-1,-1
488,129,660,507,226,147,1,-1,-1,-1
489,128,328,588,155,99,1,-1,-1,-1
489,131,1060,368,217,129,1,-1,-1,-1
489,129,687,504,248,154,1,-1,-1,-1
490,128,334,587,157,98,1,-1,-1,-1
490,131,1018,375,221,126,1,-1,-1,-1
490,129,710,515,241,151,1,-1,-1,-1
491,128,346,586,153,99,1,-1,-1,-1
491,131,985,378,205,126,1,-1,-1,-1
491,129,728,503,263,162,1,-1,-1,-1
492,128,357,584,150,100,1,-1,-1,-1
492,131,960,389,189,114,1,-1,-1,-1
492,129,754,508,282,163,1,-1,-1,-1
493,128,363,586,153,102,1,-1,-1,-1
493,131,930,394,186,110,1,-1,-1,-1
493,129,787,503,281,169,1,-1,-1,-1
494,128,370,583,155,103,1,-1,-1,-1
494,131,900,398,181,108,1,-1,-1,-1
494,129,820,499,296,177,1,-1,-1,-1
495,128,383,582,152,104,1,-1,-1,-1
495,129,848,493,338,192,1,-1,-1,-1
495,131,869,401,188,104,1,-1,-1,-1
496,128,389,581,152,107,1,-1,-1,-1
496,131,858,405,164,106,1,-1,-1,-1
496,129,877,495,365,198,1,-1,-1,-1
497,128,392,583,149,107,1,-1,-1,-1
497,131,826,408,164,105,1,-1,-1,-1
497,129,922,494,383,206,1,-1,-1,-1
498,128,400,582,155,108,1,-1,-1,-1
498,131,816,412,152,102,1,-1,-1,-1
498,129,959,496,412,218,1,-1,-1,-1
499,128,405,581,154,109,1,-1,-1,-1
499,131,801,414,153,102,1,-1,-1,-1
499,129,998,495,436,228,1,-1,-1,-1
500,128,412,583,154,108,1,-1,-1,-1
500,131,783,417,149,101,1,-1,-1,-1
500,129,1070,485,491,255,1,-1,-1,-1
501,128,421,583,154,113,1,-1,-1,-1
501,131,764,419,150,99,1,-1,-1,-1
502,128,426,583,158,115,1,-1,-1,-1
502,131,743,421,142,98,1,-1,-1,-1
503,128,434,586,155,121,1,-1,-1,-1
503,131,730,427,138,92,1,-1,-1,-1
504,128,439,587,156,121,1,-1,-1,-1
504,131,722,432,132,90,1,-1,-1,-1
505,128,445,590,159,123,1,-1,-1,-1
505,131,709,432,123,92,1,-1,-1,-1
506,128,454,594,166,125,1,-1,-1,-1
506,131,696,437,121,89,1,-1,-1,-1
506,132,398,534,135,95,1,-1,-1,-1
507,128,459,593,174,130,1,-1,-1,-1
507,132,385,541,133,92,1,-1,-1,-1
507,131,681,438,120,91,1,-1,-1,-1
508,128,466,593,183,138,1,-1,-1,-1
508,132,373,546,131,92,1,-1,-1,-1
508,131,674,441,114,87,1,-1,-1,-1
509,128,479,595,182,140,1,-1,-1,-1
509,131,663,443,109,86,1,-1,-1,-1
509,132,357,557,122,82,1,-1,-1,-1
510,128,482,596,195,144,1,-1,-1,-1
510,131,648,448,110,83,1,-1,-1,-1
510,132,335,560,129,88,1,-1,-1,-1
511,128,493,598,206,151,1,-1,-1,-1
511,131,641,447,109,84,1,-1,-1,-1
511,132,317,567,127,87,1,-1,-1,-1
512,128,500,595,209,158,1,-1,-1,-1
512,131,632,452,107,81,1,-1,-1,-1
512,132,305,573,125,84,1,-1,-1,-1
513,128,511,601,216,166,1,-1,-1,-1
513,132,283,577,133,87,1,-1,-1,-1
513,131,626,454,99,78,1,-1,-1,-1
514,128,523,602,223,173,1,-1,-1,-1
514,131,617,457,96,76,1,-1,-1,-1
514,132,261,584,134,86,1,-1,-1,-1
515,128,526,605,236,184,1,-1,-1,-1
515,132,242,585,142,93,1,-1,-1,-1
515,131,611,460,96,74,1,-1,-1,-1
516,128,543,609,248,185,1,-1,-1,-1
516,132,234,593,135,88,1,-1,-1,-1
516,131,609,461,90,74,1,-1,-1,-1
517,128,553,611,268,204,1,-1,-1,-1
517,132,213,594,130,91,1,-1,-1,-1
517,131,599,462,91,71,1,-1,-1,-1
518,128,560,616,304,216,1,-1,-1,-1
518,132,211,600,130,89,1,-1,-1,-1
518,131,595,464,88,70,1,-1,-1,-1
519,128,584,621,317,223,1,-1,-1,-1
519,132,193,607,127,87,1,-1,-1,-1
519,131,590,464,82,69,1,-1,-1,-1
520,128,608,629,315,238,1,-1,-1,-1
520,132,173,614,131,88,1,-1,-1,-1
520,131,585,467,81,67,1,-1,-1,-1
521,128,626,637,357,249,1,-1,-1,-1
521,132,155,618,134,86,1,-1,-1,-1
521,131,578,466,83,68,1,-1,-1,-1
522,128,654,644,375,260,1,-1,-1,-1
522,132,137,625,139,85,1,-1,-1,-1
522,131,577,465,79,70,1,-1,-1,-1
523,128,685,655,398,284,1,-1,-1,-1
523,132,119,630,136,85,1,-1,-1,-1
523,131,571,470,76,65,1,-1,-1,-1
524,128,716,666,453,310,1,-1,-1,-1
524,131,567,471,75,64,1,-1,-1,-1
524,132,105,633,133,87,1,-1,-1,-1
525,128,753,680,489,346,1,-1,-1,-1
525,132,89,638,133,89,1,-1,-1,-1
525,131,561,472,74,66,1,-1,-1,-1
526,128,796,696,548,380,1,-1,-1,-1
526,132,76,645,128,84,1,-1,-1,-1
527,128,855,702,632,446,1,-1,-1,-1
527,132,62,650,125,82,1,-1,-1,-1
528,128,892,715,703,480,1,-1,-1,-1
612,133,1318,306,261,166,1,-1,-1,-1
613,133,1278,315,290,158,1,-1,-1,-1
614,133,1233,324,307,153,1,-1,-1,-1
615,133,1182,337,296,143,1,-1,-1,-1
616,133,1148,342,284,142,1,-1,-1,-1
617,133,1127,349,272,136,1,-1,-1,-1
618,133,1093,354,257,134,1,-1,-1,-1
619,133,1073,360,248,129,1,-1,-1,-1
620,133,1043,365,218,127,1,-1,-1,-1
621,133,1011,370,220,123,1,-1,-1,-1
622,133,982,373,214,124,1,-1,-1,-1
623,133,965,379,209,116,1,-1,-1,-1
624,133,944,384,201,111,1,-1,-1,-1
625,133,918,388,192,113,1,-1,-1,-1
626,133,903,392,184,109,1,-1,-1,-1
627,133,891,395,171,105,1,-1,-1,-1
628,133,874,398,167,105,1,-1,-1,-1
629,133,858,401,161,105,1,-1,-1,-1
630,133,836,403,162,104,1,-1,-1,-1
631,133,822,407,159,103,1,-1,-1,-1
