29,155,883,487,80,75,1,-1,-1,-1
30,155,882,491,77,71,1,-1,-1,-1
31,155,878,491,80,71,1,-1,-1,-1
32,155,872,491,85,72,1,-1,-1,-1
33,155,868,490,86,74,1,-1,-1,-1
34,155,861,490,88,76,1,-1,-1,-1
35,155,852,492,93,77,1,-1,-1,-1
36,155,848,493,93,79,1,-1,-1,-1
37,155,838,495,96,80,1,-1,-1,-1
38,155,830,493,97,83,1,-1,-1,-1
39,155,823,493,99,84,1,-1,-1,-1
40,155,814,490,105,89,1,-1,-1,-1
41,155,805,491,105,91,1,-1,-1,-1
42,155,798,490,110,92,1,-1,-1,-1
43,155,778,489,120,95,1,-1,-1,-1
44,155,765,488,127,95,1,-1,-1,-1
45,155,740,487,142,96,1,-1,-1,-1
46,155,727,486,146,97,1,-1,-1,-1
47,155,708,481,151,104,1,-1,-1,-1
48,155,681,477,166,109,1,-1,-1,-1
49,155,672,476,159,109,1,-1,-1,-1
50,155,655,474,158,111,1,-1,-1,-1
51,155,635,471,169,113,1,-1,-1,-1
52,155,612,468,175,115,1,-1,-1,-1
53,155,586,464,184,118,1,-1,-1,-1
54,155,559,458,191,122,1,-1,-1,-1
55,155,529,453,199,125,1,-1,-1,-1
56,155,489,447,216,127,1,-1,-1,-1
57,155,442,440,230,132,1,-1,-1,-1
58,155,392,427,244,146,1,-1,-1,-1
59,155,345,419,261,152,1,-1,-1,-1
60,155,293,412,277,160,1,-1,-1,-1
61,155,233,402,293,166,1,-1,-1,-1
61,156,17,695,628,496,1,-1,-1,-1
62,155,166,392,314,170,1,-1,-1,-1
62,156,17,699,762,459,1,-1,-1,-1
63,155,117,386,321,169,1,-1,-1,-1
63,156,174,687,635,407,1,-1,-1,-1
64,156,381,691,507,352,1,-1,-1,-1
64,155,30,371,357,180,1,-1,-1,-1
65,156,511,689,447,314,1,-1,-1,-1
65,155,0,363,343,182,1,-1,-1,-1
66,156,605,684,401,287,1,-1,-1,-1
67,156,686,680,371,263,1,-1,-1,-1
68,156,758,680,338,240,1,-1,-1,-1
69,156,814,674,277,221,1,-1,-1,-1
78,157,44,574,485,244,1,-1,-1,-1
79,157,92,558,527,248,1,-1,-1,-1
80,157,236,562,454,230,1,-1,-1,-1
81,157,354,570,390,213,1,-1,-1,-1
82,157,442,572,347,200,1,-1,-1,-1
83,157,532,572,322,193,1,-1,-1,-1
84,157,597,577,294,175,1,-1,-1,-1
85,157,662,580,259,162,1,-1,-1,-1
86,157,720,581,235,156,1,-1,-1,-1
87,157,752,577,210,150,1,-1,-1,-1
88,157,778,582,204,138,1,-1,-1,-1
89,157,814,583,181,130,1,-1,-1,-1
90,157,836,582,178,127,1,-1,-1,-1
91,157,854,579,166,127,1,-1,-1,-1
92,157,879,583,157,119,1,-1,-1,-1
93,157,905,582,139,114,1,-1,-1,-1
94,157,921,581,135,110,1,-1,-1,-1
95,157,932,580,136,110,1,-1,-1,-1
96,157,944,581,133,105,1,-1,-1,-1
97,157,962,582,122,99,1,-1,-1,-1
98,157,971,579,113,98,1,-1,-1,-1
99,157,981,578,108,89,1,-1,-1,-1
100,157,987,576,108,92,1,-1,-1,-1
101,157,1000,574,99,88,1,-1,-1,-1
102,157,1005,571,96,88,1,-1,-1,-1
103,157,1007,569,98,89,1,-1,-1,-1
104,157,1012,569,93,85,1,-1,-1,-1
105,157,1014,568,95,84,1,-1,-1,-1
106,157,1017,567,95,82,1,-1,-1,-1
106,158,9,404,561,455,1,-1,-1,-1
107,157,1022,566,91,81,1,-1,-1,-1
107,158,9,409,608,426,1,-1,-1,-1
108,158,155,430,515,383,1,-1,-1,-1
108,157,1024,564,93,82,1,-1,-1,-1
109,158,290,449,445,355,1,-1,-1,-1
109,157,1027,561,87,80,1,-1,-1,-1
110,158,370,465,418,326,1,-1,-1,-1
110,157,1030,558,86,80,1,-1,-1,-1
111,158,468,477,376,299,1,-1,-1,-1
111,157,1032,554,83,80,1,-1,-1,-1
112,158,534,489,339,274,1,-1,-1,-1
112,157,1035,551,81,80,1,-1,-1,-1
113,158,591,497,310,257,1,-1,-1,-1
113,157,1037,551,79,76,1,-1,-1,-1
114,158,641,500,287,247,1,-1,-1,-1
114,157,1039,550,77,74,1,-1,-1,-1
115,158,690,517,258,220,1,-1,-1,-1
115,157,1040,548,78,75,1,-1,-1,-1
116,158,724,516,258,216,1,-1,-1,-1
116,157,1040,546,76,75,1,-1,-1,-1
117,158,767,528,238,192,1,-1,-1,-1
117,157,1040,544,72,70,1,-1,-1,-1
118,158,792,525,227,186,1,-1,-1,-1
118,157,1040,543,71,65,1,-1,-1,-1
119,158,824,537,215,172,1,-1,-1,-1
119,157,1041,541,71,65,1,-1,-1,-1
120,158,852,534,202,166,1,-1,-1,-1
120,157,1041,540,71,64,1,-1,-1,-1
121,158,883,541,185,158,1,-1,-1,-1
121,157,1042,539,70,64,1,-1,-1,-1
122,158,896,545,182,150,1,-1,-1,-1
122,157,1043,536,71,64,1,-1,-1,-1
123,158,917,546,168,150,1,-1,-1,-1
124,158,934,549,157,143,1,-1,-1,-1
125,158,947,551,153,141,1,-1,-1,-1
126,158,958,549,148,139,1,-1,-1,-1
127,158,974,554,137,131,1,-1,-1,-1
128,158,985,550,133,128,1,-1,-1,-1
129,158,990,548,128,126,1,-1,-1,-1
130,158,996,550,125,124,1,-1,-1,-1
131,158,1004,546,125,124,1,-1,-1,-1
132,158,1010,552,120,114,1,-1,-1,-1
133,158,1020,554,113,111,1,-1,-1,-1
134,158,1023,551,111,113,1,-1,-1,-1
134,159,834,493,90,78,1,-1,-1,-1
135,158,1022,548,111,113,1,-1,-1,-1
135,159,824,495,95,79,1,-1,-1,-1
136,158,1024,541,109,117,1,-1,-1,-1
136,159,815,497,98,80,1,-1,-1,-1
137,158,1026,538,108,116,1,-1,-1,-1
137,159,809,497,100,82,1,-1,-1,-1
138,158,1028,540,104,114,1,-1,-1,-1
138,159,797,496,104,83,1,-1,-1,-1
139,158,1031,537,102,113,1,-1,-1,-1
139,159,778,497,112,84,1,-1,-1,-1
140,158,1032,535,102,111,1,-1,-1,-1
140,159,761,496,121,85,1,-1,-1,-1
141,158,1036,531,98,115,1,-1,-1,-1
141,159,744,494,126,87,1,-1,-1,-1
142,158,1037,532,96,110,1,-1,-1,-1
142,159,729,495,127,89,1,-1,-1,-1
143,158,1038,535,94,102,1,-1,-1,-1
143,159,719,492,132,92,1,-1,-1,-1
144,159,700,489,134,95,1,-1,-1,-1
144,158,1037,533,96,99,1,-1,-1,-1
145,158,1039,527,96,104,1,-1,-1,-1
145,159,670,483,150,101,1,-1,-1,-1
146,158,1041,528,91,98,1,-1,-1,-1
146,159,642,479,164,105,1,-1,-1,-1
147,159,621,476,170,107,1,-1,-1,-1
147,158,1042,528,89,95,1,-1,-1,-1
148,159,594,473,176,109,1,-1,-1,-1
148,158,1042,523,90,95,1,-1,-1,-1
149,159,566,468,180,114,1,-1,-1,-1
149,158,1043,523,89,93,1,-1,-1,-1
150,159,538,466,185,114,1,-1,-1,-1
150,158,1042,523,90,93,1,-1,-1,-1
151,158,1043,522,87,90,1,-1,-1,-1
151,159,482,459,209,114,1,-1,-1,-1
152,158,1042,521,86,89,1,-1,-1,-1
152,159,428,450,237,124,1,-1,-1,-1
153,158,1042,521,85,87,1,-1,-1,-1
153,159,381,439,237,131,1,-1,-1,-1
154,158,1042,521,86,84,1,-1,-1,-1
154,159,316,431,266,139,1,-1,-1,-1
155,158,1042,520,87,85,1,-1,-1,-1
155,159,257,420,273,142,1,-1,-1,-1
156,158,1044,520,84,83,1,-1,-1,-1
156,159,185,409,298,149,1,-1,-1,-1
157,158,1045,517,83,84,1,-1,-1,-1
157,159,130,400,320,151,1,-1,-1,-1
158,158,1046,517,82,82,1,-1,-1,-1
158,159,57,392,339,153,1,-1,-1,-1
159,158,1047,514,80,82,1,-1,-1,-1
159,159,12,383,332,155,1,-1,-1,-1
160,158,1047,513,81,82,1,-1,-1,-1
166,160,74,719,709,463,1,-1,-1,-1
167,160,289,705,550,402,1,-1,-1,-1
168,160,452,701,481,343,1,-1,-1,-1
169,160,554,691,424,315,1,-1,-1,-1
170,160,645,685,354,285,1,-1,-1,-1
171,160,723,679,359,260,1,-1,-1,-1
172,160,776,674,317,244,1,-1,-1,-1
173,160,824,674,277,213,1,-1,-1,-1
174,160,875,667,238,207,1,-1,-1,-1
175,160,912,665,216,185,1,-1,-1,-1
176,160,937,667,207,166,1,-1,-1,-1
177,160,969,666,193,152,1,-1,-1,-1
178,160,994,658,190,157,1,-1,-1,-1
179,160,1004,658,184,143,1,-1,-1,-1
179,161,971,505,72,62,1,-1,-1,-1
180,160,1026,654,162,128,1,-1,-1,-1
180,161,971,505,68,65,1,-1,-1,-1
181,160,1038,649,154,130,1,-1,-1,-1
181,161,968,507,70,66,1,-1,-1,-1
182,160,1050,647,148,123,1,-1,-1,-1
182,161,964,506,73,69,1,-1,-1,-1
183,160,1062,644,135,117,1,-1,-1,-1
183,161,960,507,77,71,1,-1,-1,-1
184,160,1068,642,128,120,1,-1,-1,-1
184,161,956,509,80,71,1,-1,-1,-1
185,160,1070,638,129,119,1,-1,-1,-1
185,161,951,508,85,74,1,-1,-1,-1
186,160,1076,636,124,113,1,-1,-1,-1
186,161,950,511,84,71,1,-1,-1,-1
187,160,1082,631,119,114,1,-1,-1,-1
187,161,949,513,84,70,1,-1,-1,-1
188,160,1088,630,117,110,1,-1,-1,-1
188,161,948,515,82,71,1,-1,-1,-1
189,160,1095,626,111,109,1,-1,-1,-1
189,161,943,514,85,75,1,-1,-1,-1
190,160,1094,624,110,110,1,-1,-1,-1
190,161,940,514,86,78,1,-1,-1,-1
191,160,1100,620,106,107,1,-1,-1,-1
191,161,934,517,88,78,1,-1,-1,-1
192,160,1101,619,106,104,1,-1,-1,-1
192,161,928,518,91,82,1,-1,-1,-1
193,160,1105,617,103,97,1,-1,-1,-1
193,161,923,520,92,83,1,-1,-1,-1
194,160,1104,615,103,93,1,-1,-1,-1
194,161,916,522,96,83,1,-1,-1,-1
195,160,1107,613,101,92,1,-1,-1,-1
195,161,910,522,97,84,1,-1,-1,-1
196,161,902,523,101,87,1,-1,-1,-1
197,161,898,524,101,87,1,-1,-1,-1
198,161,889,527,109,87,1,-1,-1,-1
199,161,876,530,113,88,1,-1,-1,-1
200,161,865,530,118,93,1,-1,-1,-1
201,161,850,532,126,93,1,-1,-1,-1
202,161,838,533,126,95,1,-1,-1,-1
203,161,821,533,136,96,1,-1,-1,-1
204,161,800,531,147,103,1,-1,-1,-1
205,161,774,526,154,110,1,-1,-1,-1
206,161,740,522,171,117,1,-1,-1,-1
207,161,718,520,178,121,1,-1,-1,-1
208,161,678,517,198,126,1,-1,-1,-1
209,161,635,509,207,134,1,-1,-1,-1
210,161,592,508,233,133,1,-1,-1,-1
210,162,785,495,107,81,1,-1,-1,-1
211,161,528,503,246,138,1,-1,-1,-1
211,162,776,495,112,84,1,-1,-1,-1
212,161,489,500,274,145,1,-1,-1,-1
212,162,756,494,123,88,1,-1,-1,-1
213,161,410,492,286,155,1,-1,-1,-1
213,162,746,494,129,88,1,-1,-1,-1
214,161,343,484,302,164,1,-1,-1,-1
214,162,727,494,137,90,1,-1,-1,-1
215,162,722,490,134,96,1,-1,-1,-1
215,161,276,479,324,171,1,-1,-1,-1
216,162,698,488,147,98,1,-1,-1,-1
216,161,148,461,378,188,1,-1,-1,-1
217,162,689,484,149,102,1,-1,-1,-1
217,161,27,448,427,198,1,-1,-1,-1
218,162,661,482,157,101,1,-1,-1,-1
219,162,645,479,166,106,1,-1,-1,-1
220,162,630,478,171,104,1,-1,-1,-1
221,162,604,474,178,107,1,-1,-1,-1
222,162,581,473,182,108,1,-1,-1,-1
223,162,560,468,188,113,1,-1,-1,-1
224,162,539,466,193,114,1,-1,-1,-1
225,162,495,460,219,117,1,-1,-1,-1
226,162,449,454,235,117,1,-1,-1,-1
227,162,401,448,240,122,1,-1,-1,-1
228,162,367,435,252,136,1,-1,-1,-1
229,162,321,431,271,140,1,-1,-1,-1
230,162,276,421,288,145,1,-1,-1,-1
231,162,214,413,305,147,1,-1,-1,-1
232,162,151,406,319,147,1,-1,-1,-1
233,162,104,402,336,147,1,-1,-1,-1
234,162,88,397,360,153,1,-1,-1,-1
235,162,33,391,377,155,1,-1,-1,-1
236,162,12,376,327,160,1,-1,-1,-1
237,162,0,361,308,170,1,-1,-1,-1
271,163,959,512,80,66,1,-1,-1,-1
272,163,962,516,74,65,1,-1,-1,-1
273,163,961,517,75,65,1,-1,-1,-1
274,163,959,519,77,65,1,-1,-1,-1
275,164,0,636,833,470,1,-1,-1,-1
275,163,956,518,79,69,1,-1,-1,-1
276,164,205,644,716,391,1,-1,-1,-1
276,163,953,518,81,70,1,-1,-1,-1
277,164,374,641,598,341,1,-1,-1,-1
277,163,950,519,84,73,1,-1,-1,-1
278,164,527,644,489,302,1,-1,-1,-1
278,163,948,519,85,75,1,-1,-1,-1
279,164,618,637,414,272,1,-1,-1,-1
279,163,945,520,86,77,1,-1,-1,-1
280,164,695,631,373,252,1,-1,-1,-1
280,163,940,523,88,78,1,-1,-1,-1
281,164,758,633,334,225,1,-1,-1,-1
281,163,934,524,94,80,1,-1,-1,-1
282,164,813,632,303,215,1,-1,-1,-1
282,163,928,526,94,81,1,-1,-1,-1
283,164,860,634,267,194,1,-1,-1,-1
283,163,925,525,95,82,1,-1,-1,-1
284,164,903,633,261,178,1,-1,-1,-1
284,163,917,527,101,85,1,-1,-1,-1
285,164,929,621,237,175,1,-1,-1,-1
285,163,912,530,102,83,1,-1,-1,-1
286,164,949,619,222,168,1,-1,-1,-1
286,163,909,531,99,83,1,-1,-1,-1
287,164,973,622,206,160,1,-1,-1,-1
287,163,905,532,100,86,1,-1,-1,-1
288,164,1004,620,176,147,1,-1,-1,-1
288,163,896,535,106,89,1,-1,-1,-1
289,164,1014,619,164,150,1,-1,-1,-1
289,163,886,536,112,90,1,-1,-1,-1
290,164,1025,615,154,147,1,-1,-1,-1
290,163,877,537,114,92,1,-1,-1,-1
291,164,1037,614,145,132,1,-1,-1,-1
291,163,866,536,119,94,1,-1,-1,-1
292,164,1045,609,142,127,1,-1,-1,-1
292,163,853,536,125,96,1,-1,-1,-1
293,163,843,536,127,97,1,-1,-1,-1
293,164,1058,608,128,122,1,-1,-1,-1
294,163,823,533,137,105,1,-1,-1,-1
294,164,1066,607,126,118,1,-1,-1,-1
295,163,809,535,142,103,1,-1,-1,-1
295,164,1070,602,122,115,1,-1,-1,-1
296,164,1075,600,117,112,1,-1,-1,-1
296,163,785,531,153,111,1,-1,-1,-1
297,164,1080,596,113,109,1,-1,-1,-1
297,163,763,532,166,110,1,-1,-1,-1
298,164,1084,594,110,105,1,-1,-1,-1
298,163,743,528,172,114,1,-1,-1,-1
298,165,896,494,70,62,1,-1,-1,-1
299,163,715,527,184,117,1,-1,-1,-1
299,164,1089,591,106,105,1,-1,-1,-1
299,165,894,496,72,62,1,-1,-1,-1
300,163,691,527,187,118,1,-1,-1,-1
300,164,1089,591,104,96,1,-1,-1,-1
300,165,889,496,74,62,1,-1,-1,-1
301,163,657,521,190,124,1,-1,-1,-1
301,164,1089,586,103,96,1,-1,-1,-1
301,165,886,496,75,64,1,-1,-1,-1
302,163,625,518,200,129,1,-1,-1,-1
302,164,1092,586,99,93,1,-1,-1,-1
302,165,883,497,72,64,1,-1,-1,-1
303,163,583,515,217,130,1,-1,-1,-1
303,164,1094,583,95,90,1,-1,-1,-1
303,165,879,497,78,65,1,-1,-1,-1
304,163,535,508,236,138,1,-1,-1,-1
304,164,1094,580,94,89,1,-1,-1,-1
304,165,875,498,77,64,1,-1,-1,-1
305,163,485,504,251,142,1,-1,-1,-1
305,164,1094,577,93,88,1,-1,-1,-1
305,165,871,498,79,67,1,-1,-1,-1
306,163,421,492,279,154,1,-1,-1,-1
306,164,1093,576,91,85,1,-1,-1,-1
306,165,865,498,77,69,1,-1,-1,-1
307,163,345,484,312,158,1,-1,-1,-1
307,164,1094,571,88,84,1,-1,-1,-1
307,165,856,500,82,71,1,-1,-1,-1
308,163,277,477,329,166,1,-1,-1,-1
308,164,1093,568,89,83,1,-1,-1,-1
308,165,853,498,83,73,1,-1,-1,-1
309,163,172,447,393,195,1,-1,-1,-1
309,164,1094,567,86,81,1,-1,-1,-1
309,165,845,501,85,70,1,-1,-1,-1
310,163,56,434,447,207,1,-1,-1,-1
310,165,838,501,88,73,1,-1,-1,-1
310,164,1094,564,85,82,1,-1,-1,-1
311,165,828,499,95,77,1,-1,-1,-1
311,163,0,424,434,209,1,-1,-1,-1
312,165,819,499,99,80,1,-1,-1,-1
312,163,0,421,394,213,1,-1,-1,-1
313,165,812,500,98,80,1,-1,-1,-1
314,165,799,499,102,80,1,-1,-1,-1
315,165,789,498,106,85,1,-1,-1,-1
316,165,776,498,113,86,1,-1,-1,-1
317,165,753,498,124,85,1,-1,-1,-1
318,165,735,496,134,88,1,-1,-1,-1
319,165,725,495,127,90,1,-1,-1,-1
320,165,711,493,138,92,1,-1,-1,-1
321,165,697,490,142,98,1,-1,-1,-1
322,165,674,485,148,100,1,-1,-1,-1
323,165,649,482,165,102,1,-1,-1,-1
324,165,636,479,162,104,1,-1,-1,-1
325,165,608,477,169,103,1,-1,-1,-1
326,165,582,474,177,103,1,-1,-1,-1
327,165,562,470,178,109,1,-1,-1,-1
328,165,535,466,186,112,1,-1,-1,-1
329,165,483,461,214,113,1,-1,-1,-1
330,165,450,455,240,119,1,-1,-1,-1
331,165,401,448,242,125,1,-1,-1,-1
332,165,354,439,242,128,1,-1,-1,-1
333,165,305,428,262,135,1,-1,-1,-1
333,166,74,547,475,301,1,-1,-1,-1
334,165,244,420,285,142,1,-1,-1,-1
334,166,101,561,504,271,1,-1,-1,-1
335,165,198,416,293,142,1,-1,-1,-1
335,166,246,568,436,243,1,-1,-1,-1
336,166,340,574,417,227,1,-1,-1,-1
336,165,141,402,306,150,1,-1,-1,-1
337,166,414,580,391,210,1,-1,-1,-1
337,165,74,395,331,149,1,-1,-1,-1
338,166,504,582,349,200,1,-1,-1,-1
338,165,12,391,316,142,1,-1,-1,-1
339,166,565,580,337,195,1,-1,-1,-1
339,165,0,371,284,157,1,-1,-1,-1
340,166,634,586,291,172,1,-1,-1,-1
341,166,689,589,277,163,1,-1,-1,-1
342,166,726,590,243,152,1,-1,-1,-1
342,167,836,488,92,81,1,-1,-1,-1
343,166,758,591,208,142,1,-1,-1,-1
343,167,830,486,96,85,1,-1,-1,-1
344,166,797,588,189,138,1,-1,-1,-1
344,167,819,485,99,87,1,-1,-1,-1
345,166,824,589,165,130,1,-1,-1,-1
345,167,817,485,92,93,1,-1,-1,-1
346,166,851,595,158,121,1,-1,-1,-1
346,167,805,483,104,93,1,-1,-1,-1
347,166,875,592,143,120,1,-1,-1,-1
347,167,796,483,112,95,1,-1,-1,-1
348,167,784,484,115,94,1,-1,-1,-1
348,166,890,589,150,121,1,-1,-1,-1
349,167,771,483,119,96,1,-1,-1,-1
350,167,763,482,123,98,1,-1,-1,-1
351,167,751,481,127,100,1,-1,-1,-1
352,167,728,477,135,106,1,-1,-1,-1
353,167,716,475,139,111,1,-1,-1,-1
354,167,697,476,143,109,1,-1,-1,-1
355,167,683,476,149,108,1,-1,-1,-1
356,167,656,472,157,110,1,-1,-1,-1
357,167,635,469,163,113,1,-1,-1,-1
358,167,610,463,170,118,1,-1,-1,-1
359,167,593,462,173,120,1,-1,-1,-1
360,167,557,451,183,127,1,-1,-1,-1
361,167,520,448,197,127,1,-1,-1,-1
362,167,485,445,208,129,1,-1,-1,-1
363,167,442,437,223,137,1,-1,-1,-1
364,167,390,426,246,145,1,-1,-1,-1
365,167,342,416,253,154,1,-1,-1,-1
366,167,295,409,265,161,1,-1,-1,-1
367,167,236,400,281,163,1,-1,-1,-1
368,167,177,391,294,165,1,-1,-1,-1
369,167,118,380,309,170,1,-1,-1,-1
370,167,43,369,327,174,1,-1,-1,-1
371,167,0,354,317,182,1,-1,-1,-1
386,168,29,531,456,308,1,-1,-1,-1
387,168,51,548,534,274,1,-1,-1,-1
388,168,173,550,500,261,1,-1,-1,-1
389,168,316,567,417,223,1,-1,-1,-1
390,168,420,569,384,212,1,-1,-1,-1
390,169,970,511,64,62,1,-1,-1,-1
391,168,506,571,347,201,1,-1,-1,-1
391,169,964,514,69,61,1,-1,-1,-1
392,168,573,573,320,188,1,-1,-1,-1
392,169,961,514,72,65,1,-1,-1,-1
393,168,650,580,285,166,1,-1,-1,-1
393,169,960,515,74,66,1,-1,-1,-1
394,168,703,575,239,156,1,-1,-1,-1
394,169,957,515,78,68,1,-1,-1,-1
395,168,747,578,220,152,1,-1,-1,-1
395,169,957,514,77,70,1,-1,-1,-1
396,168,788,575,191,148,1,-1,-1,-1
396,169,951,519,78,69,1,-1,-1,-1
397,168,817,580,179,134,1,-1,-1,-1
397,169,947,519,81,71,1,-1,-1,-1
398,168,845,584,165,126,1,-1,-1,-1
398,169,941,519,85,73,1,-1,-1,-1
399,168,876,590,156,118,1,-1,-1,-1
399,169,940,522,82,76,1,-1,-1,-1
400,168,895,590,151,115,1,-1,-1,-1
400,169,932,522,90,79,1,-1,-1,-1
401,169,926,522,92,80,1,-1,-1,-1
401,168,921,590,138,107,1,-1,-1,-1
402,169,921,525,95,80,1,-1,-1,-1
402,168,938,588,133,101,1,-1,-1,-1
403,168,956,587,124,102,1,-1,-1,-1
403,169,913,524,100,83,1,-1,-1,-1
404,169,909,524,97,83,1,-1,-1,-1
404,168,966,586,122,100,1,-1,-1,-1
405,169,901,526,98,82,1,-1,-1,-1
405,168,972,582,119,99,1,-1,-1,-1
406,169,889,526,109,87,1,-1,-1,-1
406,168,986,579,116,96,1,-1,-1,-1
407,169,880,526,109,88,1,-1,-1,-1
407,168,994,578,112,94,1,-1,-1,-1
408,169,873,527,114,91,1,-1,-1,-1
408,168,1004,573,102,90,1,-1,-1,-1
409,169,858,525,120,95,1,-1,-1,-1
409,168,1008,572,103,91,1,-1,-1,-1
410,169,847,526,119,95,1,-1,-1,-1
410,168,1012,569,100,90,1,-1,-1,-1
411,169,828,526,131,96,1,-1,-1,-1
411,168,1018,572,96,85,1,-1,-1,-1
412,169,814,525,137,100,1,-1,-1,-1
412,168,1022,569,95,84,1,-1,-1,-1
413,169,787,524,147,102,1,-1,-1,-1
413,168,1024,569,94,83,1,-1,-1,-1
414,169,764,523,152,104,1,-1,-1,-1
414,168,1029,569,90,78,1,-1,-1,-1
415,169,728,519,166,109,1,-1,-1,-1
415,168,1034,567,86,76,1,-1,-1,-1
416,169,698,518,178,109,1,-1,-1,-1
416,168,1038,562,84,79,1,-1,-1,-1
417,169,674,512,189,118,1,-1,-1,-1
417,168,1038,561,86,80,1,-1,-1,-1
418,169,646,510,194,119,1,-1,-1,-1
418,168,1040,560,84,75,1,-1,-1,-1
419,169,608,505,200,126,1,-1,-1,-1
419,168,1042,558,83,74,1,-1,-1,-1
420,169,571,501,212,130,1,-1,-1,-1
420,168,1044,554,80,78,1,-1,-1,-1
421,169,527,496,254,134,1,-1,-1,-1
421,168,1047,552,78,76,1,-1,-1,-1
422,169,476,494,255,133,1,-1,-1,-1
422,170,876,493,77,64,1,-1,-1,-1
422,168,1047,551,77,72,1,-1,-1,-1
423,169,425,490,277,142,1,-1,-1,-1
423,170,872,490,81,68,1,-1,-1,-1
423,168,1049,550,73,68,1,-1,-1,-1
424,169,356,480,289,149,1,-1,-1,-1
424,170,868,493,78,68,1,-1,-1,-1
425,169,293,470,301,158,1,-1,-1,-1
425,170,864,490,82,70,1,-1,-1,-1
426,169,210,463,332,164,1,-1,-1,-1
426,170,858,492,82,71,1,-1,-1,-1
427,169,140,453,350,171,1,-1,-1,-1
427,170,853,491,86,74,1,-1,-1,-1
428,169,34,439,388,181,1,-1,-1,-1
428,170,848,492,88,74,1,-1,-1,-1
429,170,842,491,88,79,1,-1,-1,-1
429,169,0,431,399,188,1,-1,-1,-1
430,170,833,491,93,80,1,-1,-1,-1
431,170,823,490,97,84,1,-1,-1,-1
432,170,814,494,100,82,1,-1,-1,-1
433,170,812,494,95,82,1,-1,-1,-1
434,170,800,494,107,84,1,-1,-1,-1
435,170,787,495,108,83,1,-1,-1,-1
436,170,771,495,117,83,1,-1,-1,-1
437,170,756,494,126,84,1,-1,-1,-1
438,170,742,493,131,88,1,-1,-1,-1
439,170,731,491,131,91,1,-1,-1,-1
440,170,717,488,132,96,1,-1,-1,-1
441,170,704,485,133,99,1,-1,-1,-1
442,170,682,482,145,102,1,-1,-1,-1
443,170,651,478,160,107,1,-1,-1,-1
444,170,633,476,163,108,1,-1,-1,-1
445,170,603,472,172,110,1,-1,-1,-1
446,170,577,467,178,114,1,-1,-1,-1
447,170,552,466,183,114,1,-1,-1,-1
448,170,512,458,192,118,1,-1,-1,-1
449,170,464,453,213,121,1,-1,-1,-1
450,170,426,445,226,128,1,-1,-1,-1
451,170,372,436,242,135,1,-1,-1,-1
452,170,318,425,259,145,1,-1,-1,-1
453,170,260,416,266,146,1,-1,-1,-1
454,170,202,410,285,151,1,-1,-1,-1
455,170,125,400,299,150,1,-1,-1,-1
456,170,51,386,332,156,1,-1,-1,-1
457,170,0,385,326,150,1,-1,-1,-1
458,170,0,369,287,160,1,-1,-1,-1
480,171,57,471,579,361,1,-1,-1,-1
481,171,25,452,640,374,1,-1,-1,-1
482,171,43,481,652,333,1,-1,-1,-1
483,171,193,496,558,306,1,-1,-1,-1
484,171,298,513,503,282,1,-1,-1,-1
485,171,385,521,422,263,1,-1,-1,-1
486,171,461,530,392,248,1,-1,-1,-1
487,171,529,537,365,236,1,-1,-1,-1
488,171,588,538,339,221,1,-1,-1,-1
489,171,637,543,304,212,1,-1,-1,-1
490,171,682,551,275,195,1,-1,-1,-1
491,171,719,554,263,186,1,-1,-1,-1
492,171,760,557,241,180,1,-1,-1,-1
493,171,793,563,229,166,1,-1,-1,-1
494,171,822,564,217,162,1,-1,-1,-1
495,171,842,564,207,155,1,-1,-1,-1
496,171,866,568,194,147,1,-1,-1,-1
497,171,881,568,187,144,1,-1,-1,-1
498,171,898,569,179,138,1,-1,-1,-1
499,171,920,571,164,137,1,-1,-1,-1
500,171,933,572,156,126,1,-1,-1,-1
501,171,947,573,148,126,1,-1,-1,-1
502,171,958,573,143,120,1,-1,-1,-1
503,171,957,567,148,123,1,-1,-1,-1
505,172,68,525,479,294,1,-1,-1,-1
506,172,75,534,557,278,1,-1,-1,-1
507,172,166,543,485,257,1,-1,-1,-1
508,172,283,554,430,232,1,-1,-1,-1
509,172,372,563,386,214,1,-1,-1,-1
510,172,457,567,353,204,1,-1,-1,-1
511,172,517,567,313,198,1,-1,-1,-1
512,172,588,569,333,189,1,-1,-1,-1
513,172,648,574,279,170,1,-1,-1,-1
514,172,686,570,230,168,1,-1,-1,-1
515,172,736,580,228,150,1,-1,-1,-1
516,172,782,579,220,149,1,-1,-1,-1
517,172,802,581,194,138,1,-1,-1,-1
518,172,830,581,179,134,1,-1,-1,-1
519,172,858,580,165,127,1,-1,-1,-1
529,173,898,490,73,63,1,-1,-1,-1
530,173,893,488,73,64,1,-1,-1,-1
531,174,260,789,574,398,1,-1,-1,-1
531,173,889,492,76,62,1,-1,-1,-1
532,174,415,770,570,350,1,-1,-1,-1
532,173,887,492,73,61,1,-1,-1,-1
533,173,883,493,76,63,1,-1,-1,-1
533,174,552,753,445,311,1,-1,-1,-1
534,173,881,492,78,63,1,-1,-1,-1
535,173,877,493,81,64,1,-1,-1,-1
536,173,870,490,83,68,1,-1,-1,-1
537,173,867,491,83,69,1,-1,-1,-1
538,173,863,490,83,70,1,-1,-1,-1
539,173,859,492,83,69,1,-1,-1,-1
540,173,854,490,87,73,1,-1,-1,-1
541,173,850,492,86,71,1,-1,-1,-1
542,173,845,493,89,70,1,-1,-1,-1
543,173,839,491,93,74,1,-1,-1,-1
544,173,832,491,95,79,1,-1,-1,-1
545,173,823,491,101,83,1,-1,-1,-1
546,173,819,492,101,81,1,-1,-1,-1
547,173,811,492,106,82,1,-1,-1,-1
548,173,810,492,100,85,1,-1,-1,-1
549,173,801,492,109,84,1,-1,-1,-1
550,173,785,493,112,84,1,-1,-1,-1
551,173,776,493,115,84,1,-1,-1,-1
552,173,768,493,121,86,1,-1,-1,-1
553,173,756,492,128,87,1,-1,-1,-1
554,173,743,491,132,88,1,-1,-1,-1
555,173,732,490,135,90,1,-1,-1,-1
556,173,724,489,138,93,1,-1,-1,-1
557,173,714,487,138,95,1,-1,-1,-1
558,173,705,485,144,98,1,-1,-1,-1
559,173,696,483,144,99,1,-1,-1,-1
560,173,676,482,144,99,1,-1,-1,-1
561,173,655,481,157,101,1,-1,-1,-1
562,173,643,477,166,104,1,-1,-1,-1
563,173,620,474,174,107,1,-1,-1,-1
564,173,601,474,183,106,1,-1,-1,-1
565,173,579,469,184,110,1,-1,-1,-1
566,173,563,465,190,114,1,-1,-1,-1
567,173,546,463,196,116,1,-1,-1,-1
568,173,506,458,215,120,1,-1,-1,-1
569,173,475,453,229,121,1,-1,-1,-1
570,173,448,448,239,128,1,-1,-1,-1
571,173,407,440,240,132,1,-1,-1,-1
572,173,377,433,251,140,1,-1,-1,-1
573,173,329,427,266,144,1,-1,-1,-1
574,173,294,421,272,148,1,-1,-1,-1
575,173,244,412,286,153,1,-1,-1,-1
576,173,198,403,293,157,1,-1,-1,-1
577,173,137,398,331,158,1,-1,-1,-1
578,173,99,396,328,155,1,-1,-1,-1
579,173,33,386,352,161,1,-1,-1,-1
580,173,11,384,358,158,1,-1,-1,-1
581,173,10,372,323,166,1,-1,-1,-1
