0,175,374,340,235,222,1,-1,-1,-1
0,176,228,570,264,225,1,-1,-1,-1
0,177,1450,444,299,245,1,-1,-1,-1
0,178,540,65,186,137,1,-1,-1,-1
1,177,1448,441,292,242,1,-1,-1,-1
1,175,372,346,237,221,1,-1,-1,-1
1,178,543,66,181,135,1,-1,-1,-1
1,176,216,573,267,231,1,-1,-1,-1
2,175,367,348,236,226,1,-1,-1,-1
2,176,207,581,271,231,1,-1,-1,-1
2,178,548,66,177,135,1,-1,-1,-1
2,177,1446,435,285,241,1,-1,-1,-1
3,175,360,353,240,228,1,-1,-1,-1
3,178,549,68,168,134,1,-1,-1,-1
3,176,202,591,272,232,1,-1,-1,-1
3,177,1445,426,285,246,1,-1,-1,-1
4,176,191,598,274,236,1,-1,-1,-1
4,175,357,355,240,229,1,-1,-1,-1
4,178,552,68,169,135,1,-1,-1,-1
4,177,1435,420,293,244,1,-1,-1,-1
5,175,352,359,240,231,1,-1,-1,-1
5,176,186,610,277,228,1,-1,-1,-1
5,178,555,69,166,136,1,-1,-1,-1
5,177,1428,417,291,239,1,-1,-1,-1
6,175,349,365,239,229,1,-1,-1,-1
6,176,175,617,285,233,1,-1,-1,-1
6,178,555,69,165,138,1,-1,-1,-1
6,177,1429,412,283,237,1,-1,-1,-1
7,175,348,370,237,227,1,-1,-1,-1
7,176,166,623,287,237,1,-1,-1,-1
7,177,1427,410,280,237,1,-1,-1,-1
7,178,559,71,162,139,1,-1,-1,-1
8,175,340,375,241,230,1,-1,-1,-1
8,178,557,72,162,139,1,-1,-1,-1
8,176,154,627,293,240,1,-1,-1,-1
8,177,1424,405,280,236,1,-1,-1,-1
9,175,335,383,244,228,1,-1,-1,-1
9,178,557,73,161,139,1,-1,-1,-1
9,176,142,635,299,248,1,-1,-1,-1
9,177,1421,402,278,231,1,-1,-1,-1
10,175,335,388,243,227,1,-1,-1,-1
10,178,556,78,164,137,1,-1,-1,-1
10,176,136,648,300,242,1,-1,-1,-1
10,177,1414,395,272,232,1,-1,-1,-1
11,175,331,391,244,231,1,-1,-1,-1
11,178,558,78,161,138,1,-1,-1,-1
11,176,124,656,298,250,1,-1,-1,-1
11,177,1408,390,276,230,1,-1,-1,-1
12,175,327,394,248,235,1,-1,-1,-1
12,178,558,79,159,138,1,-1,-1,-1
12,176,119,661,299,251,1,-1,-1,-1
12,177,1416,391,266,224,1,-1,-1,-1
13,178,559,83,159,135,1,-1,-1,-1
13,175,314,395,256,244,1,-1,-1,-1
13,177,1410,385,268,226,1,-1,-1,-1
13,176,105,670,306,258,1,-1,-1,-1
14,175,308,401,256,249,1,-1,-1,-1
14,178,560,85,155,135,1,-1,-1,-1
14,176,100,681,298,248,1,-1,-1,-1
14,177,1401,372,270,232,1,-1,-1,-1
15,178,560,87,155,134,1,-1,-1,-1
15,175,305,404,257,250,1,-1,-1,-1
15,176,83,690,314,262,1,-1,-1,-1
15,177,1399,369,264,226,1,-1,-1,-1
16,178,560,89,154,133,1,-1,-1,-1
16,175,297,414,261,248,1,-1,-1,-1
16,176,64,700,321,262,1,-1,-1,-1
16,177,1399,365,261,223,1,-1,-1,-1
16,179,881,110,232,141,1,-1,-1,-1
17,178,562,88,156,141,1,-1,-1,-1
17,175,289,418,266,257,1,-1,-1,-1
17,176,57,708,328,267,1,-1,-1,-1
17,177,1397,364,261,222,1,-1,-1,-1
17,179,860,115,208,139,1,-1,-1,-1
18,178,557,91,159,140,1,-1,-1,-1
18,179,850,120,201,141,1,-1,-1,-1
18,175,286,425,265,258,1,-1,-1,-1
18,176,48,716,328,273,1,-1,-1,-1
18,177,1399,361,259,217,1,-1,-1,-1
19,179,824,126,212,137,1,-1,-1,-1
19,178,557,92,161,142,1,-1,-1,-1
19,175,285,435,263,252,1,-1,-1,-1
19,176,33,728,337,274,1,-1,-1,-1
19,177,1394,362,255,215,1,-1,-1,-1
20,175,279,441,268,254,1,-1,-1,-1
20,178,557,94,158,140,1,-1,-1,-1
20,179,822,127,212,138,1,-1,-1,-1
20,176,18,736,341,281,1,-1,-1,-1
20,177,1391,355,245,213,1,-1,-1,-1
21,175,268,443,272,259,1,-1,-1,-1
21,178,555,97,161,142,1,-1,-1,-1
21,179,813,132,204,138,1,-1,-1,-1
21,177,1387,348,254,218,1,-1,-1,-1
21,176,0,749,347,284,1,-1,-1,-1
22,178,554,99,161,143,1,-1,-1,-1
22,179,798,136,205,139,1,-1,-1,-1
22,175,260,449,273,259,1,-1,-1,-1
22,177,1384,348,254,213,1,-1,-1,-1
22,176,0,760,351,293,1,-1,-1,-1
23,179,794,138,198,140,1,-1,-1,-1
23,175,250,457,277,263,1,-1,-1,-1
23,178,549,103,164,143,1,-1,-1,-1
23,177,1384,344,251,208,1,-1,-1,-1
24,178,550,100,162,146,1,-1,-1,-1
24,175,254,463,274,262,1,-1,-1,-1
24,179,776,141,201,142,1,-1,-1,-1
24,177,1384,343,243,209,1,-1,-1,-1
25,179,775,145,189,144,1,-1,-1,-1
25,178,545,104,165,146,1,-1,-1,-1
25,175,242,465,280,268,1,-1,-1,-1
25,177,1381,335,241,212,1,-1,-1,-1
26,179,770,150,184,140,1,-1,-1,-1
26,178,544,108,165,145,1,-1,-1,-1
26,175,228,472,287,271,1,-1,-1,-1
26,177,1381,333,240,211,1,-1,-1,-1
27,179,759,154,181,141,1,-1,-1,-1
27,178,541,112,165,145,1,-1,-1,-1
27,175,226,483,284,267,1,-1,-1,-1
27,177,1379,324,238,212,1,-1,-1,-1
28,179,757,157,178,143,1,-1,-1,-1
28,175,216,489,286,266,1,-1,-1,-1
28,178,543,116,167,144,1,-1,-1,-1
28,177,1377,326,237,202,1,-1,-1,-1
29,175,210,492,289,274,1,-1,-1,-1
29,179,752,160,174,143,1,-1,-1,-1
29,178,542,120,168,144,1,-1,-1,-1
29,177,1374,323,237,201,1,-1,-1,-1
30,179,750,165,170,144,1,-1,-1,-1
30,175,203,501,293,277,1,-1,-1,-1
30,178,539,123,169,146,1,-1,-1,-1
30,177,1374,317,240,206,1,-1,-1,-1
31,179,750,172,170,137,1,-1,-1,-1
31,175,193,503,293,282,1,-1,-1,-1
31,177,1373,318,236,203,1,-1,-1,-1
31,178,535,127,166,143,1,-1,-1,-1
32,179,744,175,174,140,1,-1,-1,-1
32,175,179,506,300,287,1,-1,-1,-1
32,178,535,125,166,150,1,-1,-1,-1
32,177,1369,313,232,197,1,-1,-1,-1
33,179,743,180,171,141,1,-1,-1,-1
33,175,174,517,297,293,1,-1,-1,-1
33,178,535,132,170,145,1,-1,-1,-1
33,177,1364,308,229,200,1,-1,-1,-1
34,179,743,183,169,142,1,-1,-1,-1
34,175,165,527,303,284,1,-1,-1,-1
34,178,533,134,169,145,1,-1,-1,-1
34,177,1362,305,230,200,1,-1,-1,-1
35,179,740,188,170,142,1,-1,-1,-1
35,175,152,529,305,293,1,-1,-1,-1
35,178,533,136,169,147,1,-1,-1,-1
35,177,1359,304,235,198,1,-1,-1,-1
36,179,737,192,172,142,1,-1,-1,-1
36,175,150,536,305,294,1,-1,-1,-1
36,178,528,139,171,150,1,-1,-1,-1
36,177,1356,303,232,197,1,-1,-1,-1
37,179,737,197,173,144,1,-1,-1,-1
37,175,142,540,309,300,1,-1,-1,-1
37,178,525,143,173,151,1,-1,-1,-1
37,177,1353,297,233,198,1,-1,-1,-1
38,179,737,201,174,145,1,-1,-1,-1
38,175,124,547,316,299,1,-1,-1,-1
38,178,526,143,174,153,1,-1,-1,-1
38,177,1351,297,230,196,1,-1,-1,-1
39,179,733,206,176,144,1,-1,-1,-1
39,175,118,559,316,300,1,-1,-1,-1
39,178,524,149,173,154,1,-1,-1,-1
39,177,1350,295,227,195,1,-1,-1,-1
40,179,734,210,174,147,1,-1,-1,-1
40,175,111,566,316,301,1,-1,-1,-1
40,178,521,155,171,150,1,-1,-1,-1
40,177,1347,293,228,195,1,-1,-1,-1
41,179,733,215,173,146,1,-1,-1,-1
41,178,520,158,169,150,1,-1,-1,-1
41,175,100,570,318,309,1,-1,-1,-1
41,177,1348,292,225,193,1,-1,-1,-1
42,179,733,222,173,146,1,-1,-1,-1
42,178,518,163,176,153,1,-1,-1,-1
42,175,83,573,323,317,1,-1,-1,-1
42,177,1346,288,223,192,1,-1,-1,-1
43,179,735,227,172,145,1,-1,-1,-1
43,175,76,580,326,320,1,-1,-1,-1
43,178,521,167,171,153,1,-1,-1,-1
43,177,1346,287,222,189,1,-1,-1,-1
44,179,731,231,174,147,1,-1,-1,-1
44,175,63,584,331,331,1,-1,-1,-1
44,178,515,174,176,153,1,-1,-1,-1
44,177,1342,285,224,187,1,-1,-1,-1
45,179,729,236,176,148,1,-1,-1,-1
45,175,58,599,338,333,1,-1,-1,-1
45,178,515,178,175,152,1,-1,-1,-1
45,177,1340,284,225,184,1,-1,-1,-1
46,179,728,243,176,147,1,-1,-1,-1
46,175,41,606,341,330,1,-1,-1,-1
46,178,513,180,176,152,1,-1,-1,-1
46,177,1338,283,217,184,1,-1,-1,-1
47,179,727,247,177,148,1,-1,-1,-1
47,175,29,614,338,333,1,-1,-1,-1
47,178,515,183,169,151,1,-1,-1,-1
47,177,1337,283,215,182,1,-1,-1,-1
48,179,723,251,179,152,1,-1,-1,-1
48,178,514,189,175,150,1,-1,-1,-1
48,175,20,621,342,341,1,-1,-1,-1
48,177,1333,281,216,180,1,-1,-1,-1
49,179,724,256,180,150,1,-1,-1,-1
49,178,511,189,175,152,1,-1,-1,-1
49,175,5,628,350,343,1,-1,-1,-1
49,177,1331,279,218,177,1,-1,-1,-1
50,179,721,264,183,148,1,-1,-1,-1
50,178,510,195,174,150,1,-1,-1,-1
50,175,0,635,342,354,1,-1,-1,-1
50,177,1331,278,214,180,1,-1,-1,-1
51,179,721,267,183,149,1,-1,-1,-1
51,178,508,198,173,152,1,-1,-1,-1
51,175,0,643,341,357,1,-1,-1,-1
51,177,1328,276,215,181,1,-1,-1,-1
52,179,723,271,181,148,1,-1,-1,-1
52,178,509,203,173,151,1,-1,-1,-1
52,177,1325,273,217,180,1,-1,-1,-1
52,175,0,652,335,360,1,-1,-1,-1
53,179,722,276,183,152,1,-1,-1,-1
53,178,510,206,173,155,1,-1,-1,-1
53,177,1321,270,218,176,1,-1,-1,-1
54,179,721,281,182,152,1,-1,-1,-1
54,178,507,211,176,156,1,-1,-1,-1
54,177,1319,268,218,175,1,-1,-1,-1
55,179,718,287,185,153,1,-1,-1,-1
55,178,503,216,179,159,1,-1,-1,-1
55,177,1319,265,214,177,1,-1,-1,-1
56,179,719,292,187,153,1,-1,-1,-1
56,178,503,220,179,157,1,-1,-1,-1
56,177,1317,259,213,176,1,-1,-1,-1
57,179,717,295,189,156,1,-1,-1,-1
57,178,502,222,180,156,1,-1,-1,-1
57,177,1316,257,211,175,1,-1,-1,-1
58,179,714,301,190,154,1,-1,-1,-1
58,178,499,227,184,157,1,-1,-1,-1
58,177,1317,256,209,174,1,-1,-1,-1
59,179,712,306,193,158,1,-1,-1,-1
59,178,500,232,183,155,1,-1,-1,-1
59,177,1320,254,208,174,1,-1,-1,-1
60,179,711,310,193,156,1,-1,-1,-1
60,178,500,234,184,157,1,-1,-1,-1
60,177,1319,247,206,178,1,-1,-1,-1
61,179,711,314,195,161,1,-1,-1,-1
61,178,500,237,180,159,1,-1,-1,-1
61,177,1314,247,207,178,1,-1,-1,-1
62,179,710,319,195,158,1,-1,-1,-1
62,178,499,240,184,159,1,-1,-1,-1
63,179,709,322,196,162,1,-1,-1,-1
63,178,494,243,184,162,1,-1,-1,-1
64,179,707,328,198,162,1,-1,-1,-1
64,178,492,248,191,159,1,-1,-1,-1
65,179,704,332,200,164,1,-1,-1,-1
65,178,491,251,185,162,1,-1,-1,-1
65,180,1555,625,364,383,1,-1,-1,-1
66,179,704,334,199,165,1,-1,-1,-1
66,178,487,259,190,160,1,-1,-1,-1
66,180,1549,607,370,383,1,-1,-1,-1
67,179,704,340,201,166,1,-1,-1,-1
67,178,484,261,192,162,1,-1,-1,-1
67,180,1534,599,385,368,1,-1,-1,-1
68,179,703,345,203,168,1,-1,-1,-1
68,178,483,264,192,164,1,-1,-1,-1
68,180,1512,590,407,352,1,-1,-1,-1
69,179,701,349,206,171,1,-1,-1,-1
69,178,477,269,195,167,1,-1,-1,-1
69,180,1517,568,402,368,1,-1,-1,-1
70,179,701,350,205,177,1,-1,-1,-1
70,178,471,276,193,163,1,-1,-1,-1
70,180,1513,570,404,344,1,-1,-1,-1
71,179,702,358,206,174,1,-1,-1,-1
71,178,466,279,197,166,1,-1,-1,-1
71,180,1496,558,423,345,1,-1,-1,-1
72,179,698,364,210,174,1,-1,-1,-1
72,178,461,280,197,169,1,-1,-1,-1
72,180,1493,547,426,341,1,-1,-1,-1
73,179,699,369,211,174,1,-1,-1,-1
73,178,460,286,201,166,1,-1,-1,-1
73,180,1483,543,421,323,1,-1,-1,-1
74,179,699,372,211,179,1,-1,-1,-1
74,178,454,289,202,170,1,-1,-1,-1
74,180,1488,533,404,324,1,-1,-1,-1
75,179,694,379,215,178,1,-1,-1,-1
75,178,452,291,195,170,1,-1,-1,-1
75,180,1463,524,413,315,1,-1,-1,-1
76,179,696,386,216,176,1,-1,-1,-1
76,178,444,297,200,167,1,-1,-1,-1
76,180,1464,515,399,312,1,-1,-1,-1
77,179,692,390,220,180,1,-1,-1,-1
77,180,1466,505,393,312,1,-1,-1,-1
77,178,439,300,204,169,1,-1,-1,-1
78,179,692,398,222,182,1,-1,-1,-1
78,178,442,308,200,167,1,-1,-1,-1
78,180,1463,494,385,308,1,-1,-1,-1
79,179,688,400,226,188,1,-1,-1,-1
79,178,432,305,204,175,1,-1,-1,-1
79,180,1468,490,380,299,1,-1,-1,-1
80,179,692,410,220,180,1,-1,-1,-1
80,180,1449,481,378,293,1,-1,-1,-1
80,178,427,309,208,175,1,-1,-1,-1
81,179,689,414,225,188,1,-1,-1,-1
81,180,1439,472,364,300,1,-1,-1,-1
81,178,426,317,211,172,1,-1,-1,-1
82,179,689,420,227,189,1,-1,-1,-1
82,180,1437,464,365,289,1,-1,-1,-1
82,178,412,322,213,171,1,-1,-1,-1
83,179,688,427,229,190,1,-1,-1,-1
83,180,1425,459,366,285,1,-1,-1,-1
83,178,409,326,212,173,1,-1,-1,-1
84,179,682,435,233,191,1,-1,-1,-1
84,180,1424,457,358,279,1,-1,-1,-1
84,178,409,329,212,175,1,-1,-1,-1
85,179,679,439,236,192,1,-1,-1,-1
85,180,1415,448,358,277,1,-1,-1,-1
85,178,404,335,214,174,1,-1,-1,-1
86,179,679,449,233,191,1,-1,-1,-1
86,180,1410,431,339,288,1,-1,-1,-1
86,178,402,338,213,176,1,-1,-1,-1
87,179,674,455,239,195,1,-1,-1,-1
87,180,1403,435,345,265,1,-1,-1,-1
87,178,395,340,216,182,1,-1,-1,-1
88,179,674,461,239,196,1,-1,-1,-1
88,180,1406,421,326,272,1,-1,-1,-1
88,178,392,346,215,182,1,-1,-1,-1
89,179,668,469,244,199,1,-1,-1,-1
89,180,1393,421,330,266,1,-1,-1,-1
89,178,390,349,215,183,1,-1,-1,-1
90,179,667,477,243,199,1,-1,-1,-1
90,180,1385,415,330,262,1,-1,-1,-1
90,178,383,355,217,184,1,-1,-1,-1
91,179,662,481,250,204,1,-1,-1,-1
91,180,1387,410,325,257,1,-1,-1,-1
91,178,381,363,219,177,1,-1,-1,-1
92,179,659,489,252,204,1,-1,-1,-1
92,180,1376,402,325,258,1,-1,-1,-1
92,178,379,365,221,186,1,-1,-1,-1
93,179,653,499,256,205,1,-1,-1,-1
93,180,1375,393,319,260,1,-1,-1,-1
93,178,375,368,221,188,1,-1,-1,-1
94,179,650,503,258,208,1,-1,-1,-1
94,180,1370,389,317,254,1,-1,-1,-1
94,178,370,374,225,188,1,-1,-1,-1
95,179,639,507,265,217,1,-1,-1,-1
95,180,1367,386,318,247,1,-1,-1,-1
95,178,370,379,221,190,1,-1,-1,-1
96,179,641,521,266,212,1,-1,-1,-1
96,180,1371,381,311,245,1,-1,-1,-1
96,178,366,387,224,185,1,-1,-1,-1
96,181,528,66,185,133,1,-1,-1,-1
97,179,635,523,267,221,1,-1,-1,-1
97,180,1365,377,310,244,1,-1,-1,-1
97,178,355,383,230,195,1,-1,-1,-1
97,181,525,59,190,144,1,-1,-1,-1
98,179,630,536,273,217,1,-1,-1,-1
98,180,1366,371,305,242,1,-1,-1,-1
98,181,529,63,191,136,1,-1,-1,-1
98,178,357,390,228,196,1,-1,-1,-1
99,179,629,544,270,217,1,-1,-1,-1
99,180,1368,367,291,237,1,-1,-1,-1
99,181,533,64,191,137,1,-1,-1,-1
99,178,349,394,233,195,1,-1,-1,-1
100,179,623,548,278,222,1,-1,-1,-1
100,180,1356,359,286,239,1,-1,-1,-1
100,181,538,64,192,137,1,-1,-1,-1
100,178,346,401,234,192,1,-1,-1,-1
101,179,619,557,277,224,1,-1,-1,-1
101,180,1347,351,293,239,1,-1,-1,-1
101,178,341,411,232,192,1,-1,-1,-1
101,181,542,63,191,138,1,-1,-1,-1
102,179,611,565,284,230,1,-1,-1,-1
102,180,1347,346,288,239,1,-1,-1,-1
102,178,337,410,234,200,1,-1,-1,-1
102,181,546,65,187,138,1,-1,-1,-1
103,179,607,573,286,233,1,-1,-1,-1
103,180,1344,341,293,239,1,-1,-1,-1
103,181,552,67,181,135,1,-1,-1,-1
103,178,335,413,239,202,1,-1,-1,-1
104,179,604,588,287,230,1,-1,-1,-1
104,181,553,70,176,136,1,-1,-1,-1
104,180,1344,333,280,233,1,-1,-1,-1
104,178,327,414,244,207,1,-1,-1,-1
105,179,586,592,303,240,1,-1,-1,-1
105,181,557,73,171,136,1,-1,-1,-1
105,180,1340,331,276,228,1,-1,-1,-1
105,178,319,423,244,208,1,-1,-1,-1
106,179,595,601,295,248,1,-1,-1,-1
106,181,559,73,171,139,1,-1,-1,-1
106,180,1345,325,269,232,1,-1,-1,-1
106,178,310,433,252,206,1,-1,-1,-1
107,179,582,610,300,245,1,-1,-1,-1
107,180,1343,319,274,228,1,-1,-1,-1
107,181,562,74,169,139,1,-1,-1,-1
107,178,314,440,248,209,1,-1,-1,-1
108,179,577,622,305,245,1,-1,-1,-1
108,180,1336,315,272,230,1,-1,-1,-1
108,178,306,444,250,213,1,-1,-1,-1
108,181,563,74,169,141,1,-1,-1,-1
109,179,571,630,309,251,1,-1,-1,-1
109,180,1332,311,266,230,1,-1,-1,-1
109,181,562,76,169,139,1,-1,-1,-1
109,178,304,447,255,221,1,-1,-1,-1
110,179,565,639,311,254,1,-1,-1,-1
110,180,1326,302,260,232,1,-1,-1,-1
110,181,563,79,167,135,1,-1,-1,-1
110,178,295,459,249,218,1,-1,-1,-1
111,179,563,644,318,268,1,-1,-1,-1
111,180,1322,298,264,229,1,-1,-1,-1
111,181,565,80,166,136,1,-1,-1,-1
111,178,290,465,250,217,1,-1,-1,-1
112,179,552,659,319,260,1,-1,-1,-1
112,181,565,84,166,136,1,-1,-1,-1
112,180,1317,289,270,224,1,-1,-1,-1
112,178,284,466,261,225,1,-1,-1,-1
113,179,543,669,324,265,1,-1,-1,-1
113,181,565,83,163,137,1,-1,-1,-1
113,178,283,478,254,220,1,-1,-1,-1
113,180,1309,291,266,217,1,-1,-1,-1
114,179,536,678,330,267,1,-1,-1,-1
114,181,566,87,166,136,1,-1,-1,-1
114,180,1308,288,264,221,1,-1,-1,-1
114,178,268,488,265,222,1,-1,-1,-1
115,179,526,692,337,273,1,-1,-1,-1
115,180,1307,283,265,219,1,-1,-1,-1
115,178,263,489,268,230,1,-1,-1,-1
115,181,561,89,170,137,1,-1,-1,-1
116,179,516,704,345,276,1,-1,-1,-1
116,178,267,503,258,221,1,-1,-1,-1
116,180,1309,280,263,217,1,-1,-1,-1
116,181,562,91,167,137,1,-1,-1,-1
117,179,510,713,346,282,1,-1,-1,-1
117,178,256,505,273,230,1,-1,-1,-1
117,181,560,94,168,136,1,-1,-1,-1
117,180,1302,277,266,216,1,-1,-1,-1
118,179,499,728,361,283,1,-1,-1,-1
118,178,241,507,281,238,1,-1,-1,-1
118,181,554,96,176,138,1,-1,-1,-1
118,180,1298,276,264,214,1,-1,-1,-1
119,179,486,738,364,291,1,-1,-1,-1
119,178,234,521,281,229,1,-1,-1,-1
119,180,1298,272,252,217,1,-1,-1,-1
119,181,552,96,174,143,1,-1,-1,-1
120,179,483,755,366,290,1,-1,-1,-1
120,181,556,101,171,139,1,-1,-1,-1
120,180,1295,271,250,215,1,-1,-1,-1
120,178,234,526,281,238,1,-1,-1,-1
121,181,548,104,173,145,1,-1,-1,-1
121,179,476,769,372,295,1,-1,-1,-1
121,180,1290,265,250,211,1,-1,-1,-1
121,178,225,529,285,244,1,-1,-1,-1
122,179,467,780,375,296,1,-1,-1,-1
122,178,225,541,284,233,1,-1,-1,-1
122,181,544,104,175,146,1,-1,-1,-1
122,180,1287,263,246,213,1,-1,-1,-1
123,181,543,104,177,145,1,-1,-1,-1
123,178,214,549,284,238,1,-1,-1,-1
123,179,461,800,386,279,1,-1,-1,-1
123,180,1284,258,246,213,1,-1,-1,-1
124,178,205,555,291,247,1,-1,-1,-1
124,181,541,107,180,146,1,-1,-1,-1
124,180,1288,254,239,206,1,-1,-1,-1
125,178,209,564,293,239,1,-1,-1,-1
125,181,542,108,175,146,1,-1,-1,-1
125,180,1286,252,240,203,1,-1,-1,-1
126,181,544,114,176,142,1,-1,-1,-1
126,178,197,575,295,239,1,-1,-1,-1
126,180,1281,251,240,206,1,-1,-1,-1
127,181,537,115,176,146,1,-1,-1,-1
127,178,199,578,284,247,1,-1,-1,-1
127,180,1280,248,238,203,1,-1,-1,-1
128,181,536,118,174,145,1,-1,-1,-1
128,178,179,584,299,252,1,-1,-1,-1
128,180,1281,245,241,198,1,-1,-1,-1
129,181,535,123,177,146,1,-1,-1,-1
129,178,167,598,303,247,1,-1,-1,-1
129,180,1280,242,239,201,1,-1,-1,-1
130,181,534,128,178,141,1,-1,-1,-1
130,178,162,602,308,247,1,-1,-1,-1
130,180,1275,241,242,194,1,-1,-1,-1
131,181,532,129,179,143,1,-1,-1,-1
131,178,155,610,314,248,1,-1,-1,-1
131,180,1271,237,237,198,1,-1,-1,-1
132,181,527,129,177,149,1,-1,-1,-1
132,178,147,619,310,248,1,-1,-1,-1
132,180,1275,235,236,193,1,-1,-1,-1
133,181,526,132,175,148,1,-1,-1,-1
133,178,137,628,314,258,1,-1,-1,-1
133,180,1277,236,234,191,1,-1,-1,-1
134,181,527,136,170,146,1,-1,-1,-1
134,178,124,635,321,263,1,-1,-1,-1
134,180,1281,230,221,191,1,-1,-1,-1
135,181,527,137,169,149,1,-1,-1,-1
135,178,115,646,321,266,1,-1,-1,-1
135,180,1277,230,221,186,1,-1,-1,-1
136,181,523,140,176,153,1,-1,-1,-1
136,178,102,658,324,270,1,-1,-1,-1
136,182,1130,753,395,311,1,-1,-1,-1
136,180,1280,225,216,188,1,-1,-1,-1
137,181,521,144,174,153,1,-1,-1,-1
137,178,89,667,327,275,1,-1,-1,-1
137,182,1123,748,404,306,1,-1,-1,-1
137,180,1279,221,215,184,1,-1,-1,-1
138,181,519,149,176,153,1,-1,-1,-1
138,178,75,678,332,279,1,-1,-1,-1
138,182,1127,743,389,305,1,-1,-1,-1
138,180,1272,198,227,204,1,-1,-1,-1
139,181,519,155,177,148,1,-1,-1,-1
139,182,1104,735,382,307,1,-1,-1,-1
139,178,62,689,340,271,1,-1,-1,-1
140,181,516,160,177,149,1,-1,-1,-1
140,178,49,695,340,284,1,-1,-1,-1
140,182,1093,717,378,314,1,-1,-1,-1
141,181,515,163,181,149,1,-1,-1,-1
141,182,1080,721,368,297,1,-1,-1,-1
141,178,43,705,342,279,1,-1,-1,-1
142,181,515,168,180,149,1,-1,-1,-1
142,182,1062,715,380,297,1,-1,-1,-1
142,178,25,716,355,287,1,-1,-1,-1
143,181,516,170,182,155,1,-1,-1,-1
143,182,1044,707,373,297,1,-1,-1,-1
143,178,12,726,363,294,1,-1,-1,-1
144,182,1013,702,394,296,1,-1,-1,-1
144,181,521,171,183,157,1,-1,-1,-1
144,178,0,739,354,300,1,-1,-1,-1
145,181,520,176,179,156,1,-1,-1,-1
145,182,983,701,394,289,1,-1,-1,-1
146,181,518,180,181,151,1,-1,-1,-1
146,182,967,682,406,291,1,-1,-1,-1
147,181,519,186,181,152,1,-1,-1,-1
147,182,944,684,407,284,1,-1,-1,-1
148,181,522,187,176,151,1,-1,-1,-1
148,182,891,686,421,279,1,-1,-1,-1
149,181,521,192,180,150,1,-1,-1,-1
149,182,860,688,416,276,1,-1,-1,-1
150,181,522,193,183,151,1,-1,-1,-1
150,182,806,679,452,277,1,-1,-1,-1
151,181,515,195,189,157,1,-1,-1,-1
151,182,759,679,461,272,1,-1,-1,-1
152,181,521,200,185,155,1,-1,-1,-1
152,182,703,676,464,275,1,-1,-1,-1
153,182,659,663,480,282,1,-1,-1,-1
153,181,519,204,185,158,1,-1,-1,-1
154,181,522,210,181,155,1,-1,-1,-1
154,182,595,660,503,285,1,-1,-1,-1
155,181,522,216,184,155,1,-1,-1,-1
155,182,535,662,519,279,1,-1,-1,-1
156,181,521,217,185,160,1,-1,-1,-1
156,182,482,658,521,281,1,-1,-1,-1
157,181,521,220,186,159,1,-1,-1,-1
157,182,409,659,554,279,1,-1,-1,-1
158,181,522,224,192,159,1,-1,-1,-1
158,182,368,659,547,279,1,-1,-1,-1
159,181,523,228,185,159,1,-1,-1,-1
159,182,307,662,556,274,1,-1,-1,-1
160,181,521,230,185,158,1,-1,-1,-1
160,182,240,673,553,268,1,-1,-1,-1
161,181,521,236,186,159,1,-1,-1,-1
161,182,186,675,549,268,1,-1,-1,-1
162,181,517,239,191,161,1,-1,-1,-1
162,182,144,674,544,267,1,-1,-1,-1
163,181,521,241,187,161,1,-1,-1,-1
163,182,88,672,553,273,1,-1,-1,-1
164,181,514,246,195,162,1,-1,-1,-1
164,182,43,680,566,261,1,-1,-1,-1
165,181,512,248,195,165,1,-1,-1,-1
165,182,0,687,529,262,1,-1,-1,-1
166,181,514,254,193,164,1,-1,-1,-1
166,182,0,690,477,261,1,-1,-1,-1
167,181,510,263,200,161,1,-1,-1,-1
168,181,507,266,199,161,1,-1,-1,-1
169,181,507,268,200,164,1,-1,-1,-1
170,181,509,272,196,163,1,-1,-1,-1
171,181,509,274,196,169,1,-1,-1,-1
172,181,506,280,197,164,1,-1,-1,-1
173,181,500,284,203,165,1,-1,-1,-1
174,181,504,287,196,163,1,-1,-1,-1
174,183,1225,769,441,293,1,-1,-1,-1
175,181,503,289,199,168,1,-1,-1,-1
175,183,1210,746,433,311,1,-1,-1,-1
176,181,498,291,202,171,1,-1,-1,-1
176,183,1200,732,425,316,1,-1,-1,-1
177,181,496,296,205,171,1,-1,-1,-1
177,183,1186,718,420,307,1,-1,-1,-1
178,181,493,301,207,171,1,-1,-1,-1
178,183,1170,706,418,300,1,-1,-1,-1
179,181,488,303,211,175,1,-1,-1,-1
179,183,1173,689,399,297,1,-1,-1,-1
180,181,486,309,209,172,1,-1,-1,-1
180,183,1168,682,392,283,1,-1,-1,-1
181,181,485,315,211,170,1,-1,-1,-1
181,183,1169,667,378,281,1,-1,-1,-1
182,181,482,319,213,170,1,-1,-1,-1
182,183,1147,652,385,280,1,-1,-1,-1
183,181,476,319,217,175,1,-1,-1,-1
183,183,1149,638,383,279,1,-1,-1,-1
184,181,476,323,215,179,1,-1,-1,-1
184,183,1140,635,371,267,1,-1,-1,-1
185,181,475,325,212,182,1,-1,-1,-1
185,183,1165,634,355,256,1,-1,-1,-1
186,181,470,329,214,184,1,-1,-1,-1
186,183,1146,614,356,261,1,-1,-1,-1
187,181,466,336,217,181,1,-1,-1,-1
187,183,1144,603,363,257,1,-1,-1,-1
188,181,461,340,220,182,1,-1,-1,-1
188,183,1133,593,347,257,1,-1,-1,-1
189,181,458,342,218,187,1,-1,-1,-1
189,183,1139,583,339,253,1,-1,-1,-1
190,181,453,353,222,181,1,-1,-1,-1
190,183,1145,570,322,253,1,-1,-1,-1
190,184,877,95,260,142,1,-1,-1,-1
191,181,449,356,225,182,1,-1,-1,-1
191,183,1143,567,321,239,1,-1,-1,-1
191,184,871,99,236,138,1,-1,-1,-1
192,181,445,357,228,187,1,-1,-1,-1
192,184,853,101,224,141,1,-1,-1,-1
192,183,1140,561,315,238,1,-1,-1,-1
193,181,442,363,225,185,1,-1,-1,-1
193,184,839,101,224,140,1,-1,-1,-1
194,181,438,366,229,190,1,-1,-1,-1
194,184,832,107,232,137,1,-1,-1,-1
195,181,433,370,233,195,1,-1,-1,-1
195,184,819,109,238,139,1,-1,-1,-1
196,181,428,374,234,197,1,-1,-1,-1
196,184,797,111,243,139,1,-1,-1,-1
197,184,787,113,235,141,1,-1,-1,-1
197,181,413,377,240,209,1,-1,-1,-1
198,181,410,383,247,205,1,-1,-1,-1
198,184,762,116,238,143,1,-1,-1,-1
199,184,753,117,233,141,1,-1,-1,-1
199,181,407,388,239,202,1,-1,-1,-1
200,181,403,387,243,203,1,-1,-1,-1
200,184,745,118,227,140,1,-1,-1,-1
201,181,396,394,246,201,1,-1,-1,-1
201,184,726,123,224,143,1,-1,-1,-1
202,181,389,401,246,201,1,-1,-1,-1
202,184,717,127,225,141,1,-1,-1,-1
203,181,387,410,250,198,1,-1,-1,-1
203,184,703,132,221,140,1,-1,-1,-1
204,181,386,411,247,198,1,-1,-1,-1
204,184,688,133,222,145,1,-1,-1,-1
205,184,671,135,225,149,1,-1,-1,-1
205,181,380,416,249,201,1,-1,-1,-1
206,184,665,136,223,150,1,-1,-1,-1
206,181,368,421,250,205,1,-1,-1,-1
207,181,358,425,260,214,1,-1,-1,-1
207,184,655,142,212,148,1,-1,-1,-1
208,181,356,433,262,212,1,-1,-1,-1
208,184,642,146,209,148,1,-1,-1,-1
209,181,355,439,259,209,1,-1,-1,-1
209,184,634,151,207,145,1,-1,-1,-1
210,181,348,440,257,219,1,-1,-1,-1
210,184,622,155,202,148,1,-1,-1,-1
211,184,615,160,197,146,1,-1,-1,-1
211,181,335,448,272,225,1,-1,-1,-1
212,181,335,458,254,218,1,-1,-1,-1
213,181,321,457,273,226,1,-1,-1,-1
214,181,313,469,275,223,1,-1,-1,-1
215,181,300,471,288,228,1,-1,-1,-1
216,181,298,478,284,228,1,-1,-1,-1
217,181,297,483,284,232,1,-1,-1,-1
218,181,296,490,283,234,1,-1,-1,-1
218,185,562,187,194,148,1,-1,-1,-1
219,185,566,194,176,144,1,-1,-1,-1
219,181,281,495,299,236,1,-1,-1,-1
220,185,556,200,187,142,1,-1,-1,-1
221,185,546,204,187,144,1,-1,-1,-1
222,185,542,204,188,150,1,-1,-1,-1
223,185,538,205,191,151,1,-1,-1,-1
224,185,543,213,180,147,1,-1,-1,-1
225,185,540,218,181,144,1,-1,-1,-1
226,185,537,221,180,149,1,-1,-1,-1
227,185,528,222,193,151,1,-1,-1,-1
228,185,525,226,188,151,1,-1,-1,-1
229,185,520,226,190,154,1,-1,-1,-1
230,185,518,233,193,153,1,-1,-1,-1
231,185,518,241,185,147,1,-1,-1,-1
231,186,944,30,215,146,1,-1,-1,-1
232,185,512,245,187,148,1,-1,-1,-1
232,186,926,26,210,146,1,-1,-1,-1
233,186,905,26,228,144,1,-1,-1,-1
233,185,504,249,187,150,1,-1,-1,-1
234,185,504,250,190,153,1,-1,-1,-1
234,186,889,25,214,143,1,-1,-1,-1
235,185,504,254,188,154,1,-1,-1,-1
235,186,862,26,225,144,1,-1,-1,-1
236,185,496,257,191,156,1,-1,-1,-1
236,186,840,22,230,146,1,-1,-1,-1
237,185,497,262,190,155,1,-1,-1,-1
237,186,807,8,246,159,1,-1,-1,-1
238,185,495,265,191,157,1,-1,-1,-1
238,186,786,13,248,153,1,-1,-1,-1
239,185,490,268,192,159,1,-1,-1,-1
239,186,754,1,260,162,1,-1,-1,-1
240,185,486,273,194,156,1,-1,-1,-1
240,186,723,1,264,162,1,-1,-1,-1
241,185,488,273,198,156,1,-1,-1,-1
241,186,698,4,261,158,1,-1,-1,-1
242,185,481,283,196,160,1,-1,-1,-1
242,186,676,0,266,160,1,-1,-1,-1
243,185,479,289,198,156,1,-1,-1,-1
243,186,650,3,265,157,1,-1,-1,-1
244,185,479,293,196,154,1,-1,-1,-1
244,186,627,1,249,155,1,-1,-1,-1
245,185,470,294,206,158,1,-1,-1,-1
245,186,579,2,263,150,1,-1,-1,-1
246,185,469,296,205,161,1,-1,-1,-1
246,186,541,0,276,153,1,-1,-1,-1
247,185,465,298,207,163,1,-1,-1,-1
247,186,502,1,284,149,1,-1,-1,-1
248,185,466,299,203,163,1,-1,-1,-1
248,186,485,7,268,142,1,-1,-1,-1
249,185,465,303,205,164,1,-1,-1,-1
249,186,468,5,252,143,1,-1,-1,-1
250,185,463,311,203,163,1,-1,-1,-1
250,186,424,5,261,142,1,-1,-1,-1
251,185,460,314,207,165,1,-1,-1,-1
251,186,383,4,254,143,1,-1,-1,-1
252,185,457,318,208,162,1,-1,-1,-1
252,186,391,5,223,141,1,-1,-1,-1
253,185,456,319,205,167,1,-1,-1,-1
254,185,448,326,209,167,1,-1,-1,-1
255,185,448,331,210,165,1,-1,-1,-1
256,185,443,335,213,168,1,-1,-1,-1
257,185,438,339,218,168,1,-1,-1,-1
257,187,880,67,280,162,1,-1,-1,-1
258,185,436,342,220,170,1,-1,-1,-1
258,187,852,72,289,161,1,-1,-1,-1
259,185,437,345,224,167,1,-1,-1,-1
259,187,834,76,307,163,1,-1,-1,-1
260,185,434,349,219,175,1,-1,-1,-1
260,187,814,80,286,159,1,-1,-1,-1
261,185,428,352,219,177,1,-1,-1,-1
261,187,797,82,272,163,1,-1,-1,-1
262,185,424,356,221,180,1,-1,-1,-1
262,187,784,84,273,161,1,-1,-1,-1
263,185,419,363,226,172,1,-1,-1,-1
263,187,764,85,277,162,1,-1,-1,-1
264,187,753,87,273,163,1,-1,-1,-1
264,185,415,363,228,177,1,-1,-1,-1
265,185,412,366,227,180,1,-1,-1,-1
265,187,741,88,268,165,1,-1,-1,-1
266,185,410,373,227,179,1,-1,-1,-1
266,187,714,92,279,165,1,-1,-1,-1
267,185,407,378,232,182,1,-1,-1,-1
267,187,706,98,266,162,1,-1,-1,-1
268,185,404,383,233,185,1,-1,-1,-1
268,187,703,97,249,165,1,-1,-1,-1
269,185,401,389,233,185,1,-1,-1,-1
269,187,699,98,247,166,1,-1,-1,-1
270,185,396,393,238,184,1,-1,-1,-1
270,187,697,102,231,169,1,-1,-1,-1
271,185,390,394,236,188,1,-1,-1,-1
271,187,681,101,227,167,1,-1,-1,-1
272,185,387,399,237,187,1,-1,-1,-1
272,187,676,105,232,164,1,-1,-1,-1
273,185,385,402,235,190,1,-1,-1,-1
273,187,663,110,223,169,1,-1,-1,-1
274,185,385,408,233,188,1,-1,-1,-1
274,187,660,114,216,173,1,-1,-1,-1
275,185,382,413,234,189,1,-1,-1,-1
276,185,375,417,240,188,1,-1,-1,-1
277,185,370,421,245,193,1,-1,-1,-1
277,188,1107,736,477,334,1,-1,-1,-1
278,185,362,424,247,194,1,-1,-1,-1
278,188,1104,727,460,341,1,-1,-1,-1
279,185,363,431,246,197,1,-1,-1,-1
279,188,1094,713,463,355,1,-1,-1,-1
280,185,360,436,250,199,1,-1,-1,-1
280,188,1103,706,442,355,1,-1,-1,-1
281,185,355,441,252,201,1,-1,-1,-1
281,188,1095,699,446,366,1,-1,-1,-1
282,185,346,447,255,207,1,-1,-1,-1
282,188,1091,685,446,382,1,-1,-1,-1
283,185,346,454,261,211,1,-1,-1,-1
283,188,1087,675,440,383,1,-1,-1,-1
284,185,340,459,257,209,1,-1,-1,-1
284,188,1087,666,428,375,1,-1,-1,-1
285,188,1084,658,422,366,1,-1,-1,-1
285,185,335,464,260,214,1,-1,-1,-1
286,188,1081,652,418,362,1,-1,-1,-1
286,185,329,471,266,214,1,-1,-1,-1
287,185,329,479,267,212,1,-1,-1,-1
287,188,1077,639,412,360,1,-1,-1,-1
288,185,321,485,264,210,1,-1,-1,-1
288,188,1078,631,393,352,1,-1,-1,-1
289,185,314,491,273,213,1,-1,-1,-1
289,188,1077,624,388,348,1,-1,-1,-1
290,188,1065,615,387,342,1,-1,-1,-1
290,185,310,496,276,214,1,-1,-1,-1
291,185,303,500,275,222,1,-1,-1,-1
291,188,1065,607,384,338,1,-1,-1,-1
292,188,1054,599,384,330,1,-1,-1,-1
292,185,301,509,276,217,1,-1,-1,-1
293,188,1062,586,379,339,1,-1,-1,-1
293,185,293,511,277,226,1,-1,-1,-1
294,188,1061,581,371,334,1,-1,-1,-1
294,185,276,518,291,227,1,-1,-1,-1
295,185,277,523,286,229,1,-1,-1,-1
295,188,1054,574,364,327,1,-1,-1,-1
296,188,1062,559,357,323,1,-1,-1,-1
296,185,273,526,289,235,1,-1,-1,-1
297,185,264,535,291,232,1,-1,-1,-1
297,188,1062,554,351,317,1,-1,-1,-1
298,185,266,541,285,230,1,-1,-1,-1
298,188,1054,549,353,312,1,-1,-1,-1
299,185,254,547,294,233,1,-1,-1,-1
299,188,1048,546,346,310,1,-1,-1,-1
300,185,250,551,288,237,1,-1,-1,-1
300,188,1048,535,349,311,1,-1,-1,-1
301,185,241,556,300,240,1,-1,-1,-1
301,188,1053,524,343,305,1,-1,-1,-1
302,185,230,564,303,241,1,-1,-1,-1
302,188,1045,522,339,288,1,-1,-1,-1
303,185,226,574,304,239,1,-1,-1,-1
303,188,1040,516,336,291,1,-1,-1,-1
304,185,217,578,307,242,1,-1,-1,-1
304,188,1047,514,324,269,1,-1,-1,-1
305,185,206,584,311,240,1,-1,-1,-1
305,188,1047,509,323,269,1,-1,-1,-1
306,185,198,589,308,249,1,-1,-1,-1
306,188,1047,496,323,270,1,-1,-1,-1
307,185,183,600,316,248,1,-1,-1,-1
307,188,1042,488,325,260,1,-1,-1,-1
308,185,178,602,313,253,1,-1,-1,-1
308,188,1039,487,324,255,1,-1,-1,-1
309,185,165,609,327,257,1,-1,-1,-1
309,188,1045,486,313,247,1,-1,-1,-1
310,185,160,614,330,254,1,-1,-1,-1
310,188,1039,475,317,248,1,-1,-1,-1
311,185,155,625,322,257,1,-1,-1,-1
311,188,1036,470,314,250,1,-1,-1,-1
312,185,133,633,335,268,1,-1,-1,-1
312,188,1046,466,303,237,1,-1,-1,-1
313,185,121,642,331,265,1,-1,-1,-1
313,188,1037,458,307,233,1,-1,-1,-1
314,185,113,648,340,266,1,-1,-1,-1
314,188,1038,453,296,233,1,-1,-1,-1
315,185,100,654,341,276,1,-1,-1,-1
315,188,1038,448,295,230,1,-1,-1,-1
316,185,90,667,342,266,1,-1,-1,-1
316,188,1035,441,291,231,1,-1,-1,-1
317,185,76,676,353,275,1,-1,-1,-1
317,188,1032,437,297,222,1,-1,-1,-1
318,185,63,679,345,285,1,-1,-1,-1
318,188,1037,431,287,222,1,-1,-1,-1
319,188,1035,426,288,222,1,-1,-1,-1
319,185,55,691,353,275,1,-1,-1,-1
320,185,48,689,358,283,1,-1,-1,-1
320,188,1027,418,291,219,1,-1,-1,-1
321,185,36,702,366,287,1,-1,-1,-1
321,188,1025,418,284,208,1,-1,-1,-1
322,185,23,715,369,291,1,-1,-1,-1
322,188,1023,411,283,217,1,-1,-1,-1
323,185,8,722,372,297,1,-1,-1,-1
323,188,1022,406,283,215,1,-1,-1,-1
324,185,2,735,373,298,1,-1,-1,-1
324,188,1023,395,278,219,1,-1,-1,-1
325,188,1024,396,278,211,1,-1,-1,-1
325,185,0,742,369,305,1,-1,-1,-1
326,188,1016,390,278,221,1,-1,-1,-1
326,185,0,750,365,311,1,-1,-1,-1
327,188,1019,383,271,219,1,-1,-1,-1
327,185,0,761,364,306,1,-1,-1,-1
328,188,1023,380,260,216,1,-1,-1,-1
329,189,888,110,172,136,1,-1,-1,-1
329,188,1017,377,262,206,1,-1,-1,-1
330,189,864,114,191,133,1,-1,-1,-1
330,188,1018,372,262,212,1,-1,-1,-1
331,189,825,116,221,135,1,-1,-1,-1
331,188,1020,367,258,214,1,-1,-1,-1
332,189,803,122,233,136,1,-1,-1,-1
332,188,1021,363,255,201,1,-1,-1,-1
333,189,781,124,239,139,1,-1,-1,-1
333,188,1025,361,249,191,1,-1,-1,-1
334,189,772,128,235,134,1,-1,-1,-1
334,188,1021,354,252,202,1,-1,-1,-1
335,189,737,131,234,138,1,-1,-1,-1
335,188,1022,349,248,198,1,-1,-1,-1
336,189,709,136,238,141,1,-1,-1,-1
336,188,1024,343,246,192,1,-1,-1,-1
337,189,694,137,224,141,1,-1,-1,-1
337,188,1027,331,238,188,1,-1,-1,-1
338,189,666,145,224,141,1,-1,-1,-1
338,188,1023,336,246,179,1,-1,-1,-1
339,189,654,149,209,140,1,-1,-1,-1
339,188,1019,329,244,181,1,-1,-1,-1
340,189,643,153,207,142,1,-1,-1,-1
340,188,1023,327,241,182,1,-1,-1,-1
341,189,633,155,198,143,1,-1,-1,-1
341,188,1026,324,236,177,1,-1,-1,-1
342,188,1026,320,242,179,1,-1,-1,-1
342,189,616,162,200,144,1,-1,-1,-1
343,188,1025,319,241,174,1,-1,-1,-1
343,189,607,171,188,146,1,-1,-1,-1
344,189,597,178,186,141,1,-1,-1,-1
344,188,1023,311,239,182,1,-1,-1,-1
345,189,587,180,180,142,1,-1,-1,-1
345,188,1021,308,238,183,1,-1,-1,-1
346,189,575,184,179,146,1,-1,-1,-1
346,188,1019,304,239,177,1,-1,-1,-1
347,189,566,192,177,143,1,-1,-1,-1
347,188,1021,300,232,172,1,-1,-1,-1
348,189,555,201,177,140,1,-1,-1,-1
348,188,1022,296,229,174,1,-1,-1,-1
349,189,548,203,179,144,1,-1,-1,-1
349,188,1023,295,227,169,1,-1,-1,-1
