0,190,831,356,234,163,1,-1,-1,-1
0,191,1105,431,388,254,1,-1,-1,-1
1,190,835,357,231,166,1,-1,-1,-1
1,191,1114,438,393,247,1,-1,-1,-1
2,190,844,360,244,166,1,-1,-1,-1
2,191,1119,443,392,245,1,-1,-1,-1
3,190,848,361,242,171,1,-1,-1,-1
3,191,1129,444,384,243,1,-1,-1,-1
4,190,856,359,248,173,1,-1,-1,-1
4,191,1138,445,390,247,1,-1,-1,-1
5,190,863,359,246,177,1,-1,-1,-1
5,191,1141,445,397,250,1,-1,-1,-1
6,190,867,360,248,178,1,-1,-1,-1
6,191,1145,442,401,255,1,-1,-1,-1
6,192,843,263,232,153,1,-1,-1,-1
7,190,878,362,245,180,1,-1,-1,-1
7,191,1149,441,400,259,1,-1,-1,-1
7,192,844,262,230,153,1,-1,-1,-1
8,190,883,364,248,182,1,-1,-1,-1
8,191,1164,443,392,263,1,-1,-1,-1
8,192,853,265,231,152,1,-1,-1,-1
9,190,890,368,246,182,1,-1,-1,-1
9,191,1166,445,390,264,1,-1,-1,-1
9,192,854,267,228,152,1,-1,-1,-1
9,193,304,176,105,89,1,-1,-1,-1
10,190,899,373,249,183,1,-1,-1,-1
10,191,1169,453,386,253,1,-1,-1,-1
10,192,863,272,240,147,1,-1,-1,-1
10,193,303,178,109,91,1,-1,-1,-1
11,190,904,374,253,182,1,-1,-1,-1
11,191,1180,448,392,265,1,-1,-1,-1
11,192,860,270,235,151,1,-1,-1,-1
11,193,307,178,111,93,1,-1,-1,-1
12,190,908,377,256,183,1,-1,-1,-1
12,191,1184,446,393,268,1,-1,-1,-1
12,193,309,179,114,94,1,-1,-1,-1
12,192,860,271,239,149,1,-1,-1,-1
13,190,913,378,257,183,1,-1,-1,-1
13,191,1186,448,398,268,1,-1,-1,-1
13,192,866,274,240,143,1,-1,-1,-1
13,193,314,182,112,94,1,-1,-1,-1
14,190,918,378,261,185,1,-1,-1,-1
14,191,1189,450,403,269,1,-1,-1,-1
14,192,869,275,238,141,1,-1,-1,-1
14,193,317,184,113,94,1,-1,-1,-1
15,190,924,380,258,184,1,-1,-1,-1
15,191,1207,463,406,260,1,-1,-1,-1
15,192,870,275,244,148,1,-1,-1,-1
15,193,324,187,115,95,1,-1,-1,-1
16,190,927,380,256,186,1,-1,-1,-1
16,191,1213,465,407,262,1,-1,-1,-1
16,192,873,277,242,141,1,-1,-1,-1
16,193,326,188,120,96,1,-1,-1,-1
17,190,929,383,264,187,1,-1,-1,-1
17,191,1217,466,412,262,1,-1,-1,-1
17,192,877,277,249,147,1,-1,-1,-1
17,193,333,189,114,96,1,-1,-1,-1
18,190,934,384,264,187,1,-1,-1,-1
18,191,1218,466,417,266,1,-1,-1,-1
18,192,882,277,246,148,1,-1,-1,-1
18,193,336,192,113,95,1,-1,-1,-1
19,190,937,384,264,191,1,-1,-1,-1
19,191,1222,465,420,268,1,-1,-1,-1
19,193,342,193,112,94,1,-1,-1,-1
19,192,882,277,247,150,1,-1,-1,-1
20,190,943,386,261,190,1,-1,-1,-1
20,191,1227,468,423,266,1,-1,-1,-1
20,193,342,192,123,99,1,-1,-1,-1
20,192,885,279,248,152,1,-1,-1,-1
21,190,944,387,267,190,1,-1,-1,-1
21,191,1229,468,431,266,1,-1,-1,-1
21,192,892,281,245,151,1,-1,-1,-1
21,193,350,194,120,98,1,-1,-1,-1
22,190,946,386,274,190,1,-1,-1,-1
22,191,1236,463,432,276,1,-1,-1,-1
22,193,357,197,114,94,1,-1,-1,-1
22,192,896,281,247,150,1,-1,-1,-1
23,190,951,390,272,189,1,-1,-1,-1
23,191,1235,460,431,285,1,-1,-1,-1
23,192,905,283,243,151,1,-1,-1,-1
23,193,357,196,119,101,1,-1,-1,-1
24,190,956,389,271,194,1,-1,-1,-1
24,191,1256,468,431,275,1,-1,-1,-1
24,192,910,287,245,147,1,-1,-1,-1
24,193,358,198,123,100,1,-1,-1,-1
25,190,958,389,276,193,1,-1,-1,-1
25,191,1257,468,441,278,1,-1,-1,-1
25,192,913,286,246,145,1,-1,-1,-1
25,193,363,199,127,102,1,-1,-1,-1
26,190,963,390,274,195,1,-1,-1,-1
26,191,1262,470,447,279,1,-1,-1,-1
26,192,917,286,241,147,1,-1,-1,-1
26,193,370,199,123,102,1,-1,-1,-1
27,190,968,391,275,198,1,-1,-1,-1
27,191,1271,471,449,281,1,-1,-1,-1
27,192,918,284,249,150,1,-1,-1,-1
27,193,377,205,120,101,1,-1,-1,-1
28,190,969,393,278,197,1,-1,-1,-1
28,191,1278,470,448,286,1,-1,-1,-1
28,193,383,204,123,103,1,-1,-1,-1
28,192,912,286,253,148,1,-1,-1,-1
29,190,974,393,274,200,1,-1,-1,-1
29,191,1288,474,465,281,1,-1,-1,-1
29,193,386,207,123,101,1,-1,-1,-1
29,192,918,286,243,152,1,-1,-1,-1
30,190,977,397,278,194,1,-1,-1,-1
30,191,1292,474,471,286,1,-1,-1,-1
30,193,389,206,127,104,1,-1,-1,-1
30,192,918,286,247,152,1,-1,-1,-1
31,190,982,395,277,203,1,-1,-1,-1
31,191,1305,468,442,300,1,-1,-1,-1
31,193,395,210,124,103,1,-1,-1,-1
31,192,928,287,254,150,1,-1,-1,-1
32,190,988,402,295,202,1,-1,-1,-1
32,191,1309,476,461,297,1,-1,-1,-1
32,193,400,211,127,105,1,-1,-1,-1
32,192,935,291,253,148,1,-1,-1,-1
33,190,989,398,281,201,1,-1,-1,-1
33,191,1321,479,454,297,1,-1,-1,-1
33,193,406,211,128,106,1,-1,-1,-1
33,192,933,292,252,149,1,-1,-1,-1
34,190,999,400,276,200,1,-1,-1,-1
34,191,1334,487,464,294,1,-1,-1,-1
34,193,408,210,131,110,1,-1,-1,-1
34,192,936,294,254,150,1,-1,-1,-1
35,190,995,403,301,204,1,-1,-1,-1
35,191,1330,482,471,290,1,-1,-1,-1
35,193,415,216,130,106,1,-1,-1,-1
35,192,941,296,257,149,1,-1,-1,-1
36,190,1004,402,285,204,1,-1,-1,-1
36,191,1341,486,462,301,1,-1,-1,-1
36,192,937,292,263,155,1,-1,-1,-1
36,193,419,216,133,110,1,-1,-1,-1
37,190,1009,403,287,204,1,-1,-1,-1
37,191,1354,488,466,302,1,-1,-1,-1
37,193,424,219,137,110,1,-1,-1,-1
37,192,949,295,263,151,1,-1,-1,-1
38,190,1015,405,281,205,1,-1,-1,-1
38,193,429,220,133,112,1,-1,-1,-1
38,191,1354,493,474,315,1,-1,-1,-1
38,192,952,294,265,152,1,-1,-1,-1
38,194,576,214,125,102,1,-1,-1,-1
39,193,434,223,134,110,1,-1,-1,-1
39,190,1014,406,306,209,1,-1,-1,-1
39,191,1370,494,475,308,1,-1,-1,-1
39,194,586,216,125,101,1,-1,-1,-1
39,192,958,293,257,154,1,-1,-1,-1
40,190,1022,408,306,208,1,-1,-1,-1
40,193,436,222,138,112,1,-1,-1,-1
40,191,1368,493,477,320,1,-1,-1,-1
40,192,954,292,261,159,1,-1,-1,-1
40,194,590,219,130,101,1,-1,-1,-1
41,193,442,222,139,116,1,-1,-1,-1
41,190,1027,409,310,210,1,-1,-1,-1
41,191,1378,494,478,322,1,-1,-1,-1
41,192,965,295,259,154,1,-1,-1,-1
41,194,599,221,130,104,1,-1,-1,-1
42,193,448,225,142,116,1,-1,-1,-1
42,190,1030,409,312,211,1,-1,-1,-1
42,192,966,297,261,153,1,-1,-1,-1
42,191,1388,503,493,317,1,-1,-1,-1
42,194,604,220,132,107,1,-1,-1,-1
43,193,451,226,145,118,1,-1,-1,-1
43,190,1034,410,312,212,1,-1,-1,-1
43,192,966,295,260,155,1,-1,-1,-1
43,191,1408,508,487,306,1,-1,-1,-1
43,194,609,224,138,104,1,-1,-1,-1
43,195,1349,378,374,175,1,-1,-1,-1
44,190,1042,411,287,209,1,-1,-1,-1
44,193,455,230,149,118,1,-1,-1,-1
44,192,964,298,270,155,1,-1,-1,-1
44,191,1410,512,494,307,1,-1,-1,-1
44,194,618,226,137,107,1,-1,-1,-1
44,195,1349,383,363,178,1,-1,-1,-1
45,190,1047,413,290,209,1,-1,-1,-1
45,193,459,232,153,119,1,-1,-1,-1
45,192,969,302,265,153,1,-1,-1,-1
45,194,622,226,141,109,1,-1,-1,-1
45,191,1432,518,487,308,1,-1,-1,-1
45,195,1360,380,366,184,1,-1,-1,-1
46,190,1053,415,288,208,1,-1,-1,-1
46,193,466,232,153,124,1,-1,-1,-1
46,192,966,299,274,157,1,-1,-1,-1
46,191,1436,517,483,312,1,-1,-1,-1
46,194,622,227,145,114,1,-1,-1,-1
46,195,1342,378,392,188,1,-1,-1,-1
47,193,472,233,147,123,1,-1,-1,-1
47,190,1052,414,297,209,1,-1,-1,-1
47,192,971,299,273,159,1,-1,-1,-1
47,191,1446,511,473,321,1,-1,-1,-1
47,195,1360,385,361,179,1,-1,-1,-1
47,194,644,231,134,111,1,-1,-1,-1
48,193,476,234,146,124,1,-1,-1,-1
48,190,1056,415,299,209,1,-1,-1,-1
48,192,970,299,281,165,1,-1,-1,-1
48,195,1364,382,359,184,1,-1,-1,-1
48,191,1449,510,470,325,1,-1,-1,-1
48,194,657,231,127,114,1,-1,-1,-1
49,190,1060,419,305,208,1,-1,-1,-1
49,193,479,234,146,127,1,-1,-1,-1
49,192,970,297,287,169,1,-1,-1,-1
49,191,1464,519,455,321,1,-1,-1,-1
49,195,1361,380,366,189,1,-1,-1,-1
49,194,661,233,133,113,1,-1,-1,-1
50,190,1062,417,305,212,1,-1,-1,-1
50,194,660,239,146,110,1,-1,-1,-1
50,192,975,298,283,171,1,-1,-1,-1
50,191,1472,520,447,325,1,-1,-1,-1
50,193,485,240,149,125,1,-1,-1,-1
50,195,1355,379,385,192,1,-1,-1,-1
51,190,1069,424,306,212,1,-1,-1,-1
51,194,660,241,150,110,1,-1,-1,-1
51,192,987,301,272,167,1,-1,-1,-1
51,193,491,238,148,131,1,-1,-1,-1
51,195,1357,382,400,197,1,-1,-1,-1
51,191,1480,517,439,331,1,-1,-1,-1
52,190,1077,423,309,215,1,-1,-1,-1
52,194,667,243,151,109,1,-1,-1,-1
52,192,986,301,275,176,1,-1,-1,-1
52,195,1359,386,390,192,1,-1,-1,-1
52,193,492,237,154,135,1,-1,-1,-1
52,191,1492,520,427,336,1,-1,-1,-1
53,190,1080,423,317,220,1,-1,-1,-1
53,194,671,244,155,111,1,-1,-1,-1
53,193,494,243,165,132,1,-1,-1,-1
53,192,979,299,278,173,1,-1,-1,-1
53,195,1370,386,386,198,1,-1,-1,-1
54,194,679,245,155,110,1,-1,-1,-1
54,190,1090,428,316,215,1,-1,-1,-1
54,193,507,245,161,134,1,-1,-1,-1
54,192,987,303,274,172,1,-1,-1,-1
54,195,1378,391,398,197,1,-1,-1,-1
55,190,1095,430,318,215,1,-1,-1,-1
55,194,682,244,158,113,1,-1,-1,-1
55,192,989,304,275,173,1,-1,-1,-1
55,195,1380,392,393,198,1,-1,-1,-1
55,193,510,246,170,137,1,-1,-1,-1
56,190,1107,430,312,219,1,-1,-1,-1
56,194,694,244,160,119,1,-1,-1,-1
56,192,991,302,279,176,1,-1,-1,-1
56,193,519,247,161,138,1,-1,-1,-1
56,195,1387,392,396,202,1,-1,-1,-1
57,190,1110,435,321,218,1,-1,-1,-1
57,192,991,304,281,174,1,-1,-1,-1
57,193,525,249,161,140,1,-1,-1,-1
57,194,698,245,163,124,1,-1,-1,-1
57,195,1416,394,388,209,1,-1,-1,-1
58,190,1119,438,324,218,1,-1,-1,-1
58,193,532,248,169,149,1,-1,-1,-1
58,192,995,307,273,173,1,-1,-1,-1
58,194,704,247,165,124,1,-1,-1,-1
58,195,1413,398,408,212,1,-1,-1,-1
59,193,540,252,173,153,1,-1,-1,-1
59,190,1127,439,324,225,1,-1,-1,-1
59,192,998,307,277,174,1,-1,-1,-1
59,194,712,250,171,124,1,-1,-1,-1
59,195,1420,396,402,214,1,-1,-1,-1
60,193,545,264,178,141,1,-1,-1,-1
60,190,1137,440,345,230,1,-1,-1,-1
60,192,1001,308,277,175,1,-1,-1,-1
60,194,717,251,173,121,1,-1,-1,-1
60,195,1450,398,405,220,1,-1,-1,-1
61,193,557,268,177,145,1,-1,-1,-1
61,190,1150,444,339,231,1,-1,-1,-1
61,192,1000,308,282,178,1,-1,-1,-1
61,194,722,253,175,121,1,-1,-1,-1
61,195,1444,398,421,226,1,-1,-1,-1
62,190,1157,452,326,222,1,-1,-1,-1
62,193,562,269,178,150,1,-1,-1,-1
62,194,730,257,173,122,1,-1,-1,-1
62,192,1003,308,277,176,1,-1,-1,-1
62,195,1456,400,417,227,1,-1,-1,-1
63,190,1165,453,348,223,1,-1,-1,-1
63,192,1006,308,272,179,1,-1,-1,-1
63,193,573,272,177,151,1,-1,-1,-1
63,194,739,261,179,119,1,-1,-1,-1
63,195,1461,401,425,232,1,-1,-1,-1
64,190,1175,450,351,232,1,-1,-1,-1
64,192,1001,305,284,180,1,-1,-1,-1
64,194,745,261,176,122,1,-1,-1,-1
64,193,581,278,184,150,1,-1,-1,-1
64,195,1466,401,430,237,1,-1,-1,-1
65,190,1184,454,352,228,1,-1,-1,-1
65,193,586,280,186,149,1,-1,-1,-1
65,192,1004,308,279,178,1,-1,-1,-1
65,194,754,266,180,123,1,-1,-1,-1
65,195,1476,406,432,241,1,-1,-1,-1
66,193,589,280,200,151,1,-1,-1,-1
66,192,1004,309,283,179,1,-1,-1,-1
66,190,1196,458,360,229,1,-1,-1,-1
66,194,771,268,175,124,1,-1,-1,-1
66,195,1496,411,423,242,1,-1,-1,-1
66,196,998,245,174,95,1,-1,-1,-1
67,190,1200,460,367,229,1,-1,-1,-1
67,192,1009,310,276,177,1,-1,-1,-1
67,193,594,283,204,152,1,-1,-1,-1
67,194,779,268,170,125,1,-1,-1,-1
67,196,982,242,169,101,1,-1,-1,-1
67,195,1503,405,416,247,1,-1,-1,-1
68,192,1008,309,282,179,1,-1,-1,-1
68,193,610,287,204,156,1,-1,-1,-1
68,190,1207,459,352,245,1,-1,-1,-1
68,194,789,270,176,128,1,-1,-1,-1
68,196,967,239,162,101,1,-1,-1,-1
68,195,1511,409,408,246,1,-1,-1,-1
69,192,1010,308,290,185,1,-1,-1,-1
69,190,1225,467,364,236,1,-1,-1,-1
69,193,612,285,204,155,1,-1,-1,-1
69,194,789,272,185,129,1,-1,-1,-1
69,196,949,233,159,104,1,-1,-1,-1
69,195,1522,409,397,253,1,-1,-1,-1
70,190,1236,470,347,234,1,-1,-1,-1
70,193,626,293,204,160,1,-1,-1,-1
70,192,1007,310,292,178,1,-1,-1,-1
70,194,800,275,186,129,1,-1,-1,-1
70,196,936,231,153,103,1,-1,-1,-1
70,195,1538,412,381,256,1,-1,-1,-1
70,197,1699,336,218,150,1,-1,-1,-1
71,193,632,298,201,156,1,-1,-1,-1
71,194,810,279,186,129,1,-1,-1,-1
71,190,1243,474,372,235,1,-1,-1,-1
71,192,1016,311,291,186,1,-1,-1,-1
71,197,1651,333,262,140,1,-1,-1,-1
71,196,918,230,154,99,1,-1,-1,-1
71,195,1544,413,375,262,1,-1,-1,-1
72,193,645,299,195,158,1,-1,-1,-1
72,190,1261,474,367,244,1,-1,-1,-1
72,192,1023,311,282,179,1,-1,-1,-1
72,194,813,283,192,129,1,-1,-1,-1
72,197,1608,327,286,148,1,-1,-1,-1
72,195,1551,407,368,278,1,-1,-1,-1
72,196,901,224,154,100,1,-1,-1,-1
73,190,1272,482,374,243,1,-1,-1,-1
73,193,659,301,198,161,1,-1,-1,-1
73,192,1025,312,284,178,1,-1,-1,-1
73,194,824,285,193,131,1,-1,-1,-1
73,197,1580,325,291,135,1,-1,-1,-1
73,196,884,221,151,99,1,-1,-1,-1
74,192,1026,311,287,179,1,-1,-1,-1
74,193,662,306,203,162,1,-1,-1,-1
74,190,1285,488,379,239,1,-1,-1,-1
74,194,835,286,194,134,1,-1,-1,-1
74,197,1535,319,278,143,1,-1,-1,-1
74,196,874,220,142,96,1,-1,-1,-1
75,193,663,306,207,162,1,-1,-1,-1
75,190,1299,487,376,245,1,-1,-1,-1
75,192,1030,311,289,180,1,-1,-1,-1
75,194,836,288,196,129,1,-1,-1,-1
75,197,1498,314,279,144,1,-1,-1,-1
75,196,862,218,139,97,1,-1,-1,-1
76,193,669,308,211,164,1,-1,-1,-1
76,190,1307,490,385,247,1,-1,-1,-1
76,192,1031,313,304,186,1,-1,-1,-1
76,194,841,289,199,130,1,-1,-1,-1
76,197,1476,307,268,151,1,-1,-1,-1
76,196,849,213,137,99,1,-1,-1,-1
77,193,679,310,218,168,1,-1,-1,-1
77,192,1036,314,301,186,1,-1,-1,-1
77,190,1307,494,397,247,1,-1,-1,-1
77,197,1439,301,267,153,1,-1,-1,-1
77,194,849,292,201,130,1,-1,-1,-1
77,196,834,213,138,95,1,-1,-1,-1
78,193,687,312,221,168,1,-1,-1,-1
78,190,1319,493,393,257,1,-1,-1,-1
78,192,1041,314,297,188,1,-1,-1,-1
78,197,1414,300,263,149,1,-1,-1,-1
78,194,855,291,205,134,1,-1,-1,-1
78,196,813,212,141,94,1,-1,-1,-1
79,193,694,316,227,170,1,-1,-1,-1
79,192,1045,315,295,186,1,-1,-1,-1
79,190,1341,500,390,261,1,-1,-1,-1
79,197,1385,291,241,152,1,-1,-1,-1
79,194,859,292,207,136,1,-1,-1,-1
79,196,801,211,138,91,1,-1,-1,-1
80,193,702,319,234,172,1,-1,-1,-1
80,190,1353,504,399,259,1,-1,-1,-1
80,197,1361,283,236,154,1,-1,-1,-1
80,192,1046,316,298,189,1,-1,-1,-1
80,194,867,294,216,139,1,-1,-1,-1
80,196,787,211,134,88,1,-1,-1,-1
81,193,710,319,238,176,1,-1,-1,-1
81,190,1370,510,398,266,1,-1,-1,-1
81,197,1329,283,231,147,1,-1,-1,-1
81,192,1048,317,300,189,1,-1,-1,-1
81,194,875,298,223,139,1,-1,-1,-1
81,196,775,208,134,87,1,-1,-1,-1
82,193,721,322,229,176,1,-1,-1,-1
82,190,1387,514,395,262,1,-1,-1,-1
82,197,1312,279,227,145,1,-1,-1,-1
82,192,1052,320,297,188,1,-1,-1,-1
82,194,876,297,216,140,1,-1,-1,-1
82,196,769,206,129,88,1,-1,-1,-1
83,193,723,320,230,179,1,-1,-1,-1
83,192,1056,320,295,188,1,-1,-1,-1
83,197,1288,279,220,137,1,-1,-1,-1
83,190,1411,523,388,261,1,-1,-1,-1
83,194,884,299,209,137,1,-1,-1,-1
83,196,756,203,128,88,1,-1,-1,-1
84,192,1060,319,303,190,1,-1,-1,-1
84,193,733,324,232,177,1,-1,-1,-1
84,190,1410,521,401,271,1,-1,-1,-1
84,197,1263,270,213,142,1,-1,-1,-1
84,194,891,299,202,136,1,-1,-1,-1
84,196,747,203,126,87,1,-1,-1,-1
85,193,744,331,249,180,1,-1,-1,-1
85,192,1069,320,302,193,1,-1,-1,-1
85,190,1419,523,413,281,1,-1,-1,-1
85,196,737,199,125,88,1,-1,-1,-1
85,197,1244,269,210,139,1,-1,-1,-1
85,194,897,297,209,138,1,-1,-1,-1
86,193,752,333,248,182,1,-1,-1,-1
86,192,1070,322,302,189,1,-1,-1,-1
86,190,1439,531,409,277,1,-1,-1,-1
86,196,726,194,124,88,1,-1,-1,-1
86,197,1220,267,211,132,1,-1,-1,-1
86,194,903,303,200,137,1,-1,-1,-1
87,193,768,335,248,183,1,-1,-1,-1
87,192,1078,323,297,189,1,-1,-1,-1
87,190,1443,534,439,277,1,-1,-1,-1
87,196,718,192,123,91,1,-1,-1,-1
88,192,1081,322,312,194,1,-1,-1,-1
88,193,772,334,255,185,1,-1,-1,-1
88,190,1463,539,442,277,1,-1,-1,-1
88,196,703,192,122,84,1,-1,-1,-1
89,192,1085,320,318,199,1,-1,-1,-1
89,193,785,333,258,189,1,-1,-1,-1
89,190,1481,546,437,279,1,-1,-1,-1
89,196,697,189,118,85,1,-1,-1,-1
90,193,793,341,264,186,1,-1,-1,-1
90,192,1088,319,324,200,1,-1,-1,-1
90,190,1496,547,423,287,1,-1,-1,-1
90,198,1126,249,201,121,1,-1,-1,-1
91,193,806,340,255,192,1,-1,-1,-1
91,198,1109,247,186,114,1,-1,-1,-1
91,192,1103,325,312,194,1,-1,-1,-1
91,190,1507,552,412,285,1,-1,-1,-1
92,193,811,343,265,194,1,-1,-1,-1
92,192,1105,324,318,197,1,-1,-1,-1
92,198,1086,243,187,119,1,-1,-1,-1
92,190,1517,551,402,290,1,-1,-1,-1
93,192,1111,325,318,198,1,-1,-1,-1
93,193,819,348,284,194,1,-1,-1,-1
93,198,1067,238,184,123,1,-1,-1,-1
93,190,1518,546,401,295,1,-1,-1,-1
94,193,831,349,277,194,1,-1,-1,-1
94,198,1047,238,184,118,1,-1,-1,-1
94,192,1115,328,338,199,1,-1,-1,-1
94,190,1523,547,396,301,1,-1,-1,-1
95,192,1121,329,344,199,1,-1,-1,-1
95,193,845,348,276,200,1,-1,-1,-1
95,198,1026,234,181,119,1,-1,-1,-1
95,190,1532,541,387,312,1,-1,-1,-1
96,193,859,355,271,201,1,-1,-1,-1
96,192,1128,330,338,199,1,-1,-1,-1
96,198,1015,232,172,121,1,-1,-1,-1
96,199,565,194,155,134,1,-1,-1,-1
96,190,1536,540,383,315,1,-1,-1,-1
97,193,861,358,279,204,1,-1,-1,-1
97,192,1141,333,315,194,1,-1,-1,-1
97,198,994,227,170,119,1,-1,-1,-1
97,199,570,189,157,141,1,-1,-1,-1
98,193,869,362,290,206,1,-1,-1,-1
98,192,1148,334,325,197,1,-1,-1,-1
98,198,978,224,170,118,1,-1,-1,-1
98,199,577,189,159,141,1,-1,-1,-1
99,193,881,364,288,208,1,-1,-1,-1
99,192,1152,335,328,201,1,-1,-1,-1
99,198,964,221,163,118,1,-1,-1,-1
99,199,587,194,153,142,1,-1,-1,-1
100,193,893,365,299,213,1,-1,-1,-1
100,192,1158,334,332,202,1,-1,-1,-1
100,198,947,220,165,113,1,-1,-1,-1
100,199,591,192,157,145,1,-1,-1,-1
101,193,901,370,296,210,1,-1,-1,-1
101,192,1156,334,345,202,1,-1,-1,-1
101,198,929,219,163,110,1,-1,-1,-1
101,199,600,197,153,141,1,-1,-1,-1
102,193,913,371,296,211,1,-1,-1,-1
102,192,1161,334,349,202,1,-1,-1,-1
102,198,917,216,157,111,1,-1,-1,-1
102,199,603,200,154,141,1,-1,-1,-1
103,193,921,374,317,214,1,-1,-1,-1
103,192,1163,336,336,204,1,-1,-1,-1
103,198,903,213,155,111,1,-1,-1,-1
103,199,606,197,158,145,1,-1,-1,-1
104,193,929,382,329,217,1,-1,-1,-1
104,192,1178,337,336,205,1,-1,-1,-1
104,198,890,211,154,110,1,-1,-1,-1
104,199,607,198,160,146,1,-1,-1,-1
105,193,940,385,334,221,1,-1,-1,-1
105,192,1178,341,335,199,1,-1,-1,-1
105,199,610,204,163,140,1,-1,-1,-1
105,198,878,206,146,114,1,-1,-1,-1
106,193,962,387,335,224,1,-1,-1,-1
106,198,864,204,141,111,1,-1,-1,-1
106,192,1183,344,336,201,1,-1,-1,-1
106,199,611,204,168,143,1,-1,-1,-1
107,193,968,388,334,226,1,-1,-1,-1
107,198,853,202,138,110,1,-1,-1,-1
107,199,611,201,176,150,1,-1,-1,-1
107,192,1193,340,337,208,1,-1,-1,-1
108,193,978,392,331,225,1,-1,-1,-1
108,199,616,202,175,150,1,-1,-1,-1
108,198,838,200,140,107,1,-1,-1,-1
108,192,1199,342,333,209,1,-1,-1,-1
109,193,980,385,345,235,1,-1,-1,-1
109,198,829,202,138,103,1,-1,-1,-1
109,199,620,203,176,151,1,-1,-1,-1
109,192,1199,341,341,210,1,-1,-1,-1
110,199,635,205,167,147,1,-1,-1,-1
110,193,1008,394,343,237,1,-1,-1,-1
110,198,818,200,133,103,1,-1,-1,-1
110,192,1204,342,337,210,1,-1,-1,-1
111,193,1007,396,348,239,1,-1,-1,-1
111,199,643,205,161,145,1,-1,-1,-1
111,198,805,198,133,103,1,-1,-1,-1
111,192,1208,343,339,210,1,-1,-1,-1
112,199,651,207,161,149,1,-1,-1,-1
112,193,1019,398,355,239,1,-1,-1,-1
112,198,796,196,130,102,1,-1,-1,-1
112,192,1202,343,367,214,1,-1,-1,-1
113,193,1028,403,362,238,1,-1,-1,-1
113,199,659,210,161,150,1,-1,-1,-1
113,198,779,192,139,102,1,-1,-1,-1
113,192,1201,345,348,220,1,-1,-1,-1
114,193,1042,408,357,236,1,-1,-1,-1
114,199,658,209,165,149,1,-1,-1,-1
114,198,778,192,130,101,1,-1,-1,-1
114,192,1216,347,356,211,1,-1,-1,-1
115,193,1053,408,359,236,1,-1,-1,-1
115,199,661,207,169,154,1,-1,-1,-1
115,192,1219,347,358,211,1,-1,-1,-1
116,193,1064,408,364,248,1,-1,-1,-1
116,199,661,208,178,154,1,-1,-1,-1
116,192,1221,347,375,221,1,-1,-1,-1
117,193,1075,412,374,254,1,-1,-1,-1
117,199,659,206,183,160,1,-1,-1,-1
118,193,1093,421,375,254,1,-1,-1,-1
118,199,664,207,183,157,1,-1,-1,-1
119,193,1100,424,382,255,1,-1,-1,-1
119,199,668,209,182,157,1,-1,-1,-1
120,193,1114,425,368,254,1,-1,-1,-1
120,199,664,210,190,157,1,-1,-1,-1
121,193,1122,427,372,257,1,-1,-1,-1
121,199,671,213,189,155,1,-1,-1,-1
122,193,1129,431,400,256,1,-1,-1,-1
122,199,675,213,190,156,1,-1,-1,-1
123,193,1138,428,387,258,1,-1,-1,-1
123,199,678,214,192,159,1,-1,-1,-1
124,193,1152,434,379,257,1,-1,-1,-1
124,199,680,215,195,160,1,-1,-1,-1
125,193,1160,438,414,259,1,-1,-1,-1
125,199,686,216,192,158,1,-1,-1,-1
126,193,1169,440,415,257,1,-1,-1,-1
126,199,693,216,191,159,1,-1,-1,-1
127,193,1180,436,393,265,1,-1,-1,-1
127,199,698,217,192,161,1,-1,-1,-1
128,193,1188,436,389,267,1,-1,-1,-1
128,199,699,218,196,162,1,-1,-1,-1
129,193,1199,440,393,270,1,-1,-1,-1
129,199,705,219,201,163,1,-1,-1,-1
130,199,705,219,198,161,1,-1,-1,-1
130,193,1205,442,401,272,1,-1,-1,-1
131,193,1215,442,410,277,1,-1,-1,-1
131,199,709,219,202,164,1,-1,-1,-1
132,193,1232,454,432,276,1,-1,-1,-1
132,199,714,220,203,164,1,-1,-1,-1
133,193,1237,456,451,279,1,-1,-1,-1
133,199,718,221,200,164,1,-1,-1,-1
134,193,1240,458,459,279,1,-1,-1,-1
134,199,722,223,201,163,1,-1,-1,-1
135,199,726,224,202,164,1,-1,-1,-1
135,193,1259,457,449,284,1,-1,-1,-1
135,200,1218,344,383,185,1,-1,-1,-1
136,193,1269,460,464,287,1,-1,-1,-1
136,199,729,227,205,167,1,-1,-1,-1
136,200,1218,344,384,180,1,-1,-1,-1
137,199,734,228,207,165,1,-1,-1,-1
137,193,1272,464,479,284,1,-1,-1,-1
137,200,1220,345,384,179,1,-1,-1,-1
138,193,1286,460,444,288,1,-1,-1,-1
138,199,738,230,211,167,1,-1,-1,-1
138,200,1235,351,402,179,1,-1,-1,-1
139,199,742,231,214,168,1,-1,-1,-1
139,193,1300,466,466,291,1,-1,-1,-1
139,200,1237,351,400,179,1,-1,-1,-1
140,199,753,232,208,168,1,-1,-1,-1
140,193,1300,459,440,297,1,-1,-1,-1
140,200,1240,351,398,182,1,-1,-1,-1
141,199,758,231,211,170,1,-1,-1,-1
141,193,1319,480,436,285,1,-1,-1,-1
141,200,1238,350,401,186,1,-1,-1,-1
142,199,762,232,206,170,1,-1,-1,-1
142,193,1325,470,453,290,1,-1,-1,-1
142,200,1239,350,400,179,1,-1,-1,-1
143,199,768,231,213,176,1,-1,-1,-1
143,193,1331,471,456,293,1,-1,-1,-1
143,200,1239,350,405,182,1,-1,-1,-1
144,199,772,231,215,179,1,-1,-1,-1
144,193,1339,475,473,299,1,-1,-1,-1
144,200,1229,347,398,177,1,-1,-1,-1
145,199,778,232,219,178,1,-1,-1,-1
145,193,1341,469,477,306,1,-1,-1,-1
145,200,1228,349,400,175,1,-1,-1,-1
146,199,780,232,221,183,1,-1,-1,-1
146,193,1353,479,470,305,1,-1,-1,-1
146,200,1229,349,403,176,1,-1,-1,-1
147,199,783,234,220,178,1,-1,-1,-1
147,193,1360,482,465,312,1,-1,-1,-1
147,200,1229,351,399,178,1,-1,-1,-1
148,199,792,235,218,183,1,-1,-1,-1
148,193,1375,480,463,312,1,-1,-1,-1
148,200,1244,355,369,181,1,-1,-1,-1
149,199,793,235,223,184,1,-1,-1,-1
149,193,1379,482,469,312,1,-1,-1,-1
149,200,1227,350,560,193,1,-1,-1,-1
150,199,795,236,225,181,1,-1,-1,-1
150,193,1388,484,477,312,1,-1,-1,-1
150,200,1223,353,512,195,1,-1,-1,-1
151,199,797,236,229,182,1,-1,-1,-1
151,193,1389,486,491,312,1,-1,-1,-1
151,200,1233,354,424,202,1,-1,-1,-1
152,199,805,235,223,183,1,-1,-1,-1
152,193,1406,488,487,318,1,-1,-1,-1
152,200,1236,357,408,204,1,-1,-1,-1
153,199,803,240,230,180,1,-1,-1,-1
153,193,1409,488,492,321,1,-1,-1,-1
153,200,1243,355,379,204,1,-1,-1,-1
154,199,808,238,228,184,1,-1,-1,-1
154,193,1410,494,509,323,1,-1,-1,-1
154,200,1247,356,353,201,1,-1,-1,-1
154,201,547,263,181,158,1,-1,-1,-1
155,199,809,242,231,180,1,-1,-1,-1
155,201,557,278,177,147,1,-1,-1,-1
155,193,1417,492,500,325,1,-1,-1,-1
155,200,1241,352,359,210,1,-1,-1,-1
156,199,812,244,231,179,1,-1,-1,-1
156,201,559,277,178,147,1,-1,-1,-1
156,200,1243,347,402,212,1,-1,-1,-1
156,193,1427,495,489,325,1,-1,-1,-1
157,199,815,242,233,182,1,-1,-1,-1
157,200,1239,357,405,209,1,-1,-1,-1
157,193,1432,494,487,326,1,-1,-1,-1
157,201,567,275,190,156,1,-1,-1,-1
158,199,815,242,233,181,1,-1,-1,-1
158,200,1245,354,394,210,1,-1,-1,-1
158,193,1435,498,484,330,1,-1,-1,-1
158,201,586,284,182,149,1,-1,-1,-1
159,199,817,242,233,181,1,-1,-1,-1
159,201,589,288,197,149,1,-1,-1,-1
159,200,1249,356,393,209,1,-1,-1,-1
159,193,1444,499,475,328,1,-1,-1,-1
160,199,822,242,231,185,1,-1,-1,-1
160,200,1248,357,390,208,1,-1,-1,-1
160,201,595,284,203,159,1,-1,-1,-1
160,193,1463,502,456,334,1,-1,-1,-1
161,199,824,241,230,186,1,-1,-1,-1
161,200,1245,356,390,213,1,-1,-1,-1
161,201,607,290,206,162,1,-1,-1,-1
161,193,1469,509,450,327,1,-1,-1,-1
162,199,825,242,230,186,1,-1,-1,-1
162,201,614,298,204,159,1,-1,-1,-1
162,200,1249,359,396,211,1,-1,-1,-1
162,193,1470,513,449,326,1,-1,-1,-1
163,199,824,242,235,187,1,-1,-1,-1
163,201,628,304,204,155,1,-1,-1,-1
163,200,1253,361,394,211,1,-1,-1,-1
163,193,1469,507,450,332,1,-1,-1,-1
164,199,823,243,234,185,1,-1,-1,-1
164,201,632,306,208,159,1,-1,-1,-1
164,200,1276,357,388,222,1,-1,-1,-1
164,193,1474,513,445,327,1,-1,-1,-1
165,199,822,242,239,185,1,-1,-1,-1
165,201,654,305,207,162,1,-1,-1,-1
165,200,1280,358,380,216,1,-1,-1,-1
165,193,1484,514,435,334,1,-1,-1,-1
166,201,658,311,214,162,1,-1,-1,-1
166,200,1282,360,372,220,1,-1,-1,-1
166,199,825,243,235,187,1,-1,-1,-1
166,193,1489,515,430,333,1,-1,-1,-1
167,201,664,314,217,164,1,-1,-1,-1
167,200,1278,361,377,221,1,-1,-1,-1
167,199,823,243,238,188,1,-1,-1,-1
167,193,1494,512,425,338,1,-1,-1,-1
168,201,674,320,219,162,1,-1,-1,-1
168,200,1270,360,393,218,1,-1,-1,-1
168,199,825,243,238,188,1,-1,-1,-1
168,193,1498,511,421,340,1,-1,-1,-1
169,201,682,319,227,167,1,-1,-1,-1
169,200,1291,363,390,222,1,-1,-1,-1
169,199,826,244,244,188,1,-1,-1,-1
170,200,1292,364,391,223,1,-1,-1,-1
170,201,699,325,230,170,1,-1,-1,-1
170,199,827,243,239,190,1,-1,-1,-1
171,201,710,328,235,172,1,-1,-1,-1
171,200,1293,361,398,227,1,-1,-1,-1
171,199,827,247,239,182,1,-1,-1,-1
172,201,720,328,234,173,1,-1,-1,-1
172,200,1316,365,384,225,1,-1,-1,-1
172,199,831,247,239,188,1,-1,-1,-1
173,201,724,332,242,173,1,-1,-1,-1
173,200,1312,368,393,222,1,-1,-1,-1
173,199,832,246,236,188,1,-1,-1,-1
174,201,738,334,251,179,1,-1,-1,-1
174,200,1317,368,404,223,1,-1,-1,-1
174,199,833,245,235,188,1,-1,-1,-1
175,201,748,336,252,179,1,-1,-1,-1
175,200,1325,363,406,229,1,-1,-1,-1
175,202,1364,298,238,121,1,-1,-1,-1
175,199,826,243,242,190,1,-1,-1,-1
176,201,758,340,257,180,1,-1,-1,-1
176,200,1332,371,412,225,1,-1,-1,-1
176,202,1343,295,237,119,1,-1,-1,-1
176,199,823,252,241,199,1,-1,-1,-1
177,201,772,343,255,182,1,-1,-1,-1
177,200,1335,371,416,229,1,-1,-1,-1
177,202,1308,292,229,124,1,-1,-1,-1
177,199,827,251,238,202,1,-1,-1,-1
178,201,783,346,264,182,1,-1,-1,-1
178,200,1344,376,415,227,1,-1,-1,-1
178,202,1278,288,228,125,1,-1,-1,-1
178,199,840,251,231,193,1,-1,-1,-1
179,201,800,350,263,183,1,-1,-1,-1
179,200,1351,374,428,228,1,-1,-1,-1
179,202,1253,285,222,121,1,-1,-1,-1
179,199,839,254,233,204,1,-1,-1,-1
180,201,809,352,267,187,1,-1,-1,-1
180,200,1357,377,439,233,1,-1,-1,-1
180,202,1234,282,208,120,1,-1,-1,-1
180,199,847,242,227,198,1,-1,-1,-1
181,201,822,355,273,191,1,-1,-1,-1
181,200,1366,380,432,243,1,-1,-1,-1
181,202,1210,280,201,118,1,-1,-1,-1
181,199,844,246,230,175,1,-1,-1,-1
182,201,832,359,272,195,1,-1,-1,-1
182,200,1371,381,444,234,1,-1,-1,-1
182,202,1189,276,196,115,1,-1,-1,-1
182,199,849,247,224,178,1,-1,-1,-1
183,201,846,362,279,195,1,-1,-1,-1
183,200,1383,383,435,235,1,-1,-1,-1
183,202,1169,270,192,119,1,-1,-1,-1
183,199,851,247,229,173,1,-1,-1,-1
184,201,853,359,286,204,1,-1,-1,-1
184,200,1394,388,426,228,1,-1,-1,-1
184,202,1144,264,193,113,1,-1,-1,-1
184,199,850,248,231,168,1,-1,-1,-1
185,201,868,365,283,206,1,-1,-1,-1
185,200,1390,386,433,236,1,-1,-1,-1
185,199,849,248,232,167,1,-1,-1,-1
185,202,1122,263,192,110,1,-1,-1,-1
186,201,882,370,287,207,1,-1,-1,-1
186,200,1404,389,442,238,1,-1,-1,-1
186,202,1107,257,179,113,1,-1,-1,-1
186,199,854,249,231,166,1,-1,-1,-1
187,201,898,374,290,209,1,-1,-1,-1
187,200,1409,387,440,246,1,-1,-1,-1
187,199,853,251,235,166,1,-1,-1,-1
187,202,1087,254,176,113,1,-1,-1,-1
188,201,904,374,303,224,1,-1,-1,-1
188,200,1413,392,450,239,1,-1,-1,-1
188,199,847,246,244,169,1,-1,-1,-1
188,202,1058,248,179,113,1,-1,-1,-1
189,201,923,389,316,211,1,-1,-1,-1
189,200,1424,391,439,238,1,-1,-1,-1
189,199,845,247,245,175,1,-1,-1,-1
189,202,1049,246,172,110,1,-1,-1,-1
190,201,927,390,319,218,1,-1,-1,-1
190,200,1426,392,453,241,1,-1,-1,-1
190,199,849,249,243,181,1,-1,-1,-1
190,202,1028,243,175,110,1,-1,-1,-1
191,201,943,394,332,219,1,-1,-1,-1
191,200,1434,394,444,241,1,-1,-1,-1
191,199,846,249,242,184,1,-1,-1,-1
192,201,962,395,336,227,1,-1,-1,-1
192,199,849,249,242,186,1,-1,-1,-1
192,200,1441,394,447,241,1,-1,-1,-1
193,201,973,399,337,229,1,-1,-1,-1
193,199,855,249,242,188,1,-1,-1,-1
193,200,1437,393,452,242,1,-1,-1,-1
194,201,985,403,341,228,1,-1,-1,-1
194,199,855,247,246,192,1,-1,-1,-1
194,200,1449,394,455,246,1,-1,-1,-1
195,201,999,408,337,225,1,-1,-1,-1
195,199,856,249,244,189,1,-1,-1,-1
195,200,1450,395,457,249,1,-1,-1,-1
196,201,1013,407,329,228,1,-1,-1,-1
196,199,853,247,248,196,1,-1,-1,-1
196,200,1456,397,454,250,1,-1,-1,-1
197,201,1028,410,338,234,1,-1,-1,-1
197,199,855,248,248,193,1,-1,-1,-1
197,200,1458,397,454,252,1,-1,-1,-1
198,201,1033,416,360,239,1,-1,-1,-1
198,199,855,247,250,197,1,-1,-1,-1
198,200,1466,398,448,247,1,-1,-1,-1
199,199,861,247,255,200,1,-1,-1,-1
199,201,1047,416,368,245,1,-1,-1,-1
199,200,1469,398,450,247,1,-1,-1,-1
200,201,1060,417,361,239,1,-1,-1,-1
200,199,862,247,255,199,1,-1,-1,-1
200,200,1471,399,448,254,1,-1,-1,-1
201,199,864,251,250,192,1,-1,-1,-1
201,201,1079,426,368,250,1,-1,-1,-1
201,200,1470,399,449,255,1,-1,-1,-1
202,199,861,247,255,195,1,-1,-1,-1
202,201,1086,430,383,248,1,-1,-1,-1
202,200,1474,397,445,254,1,-1,-1,-1
203,199,864,250,252,193,1,-1,-1,-1
203,201,1097,427,375,249,1,-1,-1,-1
203,200,1478,399,441,257,1,-1,-1,-1
203,203,330,182,118,98,1,-1,-1,-1
204,199,866,251,254,194,1,-1,-1,-1
204,201,1110,434,377,250,1,-1,-1,-1
204,203,342,185,117,99,1,-1,-1,-1
204,200,1495,399,424,255,1,-1,-1,-1
205,199,869,252,253,194,1,-1,-1,-1
205,203,343,186,125,104,1,-1,-1,-1
205,201,1126,438,391,252,1,-1,-1,-1
205,200,1491,398,428,259,1,-1,-1,-1
206,203,348,190,125,100,1,-1,-1,-1
206,199,871,249,257,199,1,-1,-1,-1
206,201,1136,440,406,256,1,-1,-1,-1
206,200,1494,398,425,260,1,-1,-1,-1
207,199,873,249,258,200,1,-1,-1,-1
207,203,357,192,125,99,1,-1,-1,-1
207,201,1140,439,401,260,1,-1,-1,-1
207,200,1502,398,417,262,1,-1,-1,-1
208,203,359,193,127,100,1,-1,-1,-1
208,199,879,250,255,203,1,-1,-1,-1
208,201,1160,444,413,264,1,-1,-1,-1
208,200,1510,403,409,264,1,-1,-1,-1
209,199,883,251,257,204,1,-1,-1,-1
209,203,364,194,133,104,1,-1,-1,-1
209,201,1169,445,413,265,1,-1,-1,-1
209,200,1511,407,408,262,1,-1,-1,-1
210,199,886,252,254,203,1,-1,-1,-1
210,201,1181,449,424,268,1,-1,-1,-1
210,203,364,196,136,105,1,-1,-1,-1
210,200,1524,406,395,262,1,-1,-1,-1
211,203,376,200,134,105,1,-1,-1,-1
211,199,887,251,257,207,1,-1,-1,-1
211,201,1201,460,428,266,1,-1,-1,-1
211,200,1526,406,393,266,1,-1,-1,-1
212,203,383,201,136,108,1,-1,-1,-1
212,201,1209,461,430,270,1,-1,-1,-1
212,199,893,253,258,204,1,-1,-1,-1
213,203,386,202,139,108,1,-1,-1,-1
213,201,1220,463,451,277,1,-1,-1,-1
213,199,895,253,261,205,1,-1,-1,-1
214,203,392,204,143,111,1,-1,-1,-1
214,201,1239,467,443,275,1,-1,-1,-1
214,199,904,256,265,207,1,-1,-1,-1
215,201,1238,460,442,284,1,-1,-1,-1
215,199,906,256,260,206,1,-1,-1,-1
215,203,403,206,143,112,1,-1,-1,-1
216,199,909,256,264,208,1,-1,-1,-1
216,201,1258,463,422,277,1,-1,-1,-1
216,203,410,209,144,115,1,-1,-1,-1
217,199,913,258,263,205,1,-1,-1,-1
217,203,416,212,146,115,1,-1,-1,-1
217,201,1256,463,450,294,1,-1,-1,-1
218,203,422,213,145,119,1,-1,-1,-1
218,201,1286,463,431,288,1,-1,-1,-1
218,199,921,256,258,211,1,-1,-1,-1
219,203,426,217,153,116,1,-1,-1,-1
219,201,1291,469,449,289,1,-1,-1,-1
219,199,922,258,264,209,1,-1,-1,-1
220,203,436,219,151,118,1,-1,-1,-1
220,201,1303,466,453,297,1,-1,-1,-1
220,199,925,259,268,210,1,-1,-1,-1
221,203,444,222,157,119,1,-1,-1,-1
221,199,926,258,271,214,1,-1,-1,-1
221,201,1309,478,454,298,1,-1,-1,-1
222,203,452,223,165,125,1,-1,-1,-1
222,201,1327,478,455,299,1,-1,-1,-1
222,199,933,260,271,214,1,-1,-1,-1
223,203,458,226,160,126,1,-1,-1,-1
223,199,933,257,278,211,1,-1,-1,-1
223,201,1330,481,474,303,1,-1,-1,-1
224,203,465,228,156,129,1,-1,-1,-1
224,199,944,261,275,214,1,-1,-1,-1
224,201,1341,479,479,302,1,-1,-1,-1
225,203,470,231,154,129,1,-1,-1,-1
225,199,945,261,282,217,1,-1,-1,-1
225,201,1361,481,472,311,1,-1,-1,-1
226,203,477,236,164,131,1,-1,-1,-1
226,199,948,262,277,213,1,-1,-1,-1
226,201,1367,502,497,298,1,-1,-1,-1
227,203,488,239,166,130,1,-1,-1,-1
227,199,952,265,284,215,1,-1,-1,-1
227,201,1374,503,502,301,1,-1,-1,-1
228,203,495,242,176,134,1,-1,-1,-1
228,199,952,261,281,215,1,-1,-1,-1
228,201,1386,495,502,318,1,-1,-1,-1
229,203,497,245,183,134,1,-1,-1,-1
229,199,959,263,280,220,1,-1,-1,-1
229,201,1403,495,489,317,1,-1,-1,-1
230,203,510,246,164,137,1,-1,-1,-1
230,199,958,260,286,220,1,-1,-1,-1
230,201,1418,494,487,324,1,-1,-1,-1
231,203,527,250,184,141,1,-1,-1,-1
231,199,965,262,284,222,1,-1,-1,-1
231,201,1426,499,493,323,1,-1,-1,-1
232,203,536,259,193,139,1,-1,-1,-1
232,199,966,264,284,221,1,-1,-1,-1
232,201,1437,507,482,325,1,-1,-1,-1
233,203,550,263,197,142,1,-1,-1,-1
233,199,966,258,288,226,1,-1,-1,-1
233,201,1447,512,472,328,1,-1,-1,-1
234,203,556,259,203,152,1,-1,-1,-1
234,199,971,259,292,227,1,-1,-1,-1
234,201,1451,510,468,329,1,-1,-1,-1
235,203,570,264,204,152,1,-1,-1,-1
235,199,973,260,293,227,1,-1,-1,-1
235,201,1459,511,460,328,1,-1,-1,-1
236,203,586,267,205,154,1,-1,-1,-1
236,199,981,270,291,220,1,-1,-1,-1
236,201,1474,518,445,328,1,-1,-1,-1
237,203,601,271,210,157,1,-1,-1,-1
237,199,987,272,295,217,1,-1,-1,-1
237,201,1479,501,440,347,1,-1,-1,-1
238,203,609,280,214,156,1,-1,-1,-1
238,199,988,271,295,218,1,-1,-1,-1
238,201,1484,513,435,342,1,-1,-1,-1
239,203,614,286,221,157,1,-1,-1,-1
239,199,982,268,293,220,1,-1,-1,-1
239,201,1497,517,422,338,1,-1,-1,-1
240,203,628,285,225,164,1,-1,-1,-1
240,199,985,274,296,215,1,-1,-1,-1
240,201,1499,509,420,350,1,-1,-1,-1
241,203,661,290,215,164,1,-1,-1,-1
241,199,989,276,296,214,1,-1,-1,-1
242,203,670,291,219,168,1,-1,-1,-1
242,199,995,272,296,224,1,-1,-1,-1
243,203,663,297,237,168,1,-1,-1,-1
243,199,995,271,299,224,1,-1,-1,-1
244,203,673,300,248,171,1,-1,-1,-1
244,199,996,274,302,219,1,-1,-1,-1
245,203,682,302,259,176,1,-1,-1,-1
245,199,997,274,303,218,1,-1,-1,-1
246,203,696,303,259,182,1,-1,-1,-1
246,199,1001,274,301,219,1,-1,-1,-1
247,203,711,310,261,183,1,-1,-1,-1
247,199,1003,273,304,221,1,-1,-1,-1
248,203,720,312,280,191,1,-1,-1,-1
248,199,1004,272,307,222,1,-1,-1,-1
249,203,726,315,298,196,1,-1,-1,-1
249,199,1005,272,312,228,1,-1,-1,-1
250,203,742,319,292,193,1,-1,-1,-1
250,199,1009,271,308,226,1,-1,-1,-1
251,203,759,322,294,195,1,-1,-1,-1
251,199,1016,272,305,227,1,-1,-1,-1
252,203,775,323,293,201,1,-1,-1,-1
252,199,1015,273,309,225,1,-1,-1,-1
253,203,782,327,305,200,1,-1,-1,-1
253,199,1027,271,304,233,1,-1,-1,-1
254,203,801,328,316,204,1,-1,-1,-1
254,199,1034,274,300,231,1,-1,-1,-1
255,203,813,335,312,210,1,-1,-1,-1
255,199,1033,277,305,232,1,-1,-1,-1
256,203,833,343,326,215,1,-1,-1,-1
256,199,1041,277,304,238,1,-1,-1,-1
257,203,844,346,341,218,1,-1,-1,-1
257,199,1045,276,310,238,1,-1,-1,-1
258,203,867,348,339,224,1,-1,-1,-1
259,203,879,352,352,226,1,-1,-1,-1
260,203,894,358,354,226,1,-1,-1,-1
261,203,904,359,367,232,1,-1,-1,-1
262,203,922,363,377,236,1,-1,-1,-1
263,203,939,372,390,242,1,-1,-1,-1
264,203,955,377,393,246,1,-1,-1,-1
265,203,980,382,379,248,1,-1,-1,-1
266,203,993,382,401,253,1,-1,-1,-1
267,203,1001,385,404,255,1,-1,-1,-1
267,204,1605,347,285,147,1,-1,-1,-1
268,203,1013,392,417,254,1,-1,-1,-1
268,204,1563,340,316,146,1,-1,-1,-1
269,203,1030,393,425,259,1,-1,-1,-1
269,204,1532,334,329,147,1,-1,-1,-1
270,203,1047,393,436,262,1,-1,-1,-1
270,204,1493,329,303,149,1,-1,-1,-1
271,203,1068,397,427,275,1,-1,-1,-1
271,204,1466,325,287,147,1,-1,-1,-1
272,203,1087,395,438,274,1,-1,-1,-1
272,204,1432,319,280,146,1,-1,-1,-1
273,203,1107,414,448,273,1,-1,-1,-1
273,204,1398,311,279,146,1,-1,-1,-1
274,203,1123,416,450,277,1,-1,-1,-1
274,204,1378,305,264,148,1,-1,-1,-1
275,203,1130,416,453,284,1,-1,-1,-1
275,204,1359,304,254,141,1,-1,-1,-1
276,203,1141,417,462,283,1,-1,-1,-1
276,204,1361,300,212,135,1,-1,-1,-1
277,203,1151,424,472,278,1,-1,-1,-1
278,203,1160,426,490,283,1,-1,-1,-1
279,203,1174,432,506,288,1,-1,-1,-1
280,203,1189,433,511,291,1,-1,-1,-1
280,205,1150,290,324,224,1,-1,-1,-1
281,203,1199,436,518,297,1,-1,-1,-1
281,205,1146,287,338,230,1,-1,-1,-1
282,203,1216,440,516,301,1,-1,-1,-1
282,205,1152,290,342,230,1,-1,-1,-1
283,203,1235,446,506,301,1,-1,-1,-1
283,205,1153,291,350,231,1,-1,-1,-1
284,203,1243,443,520,314,1,-1,-1,-1
284,205,1152,287,349,240,1,-1,-1,-1
285,203,1255,448,534,314,1,-1,-1,-1
285,205,1149,288,358,240,1,-1,-1,-1
286,203,1284,454,504,312,1,-1,-1,-1
286,205,1147,285,373,248,1,-1,-1,-1
287,203,1292,456,522,318,1,-1,-1,-1
287,205,1151,292,370,241,1,-1,-1,-1
287,206,1043,253,206,119,1,-1,-1,-1
288,203,1304,461,530,324,1,-1,-1,-1
288,205,1155,289,355,239,1,-1,-1,-1
288,206,1030,250,184,117,1,-1,-1,-1
289,203,1318,459,543,330,1,-1,-1,-1
289,205,1164,294,362,243,1,-1,-1,-1
289,206,1014,239,227,126,1,-1,-1,-1
290,205,1163,294,369,245,1,-1,-1,-1
290,203,1331,462,563,336,1,-1,-1,-1
290,206,997,242,184,112,1,-1,-1,-1
291,203,1355,468,528,340,1,-1,-1,-1
291,205,1169,295,369,249,1,-1,-1,-1
291,206,984,242,191,110,1,-1,-1,-1
292,206,967,237,174,109,1,-1,-1,-1
292,205,1168,293,370,255,1,-1,-1,-1
292,203,1363,467,542,345,1,-1,-1,-1
293,206,949,235,173,108,1,-1,-1,-1
293,205,1169,293,366,258,1,-1,-1,-1
293,203,1374,481,545,343,1,-1,-1,-1
294,205,1158,292,366,256,1,-1,-1,-1
294,206,935,233,157,107,1,-1,-1,-1
294,203,1403,481,516,351,1,-1,-1,-1
295,206,920,228,165,108,1,-1,-1,-1
295,205,1174,292,366,262,1,-1,-1,-1
295,203,1417,479,502,357,1,-1,-1,-1
296,206,895,224,168,108,1,-1,-1,-1
296,205,1164,292,361,258,1,-1,-1,-1
296,203,1430,481,489,361,1,-1,-1,-1
297,205,1168,291,359,260,1,-1,-1,-1
297,206,883,221,168,105,1,-1,-1,-1
297,203,1445,485,474,359,1,-1,-1,-1
298,205,1172,290,361,262,1,-1,-1,-1
298,206,875,220,158,105,1,-1,-1,-1
299,205,1173,291,364,262,1,-1,-1,-1
299,206,859,215,156,106,1,-1,-1,-1
300,205,1176,292,362,262,1,-1,-1,-1
300,206,851,216,144,102,1,-1,-1,-1
301,205,1179,293,363,261,1,-1,-1,-1
301,206,838,213,147,103,1,-1,-1,-1
302,205,1180,293,365,261,1,-1,-1,-1
302,206,819,212,150,102,1,-1,-1,-1
303,205,1183,295,366,260,1,-1,-1,-1
303,206,811,209,142,100,1,-1,-1,-1
304,205,1190,293,379,264,1,-1,-1,-1
304,206,798,209,141,95,1,-1,-1,-1
305,205,1192,294,383,265,1,-1,-1,-1
305,206,789,207,137,92,1,-1,-1,-1
306,205,1192,295,383,262,1,-1,-1,-1
306,206,779,202,131,98,1,-1,-1,-1
307,206,766,200,138,97,1,-1,-1,-1
307,205,1192,295,381,262,1,-1,-1,-1
308,206,757,200,134,94,1,-1,-1,-1
308,205,1193,294,381,264,1,-1,-1,-1
309,206,746,197,133,93,1,-1,-1,-1
309,205,1194,295,381,263,1,-1,-1,-1
310,206,736,197,132,93,1,-1,-1,-1
310,205,1196,291,377,267,1,-1,-1,-1
311,206,728,194,131,94,1,-1,-1,-1
311,205,1198,293,380,265,1,-1,-1,-1
312,205,1200,295,378,265,1,-1,-1,-1
312,206,719,191,128,94,1,-1,-1,-1
313,205,1200,294,382,266,1,-1,-1,-1
313,206,703,189,132,93,1,-1,-1,-1
314,205,1206,301,374,266,1,-1,-1,-1
314,206,698,187,127,93,1,-1,-1,-1
315,205,1199,298,378,267,1,-1,-1,-1
315,206,688,182,128,93,1,-1,-1,-1
316,205,1203,298,382,269,1,-1,-1,-1
316,206,679,181,128,93,1,-1,-1,-1
317,205,1202,298,387,271,1,-1,-1,-1
317,206,675,180,119,91,1,-1,-1,-1
318,205,1204,299,385,269,1,-1,-1,-1
318,206,667,180,117,91,1,-1,-1,-1
319,205,1206,301,389,268,1,-1,-1,-1
319,206,654,181,123,90,1,-1,-1,-1
320,205,1211,299,393,271,1,-1,-1,-1
320,206,657,179,111,88,1,-1,-1,-1
321,205,1218,302,387,269,1,-1,-1,-1
321,206,651,179,107,87,1,-1,-1,-1
322,205,1229,297,403,271,1,-1,-1,-1
323,205,1239,304,384,273,1,-1,-1,-1
324,205,1239,296,386,280,1,-1,-1,-1
325,205,1242,299,387,277,1,-1,-1,-1
326,205,1258,304,397,281,1,-1,-1,-1
327,205,1258,305,401,281,1,-1,-1,-1
328,205,1269,306,404,284,1,-1,-1,-1
329,205,1282,311,403,281,1,-1,-1,-1
330,205,1291,311,413,286,1,-1,-1,-1
331,205,1297,309,413,291,1,-1,-1,-1
332,205,1299,306,409,293,1,-1,-1,-1
333,205,1325,314,417,296,1,-1,-1,-1
334,205,1335,314,436,299,1,-1,-1,-1
335,205,1338,318,451,297,1,-1,-1,-1
336,205,1356,315,471,307,1,-1,-1,-1
337,205,1366,321,476,302,1,-1,-1,-1
338,205,1374,320,471,305,1,-1,-1,-1
339,205,1402,319,436,312,1,-1,-1,-1
340,205,1416,325,439,311,1,-1,-1,-1
341,205,1422,322,440,317,1,-1,-1,-1
342,205,1429,323,470,328,1,-1,-1,-1
343,205,1431,313,453,335,1,-1,-1,-1
344,205,1449,328,470,330,1,-1,-1,-1
344,207,586,267,143,122,1,-1,-1,-1
345,207,588,268,151,125,1,-1,-1,-1
345,205,1444,320,475,335,1,-1,-1,-1
346,207,599,272,155,122,1,-1,-1,-1
346,208,1348,298,192,134,1,-1,-1,-1
346,205,1457,335,462,324,1,-1,-1,-1
347,207,603,275,176,133,1,-1,-1,-1
347,205,1466,333,453,318,1,-1,-1,-1
347,208,1318,297,246,137,1,-1,-1,-1
348,205,1465,329,454,321,1,-1,-1,-1
348,207,620,287,166,130,1,-1,-1,-1
348,208,1297,294,239,135,1,-1,-1,-1
349,207,629,286,175,135,1,-1,-1,-1
349,208,1270,288,238,134,1,-1,-1,-1
349,205,1470,324,449,331,1,-1,-1,-1
350,207,643,294,173,135,1,-1,-1,-1
350,208,1243,286,242,131,1,-1,-1,-1
350,205,1475,324,444,334,1,-1,-1,-1
351,207,661,300,171,138,1,-1,-1,-1
351,208,1230,286,226,122,1,-1,-1,-1
351,205,1474,316,445,352,1,-1,-1,-1
352,207,666,303,181,138,1,-1,-1,-1
352,208,1209,284,211,123,1,-1,-1,-1
353,207,677,305,185,143,1,-1,-1,-1
353,208,1188,278,207,121,1,-1,-1,-1
354,208,1166,273,202,121,1,-1,-1,-1
354,207,692,311,190,143,1,-1,-1,-1
355,208,1147,270,198,120,1,-1,-1,-1
355,207,704,314,210,149,1,-1,-1,-1
356,208,1120,262,194,121,1,-1,-1,-1
356,207,722,320,205,149,1,-1,-1,-1
357,207,723,329,215,146,1,-1,-1,-1
357,208,1108,263,191,116,1,-1,-1,-1
358,208,1084,257,193,117,1,-1,-1,-1
358,207,739,334,220,152,1,-1,-1,-1
359,208,1065,250,186,119,1,-1,-1,-1
359,207,753,341,216,148,1,-1,-1,-1
360,207,773,342,220,157,1,-1,-1,-1
360,208,1034,247,185,116,1,-1,-1,-1
361,208,1023,243,183,118,1,-1,-1,-1
361,207,778,347,233,161,1,-1,-1,-1
362,207,790,350,235,158,1,-1,-1,-1
362,208,1005,241,180,112,1,-1,-1,-1
362,209,1406,282,268,166,1,-1,-1,-1
363,207,817,357,241,161,1,-1,-1,-1
363,208,987,241,175,112,1,-1,-1,-1
363,209,1386,282,248,160,1,-1,-1,-1
364,208,979,239,170,109,1,-1,-1,-1
364,207,827,361,249,161,1,-1,-1,-1
364,209,1372,275,239,161,1,-1,-1,-1
365,208,962,233,170,109,1,-1,-1,-1
365,207,847,365,254,166,1,-1,-1,-1
365,209,1353,268,286,170,1,-1,-1,-1
366,207,863,368,270,172,1,-1,-1,-1
366,208,946,230,170,112,1,-1,-1,-1
366,209,1333,267,289,173,1,-1,-1,-1
367,207,875,374,275,176,1,-1,-1,-1
367,208,925,227,163,109,1,-1,-1,-1
367,209,1294,261,306,173,1,-1,-1,-1
368,207,897,383,276,179,1,-1,-1,-1
368,208,920,225,161,108,1,-1,-1,-1
368,209,1274,252,299,173,1,-1,-1,-1
369,207,905,387,299,185,1,-1,-1,-1
369,208,899,223,164,106,1,-1,-1,-1
369,209,1252,243,283,179,1,-1,-1,-1
370,207,934,394,290,183,1,-1,-1,-1
370,208,883,221,164,103,1,-1,-1,-1
370,209,1236,237,295,179,1,-1,-1,-1
371,207,944,401,312,195,1,-1,-1,-1
371,209,1214,239,276,171,1,-1,-1,-1
371,208,875,219,154,102,1,-1,-1,-1
372,207,969,406,320,200,1,-1,-1,-1
372,209,1189,234,272,174,1,-1,-1,-1
372,208,862,217,147,103,1,-1,-1,-1
373,207,990,415,318,197,1,-1,-1,-1
373,208,853,213,141,102,1,-1,-1,-1
373,209,1183,234,260,166,1,-1,-1,-1
374,209,1162,236,252,157,1,-1,-1,-1
374,207,1008,418,329,202,1,-1,-1,-1
374,208,835,210,146,104,1,-1,-1,-1
375,207,1019,424,343,205,1,-1,-1,-1
375,209,1145,228,246,160,1,-1,-1,-1
375,208,822,211,144,98,1,-1,-1,-1
376,209,1126,224,241,162,1,-1,-1,-1
376,207,1028,427,353,209,1,-1,-1,-1
377,207,1065,438,353,214,1,-1,-1,-1
377,209,1110,221,244,164,1,-1,-1,-1
378,209,1086,216,243,162,1,-1,-1,-1
378,207,1087,443,361,219,1,-1,-1,-1
379,209,1074,219,236,151,1,-1,-1,-1
379,207,1117,453,364,219,1,-1,-1,-1
380,207,1129,462,376,218,1,-1,-1,-1
380,209,1051,218,245,150,1,-1,-1,-1
381,209,1045,224,228,139,1,-1,-1,-1
381,207,1146,466,390,222,1,-1,-1,-1
382,207,1183,474,393,230,1,-1,-1,-1
382,209,1029,219,236,143,1,-1,-1,-1
383,207,1205,479,405,241,1,-1,-1,-1
383,209,1018,215,218,138,1,-1,-1,-1
384,207,1223,488,414,238,1,-1,-1,-1
384,209,1002,209,217,143,1,-1,-1,-1
385,207,1254,497,409,240,1,-1,-1,-1
385,209,984,210,223,140,1,-1,-1,-1
386,209,976,213,213,132,1,-1,-1,-1
386,207,1277,503,416,248,1,-1,-1,-1
387,209,958,211,215,130,1,-1,-1,-1
387,207,1301,510,421,249,1,-1,-1,-1
388,207,1320,519,436,254,1,-1,-1,-1
388,209,954,211,211,131,1,-1,-1,-1
389,209,940,211,199,128,1,-1,-1,-1
389,207,1348,524,436,256,1,-1,-1,-1
390,209,925,207,201,129,1,-1,-1,-1
390,207,1380,535,460,265,1,-1,-1,-1
391,209,915,206,198,128,1,-1,-1,-1
391,207,1415,546,468,268,1,-1,-1,-1
392,209,904,197,195,133,1,-1,-1,-1
392,207,1443,563,475,260,1,-1,-1,-1
393,209,890,203,193,124,1,-1,-1,-1
393,207,1474,564,445,271,1,-1,-1,-1
394,209,880,193,208,130,1,-1,-1,-1
394,207,1481,566,438,278,1,-1,-1,-1
395,209,873,187,192,132,1,-1,-1,-1
395,207,1521,565,398,296,1,-1,-1,-1
396,209,863,185,200,134,1,-1,-1,-1
397,209,848,191,192,123,1,-1,-1,-1
398,209,840,175,192,138,1,-1,-1,-1
399,209,838,182,193,132,1,-1,-1,-1
400,209,822,174,188,136,1,-1,-1,-1
401,209,814,176,180,132,1,-1,-1,-1
402,209,806,183,184,122,1,-1,-1,-1
403,209,795,178,182,125,1,-1,-1,-1
404,209,790,177,170,125,1,-1,-1,-1
405,209,780,174,179,126,1,-1,-1,-1
406,209,771,176,175,121,1,-1,-1,-1
407,209,768,176,172,121,1,-1,-1,-1
408,209,766,177,155,115,1,-1,-1,-1
409,209,761,171,161,121,1,-1,-1,-1
