0,210,989,0,192,114,1,-1,-1,-1
0,211,540,548,517,301,1,-1,-1,-1
1,210,990,0,190,113,1,-1,-1,-1
1,211,570,555,515,311,1,-1,-1,-1
2,210,991,0,190,113,1,-1,-1,-1
2,211,631,567,511,320,1,-1,-1,-1
3,210,990,0,191,113,1,-1,-1,-1
3,211,656,580,530,324,1,-1,-1,-1
4,210,990,0,191,114,1,-1,-1,-1
4,211,717,594,525,341,1,-1,-1,-1
5,211,774,616,532,342,1,-1,-1,-1
5,210,990,0,191,114,1,-1,-1,-1
6,210,990,0,190,114,1,-1,-1,-1
6,211,818,632,555,358,1,-1,-1,-1
7,210,990,0,190,113,1,-1,-1,-1
7,211,878,647,552,368,1,-1,-1,-1
8,210,988,0,192,114,1,-1,-1,-1
8,211,924,665,561,382,1,-1,-1,-1
9,210,988,0,192,114,1,-1,-1,-1
9,211,990,682,554,383,1,-1,-1,-1
9,212,1267,413,352,240,1,-1,-1,-1
10,210,988,0,193,115,1,-1,-1,-1
10,211,1046,706,541,371,1,-1,-1,-1
10,212,1274,418,329,224,1,-1,-1,-1
11,210,989,0,193,115,1,-1,-1,-1
11,211,1111,727,524,352,1,-1,-1,-1
11,212,1258,412,336,229,1,-1,-1,-1
12,210,990,0,191,114,1,-1,-1,-1
12,212,1251,402,333,236,1,-1,-1,-1
12,211,1174,747,511,332,1,-1,-1,-1
13,210,987,0,191,115,1,-1,-1,-1
13,212,1238,397,319,235,1,-1,-1,-1
14,210,985,0,190,116,1,-1,-1,-1
14,212,1206,386,337,234,1,-1,-1,-1
15,210,984,0,190,116,1,-1,-1,-1
15,212,1181,380,337,229,1,-1,-1,-1
16,210,984,0,191,113,1,-1,-1,-1
16,212,1175,367,328,229,1,-1,-1,-1
17,210,976,0,190,118,1,-1,-1,-1
17,212,1138,365,331,221,1,-1,-1,-1
18,210,972,0,190,118,1,-1,-1,-1
18,212,1102,348,357,228,1,-1,-1,-1
19,210,979,0,182,117,1,-1,-1,-1
19,212,1084,341,340,218,1,-1,-1,-1
20,210,968,0,192,120,1,-1,-1,-1
20,212,1065,332,356,220,1,-1,-1,-1
21,210,969,0,190,119,1,-1,-1,-1
21,212,1014,325,338,210,1,-1,-1,-1
22,210,965,0,193,120,1,-1,-1,-1
22,212,967,307,358,219,1,-1,-1,-1
23,210,960,0,198,121,1,-1,-1,-1
23,212,932,303,337,205,1,-1,-1,-1
24,210,967,0,193,119,1,-1,-1,-1
24,212,906,294,341,203,1,-1,-1,-1
25,210,958,0,201,121,1,-1,-1,-1
25,212,896,290,323,202,1,-1,-1,-1
26,210,955,1,201,119,1,-1,-1,-1
26,212,889,284,334,203,1,-1,-1,-1
27,210,949,1,203,120,1,-1,-1,-1
27,212,838,275,316,190,1,-1,-1,-1
28,210,935,1,211,124,1,-1,-1,-1
28,212,795,270,328,187,1,-1,-1,-1
29,210,934,4,216,123,1,-1,-1,-1
29,212,765,269,308,178,1,-1,-1,-1
30,210,924,4,215,121,1,-1,-1,-1
30,212,726,261,302,174,1,-1,-1,-1
31,210,906,3,228,126,1,-1,-1,-1
31,212,691,254,305,174,1,-1,-1,-1
32,210,899,5,233,124,1,-1,-1,-1
32,212,660,249,308,174,1,-1,-1,-1
33,210,889,6,237,128,1,-1,-1,-1
33,212,616,242,304,167,1,-1,-1,-1
34,210,886,6,237,129,1,-1,-1,-1
35,210,877,10,237,126,1,-1,-1,-1
36,210,860,15,239,125,1,-1,-1,-1
37,210,855,12,243,129,1,-1,-1,-1
38,210,846,13,244,132,1,-1,-1,-1
39,210,833,15,254,132,1,-1,-1,-1
40,210,814,19,257,134,1,-1,-1,-1
41,210,813,18,266,132,1,-1,-1,-1
42,210,792,23,254,135,1,-1,-1,-1
43,210,770,25,259,136,1,-1,-1,-1
44,210,760,23,265,138,1,-1,-1,-1
45,210,741,27,284,140,1,-1,-1,-1
46,210,729,33,281,136,1,-1,-1,-1
47,210,703,34,280,140,1,-1,-1,-1
47,213,187,536,380,218,1,-1,-1,-1
48,210,688,39,273,142,1,-1,-1,-1
48,213,210,536,409,227,1,-1,-1,-1
49,210,669,43,278,142,1,-1,-1,-1
49,213,240,542,392,224,1,-1,-1,-1
50,210,656,47,273,141,1,-1,-1,-1
50,213,268,543,378,225,1,-1,-1,-1
51,210,642,53,274,138,1,-1,-1,-1
51,213,288,544,440,240,1,-1,-1,-1
52,210,628,56,278,141,1,-1,-1,-1
52,213,313,544,438,245,1,-1,-1,-1
53,210,603,62,278,143,1,-1,-1,-1
53,213,337,546,442,254,1,-1,-1,-1
54,210,581,67,284,143,1,-1,-1,-1
54,213,377,555,418,256,1,-1,-1,-1
55,210,563,71,278,145,1,-1,-1,-1
55,213,406,561,440,274,1,-1,-1,-1
56,210,553,77,273,145,1,-1,-1,-1
56,213,431,568,472,280,1,-1,-1,-1
57,210,527,76,278,150,1,-1,-1,-1
57,213,471,581,478,284,1,-1,-1,-1
58,210,505,86,280,148,1,-1,-1,-1
58,213,506,596,483,285,1,-1,-1,-1
58,214,34,360,317,199,1,-1,-1,-1
59,210,467,98,286,150,1,-1,-1,-1
59,213,554,604,495,298,1,-1,-1,-1
59,214,118,365,280,196,1,-1,-1,-1
60,210,458,99,277,154,1,-1,-1,-1
60,213,598,613,505,309,1,-1,-1,-1
60,214,141,348,287,202,1,-1,-1,-1
61,210,438,103,283,158,1,-1,-1,-1
61,214,167,340,295,204,1,-1,-1,-1
61,213,653,626,520,321,1,-1,-1,-1
62,210,409,116,273,153,1,-1,-1,-1
62,214,204,323,289,209,1,-1,-1,-1
62,213,705,635,529,335,1,-1,-1,-1
63,210,394,123,276,152,1,-1,-1,-1
63,213,743,646,557,351,1,-1,-1,-1
63,214,229,309,297,216,1,-1,-1,-1
64,210,359,128,273,165,1,-1,-1,-1
64,214,263,297,302,213,1,-1,-1,-1
64,213,788,654,569,368,1,-1,-1,-1
65,214,297,279,310,222,1,-1,-1,-1
65,210,334,141,273,154,1,-1,-1,-1
65,213,865,678,556,358,1,-1,-1,-1
66,214,341,261,304,224,1,-1,-1,-1
66,210,315,151,271,155,1,-1,-1,-1
66,213,932,687,539,372,1,-1,-1,-1
67,210,278,147,279,174,1,-1,-1,-1
67,214,381,246,323,218,1,-1,-1,-1
67,213,979,706,556,365,1,-1,-1,-1
68,210,260,158,263,178,1,-1,-1,-1
68,214,410,227,345,227,1,-1,-1,-1
68,213,1043,725,547,354,1,-1,-1,-1
69,210,228,181,270,163,1,-1,-1,-1
69,214,462,218,343,221,1,-1,-1,-1
70,210,218,198,262,155,1,-1,-1,-1
70,214,520,207,361,211,1,-1,-1,-1
71,210,183,202,258,166,1,-1,-1,-1
71,214,562,193,346,209,1,-1,-1,-1
72,214,606,174,359,214,1,-1,-1,-1
72,210,164,231,244,154,1,-1,-1,-1
73,214,655,163,357,204,1,-1,-1,-1
73,210,150,229,226,163,1,-1,-1,-1
74,214,704,160,343,193,1,-1,-1,-1
74,210,131,240,250,160,1,-1,-1,-1
75,214,746,150,332,187,1,-1,-1,-1
75,210,107,245,228,169,1,-1,-1,-1
76,214,788,137,321,186,1,-1,-1,-1
76,210,85,256,231,175,1,-1,-1,-1
77,214,829,124,322,186,1,-1,-1,-1
77,210,65,263,229,178,1,-1,-1,-1
78,214,877,117,315,174,1,-1,-1,-1
78,210,47,272,233,190,1,-1,-1,-1
79,214,922,106,306,172,1,-1,-1,-1
79,210,18,277,237,197,1,-1,-1,-1
80,214,958,100,292,167,1,-1,-1,-1
80,210,6,298,228,184,1,-1,-1,-1
81,214,996,93,281,159,1,-1,-1,-1
81,210,0,312,215,185,1,-1,-1,-1
82,214,1018,91,264,152,1,-1,-1,-1
82,210,0,309,194,199,1,-1,-1,-1
83,214,1058,86,248,143,1,-1,-1,-1
84,214,1084,75,238,144,1,-1,-1,-1
84,215,1305,422,366,264,1,-1,-1,-1
85,214,1120,66,217,137,1,-1,-1,-1
85,215,1242,403,388,247,1,-1,-1,-1
86,214,1147,64,205,129,1,-1,-1,-1
86,215,1217,391,382,255,1,-1,-1,-1
87,215,1198,380,380,251,1,-1,-1,-1
87,214,1163,60,186,123,1,-1,-1,-1
88,215,1166,368,382,250,1,-1,-1,-1
89,215,1140,353,367,255,1,-1,-1,-1
90,215,1099,335,380,255,1,-1,-1,-1
91,215,1056,323,395,245,1,-1,-1,-1
92,215,1030,311,388,239,1,-1,-1,-1
93,215,984,294,387,243,1,-1,-1,-1
94,215,937,277,384,240,1,-1,-1,-1
95,215,921,273,365,230,1,-1,-1,-1
96,215,859,261,370,234,1,-1,-1,-1
97,215,842,258,368,217,1,-1,-1,-1
98,215,792,249,357,213,1,-1,-1,-1
99,215,763,240,347,210,1,-1,-1,-1
100,215,730,235,332,200,1,-1,-1,-1
101,215,691,228,336,196,1,-1,-1,-1
102,215,634,223,343,192,1,-1,-1,-1
103,215,610,215,320,188,1,-1,-1,-1
104,215,575,214,310,178,1,-1,-1,-1
105,215,565,217,294,173,1,-1,-1,-1
106,215,514,215,293,167,1,-1,-1,-1
107,215,498,225,277,156,1,-1,-1,-1
108,215,431,222,303,157,1,-1,-1,-1
109,215,425,228,269,152,1,-1,-1,-1
110,215,372,232,274,149,1,-1,-1,-1
111,215,367,237,250,147,1,-1,-1,-1
112,215,342,240,245,149,1,-1,-1,-1
113,215,304,238,259,154,1,-1,-1,-1
114,215,293,249,250,148,1,-1,-1,-1
115,215,267,250,237,153,1,-1,-1,-1
116,215,243,256,233,154,1,-1,-1,-1
117,215,195,274,232,146,1,-1,-1,-1
118,215,153,277,249,153,1,-1,-1,-1
119,215,150,282,230,155,1,-1,-1,-1
120,215,152,290,211,151,1,-1,-1,-1
120,216,175,390,380,280,1,-1,-1,-1
121,215,118,301,211,150,1,-1,-1,-1
121,216,202,374,401,281,1,-1,-1,-1
122,215,105,316,183,145,1,-1,-1,-1
122,216,259,350,396,289,1,-1,-1,-1
123,215,78,321,190,148,1,-1,-1,-1
123,216,265,337,448,286,1,-1,-1,-1
124,215,61,333,174,148,1,-1,-1,-1
124,216,332,328,446,262,1,-1,-1,-1
125,216,380,310,417,269,1,-1,-1,-1
125,215,38,334,190,154,1,-1,-1,-1
126,216,426,290,442,273,1,-1,-1,-1
126,215,29,346,177,145,1,-1,-1,-1
127,216,462,274,437,277,1,-1,-1,-1
128,216,509,264,455,270,1,-1,-1,-1
129,216,548,248,443,270,1,-1,-1,-1
130,216,603,235,430,264,1,-1,-1,-1
131,216,637,227,433,252,1,-1,-1,-1
132,216,680,216,418,253,1,-1,-1,-1
132,217,85,402,223,159,1,-1,-1,-1
133,216,728,202,417,249,1,-1,-1,-1
133,217,72,399,247,177,1,-1,-1,-1
134,216,779,199,411,236,1,-1,-1,-1
134,217,63,396,268,181,1,-1,-1,-1
135,216,815,183,403,232,1,-1,-1,-1
135,217,61,380,293,188,1,-1,-1,-1
136,216,858,173,388,232,1,-1,-1,-1
136,217,127,376,252,176,1,-1,-1,-1
137,216,904,168,374,212,1,-1,-1,-1
137,217,144,363,255,186,1,-1,-1,-1
138,216,973,156,356,214,1,-1,-1,-1
138,217,170,348,270,187,1,-1,-1,-1
139,216,1002,145,344,205,1,-1,-1,-1
139,217,176,337,272,187,1,-1,-1,-1
140,216,1028,142,333,193,1,-1,-1,-1
140,217,217,325,275,184,1,-1,-1,-1
141,216,1078,135,308,187,1,-1,-1,-1
141,217,233,316,270,186,1,-1,-1,-1
142,216,1105,126,295,187,1,-1,-1,-1
142,217,269,299,296,189,1,-1,-1,-1
143,216,1140,120,273,174,1,-1,-1,-1
143,217,285,290,295,186,1,-1,-1,-1
144,216,1162,113,261,164,1,-1,-1,-1
144,217,342,271,297,183,1,-1,-1,-1
145,216,1191,109,239,160,1,-1,-1,-1
145,217,378,260,293,181,1,-1,-1,-1
146,216,1220,104,216,151,1,-1,-1,-1
146,217,408,244,301,184,1,-1,-1,-1
147,216,1239,96,217,149,1,-1,-1,-1
147,217,451,231,308,182,1,-1,-1,-1
148,216,1267,84,191,148,1,-1,-1,-1
148,217,491,219,306,181,1,-1,-1,-1
149,217,531,208,301,175,1,-1,-1,-1
149,216,1283,82,177,139,1,-1,-1,-1
149,218,1065,0,153,100,1,-1,-1,-1
150,216,1301,75,171,137,1,-1,-1,-1
150,217,565,194,307,178,1,-1,-1,-1
150,218,1062,0,148,99,1,-1,-1,-1
151,216,1313,68,162,137,1,-1,-1,-1
151,217,605,191,303,162,1,-1,-1,-1
151,218,1055,0,152,100,1,-1,-1,-1
152,216,1326,66,148,134,1,-1,-1,-1
152,217,653,167,308,173,1,-1,-1,-1
152,218,1045,0,155,104,1,-1,-1,-1
153,216,1338,61,137,130,1,-1,-1,-1
153,218,1039,0,160,105,1,-1,-1,-1
153,217,682,162,304,172,1,-1,-1,-1
154,218,1032,0,166,106,1,-1,-1,-1
154,216,1351,54,134,128,1,-1,-1,-1
154,217,739,156,298,157,1,-1,-1,-1
155,216,1357,48,127,123,1,-1,-1,-1
155,218,1029,0,168,107,1,-1,-1,-1
155,217,776,150,279,154,1,-1,-1,-1
156,216,1366,42,119,120,1,-1,-1,-1
156,218,1016,0,173,113,1,-1,-1,-1
156,217,821,141,271,149,1,-1,-1,-1
157,216,1372,39,115,116,1,-1,-1,-1
157,218,1015,0,173,113,1,-1,-1,-1
157,217,864,126,266,159,1,-1,-1,-1
158,216,1377,32,110,118,1,-1,-1,-1
158,218,1015,0,170,113,1,-1,-1,-1
158,217,905,122,264,144,1,-1,-1,-1
159,216,1380,28,112,113,1,-1,-1,-1
159,218,1011,0,179,110,1,-1,-1,-1
159,217,938,114,251,144,1,-1,-1,-1
160,217,974,114,241,130,1,-1,-1,-1
160,218,1002,0,179,113,1,-1,-1,-1
160,216,1383,28,109,104,1,-1,-1,-1
161,218,997,0,182,113,1,-1,-1,-1
161,216,1385,20,109,109,1,-1,-1,-1
161,217,1000,103,249,135,1,-1,-1,-1
162,218,993,0,181,115,1,-1,-1,-1
162,217,1038,100,222,131,1,-1,-1,-1
162,216,1387,17,107,107,1,-1,-1,-1
163,217,1063,99,214,122,1,-1,-1,-1
163,218,991,0,181,118,1,-1,-1,-1
163,216,1386,12,107,107,1,-1,-1,-1
164,218,988,0,183,118,1,-1,-1,-1
164,217,1084,91,213,121,1,-1,-1,-1
164,216,1391,7,103,105,1,-1,-1,-1
165,218,985,0,180,120,1,-1,-1,-1
165,217,1108,86,204,118,1,-1,-1,-1
165,216,1390,5,102,102,1,-1,-1,-1
165,219,917,416,348,210,1,-1,-1,-1
166,217,1136,80,190,119,1,-1,-1,-1
166,218,980,0,182,122,1,-1,-1,-1
166,216,1389,1,102,101,1,-1,-1,-1
166,219,917,399,429,235,1,-1,-1,-1
167,218,973,1,188,118,1,-1,-1,-1
167,217,1147,75,188,119,1,-1,-1,-1
167,216,1388,0,101,94,1,-1,-1,-1
167,219,874,385,440,232,1,-1,-1,-1
168,218,973,1,190,117,1,-1,-1,-1
168,217,1154,66,183,119,1,-1,-1,-1
168,219,812,368,413,222,1,-1,-1,-1
168,216,1387,0,102,90,1,-1,-1,-1
169,218,968,2,190,118,1,-1,-1,-1
169,217,1170,65,179,112,1,-1,-1,-1
169,219,705,348,348,201,1,-1,-1,-1
170,218,958,2,196,119,1,-1,-1,-1
170,217,1193,60,162,114,1,-1,-1,-1
170,219,720,343,397,213,1,-1,-1,-1
171,218,944,2,204,125,1,-1,-1,-1
171,217,1208,57,153,107,1,-1,-1,-1
171,219,674,332,360,198,1,-1,-1,-1
172,218,934,3,204,126,1,-1,-1,-1
172,217,1236,51,147,106,1,-1,-1,-1
172,219,635,322,386,193,1,-1,-1,-1
173,218,926,5,210,126,1,-1,-1,-1
173,217,1239,44,148,109,1,-1,-1,-1
174,218,914,7,217,126,1,-1,-1,-1
174,217,1250,41,144,108,1,-1,-1,-1
175,218,898,8,226,129,1,-1,-1,-1
175,217,1268,38,130,106,1,-1,-1,-1
176,218,894,11,225,124,1,-1,-1,-1
176,217,1278,32,125,107,1,-1,-1,-1
177,218,885,10,227,128,1,-1,-1,-1
177,217,1287,30,119,103,1,-1,-1,-1
178,218,874,9,240,128,1,-1,-1,-1
178,217,1295,27,117,101,1,-1,-1,-1
179,218,864,13,229,132,1,-1,-1,-1
179,217,1301,21,114,102,1,-1,-1,-1
180,218,856,14,224,133,1,-1,-1,-1
180,220,308,311,198,127,1,-1,-1,-1
180,217,1306,16,107,104,1,-1,-1,-1
181,218,841,20,228,132,1,-1,-1,-1
181,220,284,310,196,130,1,-1,-1,-1
181,217,1310,12,106,102,1,-1,-1,-1
182,218,835,21,227,131,1,-1,-1,-1
182,220,248,312,196,131,1,-1,-1,-1
182,217,1315,5,103,101,1,-1,-1,-1
183,218,801,26,242,131,1,-1,-1,-1
183,220,218,321,173,129,1,-1,-1,-1
183,217,1320,7,101,94,1,-1,-1,-1
184,218,789,29,239,131,1,-1,-1,-1
184,220,187,324,183,132,1,-1,-1,-1
184,217,1324,1,100,96,1,-1,-1,-1
185,218,787,29,239,131,1,-1,-1,-1
185,220,160,327,175,138,1,-1,-1,-1
186,218,756,31,245,137,1,-1,-1,-1
186,220,122,335,180,137,1,-1,-1,-1
187,218,732,35,248,141,1,-1,-1,-1
187,220,111,334,184,140,1,-1,-1,-1
188,218,712,38,249,143,1,-1,-1,-1
188,220,62,339,204,143,1,-1,-1,-1
189,218,697,45,251,140,1,-1,-1,-1
189,220,60,352,182,138,1,-1,-1,-1
190,218,677,57,262,130,1,-1,-1,-1
190,220,28,363,178,133,1,-1,-1,-1
191,218,660,54,256,140,1,-1,-1,-1
192,218,630,64,258,139,1,-1,-1,-1
193,218,610,65,257,142,1,-1,-1,-1
194,218,593,74,251,136,1,-1,-1,-1
195,218,568,78,257,141,1,-1,-1,-1
196,218,536,84,264,146,1,-1,-1,-1
197,218,515,89,259,143,1,-1,-1,-1
198,218,495,98,253,145,1,-1,-1,-1
199,218,468,102,257,149,1,-1,-1,-1
200,218,447,109,251,148,1,-1,-1,-1
201,218,419,112,246,159,1,-1,-1,-1
202,218,403,112,231,166,1,-1,-1,-1
203,218,369,131,240,163,1,-1,-1,-1
204,218,348,144,232,165,1,-1,-1,-1
205,218,304,153,238,164,1,-1,-1,-1
206,218,297,160,215,164,1,-1,-1,-1
207,218,263,164,221,169,1,-1,-1,-1
208,218,209,181,237,163,1,-1,-1,-1
