30,221,430,216,299,258,1,-1,-1,-1
31,221,415,223,308,256,1,-1,-1,-1
32,221,398,228,319,254,1,-1,-1,-1
33,221,394,226,323,257,1,-1,-1,-1
34,221,381,226,322,264,1,-1,-1,-1
35,221,362,229,334,264,1,-1,-1,-1
36,221,357,227,332,269,1,-1,-1,-1
37,221,335,233,343,278,1,-1,-1,-1
38,221,327,238,348,275,1,-1,-1,-1
39,221,317,244,343,269,1,-1,-1,-1
40,221,299,241,349,278,1,-1,-1,-1
41,221,289,243,349,284,1,-1,-1,-1
42,221,285,245,350,286,1,-1,-1,-1
43,221,261,247,355,290,1,-1,-1,-1
44,221,254,249,354,295,1,-1,-1,-1
44,222,901,553,890,526,1,-1,-1,-1
45,221,242,241,362,309,1,-1,-1,-1
45,222,986,514,829,565,1,-1,-1,-1
46,221,225,248,372,309,1,-1,-1,-1
46,222,1055,482,787,583,1,-1,-1,-1
47,222,1119,473,753,603,1,-1,-1,-1
47,221,214,256,372,307,1,-1,-1,-1
48,222,1171,442,718,603,1,-1,-1,-1
48,221,192,251,378,320,1,-1,-1,-1
49,222,1222,409,697,586,1,-1,-1,-1
49,221,179,257,386,316,1,-1,-1,-1
50,222,1269,399,650,552,1,-1,-1,-1
50,221,165,261,390,323,1,-1,-1,-1
51,222,1305,379,614,541,1,-1,-1,-1
51,221,153,254,396,335,1,-1,-1,-1
52,222,1345,351,573,525,1,-1,-1,-1
52,221,130,262,408,333,1,-1,-1,-1
53,222,1378,339,541,503,1,-1,-1,-1
53,221,109,267,414,336,1,-1,-1,-1
54,222,1410,318,509,489,1,-1,-1,-1
54,221,100,262,413,348,1,-1,-1,-1
55,222,1429,307,490,475,1,-1,-1,-1
55,221,57,275,436,344,1,-1,-1,-1
56,222,1455,287,464,461,1,-1,-1,-1
56,221,57,268,429,355,1,-1,-1,-1
57,222,1463,276,456,450,1,-1,-1,-1
57,221,37,271,440,361,1,-1,-1,-1
58,222,1485,267,434,430,1,-1,-1,-1
58,221,13,280,458,363,1,-1,-1,-1
59,222,1493,253,426,424,1,-1,-1,-1
59,221,5,281,455,371,1,-1,-1,-1
60,222,1508,247,411,410,1,-1,-1,-1
60,221,0,282,444,379,1,-1,-1,-1
61,222,1521,236,398,403,1,-1,-1,-1
61,221,0,299,449,376,1,-1,-1,-1
62,222,1527,230,392,396,1,-1,-1,-1
63,222,1540,222,379,381,1,-1,-1,-1
64,222,1556,218,360,369,1,-1,-1,-1
65,222,1554,211,365,360,1,-1,-1,-1
66,222,1568,208,351,347,1,-1,-1,-1
67,222,1578,204,341,349,1,-1,-1,-1
68,222,1575,202,344,337,1,-1,-1,-1
69,222,1588,197,331,335,1,-1,-1,-1
70,222,1588,196,331,327,1,-1,-1,-1
71,222,1587,192,332,324,1,-1,-1,-1
72,222,1590,195,329,312,1,-1,-1,-1
72,223,389,223,342,279,1,-1,-1,-1
73,222,1591,192,328,306,1,-1,-1,-1
73,223,382,227,337,279,1,-1,-1,-1
74,222,1594,195,318,298,1,-1,-1,-1
74,223,372,227,340,286,1,-1,-1,-1
75,222,1593,194,319,292,1,-1,-1,-1
75,223,356,229,349,291,1,-1,-1,-1
76,222,1596,189,314,290,1,-1,-1,-1
76,223,350,231,357,293,1,-1,-1,-1
77,222,1590,189,318,284,1,-1,-1,-1
77,223,328,232,361,297,1,-1,-1,-1
78,222,1588,185,312,284,1,-1,-1,-1
78,223,326,232,365,302,1,-1,-1,-1
79,222,1585,184,309,278,1,-1,-1,-1
79,223,319,234,365,310,1,-1,-1,-1
80,222,1585,181,303,274,1,-1,-1,-1
80,223,299,246,361,304,1,-1,-1,-1
81,222,1586,181,298,271,1,-1,-1,-1
81,223,281,245,371,310,1,-1,-1,-1
82,222,1585,177,289,267,1,-1,-1,-1
82,223,271,244,379,315,1,-1,-1,-1
83,222,1586,177,279,260,1,-1,-1,-1
83,223,261,247,385,320,1,-1,-1,-1
84,222,1580,175,283,252,1,-1,-1,-1
84,223,251,248,386,326,1,-1,-1,-1
85,222,1573,174,287,253,1,-1,-1,-1
85,223,234,250,395,329,1,-1,-1,-1
86,222,1577,172,265,248,1,-1,-1,-1
86,223,221,251,394,332,1,-1,-1,-1
87,222,1573,169,268,247,1,-1,-1,-1
87,223,212,246,397,347,1,-1,-1,-1
88,222,1568,172,269,238,1,-1,-1,-1
88,223,198,259,400,338,1,-1,-1,-1
89,222,1566,172,265,234,1,-1,-1,-1
89,223,173,256,419,348,1,-1,-1,-1
90,222,1561,168,263,231,1,-1,-1,-1
90,223,168,262,414,345,1,-1,-1,-1
91,222,1558,165,262,227,1,-1,-1,-1
91,223,134,259,429,361,1,-1,-1,-1
92,222,1555,163,256,224,1,-1,-1,-1
92,223,122,268,438,354,1,-1,-1,-1
93,222,1552,161,254,224,1,-1,-1,-1
93,223,107,263,439,362,1,-1,-1,-1
94,222,1546,160,254,219,1,-1,-1,-1
94,223,100,277,443,356,1,-1,-1,-1
95,222,1544,159,250,215,1,-1,-1,-1
95,223,76,276,468,362,1,-1,-1,-1
96,222,1542,158,245,214,1,-1,-1,-1
96,223,63,276,468,371,1,-1,-1,-1
97,222,1541,155,241,214,1,-1,-1,-1
97,223,45,281,466,373,1,-1,-1,-1
98,222,1535,155,239,211,1,-1,-1,-1
98,223,32,281,464,386,1,-1,-1,-1
99,222,1529,155,238,210,1,-1,-1,-1
99,223,18,273,470,402,1,-1,-1,-1
100,222,1527,156,237,205,1,-1,-1,-1
100,223,7,280,470,398,1,-1,-1,-1
101,222,1526,156,234,199,1,-1,-1,-1
101,223,0,289,470,402,1,-1,-1,-1
102,222,1518,154,232,198,1,-1,-1,-1
102,223,0,287,459,416,1,-1,-1,-1
103,222,1515,154,227,195,1,-1,-1,-1
103,223,0,290,459,429,1,-1,-1,-1
104,222,1513,155,226,191,1,-1,-1,-1
104,223,0,296,450,429,1,-1,-1,-1
105,222,1512,152,224,191,1,-1,-1,-1
106,222,1510,155,222,187,1,-1,-1,-1
107,222,1506,154,220,184,1,-1,-1,-1
108,222,1503,155,216,183,1,-1,-1,-1
109,222,1498,154,217,181,1,-1,-1,-1
110,222,1496,154,214,181,1,-1,-1,-1
111,222,1497,153,207,179,1,-1,-1,-1
112,222,1493,156,211,175,1,-1,-1,-1
113,222,1491,157,208,172,1,-1,-1,-1
114,222,1485,157,207,172,1,-1,-1,-1
115,222,1482,157,207,170,1,-1,-1,-1
116,222,1480,157,204,168,1,-1,-1,-1
117,222,1478,157,201,165,1,-1,-1,-1
118,222,1477,158,199,165,1,-1,-1,-1
119,222,1476,158,195,165,1,-1,-1,-1
120,222,1473,159,195,162,1,-1,-1,-1
121,222,1469,160,193,161,1,-1,-1,-1
122,222,1472,156,182,163,1,-1,-1,-1
123,222,1464,159,190,161,1,-1,-1,-1
123,224,377,246,342,270,1,-1,-1,-1
124,222,1465,157,184,158,1,-1,-1,-1
124,224,357,243,356,272,1,-1,-1,-1
125,222,1458,156,185,161,1,-1,-1,-1
125,224,351,247,353,278,1,-1,-1,-1
126,222,1464,153,177,161,1,-1,-1,-1
126,224,340,248,354,281,1,-1,-1,-1
127,224,331,251,355,283,1,-1,-1,-1
127,222,1463,149,172,165,1,-1,-1,-1
128,222,1456,159,180,158,1,-1,-1,-1
128,224,328,257,354,284,1,-1,-1,-1
129,222,1457,156,174,155,1,-1,-1,-1
129,224,313,256,368,289,1,-1,-1,-1
129,225,1141,592,620,479,1,-1,-1,-1
130,222,1464,145,160,161,1,-1,-1,-1
130,224,305,261,364,285,1,-1,-1,-1
130,225,1163,561,591,473,1,-1,-1,-1
131,222,1462,145,158,160,1,-1,-1,-1
131,225,1210,539,545,448,1,-1,-1,-1
131,224,291,265,363,294,1,-1,-1,-1
132,222,1454,153,165,151,1,-1,-1,-1
132,224,283,264,366,295,1,-1,-1,-1
132,225,1227,515,537,445,1,-1,-1,-1
133,222,1456,157,162,146,1,-1,-1,-1
133,224,267,266,378,302,1,-1,-1,-1
133,225,1244,493,508,430,1,-1,-1,-1
134,222,1451,157,167,148,1,-1,-1,-1
134,224,261,269,377,301,1,-1,-1,-1
134,225,1257,469,496,423,1,-1,-1,-1
135,222,1452,158,163,147,1,-1,-1,-1
135,225,1277,452,490,417,1,-1,-1,-1
135,224,253,269,382,311,1,-1,-1,-1
136,222,1452,158,162,147,1,-1,-1,-1
136,225,1269,438,485,394,1,-1,-1,-1
136,224,240,276,381,308,1,-1,-1,-1
137,224,223,276,385,311,1,-1,-1,-1
137,222,1455,149,157,152,1,-1,-1,-1
137,225,1274,419,472,389,1,-1,-1,-1
138,224,208,278,397,316,1,-1,-1,-1
138,222,1449,159,161,144,1,-1,-1,-1
138,225,1260,401,471,375,1,-1,-1,-1
139,224,192,285,411,316,1,-1,-1,-1
139,225,1258,383,461,370,1,-1,-1,-1
139,222,1448,147,159,149,1,-1,-1,-1
140,222,1445,160,162,139,1,-1,-1,-1
140,225,1262,373,447,359,1,-1,-1,-1
140,224,187,280,399,319,1,-1,-1,-1
141,222,1444,162,160,143,1,-1,-1,-1
141,224,183,282,410,329,1,-1,-1,-1
141,225,1253,358,452,352,1,-1,-1,-1
142,222,1442,163,158,142,1,-1,-1,-1
142,225,1261,342,418,343,1,-1,-1,-1
142,224,178,285,402,333,1,-1,-1,-1
143,222,1442,163,158,143,1,-1,-1,-1
143,225,1262,336,407,338,1,-1,-1,-1
143,224,153,292,417,332,1,-1,-1,-1
144,222,1441,165,156,139,1,-1,-1,-1
144,225,1259,325,408,324,1,-1,-1,-1
144,224,134,292,433,340,1,-1,-1,-1
145,222,1438,165,153,133,1,-1,-1,-1
145,225,1260,315,416,321,1,-1,-1,-1
145,224,117,294,440,344,1,-1,-1,-1
146,222,1435,162,154,136,1,-1,-1,-1
146,225,1262,306,391,310,1,-1,-1,-1
146,224,102,291,441,352,1,-1,-1,-1
147,222,1432,163,153,133,1,-1,-1,-1
147,225,1260,301,386,300,1,-1,-1,-1
147,224,88,295,452,350,1,-1,-1,-1
148,222,1431,165,152,131,1,-1,-1,-1
148,225,1245,292,388,297,1,-1,-1,-1
148,224,83,299,444,364,1,-1,-1,-1
149,222,1430,166,149,129,1,-1,-1,-1
149,225,1245,286,372,291,1,-1,-1,-1
149,224,67,298,450,366,1,-1,-1,-1
150,222,1431,166,150,130,1,-1,-1,-1
150,225,1249,285,376,286,1,-1,-1,-1
150,224,49,312,469,364,1,-1,-1,-1
151,222,1426,165,156,130,1,-1,-1,-1
151,225,1238,279,353,280,1,-1,-1,-1
151,224,34,311,475,373,1,-1,-1,-1
152,222,1418,164,163,132,1,-1,-1,-1
152,225,1245,274,351,277,1,-1,-1,-1
152,224,23,317,475,373,1,-1,-1,-1
153,225,1246,269,347,268,1,-1,-1,-1
153,224,11,317,479,381,1,-1,-1,-1
153,222,1412,165,165,132,1,-1,-1,-1
154,225,1241,266,338,264,1,-1,-1,-1
154,224,0,317,483,388,1,-1,-1,-1
155,225,1233,265,336,258,1,-1,-1,-1
155,224,0,331,480,383,1,-1,-1,-1
156,225,1233,261,332,254,1,-1,-1,-1
156,224,0,335,468,392,1,-1,-1,-1
157,225,1229,259,320,247,1,-1,-1,-1
158,225,1234,257,316,244,1,-1,-1,-1
159,225,1230,253,310,244,1,-1,-1,-1
160,225,1225,251,305,240,1,-1,-1,-1
161,225,1226,248,297,236,1,-1,-1,-1
162,225,1229,245,296,227,1,-1,-1,-1
163,225,1235,242,278,227,1,-1,-1,-1
164,225,1236,239,275,227,1,-1,-1,-1
165,225,1236,234,275,225,1,-1,-1,-1
166,225,1238,232,265,221,1,-1,-1,-1
167,225,1241,231,258,215,1,-1,-1,-1
168,225,1247,231,250,209,1,-1,-1,-1
169,225,1240,227,260,209,1,-1,-1,-1
170,225,1242,225,249,204,1,-1,-1,-1
171,225,1242,223,249,203,1,-1,-1,-1
172,225,1241,222,246,199,1,-1,-1,-1
173,225,1244,219,241,196,1,-1,-1,-1
174,225,1250,213,233,195,1,-1,-1,-1
175,225,1250,209,238,192,1,-1,-1,-1
176,225,1248,210,233,189,1,-1,-1,-1
177,225,1256,208,215,182,1,-1,-1,-1
178,225,1256,205,220,184,1,-1,-1,-1
194,226,1046,321,782,758,1,-1,-1,-1
195,226,1083,301,736,777,1,-1,-1,-1
196,226,1117,301,708,735,1,-1,-1,-1
197,226,1158,284,657,722,1,-1,-1,-1
198,226,1176,263,625,708,1,-1,-1,-1
199,226,1190,252,596,676,1,-1,-1,-1
200,226,1196,209,581,686,1,-1,-1,-1
201,226,1207,207,558,660,1,-1,-1,-1
202,226,1215,193,565,638,1,-1,-1,-1
203,226,1226,183,532,625,1,-1,-1,-1
204,226,1232,186,523,592,1,-1,-1,-1
205,226,1234,179,507,569,1,-1,-1,-1
206,226,1244,167,494,564,1,-1,-1,-1
207,226,1243,152,485,555,1,-1,-1,-1
208,226,1239,152,472,538,1,-1,-1,-1
209,226,1243,138,471,525,1,-1,-1,-1
210,226,1245,137,456,511,1,-1,-1,-1
211,226,1247,127,449,505,1,-1,-1,-1
212,226,1246,121,448,493,1,-1,-1,-1
213,226,1245,123,437,479,1,-1,-1,-1
214,226,1249,132,418,458,1,-1,-1,-1
215,226,1253,118,415,458,1,-1,-1,-1
216,226,1257,114,398,452,1,-1,-1,-1
217,226,1260,109,384,445,1,-1,-1,-1
218,226,1254,110,379,438,1,-1,-1,-1
219,226,1258,112,372,428,1,-1,-1,-1
220,226,1257,110,369,420,1,-1,-1,-1
221,226,1257,113,362,411,1,-1,-1,-1
222,226,1252,114,359,402,1,-1,-1,-1
223,226,1264,108,347,399,1,-1,-1,-1
224,226,1253,116,348,386,1,-1,-1,-1
225,226,1255,115,338,378,1,-1,-1,-1
226,226,1265,115,328,375,1,-1,-1,-1
227,226,1265,109,322,373,1,-1,-1,-1
228,226,1265,114,316,363,1,-1,-1,-1
229,226,1267,115,310,358,1,-1,-1,-1
230,226,1266,113,307,355,1,-1,-1,-1
231,226,1260,113,311,346,1,-1,-1,-1
232,226,1257,111,307,343,1,-1,-1,-1
233,226,1257,111,303,337,1,-1,-1,-1
234,226,1259,112,298,328,1,-1,-1,-1
235,226,1267,109,287,329,1,-1,-1,-1
236,226,1266,112,281,319,1,-1,-1,-1
237,226,1266,104,284,316,1,-1,-1,-1
238,226,1271,109,269,311,1,-1,-1,-1
239,226,1265,106,276,306,1,-1,-1,-1
240,226,1269,108,264,305,1,-1,-1,-1
241,226,1261,106,276,300,1,-1,-1,-1
242,226,1266,107,261,295,1,-1,-1,-1
243,226,1254,103,267,295,1,-1,-1,-1
244,226,1261,108,257,282,1,-1,-1,-1
245,226,1256,106,263,284,1,-1,-1,-1
246,226,1257,103,256,280,1,-1,-1,-1
247,226,1256,103,256,279,1,-1,-1,-1
248,226,1254,101,257,281,1,-1,-1,-1
249,226,1253,103,255,275,1,-1,-1,-1
250,226,1253,103,249,270,1,-1,-1,-1
251,226,1255,105,238,262,1,-1,-1,-1
252,226,1250,106,242,263,1,-1,-1,-1
253,226,1251,104,241,262,1,-1,-1,-1
254,226,1250,101,239,262,1,-1,-1,-1
255,226,1251,102,232,262,1,-1,-1,-1
256,226,1248,103,235,256,1,-1,-1,-1
257,226,1247,103,235,255,1,-1,-1,-1
258,226,1246,101,230,251,1,-1,-1,-1
259,226,1246,104,228,245,1,-1,-1,-1
260,226,1246,106,224,240,1,-1,-1,-1
261,226,1246,107,221,237,1,-1,-1,-1
262,226,1245,108,221,235,1,-1,-1,-1
263,226,1245,108,217,235,1,-1,-1,-1
264,226,1246,108,212,232,1,-1,-1,-1
264,227,675,265,371,309,1,-1,-1,-1
264,228,1010,204,208,159,1,-1,-1,-1
265,226,1247,107,210,231,1,-1,-1,-1
265,228,1018,203,215,158,1,-1,-1,-1
265,227,672,264,374,314,1,-1,-1,-1
266,226,1248,108,217,225,1,-1,-1,-1
266,227,657,270,382,324,1,-1,-1,-1
266,228,1022,204,227,163,1,-1,-1,-1
267,226,1249,110,203,224,1,-1,-1,-1
267,228,1023,206,244,161,1,-1,-1,-1
267,227,645,275,390,332,1,-1,-1,-1
268,226,1249,112,199,219,1,-1,-1,-1
268,228,1024,205,262,160,1,-1,-1,-1
268,227,647,283,388,339,1,-1,-1,-1
269,228,1040,207,274,161,1,-1,-1,-1
269,226,1251,109,198,215,1,-1,-1,-1
269,227,635,293,399,333,1,-1,-1,-1
270,228,1054,202,289,164,1,-1,-1,-1
270,226,1250,109,193,217,1,-1,-1,-1
270,227,625,291,412,351,1,-1,-1,-1
271,228,1082,203,286,166,1,-1,-1,-1
271,227,601,295,420,360,1,-1,-1,-1
271,226,1252,111,193,211,1,-1,-1,-1
272,228,1102,200,301,168,1,-1,-1,-1
272,229,1010,200,138,114,1,-1,-1,-1
272,227,592,301,433,367,1,-1,-1,-1
273,228,1128,202,310,164,1,-1,-1,-1
273,227,574,304,451,390,1,-1,-1,-1
273,229,1008,200,146,119,1,-1,-1,-1
274,229,1007,200,157,126,1,-1,-1,-1
274,228,1149,200,333,169,1,-1,-1,-1
274,227,573,322,449,387,1,-1,-1,-1
275,229,1006,200,155,128,1,-1,-1,-1
275,228,1176,199,346,171,1,-1,-1,-1
275,227,558,322,458,406,1,-1,-1,-1
276,229,1003,201,160,127,1,-1,-1,-1
276,228,1209,201,345,170,1,-1,-1,-1
276,227,545,324,474,422,1,-1,-1,-1
277,229,998,201,162,128,1,-1,-1,-1
277,228,1236,200,354,170,1,-1,-1,-1
277,227,531,344,483,421,1,-1,-1,-1
278,229,993,203,163,126,1,-1,-1,-1
278,228,1264,202,356,169,1,-1,-1,-1
278,227,520,349,492,435,1,-1,-1,-1
279,229,990,203,164,130,1,-1,-1,-1
279,228,1297,200,357,173,1,-1,-1,-1
279,227,505,356,508,447,1,-1,-1,-1
280,229,988,205,166,129,1,-1,-1,-1
280,227,500,373,506,456,1,-1,-1,-1
280,228,1337,203,354,169,1,-1,-1,-1
281,229,982,204,169,130,1,-1,-1,-1
281,227,482,379,528,471,1,-1,-1,-1
281,228,1363,202,371,174,1,-1,-1,-1
282,229,980,206,167,131,1,-1,-1,-1
282,228,1393,203,378,172,1,-1,-1,-1
282,227,475,381,529,491,1,-1,-1,-1
283,229,977,205,169,132,1,-1,-1,-1
283,228,1411,204,388,173,1,-1,-1,-1
283,227,462,398,534,493,1,-1,-1,-1
284,229,977,202,166,135,1,-1,-1,-1
284,228,1434,206,387,171,1,-1,-1,-1
284,227,426,400,567,516,1,-1,-1,-1
285,229,972,204,170,132,1,-1,-1,-1
285,228,1475,203,390,177,1,-1,-1,-1
285,227,403,429,576,518,1,-1,-1,-1
286,229,971,205,173,133,1,-1,-1,-1
286,227,368,433,612,538,1,-1,-1,-1
286,228,1479,204,405,175,1,-1,-1,-1
287,229,965,205,177,136,1,-1,-1,-1
287,227,346,450,627,546,1,-1,-1,-1
287,228,1518,207,393,176,1,-1,-1,-1
288,229,965,206,178,135,1,-1,-1,-1
288,227,321,466,632,562,1,-1,-1,-1
288,228,1526,210,393,170,1,-1,-1,-1
289,229,961,205,180,137,1,-1,-1,-1
289,227,287,476,654,568,1,-1,-1,-1
289,228,1547,210,372,170,1,-1,-1,-1
290,229,958,205,186,142,1,-1,-1,-1
290,227,251,493,687,575,1,-1,-1,-1
290,228,1570,208,349,172,1,-1,-1,-1
291,229,953,205,187,143,1,-1,-1,-1
291,227,228,505,711,574,1,-1,-1,-1
291,228,1560,211,359,173,1,-1,-1,-1
292,229,954,205,186,143,1,-1,-1,-1
292,227,181,523,742,556,1,-1,-1,-1
292,228,1579,209,340,174,1,-1,-1,-1
293,229,952,205,184,143,1,-1,-1,-1
293,230,633,323,370,291,1,-1,-1,-1
294,229,949,206,186,144,1,-1,-1,-1
294,230,626,329,377,294,1,-1,-1,-1
295,229,946,208,185,144,1,-1,-1,-1
295,230,610,339,386,296,1,-1,-1,-1
296,229,940,207,187,147,1,-1,-1,-1
296,230,584,345,405,306,1,-1,-1,-1
297,229,940,207,190,147,1,-1,-1,-1
297,230,569,349,415,321,1,-1,-1,-1
298,229,936,206,194,148,1,-1,-1,-1
298,230,571,353,412,325,1,-1,-1,-1
299,229,927,205,198,154,1,-1,-1,-1
299,230,547,359,421,333,1,-1,-1,-1
300,229,929,206,201,151,1,-1,-1,-1
300,230,545,367,423,334,1,-1,-1,-1
301,229,924,207,199,153,1,-1,-1,-1
301,230,526,375,428,346,1,-1,-1,-1
302,229,926,207,200,152,1,-1,-1,-1
302,230,522,390,434,339,1,-1,-1,-1
303,230,511,392,438,355,1,-1,-1,-1
303,229,923,209,202,152,1,-1,-1,-1
304,230,497,398,438,369,1,-1,-1,-1
304,229,920,208,204,156,1,-1,-1,-1
305,230,475,411,447,367,1,-1,-1,-1
305,229,916,209,206,157,1,-1,-1,-1
305,231,1568,182,277,126,1,-1,-1,-1
306,230,468,417,455,388,1,-1,-1,-1
306,229,913,209,208,160,1,-1,-1,-1
306,231,1542,182,276,128,1,-1,-1,-1
307,231,1497,185,274,131,1,-1,-1,-1
307,230,460,428,459,387,1,-1,-1,-1
307,229,911,210,208,161,1,-1,-1,-1
308,231,1466,186,284,131,1,-1,-1,-1
308,230,448,432,463,391,1,-1,-1,-1
308,229,909,213,208,160,1,-1,-1,-1
309,231,1441,186,303,131,1,-1,-1,-1
309,230,432,451,473,389,1,-1,-1,-1
309,229,906,214,210,161,1,-1,-1,-1
310,231,1421,187,308,129,1,-1,-1,-1
310,230,427,450,465,412,1,-1,-1,-1
310,229,904,216,210,162,1,-1,-1,-1
311,231,1394,189,302,130,1,-1,-1,-1
311,230,406,461,490,409,1,-1,-1,-1
311,229,903,218,210,161,1,-1,-1,-1
312,231,1375,189,292,130,1,-1,-1,-1
312,230,397,471,493,417,1,-1,-1,-1
312,229,892,217,217,163,1,-1,-1,-1
313,231,1349,187,306,131,1,-1,-1,-1
313,230,386,483,498,420,1,-1,-1,-1
313,229,884,218,223,163,1,-1,-1,-1
314,231,1314,186,303,131,1,-1,-1,-1
314,230,376,492,494,432,1,-1,-1,-1
314,229,896,220,220,162,1,-1,-1,-1
315,231,1284,187,307,133,1,-1,-1,-1
315,230,357,499,501,428,1,-1,-1,-1
315,229,895,223,216,164,1,-1,-1,-1
316,231,1253,190,301,131,1,-1,-1,-1
316,230,341,513,515,427,1,-1,-1,-1
316,229,885,221,226,169,1,-1,-1,-1
317,231,1243,187,280,134,1,-1,-1,-1
317,230,328,525,523,426,1,-1,-1,-1
317,229,882,223,228,170,1,-1,-1,-1
318,231,1204,193,302,130,1,-1,-1,-1
318,230,312,527,519,447,1,-1,-1,-1
318,229,883,223,232,172,1,-1,-1,-1
319,231,1173,194,306,131,1,-1,-1,-1
319,230,303,540,529,440,1,-1,-1,-1
319,229,883,221,235,176,1,-1,-1,-1
320,231,1154,193,303,132,1,-1,-1,-1
320,230,279,546,545,447,1,-1,-1,-1
320,229,883,230,231,169,1,-1,-1,-1
321,231,1150,197,291,127,1,-1,-1,-1
321,229,881,223,238,180,1,-1,-1,-1
321,230,275,553,543,455,1,-1,-1,-1
322,231,1132,198,286,129,1,-1,-1,-1
322,230,248,568,557,452,1,-1,-1,-1
322,229,880,228,234,179,1,-1,-1,-1
323,231,1114,197,267,130,1,-1,-1,-1
323,230,233,575,565,458,1,-1,-1,-1
323,229,878,234,235,176,1,-1,-1,-1
324,231,1098,196,265,133,1,-1,-1,-1
324,229,863,228,245,184,1,-1,-1,-1
324,230,225,585,574,462,1,-1,-1,-1
325,231,1084,197,250,134,1,-1,-1,-1
325,229,872,230,244,190,1,-1,-1,-1
325,230,209,588,590,473,1,-1,-1,-1
326,231,1069,197,254,136,1,-1,-1,-1
326,229,869,231,245,191,1,-1,-1,-1
326,230,199,592,608,477,1,-1,-1,-1
327,231,1062,197,234,133,1,-1,-1,-1
327,229,865,234,261,191,1,-1,-1,-1
327,230,181,599,619,479,1,-1,-1,-1
328,229,863,232,252,195,1,-1,-1,-1
328,231,1052,197,232,132,1,-1,-1,-1
328,230,176,617,586,458,1,-1,-1,-1
329,229,859,235,253,196,1,-1,-1,-1
329,231,1050,196,215,131,1,-1,-1,-1
329,230,150,610,615,469,1,-1,-1,-1
330,229,855,238,256,199,1,-1,-1,-1
330,231,1050,197,200,132,1,-1,-1,-1
331,229,856,243,256,198,1,-1,-1,-1
331,231,1046,198,194,133,1,-1,-1,-1
332,229,847,248,262,199,1,-1,-1,-1
333,229,845,248,265,202,1,-1,-1,-1
334,229,839,248,270,206,1,-1,-1,-1
335,229,833,247,275,209,1,-1,-1,-1
336,229,830,249,278,212,1,-1,-1,-1
337,229,824,250,285,216,1,-1,-1,-1
338,229,817,254,291,219,1,-1,-1,-1
339,229,817,257,292,221,1,-1,-1,-1
340,229,814,258,286,222,1,-1,-1,-1
341,229,806,260,289,224,1,-1,-1,-1
342,229,797,260,306,232,1,-1,-1,-1
343,229,788,269,303,224,1,-1,-1,-1
343,232,1044,503,814,576,1,-1,-1,-1
344,229,786,267,307,232,1,-1,-1,-1
344,232,1101,488,752,587,1,-1,-1,-1
345,229,781,271,303,234,1,-1,-1,-1
345,232,1134,473,716,587,1,-1,-1,-1
346,229,766,271,318,240,1,-1,-1,-1
346,232,1148,459,719,602,1,-1,-1,-1
347,229,763,277,319,237,1,-1,-1,-1
347,232,1161,435,663,599,1,-1,-1,-1
348,232,1181,416,654,593,1,-1,-1,-1
348,229,761,277,320,248,1,-1,-1,-1
349,229,755,283,320,241,1,-1,-1,-1
349,232,1209,408,612,558,1,-1,-1,-1
350,229,736,279,330,251,1,-1,-1,-1
350,232,1195,381,603,565,1,-1,-1,-1
351,229,731,281,334,256,1,-1,-1,-1
351,232,1208,390,591,517,1,-1,-1,-1
352,232,1218,356,570,535,1,-1,-1,-1
352,229,729,284,336,257,1,-1,-1,-1
353,229,717,287,345,259,1,-1,-1,-1
353,232,1218,352,563,504,1,-1,-1,-1
354,229,708,294,352,258,1,-1,-1,-1
354,232,1226,337,536,504,1,-1,-1,-1
355,229,712,291,348,262,1,-1,-1,-1
355,232,1228,328,521,485,1,-1,-1,-1
356,229,704,298,350,263,1,-1,-1,-1
356,232,1224,321,519,457,1,-1,-1,-1
357,229,699,298,355,266,1,-1,-1,-1
357,232,1221,302,521,464,1,-1,-1,-1
358,229,696,297,355,269,1,-1,-1,-1
358,232,1219,297,512,453,1,-1,-1,-1
359,229,695,302,360,265,1,-1,-1,-1
359,232,1228,286,493,442,1,-1,-1,-1
