0,233,394,109,224,189,1,-1,-1,-1
0,234,1079,296,575,442,1,-1,-1,-1
1,234,1096,300,586,459,1,-1,-1,-1
1,233,383,108,227,193,1,-1,-1,-1
2,233,376,112,230,192,1,-1,-1,-1
2,234,1113,307,605,470,1,-1,-1,-1
3,234,1113,309,624,492,1,-1,-1,-1
3,233,374,112,231,193,1,-1,-1,-1
4,233,361,111,243,196,1,-1,-1,-1
4,234,1149,304,628,512,1,-1,-1,-1
5,234,1149,304,627,512,1,-1,-1,-1
5,233,361,112,243,195,1,-1,-1,-1
6,234,1150,323,644,510,1,-1,-1,-1
6,233,357,115,242,193,1,-1,-1,-1
6,235,1534,142,374,307,1,-1,-1,-1
7,234,1160,326,658,523,1,-1,-1,-1
7,233,354,113,237,197,1,-1,-1,-1
7,235,1528,125,363,318,1,-1,-1,-1
8,234,1203,331,652,542,1,-1,-1,-1
8,233,347,113,239,199,1,-1,-1,-1
8,235,1496,131,376,304,1,-1,-1,-1
9,234,1209,341,673,551,1,-1,-1,-1
9,233,346,114,240,200,1,-1,-1,-1
9,235,1495,134,359,286,1,-1,-1,-1
10,233,340,114,242,202,1,-1,-1,-1
10,234,1244,347,675,562,1,-1,-1,-1
10,235,1487,139,351,275,1,-1,-1,-1
11,233,335,117,243,200,1,-1,-1,-1
11,234,1255,354,664,571,1,-1,-1,-1
11,235,1466,137,347,267,1,-1,-1,-1
12,233,334,114,243,205,1,-1,-1,-1
12,235,1457,136,328,266,1,-1,-1,-1
12,234,1251,362,668,578,1,-1,-1,-1
13,233,323,122,247,198,1,-1,-1,-1
13,235,1451,120,327,283,1,-1,-1,-1
13,234,1268,371,651,583,1,-1,-1,-1
14,233,321,120,246,200,1,-1,-1,-1
14,235,1428,121,331,274,1,-1,-1,-1
14,234,1294,380,625,595,1,-1,-1,-1
15,235,1418,123,325,272,1,-1,-1,-1
15,233,312,121,251,200,1,-1,-1,-1
15,234,1308,392,611,592,1,-1,-1,-1
16,233,310,120,251,208,1,-1,-1,-1
16,235,1409,126,313,263,1,-1,-1,-1
16,234,1330,401,589,620,1,-1,-1,-1
17,235,1401,119,316,273,1,-1,-1,-1
17,233,303,122,254,208,1,-1,-1,-1
17,234,1349,414,570,638,1,-1,-1,-1
18,233,294,119,260,214,1,-1,-1,-1
18,235,1387,118,320,264,1,-1,-1,-1
18,234,1384,427,535,633,1,-1,-1,-1
19,233,293,123,260,211,1,-1,-1,-1
19,235,1376,107,316,277,1,-1,-1,-1
20,235,1366,113,315,270,1,-1,-1,-1
20,233,287,123,263,213,1,-1,-1,-1
21,235,1366,113,315,270,1,-1,-1,-1
21,233,287,123,263,214,1,-1,-1,-1
22,235,1366,113,315,270,1,-1,-1,-1
22,233,287,123,263,214,1,-1,-1,-1
23,235,1366,113,315,270,1,-1,-1,-1
23,233,287,123,263,214,1,-1,-1,-1
24,235,1366,113,313,270,1,-1,-1,-1
24,233,287,123,263,214,1,-1,-1,-1
25,235,1366,113,313,270,1,-1,-1,-1
25,233,287,123,263,214,1,-1,-1,-1
26,235,1367,114,313,269,1,-1,-1,-1
26,233,287,123,262,214,1,-1,-1,-1
27,235,1367,114,312,269,1,-1,-1,-1
27,233,287,122,262,214,1,-1,-1,-1
28,235,1367,114,312,269,1,-1,-1,-1
28,233,287,122,262,214,1,-1,-1,-1
29,235,1367,114,312,269,1,-1,-1,-1
29,233,287,122,262,214,1,-1,-1,-1
30,235,1367,114,312,269,1,-1,-1,-1
30,233,287,122,263,214,1,-1,-1,-1
31,235,1262,115,284,239,1,-1,-1,-1
31,233,258,131,283,236,1,-1,-1,-1
32,235,1251,118,290,236,1,-1,-1,-1
32,233,260,133,288,238,1,-1,-1,-1
32,236,1582,166,337,297,1,-1,-1,-1
33,235,1247,119,276,227,1,-1,-1,-1
33,233,258,133,286,243,1,-1,-1,-1
33,236,1565,158,354,308,1,-1,-1,-1
34,235,1236,114,281,230,1,-1,-1,-1
34,233,256,139,290,243,1,-1,-1,-1
34,236,1541,155,378,305,1,-1,-1,-1
35,233,258,141,289,247,1,-1,-1,-1
35,236,1540,151,374,307,1,-1,-1,-1
35,235,1228,98,280,244,1,-1,-1,-1
36,233,257,143,290,248,1,-1,-1,-1
36,235,1219,105,279,232,1,-1,-1,-1
36,236,1528,144,366,297,1,-1,-1,-1
37,233,249,145,298,248,1,-1,-1,-1
37,235,1211,104,271,233,1,-1,-1,-1
37,236,1513,144,371,295,1,-1,-1,-1
38,235,1206,108,262,229,1,-1,-1,-1
38,233,251,147,297,250,1,-1,-1,-1
38,236,1500,143,360,293,1,-1,-1,-1
39,235,1206,108,262,229,1,-1,-1,-1
39,233,251,147,297,250,1,-1,-1,-1
39,236,1494,144,365,287,1,-1,-1,-1
40,233,257,144,296,248,1,-1,-1,-1
40,235,1203,107,272,231,1,-1,-1,-1
40,236,1501,144,364,294,1,-1,-1,-1
41,235,1181,98,264,231,1,-1,-1,-1
41,236,1460,135,355,285,1,-1,-1,-1
41,233,265,146,303,263,1,-1,-1,-1
42,235,1170,90,265,238,1,-1,-1,-1
42,236,1453,131,346,287,1,-1,-1,-1
42,233,267,147,307,268,1,-1,-1,-1
43,235,1163,97,259,230,1,-1,-1,-1
43,233,268,152,310,267,1,-1,-1,-1
43,236,1435,125,348,281,1,-1,-1,-1
44,235,1149,95,265,231,1,-1,-1,-1
44,233,268,153,316,270,1,-1,-1,-1
44,236,1421,114,348,288,1,-1,-1,-1
45,235,1146,91,259,231,1,-1,-1,-1
45,233,266,162,322,261,1,-1,-1,-1
45,236,1396,106,349,287,1,-1,-1,-1
46,235,1141,93,262,228,1,-1,-1,-1
46,233,270,164,324,266,1,-1,-1,-1
46,236,1399,123,334,273,1,-1,-1,-1
47,235,1136,90,255,228,1,-1,-1,-1
47,233,274,167,329,272,1,-1,-1,-1
47,236,1383,118,336,276,1,-1,-1,-1
48,235,1129,94,254,225,1,-1,-1,-1
48,236,1369,121,333,267,1,-1,-1,-1
48,233,277,173,334,271,1,-1,-1,-1
49,236,1359,118,330,269,1,-1,-1,-1
49,235,1119,96,254,219,1,-1,-1,-1
49,233,276,174,336,279,1,-1,-1,-1
50,235,1110,91,251,220,1,-1,-1,-1
50,236,1349,116,325,267,1,-1,-1,-1
50,233,280,173,340,284,1,-1,-1,-1
51,235,1110,92,251,220,1,-1,-1,-1
51,236,1349,117,325,267,1,-1,-1,-1
51,233,280,173,339,283,1,-1,-1,-1
52,235,1110,92,251,220,1,-1,-1,-1
52,236,1349,117,325,266,1,-1,-1,-1
52,233,280,173,339,284,1,-1,-1,-1
53,235,1111,92,251,220,1,-1,-1,-1
53,236,1349,117,325,266,1,-1,-1,-1
53,233,280,173,339,284,1,-1,-1,-1
54,235,1110,91,251,220,1,-1,-1,-1
54,236,1349,117,326,267,1,-1,-1,-1
54,233,280,173,339,284,1,-1,-1,-1
55,235,1111,91,251,220,1,-1,-1,-1
55,236,1349,117,326,268,1,-1,-1,-1
55,233,280,173,339,284,1,-1,-1,-1
56,235,1110,91,251,221,1,-1,-1,-1
56,236,1349,117,326,268,1,-1,-1,-1
56,233,280,173,339,284,1,-1,-1,-1
57,235,1110,91,251,221,1,-1,-1,-1
57,236,1349,117,326,268,1,-1,-1,-1
57,233,280,173,339,284,1,-1,-1,-1
58,235,1111,91,251,220,1,-1,-1,-1
58,236,1350,118,326,258,1,-1,-1,-1
58,233,280,173,339,284,1,-1,-1,-1
59,235,1111,91,251,220,1,-1,-1,-1
59,236,1350,118,326,258,1,-1,-1,-1
59,233,280,173,339,284,1,-1,-1,-1
60,235,1111,91,252,221,1,-1,-1,-1
60,236,1349,117,325,267,1,-1,-1,-1
60,233,285,174,336,282,1,-1,-1,-1
61,235,1063,83,229,209,1,-1,-1,-1
61,233,314,219,383,318,1,-1,-1,-1
61,236,1239,113,293,241,1,-1,-1,-1
62,233,320,220,391,325,1,-1,-1,-1
62,235,1046,88,233,200,1,-1,-1,-1
62,236,1227,112,300,237,1,-1,-1,-1
63,233,317,223,400,325,1,-1,-1,-1
63,237,327,100,209,164,1,-1,-1,-1
63,235,1037,83,232,207,1,-1,-1,-1
63,236,1221,107,292,241,1,-1,-1,-1
64,233,320,226,404,330,1,-1,-1,-1
64,236,1208,104,297,242,1,-1,-1,-1
64,235,1034,80,230,204,1,-1,-1,-1
64,237,318,94,215,173,1,-1,-1,-1
65,235,1027,77,228,204,1,-1,-1,-1
65,233,315,231,412,334,1,-1,-1,-1
65,236,1204,103,289,241,1,-1,-1,-1
65,237,316,96,209,169,1,-1,-1,-1
66,233,322,236,410,332,1,-1,-1,-1
66,237,311,94,212,171,1,-1,-1,-1
66,235,1019,87,226,193,1,-1,-1,-1
66,236,1193,102,291,240,1,-1,-1,-1
67,237,306,93,211,174,1,-1,-1,-1
67,236,1189,109,286,230,1,-1,-1,-1
67,233,327,240,414,337,1,-1,-1,-1
67,235,1024,86,221,195,1,-1,-1,-1
68,237,303,91,210,176,1,-1,-1,-1
68,233,325,246,427,341,1,-1,-1,-1
68,236,1183,106,282,232,1,-1,-1,-1
68,235,1011,90,220,191,1,-1,-1,-1
69,237,297,92,210,175,1,-1,-1,-1
69,233,319,245,439,353,1,-1,-1,-1
69,236,1176,104,281,230,1,-1,-1,-1
69,235,1001,85,229,191,1,-1,-1,-1
70,237,294,91,206,179,1,-1,-1,-1
70,233,334,249,434,355,1,-1,-1,-1
70,235,996,87,230,188,1,-1,-1,-1
70,236,1163,99,280,233,1,-1,-1,-1
71,237,289,92,208,179,1,-1,-1,-1
71,233,337,254,436,361,1,-1,-1,-1
71,236,1156,100,275,230,1,-1,-1,-1
71,235,991,89,222,188,1,-1,-1,-1
72,237,284,94,212,180,1,-1,-1,-1
72,233,339,262,441,363,1,-1,-1,-1
72,236,1150,103,275,226,1,-1,-1,-1
72,235,987,92,224,182,1,-1,-1,-1
73,237,281,93,212,183,1,-1,-1,-1
73,236,1146,102,265,228,1,-1,-1,-1
73,233,341,267,448,369,1,-1,-1,-1
73,235,982,93,223,185,1,-1,-1,-1
74,237,281,93,212,183,1,-1,-1,-1
74,236,1146,102,265,228,1,-1,-1,-1
74,233,341,267,448,369,1,-1,-1,-1
74,235,982,93,223,185,1,-1,-1,-1
75,237,281,93,212,183,1,-1,-1,-1
75,236,1146,101,265,228,1,-1,-1,-1
75,233,342,267,447,369,1,-1,-1,-1
75,235,983,93,223,185,1,-1,-1,-1
76,237,281,93,212,183,1,-1,-1,-1
76,236,1146,101,265,228,1,-1,-1,-1
76,233,342,267,447,369,1,-1,-1,-1
76,235,982,93,223,185,1,-1,-1,-1
77,237,281,93,212,183,1,-1,-1,-1
77,236,1146,101,265,228,1,-1,-1,-1
77,233,342,267,447,369,1,-1,-1,-1
77,235,983,93,223,185,1,-1,-1,-1
78,237,281,93,212,183,1,-1,-1,-1
78,236,1146,101,265,228,1,-1,-1,-1
78,233,341,267,448,370,1,-1,-1,-1
78,235,983,93,223,185,1,-1,-1,-1
79,237,281,93,212,183,1,-1,-1,-1
79,236,1146,101,265,228,1,-1,-1,-1
79,233,341,267,448,370,1,-1,-1,-1
79,235,983,93,223,185,1,-1,-1,-1
80,237,280,92,212,185,1,-1,-1,-1
80,236,1146,101,265,229,1,-1,-1,-1
80,233,342,267,447,369,1,-1,-1,-1
80,235,981,93,223,186,1,-1,-1,-1
81,237,280,92,212,185,1,-1,-1,-1
81,236,1147,101,265,229,1,-1,-1,-1
81,233,342,267,447,369,1,-1,-1,-1
81,235,980,93,223,186,1,-1,-1,-1
82,237,280,92,212,185,1,-1,-1,-1
82,236,1147,101,265,229,1,-1,-1,-1
82,233,342,267,447,369,1,-1,-1,-1
82,235,980,93,223,186,1,-1,-1,-1
83,237,280,92,212,185,1,-1,-1,-1
83,236,1146,101,265,229,1,-1,-1,-1
83,233,342,267,447,369,1,-1,-1,-1
83,235,980,93,223,186,1,-1,-1,-1
84,237,280,91,212,185,1,-1,-1,-1
84,236,1146,101,266,230,1,-1,-1,-1
84,233,344,261,449,377,1,-1,-1,-1
84,235,981,93,223,187,1,-1,-1,-1
85,237,280,91,212,185,1,-1,-1,-1
85,236,1146,101,266,230,1,-1,-1,-1
85,233,344,261,449,377,1,-1,-1,-1
85,235,981,93,223,187,1,-1,-1,-1
86,237,280,91,212,185,1,-1,-1,-1
86,236,1146,101,266,230,1,-1,-1,-1
86,233,344,261,449,376,1,-1,-1,-1
86,235,981,93,223,187,1,-1,-1,-1
87,237,280,91,212,185,1,-1,-1,-1
87,236,1146,101,266,230,1,-1,-1,-1
87,233,344,261,449,377,1,-1,-1,-1
87,235,981,93,223,187,1,-1,-1,-1
88,237,280,91,212,185,1,-1,-1,-1
88,236,1146,101,266,230,1,-1,-1,-1
88,233,344,261,450,377,1,-1,-1,-1
88,235,981,93,223,187,1,-1,-1,-1
89,237,280,91,212,185,1,-1,-1,-1
89,236,1146,101,266,230,1,-1,-1,-1
89,233,344,261,450,377,1,-1,-1,-1
89,235,981,93,223,187,1,-1,-1,-1
90,237,280,91,212,185,1,-1,-1,-1
90,236,1147,101,266,230,1,-1,-1,-1
90,233,344,261,450,376,1,-1,-1,-1
90,235,981,93,223,187,1,-1,-1,-1
91,237,239,109,240,214,1,-1,-1,-1
91,238,432,401,629,534,1,-1,-1,-1
91,239,1394,147,317,250,1,-1,-1,-1
91,235,964,85,315,210,1,-1,-1,-1
92,237,232,112,248,213,1,-1,-1,-1
92,239,1385,138,314,255,1,-1,-1,-1
92,238,422,414,665,545,1,-1,-1,-1
92,235,947,84,331,209,1,-1,-1,-1
93,237,236,111,247,216,1,-1,-1,-1
93,239,1373,141,309,249,1,-1,-1,-1
93,238,457,417,663,568,1,-1,-1,-1
93,235,997,78,263,215,1,-1,-1,-1
94,237,233,113,253,218,1,-1,-1,-1
94,239,1362,138,312,248,1,-1,-1,-1
94,238,446,435,687,576,1,-1,-1,-1
94,235,1001,86,257,208,1,-1,-1,-1
95,237,234,113,254,218,1,-1,-1,-1
95,239,1351,128,310,256,1,-1,-1,-1
95,238,453,437,712,607,1,-1,-1,-1
95,235,996,82,254,209,1,-1,-1,-1
96,237,234,112,256,221,1,-1,-1,-1
96,239,1338,127,306,253,1,-1,-1,-1
96,238,449,444,747,621,1,-1,-1,-1
96,235,1000,79,245,213,1,-1,-1,-1
97,237,235,111,253,227,1,-1,-1,-1
97,239,1326,127,306,249,1,-1,-1,-1
97,238,452,468,763,619,1,-1,-1,-1
97,235,970,89,277,201,1,-1,-1,-1
98,237,230,112,265,232,1,-1,-1,-1
98,239,1317,128,307,246,1,-1,-1,-1
98,235,967,85,272,206,1,-1,-1,-1
98,238,476,475,787,612,1,-1,-1,-1
99,237,232,113,266,233,1,-1,-1,-1
99,239,1308,121,306,249,1,-1,-1,-1
99,235,962,85,271,205,1,-1,-1,-1
100,237,234,116,268,233,1,-1,-1,-1
100,239,1298,133,301,239,1,-1,-1,-1
100,235,956,91,270,193,1,-1,-1,-1
101,237,232,113,270,239,1,-1,-1,-1
101,239,1293,135,290,234,1,-1,-1,-1
101,235,930,90,296,196,1,-1,-1,-1
102,237,231,114,276,240,1,-1,-1,-1
102,239,1283,132,292,238,1,-1,-1,-1
102,235,943,86,278,198,1,-1,-1,-1
103,237,230,113,297,244,1,-1,-1,-1
103,239,1271,134,291,235,1,-1,-1,-1
104,237,228,119,290,240,1,-1,-1,-1
104,239,1263,135,293,233,1,-1,-1,-1
105,237,233,117,290,248,1,-1,-1,-1
105,239,1253,130,288,234,1,-1,-1,-1
106,237,234,120,294,250,1,-1,-1,-1
106,239,1245,128,283,227,1,-1,-1,-1
107,237,229,124,303,253,1,-1,-1,-1
107,239,1237,126,285,227,1,-1,-1,-1
108,237,229,126,308,255,1,-1,-1,-1
108,239,1232,129,272,225,1,-1,-1,-1
109,237,229,127,312,257,1,-1,-1,-1
109,239,1226,129,267,222,1,-1,-1,-1
110,237,231,128,312,259,1,-1,-1,-1
110,239,1218,124,268,227,1,-1,-1,-1
111,237,231,127,312,259,1,-1,-1,-1
111,239,1218,124,268,227,1,-1,-1,-1
112,237,231,127,313,259,1,-1,-1,-1
112,239,1218,124,267,227,1,-1,-1,-1
113,237,231,127,313,259,1,-1,-1,-1
113,239,1218,124,268,227,1,-1,-1,-1
114,237,231,127,313,259,1,-1,-1,-1
114,239,1218,124,268,227,1,-1,-1,-1
115,237,230,127,313,259,1,-1,-1,-1
115,239,1217,124,268,227,1,-1,-1,-1
116,237,230,127,313,259,1,-1,-1,-1
116,239,1218,124,268,228,1,-1,-1,-1
117,237,230,127,313,259,1,-1,-1,-1
117,239,1218,124,268,228,1,-1,-1,-1
118,237,230,127,313,259,1,-1,-1,-1
118,239,1218,124,268,228,1,-1,-1,-1
119,237,230,127,313,259,1,-1,-1,-1
119,239,1218,124,268,228,1,-1,-1,-1
120,237,231,127,313,260,1,-1,-1,-1
120,239,1218,124,268,228,1,-1,-1,-1
121,237,258,166,330,288,1,-1,-1,-1
121,239,1143,122,251,205,1,-1,-1,-1
122,237,264,169,337,295,1,-1,-1,-1
122,239,1144,120,241,203,1,-1,-1,-1
123,237,256,167,354,304,1,-1,-1,-1
123,239,1128,119,249,204,1,-1,-1,-1
124,237,258,173,360,307,1,-1,-1,-1
124,239,1118,119,250,205,1,-1,-1,-1
125,237,259,178,364,309,1,-1,-1,-1
125,239,1110,119,253,202,1,-1,-1,-1
126,237,259,178,364,309,1,-1,-1,-1
126,239,1110,119,253,202,1,-1,-1,-1
127,237,259,178,364,309,1,-1,-1,-1
127,239,1110,119,253,201,1,-1,-1,-1
128,237,259,178,364,309,1,-1,-1,-1
128,239,1110,119,253,202,1,-1,-1,-1
129,237,260,178,364,309,1,-1,-1,-1
129,239,1110,119,253,201,1,-1,-1,-1
130,237,259,177,364,311,1,-1,-1,-1
130,239,1108,119,255,201,1,-1,-1,-1
131,237,283,204,393,338,1,-1,-1,-1
131,240,201,91,226,180,1,-1,-1,-1
131,239,1081,110,239,196,1,-1,-1,-1
132,237,282,207,401,336,1,-1,-1,-1
132,239,1083,106,234,201,1,-1,-1,-1
132,240,200,91,225,182,1,-1,-1,-1
133,237,286,208,403,348,1,-1,-1,-1
133,239,1074,112,233,192,1,-1,-1,-1
133,240,199,93,231,182,1,-1,-1,-1
134,237,288,218,420,347,1,-1,-1,-1
134,239,1068,107,233,198,1,-1,-1,-1
134,240,205,95,228,188,1,-1,-1,-1
135,237,298,220,414,352,1,-1,-1,-1
135,239,1066,109,230,195,1,-1,-1,-1
135,240,201,95,232,186,1,-1,-1,-1
136,237,299,219,419,361,1,-1,-1,-1
136,239,1062,110,229,193,1,-1,-1,-1
136,240,199,94,234,189,1,-1,-1,-1
137,237,300,228,434,366,1,-1,-1,-1
137,240,199,94,236,194,1,-1,-1,-1
137,239,1060,109,227,193,1,-1,-1,-1
138,237,302,232,438,376,1,-1,-1,-1
138,239,1053,110,221,192,1,-1,-1,-1
138,240,208,95,224,196,1,-1,-1,-1
139,237,302,244,456,377,1,-1,-1,-1
139,239,1051,107,219,193,1,-1,-1,-1
139,240,203,96,233,197,1,-1,-1,-1
140,237,300,248,470,385,1,-1,-1,-1
140,239,1045,113,219,186,1,-1,-1,-1
140,240,202,99,237,196,1,-1,-1,-1
141,237,311,244,457,396,1,-1,-1,-1
141,239,1038,109,217,190,1,-1,-1,-1
141,240,204,101,233,197,1,-1,-1,-1
142,237,308,258,477,404,1,-1,-1,-1
142,239,1031,107,221,191,1,-1,-1,-1
142,240,205,101,235,200,1,-1,-1,-1
143,237,306,272,487,401,1,-1,-1,-1
143,239,1026,107,226,191,1,-1,-1,-1
143,240,208,103,238,204,1,-1,-1,-1
144,237,304,272,490,402,1,-1,-1,-1
144,239,1027,107,224,191,1,-1,-1,-1
144,240,208,102,238,205,1,-1,-1,-1
145,237,304,272,490,402,1,-1,-1,-1
145,239,1027,107,224,191,1,-1,-1,-1
145,240,208,102,238,204,1,-1,-1,-1
146,237,304,271,491,402,1,-1,-1,-1
146,239,1028,107,224,191,1,-1,-1,-1
146,240,208,103,238,204,1,-1,-1,-1
147,237,304,272,491,402,1,-1,-1,-1
147,239,1028,107,224,191,1,-1,-1,-1
147,240,208,103,237,204,1,-1,-1,-1
148,237,304,272,490,402,1,-1,-1,-1
148,239,1028,107,224,191,1,-1,-1,-1
148,240,208,103,237,205,1,-1,-1,-1
149,237,304,272,490,402,1,-1,-1,-1
149,239,1027,107,224,191,1,-1,-1,-1
149,240,208,103,238,204,1,-1,-1,-1
150,237,306,271,486,401,1,-1,-1,-1
150,239,1027,106,225,191,1,-1,-1,-1
150,240,207,101,239,205,1,-1,-1,-1
151,237,353,353,572,454,1,-1,-1,-1
151,240,213,109,259,215,1,-1,-1,-1
151,239,959,101,253,184,1,-1,-1,-1
152,237,359,356,584,476,1,-1,-1,-1
152,240,216,111,261,215,1,-1,-1,-1
152,239,984,101,221,182,1,-1,-1,-1
153,237,356,362,619,492,1,-1,-1,-1
153,240,217,115,271,216,1,-1,-1,-1
153,239,935,105,274,179,1,-1,-1,-1
154,237,374,372,635,504,1,-1,-1,-1
154,240,218,114,273,218,1,-1,-1,-1
154,239,921,106,278,175,1,-1,-1,-1
155,237,386,380,637,521,1,-1,-1,-1
155,240,216,113,278,221,1,-1,-1,-1
155,239,928,104,272,175,1,-1,-1,-1
156,237,400,379,618,539,1,-1,-1,-1
156,240,215,110,282,225,1,-1,-1,-1
156,239,943,101,252,182,1,-1,-1,-1
157,237,400,388,658,561,1,-1,-1,-1
157,240,216,111,282,227,1,-1,-1,-1
157,239,942,101,250,180,1,-1,-1,-1
158,237,410,412,673,571,1,-1,-1,-1
158,240,221,110,283,231,1,-1,-1,-1
158,239,947,102,243,177,1,-1,-1,-1
159,237,430,419,687,592,1,-1,-1,-1
159,240,225,113,279,232,1,-1,-1,-1
160,237,427,431,710,609,1,-1,-1,-1
160,240,227,112,280,236,1,-1,-1,-1
161,237,427,431,710,609,1,-1,-1,-1
161,240,227,112,280,237,1,-1,-1,-1
162,237,427,431,710,609,1,-1,-1,-1
162,240,227,112,280,237,1,-1,-1,-1
163,237,427,431,710,609,1,-1,-1,-1
163,240,222,113,287,236,1,-1,-1,-1
164,237,427,431,710,610,1,-1,-1,-1
164,240,222,113,287,236,1,-1,-1,-1
165,237,427,431,710,609,1,-1,-1,-1
165,240,227,112,280,237,1,-1,-1,-1
166,237,427,431,710,609,1,-1,-1,-1
166,240,227,112,280,237,1,-1,-1,-1
167,237,427,431,710,609,1,-1,-1,-1
167,240,227,112,280,237,1,-1,-1,-1
168,237,427,432,711,607,1,-1,-1,-1
168,240,227,113,279,236,1,-1,-1,-1
169,237,427,432,711,607,1,-1,-1,-1
169,240,229,114,275,236,1,-1,-1,-1
170,237,427,432,711,607,1,-1,-1,-1
170,240,229,114,275,236,1,-1,-1,-1
171,240,252,124,318,270,1,-1,-1,-1
172,240,249,129,327,273,1,-1,-1,-1
173,240,256,131,327,275,1,-1,-1,-1
174,240,258,135,336,276,1,-1,-1,-1
175,240,260,136,334,282,1,-1,-1,-1
176,240,265,137,335,287,1,-1,-1,-1
177,240,272,147,345,285,1,-1,-1,-1
178,240,274,150,354,287,1,-1,-1,-1
179,240,274,148,360,300,1,-1,-1,-1
180,240,272,150,364,305,1,-1,-1,-1
181,240,270,157,380,306,1,-1,-1,-1
182,240,280,163,370,310,1,-1,-1,-1
183,240,281,166,380,314,1,-1,-1,-1
184,240,280,163,394,329,1,-1,-1,-1
185,240,282,174,392,323,1,-1,-1,-1
186,240,283,175,403,333,1,-1,-1,-1
187,240,293,182,398,333,1,-1,-1,-1
188,240,293,182,398,333,1,-1,-1,-1
189,240,293,182,398,333,1,-1,-1,-1
190,240,292,183,407,335,1,-1,-1,-1
191,240,308,204,428,348,1,-1,-1,-1
192,240,308,212,437,350,1,-1,-1,-1
193,240,306,216,448,352,1,-1,-1,-1
194,240,312,210,456,364,1,-1,-1,-1
195,240,323,214,456,377,1,-1,-1,-1
196,240,328,220,461,382,1,-1,-1,-1
196,241,430,107,237,156,1,-1,-1,-1
197,240,328,226,481,389,1,-1,-1,-1
197,241,426,101,216,166,1,-1,-1,-1
198,240,333,230,494,399,1,-1,-1,-1
198,241,419,100,217,172,1,-1,-1,-1
199,240,345,232,496,408,1,-1,-1,-1
199,241,412,98,222,179,1,-1,-1,-1
200,240,342,246,515,414,1,-1,-1,-1
200,241,412,95,213,185,1,-1,-1,-1
201,240,342,246,515,414,1,-1,-1,-1
201,241,412,95,213,185,1,-1,-1,-1
202,240,342,246,516,413,1,-1,-1,-1
202,241,412,95,213,185,1,-1,-1,-1
203,240,349,253,506,409,1,-1,-1,-1
203,241,412,95,213,185,1,-1,-1,-1
204,240,340,246,509,422,1,-1,-1,-1
204,241,412,95,213,185,1,-1,-1,-1
205,240,348,253,505,410,1,-1,-1,-1
205,241,412,95,213,185,1,-1,-1,-1
206,240,349,253,506,410,1,-1,-1,-1
206,241,412,95,213,185,1,-1,-1,-1
207,240,348,253,506,409,1,-1,-1,-1
207,241,412,95,213,185,1,-1,-1,-1
208,240,348,253,506,409,1,-1,-1,-1
208,241,412,95,213,185,1,-1,-1,-1
209,240,348,253,507,409,1,-1,-1,-1
209,241,412,95,212,185,1,-1,-1,-1
210,240,348,253,507,409,1,-1,-1,-1
210,241,412,95,212,185,1,-1,-1,-1
211,240,439,348,658,537,1,-1,-1,-1
211,242,1289,204,382,297,1,-1,-1,-1
211,241,412,68,212,203,1,-1,-1,-1
212,240,449,346,701,561,1,-1,-1,-1
212,242,1272,196,383,300,1,-1,-1,-1
212,241,415,66,213,206,1,-1,-1,-1
213,240,463,375,699,563,1,-1,-1,-1
213,242,1249,197,372,284,1,-1,-1,-1
213,241,420,65,212,206,1,-1,-1,-1
214,240,468,366,722,592,1,-1,-1,-1
214,242,1233,186,370,288,1,-1,-1,-1
214,241,422,62,212,212,1,-1,-1,-1
215,240,481,372,745,623,1,-1,-1,-1
215,242,1213,186,359,277,1,-1,-1,-1
215,241,420,59,218,215,1,-1,-1,-1
216,240,498,409,760,626,1,-1,-1,-1
216,242,1196,178,351,279,1,-1,-1,-1
216,241,421,59,217,214,1,-1,-1,-1
217,240,504,426,757,635,1,-1,-1,-1
217,242,1189,179,339,275,1,-1,-1,-1
217,241,423,53,221,221,1,-1,-1,-1
218,240,531,449,763,626,1,-1,-1,-1
218,242,1169,174,337,268,1,-1,-1,-1
218,241,425,53,223,221,1,-1,-1,-1
218,243,540,281,369,263,1,-1,-1,-1
219,240,516,465,807,622,1,-1,-1,-1
219,241,427,53,222,221,1,-1,-1,-1
219,242,1146,171,330,262,1,-1,-1,-1
219,243,557,286,371,271,1,-1,-1,-1
220,241,430,51,225,228,1,-1,-1,-1
220,240,517,483,841,604,1,-1,-1,-1
220,243,563,292,369,275,1,-1,-1,-1
220,242,1136,161,340,265,1,-1,-1,-1
221,241,433,50,225,230,1,-1,-1,-1
221,243,569,293,376,287,1,-1,-1,-1
221,242,1123,160,326,261,1,-1,-1,-1
221,240,590,511,862,576,1,-1,-1,-1
222,241,438,49,224,233,1,-1,-1,-1
222,243,574,301,388,295,1,-1,-1,-1
222,242,1106,156,322,259,1,-1,-1,-1
222,240,598,534,921,553,1,-1,-1,-1
223,241,437,50,226,233,1,-1,-1,-1
223,243,577,307,393,302,1,-1,-1,-1
223,242,1095,151,323,258,1,-1,-1,-1
223,240,607,551,979,536,1,-1,-1,-1
224,241,439,47,226,238,1,-1,-1,-1
224,243,576,307,393,302,1,-1,-1,-1
224,242,1096,151,322,258,1,-1,-1,-1
224,240,607,551,978,536,1,-1,-1,-1
225,241,439,48,226,238,1,-1,-1,-1
225,243,577,307,393,302,1,-1,-1,-1
225,242,1095,151,322,258,1,-1,-1,-1
225,240,608,552,978,535,1,-1,-1,-1
226,241,439,48,226,238,1,-1,-1,-1
226,243,576,307,393,302,1,-1,-1,-1
226,242,1095,151,322,258,1,-1,-1,-1
226,240,608,552,977,535,1,-1,-1,-1
227,241,439,48,226,238,1,-1,-1,-1
227,243,576,307,393,302,1,-1,-1,-1
227,242,1095,151,322,258,1,-1,-1,-1
227,240,608,553,977,534,1,-1,-1,-1
228,241,438,48,225,238,1,-1,-1,-1
228,243,577,308,393,302,1,-1,-1,-1
228,242,1095,151,323,259,1,-1,-1,-1
228,240,608,552,977,535,1,-1,-1,-1
229,241,438,47,225,238,1,-1,-1,-1
229,243,577,308,393,302,1,-1,-1,-1
229,242,1095,151,323,258,1,-1,-1,-1
229,240,608,552,977,535,1,-1,-1,-1
230,241,439,46,224,239,1,-1,-1,-1
230,243,568,308,400,301,1,-1,-1,-1
230,242,1093,155,319,258,1,-1,-1,-1
230,240,608,550,978,537,1,-1,-1,-1
231,241,454,42,244,258,1,-1,-1,-1
231,243,587,388,475,361,1,-1,-1,-1
232,241,455,48,246,255,1,-1,-1,-1
232,243,597,394,478,375,1,-1,-1,-1
233,241,459,47,246,258,1,-1,-1,-1
233,243,595,407,495,381,1,-1,-1,-1
234,241,462,44,248,265,1,-1,-1,-1
234,243,602,421,503,390,1,-1,-1,-1
235,241,466,44,247,268,1,-1,-1,-1
235,243,606,434,515,396,1,-1,-1,-1
236,241,460,45,257,264,1,-1,-1,-1
236,243,615,446,520,415,1,-1,-1,-1
237,241,464,42,261,270,1,-1,-1,-1
237,243,613,467,547,412,1,-1,-1,-1
238,241,470,49,256,270,1,-1,-1,-1
238,243,628,471,537,434,1,-1,-1,-1
239,241,475,52,257,268,1,-1,-1,-1
239,243,628,490,571,442,1,-1,-1,-1
240,241,474,46,259,277,1,-1,-1,-1
240,243,651,508,557,452,1,-1,-1,-1
241,241,474,46,259,277,1,-1,-1,-1
241,243,651,509,556,451,1,-1,-1,-1
242,241,474,46,259,277,1,-1,-1,-1
242,243,651,509,556,451,1,-1,-1,-1
243,241,474,46,259,277,1,-1,-1,-1
243,243,651,508,556,452,1,-1,-1,-1
244,241,474,46,259,277,1,-1,-1,-1
244,243,651,509,556,451,1,-1,-1,-1
245,241,474,46,259,277,1,-1,-1,-1
245,243,651,508,556,452,1,-1,-1,-1
246,241,474,46,259,277,1,-1,-1,-1
246,243,638,511,572,446,1,-1,-1,-1
247,241,474,46,259,277,1,-1,-1,-1
247,243,651,508,556,452,1,-1,-1,-1
248,241,474,46,259,277,1,-1,-1,-1
248,243,651,509,556,451,1,-1,-1,-1
249,241,474,46,259,277,1,-1,-1,-1
249,243,638,511,572,446,1,-1,-1,-1
250,241,474,46,259,277,1,-1,-1,-1
250,243,638,511,572,446,1,-1,-1,-1
251,241,520,44,284,295,1,-1,-1,-1
252,241,531,44,285,300,1,-1,-1,-1
253,241,534,46,290,299,1,-1,-1,-1
254,241,534,46,294,303,1,-1,-1,-1
255,241,545,48,297,314,1,-1,-1,-1
256,241,551,55,299,305,1,-1,-1,-1
257,241,557,45,298,317,1,-1,-1,-1
258,241,560,50,305,318,1,-1,-1,-1
259,241,567,55,303,316,1,-1,-1,-1
260,241,575,50,306,324,1,-1,-1,-1
261,241,579,44,316,339,1,-1,-1,-1
262,241,587,44,311,343,1,-1,-1,-1
263,241,592,48,313,337,1,-1,-1,-1
263,244,1550,207,348,254,1,-1,-1,-1
264,241,599,54,323,341,1,-1,-1,-1
264,244,1517,205,346,246,1,-1,-1,-1
265,241,608,53,322,347,1,-1,-1,-1
265,244,1505,203,332,240,1,-1,-1,-1
266,241,614,55,326,352,1,-1,-1,-1
266,244,1483,197,328,235,1,-1,-1,-1
267,241,624,63,326,350,1,-1,-1,-1
267,244,1472,194,322,233,1,-1,-1,-1
268,241,627,70,338,347,1,-1,-1,-1
268,244,1448,189,329,230,1,-1,-1,-1
269,241,632,61,340,358,1,-1,-1,-1
269,244,1441,188,319,225,1,-1,-1,-1
270,241,642,61,345,364,1,-1,-1,-1
270,244,1423,184,317,220,1,-1,-1,-1
271,241,648,75,351,361,1,-1,-1,-1
271,244,1410,182,319,223,1,-1,-1,-1
272,241,663,77,361,365,1,-1,-1,-1
272,244,1395,177,306,218,1,-1,-1,-1
273,241,668,76,359,374,1,-1,-1,-1
273,244,1374,173,303,215,1,-1,-1,-1
274,241,680,80,358,374,1,-1,-1,-1
274,244,1363,175,292,212,1,-1,-1,-1
275,241,678,82,365,375,1,-1,-1,-1
275,244,1357,172,285,210,1,-1,-1,-1
276,241,689,78,378,393,1,-1,-1,-1
276,244,1339,160,287,218,1,-1,-1,-1
277,241,700,88,377,393,1,-1,-1,-1
278,241,708,91,377,395,1,-1,-1,-1
279,241,708,91,377,395,1,-1,-1,-1
280,241,707,93,375,392,1,-1,-1,-1
281,241,707,92,375,392,1,-1,-1,-1
282,241,708,92,375,392,1,-1,-1,-1
283,241,708,93,375,392,1,-1,-1,-1
284,241,707,93,375,392,1,-1,-1,-1
285,241,708,93,374,392,1,-1,-1,-1
286,241,708,93,374,392,1,-1,-1,-1
287,241,708,93,374,392,1,-1,-1,-1
288,241,708,92,375,392,1,-1,-1,-1
289,241,708,92,374,392,1,-1,-1,-1
290,241,708,92,375,392,1,-1,-1,-1
