0,245,1305,747,345,207,1,-1,-1,-1
1,245,1291,743,345,210,1,-1,-1,-1
2,245,1273,741,348,215,1,-1,-1,-1
3,245,1258,741,359,222,1,-1,-1,-1
4,245,1235,739,369,218,1,-1,-1,-1
5,245,1226,735,381,223,1,-1,-1,-1
6,245,1200,732,390,227,1,-1,-1,-1
7,245,1184,731,392,228,1,-1,-1,-1
8,245,1171,728,400,233,1,-1,-1,-1
9,245,1152,725,407,235,1,-1,-1,-1
10,245,1132,723,420,240,1,-1,-1,-1
11,245,1118,721,420,240,1,-1,-1,-1
12,245,1091,717,421,242,1,-1,-1,-1
13,245,1078,716,436,244,1,-1,-1,-1
14,245,1079,717,425,246,1,-1,-1,-1
15,245,1053,712,446,252,1,-1,-1,-1
16,245,1027,709,451,254,1,-1,-1,-1
17,245,1009,707,465,257,1,-1,-1,-1
18,245,992,705,471,258,1,-1,-1,-1
19,245,983,702,464,262,1,-1,-1,-1
20,245,963,699,476,263,1,-1,-1,-1
21,245,956,698,468,265,1,-1,-1,-1
22,245,917,692,505,276,1,-1,-1,-1
23,245,910,692,510,276,1,-1,-1,-1
24,245,901,693,509,274,1,-1,-1,-1
25,245,890,690,514,278,1,-1,-1,-1
26,245,885,688,506,279,1,-1,-1,-1
27,245,873,687,512,279,1,-1,-1,-1
28,245,871,686,507,281,1,-1,-1,-1
29,245,857,686,519,282,1,-1,-1,-1
30,245,832,682,544,290,1,-1,-1,-1
31,245,818,681,553,290,1,-1,-1,-1
31,246,0,896,997,739,1,-1,-1,-1
32,245,813,679,555,294,1,-1,-1,-1
32,246,13,948,1206,657,1,-1,-1,-1
33,245,794,676,552,298,1,-1,-1,-1
33,246,58,974,1342,620,1,-1,-1,-1
34,245,778,669,565,299,1,-1,-1,-1
34,246,37,893,1416,688,1,-1,-1,-1
35,245,783,675,559,298,1,-1,-1,-1
35,246,219,895,1354,662,1,-1,-1,-1
36,245,777,675,558,293,1,-1,-1,-1
36,246,507,920,1148,592,1,-1,-1,-1
37,245,782,674,555,298,1,-1,-1,-1
37,246,742,916,1016,565,1,-1,-1,-1
38,245,772,674,570,300,1,-1,-1,-1
38,246,976,930,855,507,1,-1,-1,-1
39,245,774,674,564,299,1,-1,-1,-1
39,246,1135,945,757,465,1,-1,-1,-1
40,245,768,673,565,300,1,-1,-1,-1
40,246,1291,950,661,428,1,-1,-1,-1
41,246,1367,953,598,394,1,-1,-1,-1
41,245,760,671,564,302,1,-1,-1,-1
42,246,1464,957,518,372,1,-1,-1,-1
42,245,751,670,569,302,1,-1,-1,-1
42,247,1693,798,164,123,1,-1,-1,-1
43,245,747,669,563,302,1,-1,-1,-1
43,246,1525,952,486,358,1,-1,-1,-1
43,247,1680,797,167,125,1,-1,-1,-1
44,245,743,668,571,305,1,-1,-1,-1
44,247,1666,793,175,133,1,-1,-1,-1
44,246,1594,951,448,332,1,-1,-1,-1
45,245,739,667,574,306,1,-1,-1,-1
45,247,1652,791,175,135,1,-1,-1,-1
45,246,1654,957,423,300,1,-1,-1,-1
46,247,1652,792,172,134,1,-1,-1,-1
46,245,733,667,579,305,1,-1,-1,-1
46,246,1700,957,400,289,1,-1,-1,-1
47,247,1626,789,186,136,1,-1,-1,-1
47,245,727,664,596,313,1,-1,-1,-1
47,246,1743,959,386,270,1,-1,-1,-1
48,247,1626,789,179,135,1,-1,-1,-1
48,245,711,661,599,317,1,-1,-1,-1
48,246,1777,957,348,264,1,-1,-1,-1
49,247,1614,791,187,136,1,-1,-1,-1
49,245,704,662,602,316,1,-1,-1,-1
49,246,1810,967,312,236,1,-1,-1,-1
50,247,1605,789,184,136,1,-1,-1,-1
50,245,697,661,602,315,1,-1,-1,-1
51,245,701,664,598,313,1,-1,-1,-1
51,247,1582,788,194,133,1,-1,-1,-1
52,247,1572,787,191,135,1,-1,-1,-1
52,245,652,654,610,317,1,-1,-1,-1
53,247,1537,784,208,139,1,-1,-1,-1
53,245,653,653,610,320,1,-1,-1,-1
54,247,1536,780,202,141,1,-1,-1,-1
54,245,642,653,623,319,1,-1,-1,-1
55,247,1530,776,196,145,1,-1,-1,-1
55,245,614,647,634,327,1,-1,-1,-1
56,247,1512,772,200,148,1,-1,-1,-1
56,245,592,642,644,330,1,-1,-1,-1
57,247,1495,772,209,147,1,-1,-1,-1
57,245,579,640,650,332,1,-1,-1,-1
58,247,1475,770,212,148,1,-1,-1,-1
58,245,561,637,659,336,1,-1,-1,-1
59,247,1458,767,215,151,1,-1,-1,-1
59,245,547,635,674,342,1,-1,-1,-1
60,247,1432,762,222,154,1,-1,-1,-1
60,245,521,634,676,341,1,-1,-1,-1
61,247,1413,757,231,158,1,-1,-1,-1
61,245,520,638,685,338,1,-1,-1,-1
62,247,1387,756,240,163,1,-1,-1,-1
62,245,469,629,703,347,1,-1,-1,-1
63,247,1368,751,242,167,1,-1,-1,-1
63,245,399,621,758,357,1,-1,-1,-1
64,247,1345,749,248,164,1,-1,-1,-1
64,245,421,624,712,354,1,-1,-1,-1
65,247,1314,747,264,170,1,-1,-1,-1
65,245,440,624,722,356,1,-1,-1,-1
66,247,1274,744,275,168,1,-1,-1,-1
66,245,371,618,745,359,1,-1,-1,-1
67,247,1251,739,279,172,1,-1,-1,-1
67,245,356,616,754,366,1,-1,-1,-1
68,247,1221,734,293,176,1,-1,-1,-1
68,245,162,590,845,382,1,-1,-1,-1
69,247,1199,730,290,180,1,-1,-1,-1
69,245,130,588,843,383,1,-1,-1,-1
70,247,1167,727,294,181,1,-1,-1,-1
70,245,63,573,864,399,1,-1,-1,-1
71,247,1128,726,313,183,1,-1,-1,-1
71,245,27,564,882,414,1,-1,-1,-1
72,247,1105,718,310,189,1,-1,-1,-1
72,245,0,558,869,425,1,-1,-1,-1
73,247,1073,718,328,185,1,-1,-1,-1
73,245,0,558,902,427,1,-1,-1,-1
74,247,1017,705,343,200,1,-1,-1,-1
74,245,22,535,898,457,1,-1,-1,-1
75,247,972,698,364,206,1,-1,-1,-1
75,245,36,531,889,459,1,-1,-1,-1
76,247,932,695,376,209,1,-1,-1,-1
76,245,0,522,839,464,1,-1,-1,-1
77,247,891,687,384,214,1,-1,-1,-1
78,247,844,683,400,218,1,-1,-1,-1
79,247,787,674,411,223,1,-1,-1,-1
80,247,737,664,426,231,1,-1,-1,-1
81,247,712,661,439,234,1,-1,-1,-1
82,247,604,647,502,246,1,-1,-1,-1
83,247,544,638,489,251,1,-1,-1,-1
84,247,481,625,519,260,1,-1,-1,-1
85,247,390,618,554,267,1,-1,-1,-1
86,247,330,610,574,275,1,-1,-1,-1
87,247,266,596,588,284,1,-1,-1,-1
88,247,186,581,618,298,1,-1,-1,-1
89,247,82,576,641,296,1,-1,-1,-1
90,247,4,568,657,299,1,-1,-1,-1
91,247,0,561,607,303,1,-1,-1,-1
93,248,0,715,913,753,1,-1,-1,-1
94,248,27,679,1126,814,1,-1,-1,-1
95,248,32,649,1248,769,1,-1,-1,-1
96,248,125,687,1172,662,1,-1,-1,-1
97,248,409,716,979,578,1,-1,-1,-1
98,248,638,741,842,504,1,-1,-1,-1
99,248,838,758,718,451,1,-1,-1,-1
100,248,972,768,594,411,1,-1,-1,-1
101,248,1092,779,548,383,1,-1,-1,-1
102,248,1191,790,488,346,1,-1,-1,-1
103,248,1269,788,455,333,1,-1,-1,-1
104,248,1343,803,409,298,1,-1,-1,-1
105,248,1402,807,409,281,1,-1,-1,-1
106,248,1455,788,403,285,1,-1,-1,-1
107,248,1514,800,339,267,1,-1,-1,-1
108,248,1565,839,288,229,1,-1,-1,-1
109,248,1608,843,274,216,1,-1,-1,-1
110,248,1637,845,276,205,1,-1,-1,-1
111,248,1669,850,263,200,1,-1,-1,-1
112,248,1687,846,257,203,1,-1,-1,-1
113,248,1724,847,240,194,1,-1,-1,-1
113,249,1615,783,190,127,1,-1,-1,-1
114,248,1749,848,229,193,1,-1,-1,-1
114,249,1599,775,187,139,1,-1,-1,-1
115,248,1773,858,214,176,1,-1,-1,-1
115,249,1581,773,196,147,1,-1,-1,-1
116,248,1788,861,208,168,1,-1,-1,-1
116,249,1561,772,204,146,1,-1,-1,-1
116,250,30,785,918,549,1,-1,-1,-1
117,248,1804,861,209,166,1,-1,-1,-1
117,249,1543,769,204,146,1,-1,-1,-1
117,250,12,756,1076,591,1,-1,-1,-1
118,248,1819,861,204,163,1,-1,-1,-1
118,249,1531,766,207,149,1,-1,-1,-1
118,250,211,771,1010,510,1,-1,-1,-1
119,248,1833,863,201,159,1,-1,-1,-1
119,249,1508,763,212,152,1,-1,-1,-1
119,250,515,792,832,437,1,-1,-1,-1
120,248,1845,863,194,158,1,-1,-1,-1
120,249,1492,761,214,151,1,-1,-1,-1
120,250,744,795,685,402,1,-1,-1,-1
121,249,1463,753,224,158,1,-1,-1,-1
121,248,1855,863,191,154,1,-1,-1,-1
121,250,876,810,588,360,1,-1,-1,-1
122,249,1444,753,228,159,1,-1,-1,-1
122,250,1040,817,533,329,1,-1,-1,-1
122,248,1876,865,180,144,1,-1,-1,-1
123,249,1414,750,236,157,1,-1,-1,-1
123,248,1887,862,177,145,1,-1,-1,-1
123,250,1142,815,460,319,1,-1,-1,-1
124,248,1894,864,178,140,1,-1,-1,-1
124,250,1236,828,435,275,1,-1,-1,-1
124,249,1403,750,233,157,1,-1,-1,-1
125,248,1910,865,165,136,1,-1,-1,-1
125,249,1360,749,254,153,1,-1,-1,-1
125,250,1319,840,398,251,1,-1,-1,-1
126,249,1347,748,255,149,1,-1,-1,-1
126,248,1917,866,162,131,1,-1,-1,-1
126,250,1374,840,378,238,1,-1,-1,-1
127,248,1927,865,159,130,1,-1,-1,-1
127,249,1317,747,260,154,1,-1,-1,-1
127,250,1456,843,334,223,1,-1,-1,-1
128,249,1289,734,277,174,1,-1,-1,-1
128,248,1936,862,155,130,1,-1,-1,-1
128,250,1500,843,301,213,1,-1,-1,-1
129,249,1265,731,275,177,1,-1,-1,-1
129,248,1941,862,153,127,1,-1,-1,-1
129,250,1562,857,253,194,1,-1,-1,-1
130,249,1224,722,290,185,1,-1,-1,-1
130,248,1950,864,146,125,1,-1,-1,-1
130,250,1586,859,260,191,1,-1,-1,-1
131,249,1198,718,302,188,1,-1,-1,-1
131,248,1954,866,145,124,1,-1,-1,-1
131,250,1629,863,237,180,1,-1,-1,-1
132,249,1160,715,310,192,1,-1,-1,-1
132,248,1962,865,138,120,1,-1,-1,-1
132,250,1656,865,227,167,1,-1,-1,-1
132,251,71,740,975,509,1,-1,-1,-1
133,249,1121,711,321,196,1,-1,-1,-1
133,250,1688,864,213,168,1,-1,-1,-1
133,251,236,749,907,465,1,-1,-1,-1
133,248,1970,866,137,117,1,-1,-1,-1
134,249,1092,707,337,198,1,-1,-1,-1
134,250,1709,869,213,163,1,-1,-1,-1
134,251,486,759,755,416,1,-1,-1,-1
134,248,1980,867,134,113,1,-1,-1,-1
135,250,1738,869,204,158,1,-1,-1,-1
135,249,1050,707,355,201,1,-1,-1,-1
135,251,687,778,640,362,1,-1,-1,-1
135,248,1988,869,128,107,1,-1,-1,-1
136,250,1761,871,193,153,1,-1,-1,-1
136,249,1019,700,356,197,1,-1,-1,-1
136,251,871,793,587,339,1,-1,-1,-1
137,250,1779,870,190,150,1,-1,-1,-1
137,251,970,811,531,299,1,-1,-1,-1
137,249,996,684,383,194,1,-1,-1,-1
138,250,1791,873,191,147,1,-1,-1,-1
138,251,1084,818,466,279,1,-1,-1,-1
138,249,916,680,399,206,1,-1,-1,-1
139,250,1810,871,184,148,1,-1,-1,-1
139,249,867,671,421,226,1,-1,-1,-1
139,251,1196,828,442,254,1,-1,-1,-1
140,250,1822,870,183,146,1,-1,-1,-1
140,249,821,669,433,230,1,-1,-1,-1
140,251,1303,838,380,230,1,-1,-1,-1
141,249,751,655,457,244,1,-1,-1,-1
141,251,1366,836,334,219,1,-1,-1,-1
141,250,1836,872,176,135,1,-1,-1,-1
142,249,676,645,477,250,1,-1,-1,-1
142,251,1437,845,305,206,1,-1,-1,-1
142,250,1847,870,171,138,1,-1,-1,-1
143,249,603,631,497,261,1,-1,-1,-1
143,250,1866,869,169,137,1,-1,-1,-1
143,251,1486,848,288,191,1,-1,-1,-1
144,249,551,627,519,265,1,-1,-1,-1
144,251,1530,851,271,182,1,-1,-1,-1
144,250,1878,864,157,137,1,-1,-1,-1
144,252,0,957,1560,962,1,-1,-1,-1
145,249,466,613,557,281,1,-1,-1,-1
145,252,503,960,1187,789,1,-1,-1,-1
145,251,1574,852,236,178,1,-1,-1,-1
145,250,1887,876,156,119,1,-1,-1,-1
146,249,383,603,598,290,1,-1,-1,-1
146,251,1610,858,231,168,1,-1,-1,-1
146,250,1900,875,152,116,1,-1,-1,-1
146,252,909,971,888,604,1,-1,-1,-1
147,251,1637,862,225,164,1,-1,-1,-1
147,252,1215,955,679,510,1,-1,-1,-1
147,250,1907,874,153,115,1,-1,-1,-1
147,249,286,585,654,303,1,-1,-1,-1
148,251,1656,863,224,156,1,-1,-1,-1
148,249,190,567,685,319,1,-1,-1,-1
148,250,1921,876,140,111,1,-1,-1,-1
148,252,1321,933,578,442,1,-1,-1,-1
149,251,1684,864,214,159,1,-1,-1,-1
149,249,108,561,705,326,1,-1,-1,-1
149,250,1930,877,136,108,1,-1,-1,-1
149,252,1461,883,508,425,1,-1,-1,-1
150,251,1709,866,206,153,1,-1,-1,-1
150,250,1936,876,138,109,1,-1,-1,-1
150,249,60,550,726,328,1,-1,-1,-1
151,251,1744,869,192,142,1,-1,-1,-1
151,250,1944,878,137,106,1,-1,-1,-1
151,249,1,537,735,338,1,-1,-1,-1
152,251,1757,859,204,146,1,-1,-1,-1
152,250,1957,877,126,104,1,-1,-1,-1
153,250,1965,876,122,101,1,-1,-1,-1
153,251,1776,855,183,135,1,-1,-1,-1
154,250,1969,876,123,100,1,-1,-1,-1
154,251,1786,857,182,129,1,-1,-1,-1
155,251,1811,868,168,114,1,-1,-1,-1
155,250,1974,873,125,102,1,-1,-1,-1
156,250,1982,873,122,102,1,-1,-1,-1
156,251,1828,870,164,107,1,-1,-1,-1
157,251,1835,868,161,113,1,-1,-1,-1
157,250,1992,872,113,102,1,-1,-1,-1
158,251,1850,869,160,109,1,-1,-1,-1
165,253,1680,788,173,136,1,-1,-1,-1
166,253,1658,787,186,134,1,-1,-1,-1
167,253,1646,783,187,139,1,-1,-1,-1
168,253,1633,786,189,139,1,-1,-1,-1
169,253,1618,781,190,143,1,-1,-1,-1
170,253,1607,777,198,147,1,-1,-1,-1
171,253,1587,778,206,146,1,-1,-1,-1
172,253,1562,771,214,157,1,-1,-1,-1
173,253,1546,771,208,147,1,-1,-1,-1
174,253,1528,763,216,159,1,-1,-1,-1
175,253,1507,763,225,159,1,-1,-1,-1
176,253,1486,754,223,168,1,-1,-1,-1
177,253,1459,751,233,166,1,-1,-1,-1
178,253,1435,750,242,170,1,-1,-1,-1
178,254,0,776,840,591,1,-1,-1,-1
179,253,1410,749,243,169,1,-1,-1,-1
179,254,49,811,1000,539,1,-1,-1,-1
180,253,1382,744,253,171,1,-1,-1,-1
180,254,137,769,1066,537,1,-1,-1,-1
181,253,1337,744,268,171,1,-1,-1,-1
181,254,484,785,834,452,1,-1,-1,-1
182,253,1304,738,286,179,1,-1,-1,-1
182,254,744,804,711,402,1,-1,-1,-1
183,253,1272,729,315,186,1,-1,-1,-1
183,254,908,814,624,365,1,-1,-1,-1
184,254,1051,819,531,329,1,-1,-1,-1
184,253,1240,726,305,186,1,-1,-1,-1
185,254,1165,829,469,298,1,-1,-1,-1
185,253,1212,721,320,181,1,-1,-1,-1
186,254,1268,837,426,271,1,-1,-1,-1
186,253,1171,712,333,182,1,-1,-1,-1
187,253,1125,708,363,197,1,-1,-1,-1
187,254,1365,834,378,257,1,-1,-1,-1
188,253,1086,698,371,214,1,-1,-1,-1
188,254,1432,843,340,229,1,-1,-1,-1
189,253,1038,694,388,219,1,-1,-1,-1
189,254,1502,845,315,219,1,-1,-1,-1
190,253,985,684,400,224,1,-1,-1,-1
190,254,1552,861,266,195,1,-1,-1,-1
191,254,1588,866,257,189,1,-1,-1,-1
191,253,931,671,417,235,1,-1,-1,-1
192,253,842,654,461,252,1,-1,-1,-1
192,254,1630,869,244,180,1,-1,-1,-1
193,254,1664,872,233,170,1,-1,-1,-1
193,253,784,653,499,250,1,-1,-1,-1
194,254,1689,874,235,163,1,-1,-1,-1
194,253,717,643,516,264,1,-1,-1,-1
194,255,1662,801,151,111,1,-1,-1,-1
195,254,1723,874,217,158,1,-1,-1,-1
195,253,602,626,561,281,1,-1,-1,-1
195,255,1643,795,154,114,1,-1,-1,-1
196,254,1753,869,201,160,1,-1,-1,-1
196,253,539,614,586,291,1,-1,-1,-1
196,255,1621,792,179,132,1,-1,-1,-1
197,254,1775,870,195,156,1,-1,-1,-1
197,253,433,601,621,302,1,-1,-1,-1
197,255,1604,798,176,126,1,-1,-1,-1
198,254,1791,872,189,149,1,-1,-1,-1
198,255,1582,797,189,131,1,-1,-1,-1
198,253,333,583,645,311,1,-1,-1,-1
199,254,1812,872,189,146,1,-1,-1,-1
199,255,1556,797,196,131,1,-1,-1,-1
199,253,202,563,707,328,1,-1,-1,-1
200,254,1822,870,188,145,1,-1,-1,-1
200,255,1542,796,194,130,1,-1,-1,-1
200,253,100,550,713,338,1,-1,-1,-1
201,254,1834,871,182,142,1,-1,-1,-1
201,255,1520,792,199,134,1,-1,-1,-1
201,253,0,531,742,347,1,-1,-1,-1
202,255,1500,789,201,136,1,-1,-1,-1
202,254,1848,874,178,133,1,-1,-1,-1
203,255,1465,783,211,141,1,-1,-1,-1
203,254,1861,874,173,129,1,-1,-1,-1
204,255,1448,777,216,148,1,-1,-1,-1
204,254,1874,874,166,129,1,-1,-1,-1
205,255,1425,774,220,151,1,-1,-1,-1
205,254,1886,874,157,128,1,-1,-1,-1
206,255,1393,771,229,153,1,-1,-1,-1
206,254,1902,875,152,123,1,-1,-1,-1
207,255,1370,767,232,152,1,-1,-1,-1
207,254,1910,878,153,117,1,-1,-1,-1
208,255,1330,764,244,154,1,-1,-1,-1
208,254,1916,876,155,118,1,-1,-1,-1
209,255,1304,763,244,150,1,-1,-1,-1
209,254,1924,878,149,113,1,-1,-1,-1
210,255,1264,756,261,160,1,-1,-1,-1
210,254,1935,877,146,112,1,-1,-1,-1
211,255,1222,754,277,159,1,-1,-1,-1
211,254,1947,877,142,110,1,-1,-1,-1
212,255,1201,746,279,166,1,-1,-1,-1
212,254,1954,878,139,109,1,-1,-1,-1
213,255,1141,742,304,167,1,-1,-1,-1
213,254,1961,879,132,105,1,-1,-1,-1
214,255,1109,735,303,175,1,-1,-1,-1
214,254,1964,876,133,106,1,-1,-1,-1
215,255,1060,730,316,177,1,-1,-1,-1
215,254,1973,877,132,104,1,-1,-1,-1
216,255,1021,727,327,176,1,-1,-1,-1
216,254,1983,877,128,100,1,-1,-1,-1
217,255,982,722,332,180,1,-1,-1,-1
217,254,1993,875,123,102,1,-1,-1,-1
218,255,938,715,339,185,1,-1,-1,-1
218,254,1998,873,121,101,1,-1,-1,-1
219,255,847,706,391,193,1,-1,-1,-1
219,254,2006,872,115,99,1,-1,-1,-1
220,255,779,699,415,197,1,-1,-1,-1
220,254,2009,872,114,100,1,-1,-1,-1
221,255,714,690,431,203,1,-1,-1,-1
222,255,669,681,424,208,1,-1,-1,-1
223,255,573,668,467,225,1,-1,-1,-1
224,255,480,657,503,231,1,-1,-1,-1
225,255,353,643,531,240,1,-1,-1,-1
226,255,280,640,551,244,1,-1,-1,-1
227,255,182,625,605,256,1,-1,-1,-1
228,255,78,612,612,263,1,-1,-1,-1
229,255,0,592,621,277,1,-1,-1,-1
230,255,0,589,593,276,1,-1,-1,-1
253,256,1870,811,148,126,1,-1,-1,-1
254,256,1865,811,145,126,1,-1,-1,-1
255,256,1857,811,151,128,1,-1,-1,-1
256,256,1848,808,155,133,1,-1,-1,-1
257,256,1833,801,160,139,1,-1,-1,-1
258,256,1818,801,169,141,1,-1,-1,-1
259,256,1806,796,171,145,1,-1,-1,-1
260,256,1795,798,172,143,1,-1,-1,-1
261,256,1778,788,178,156,1,-1,-1,-1
262,256,1759,787,189,157,1,-1,-1,-1
263,256,1754,791,183,151,1,-1,-1,-1
264,256,1743,784,191,160,1,-1,-1,-1
265,256,1729,781,193,165,1,-1,-1,-1
266,256,1704,778,203,170,1,-1,-1,-1
267,256,1689,776,200,171,1,-1,-1,-1
268,256,1665,771,218,176,1,-1,-1,-1
269,256,1649,776,211,173,1,-1,-1,-1
270,256,1620,770,229,180,1,-1,-1,-1
271,256,1597,772,231,176,1,-1,-1,-1
272,256,1582,761,237,186,1,-1,-1,-1
273,256,1546,759,253,194,1,-1,-1,-1
274,256,1517,752,265,203,1,-1,-1,-1
275,256,1470,750,286,203,1,-1,-1,-1
276,256,1440,740,295,209,1,-1,-1,-1
277,256,1409,733,301,220,1,-1,-1,-1
278,256,1354,731,338,229,1,-1,-1,-1
279,256,1310,717,345,236,1,-1,-1,-1
280,256,1234,702,389,257,1,-1,-1,-1
281,256,1183,691,404,269,1,-1,-1,-1
282,256,1125,670,430,288,1,-1,-1,-1
283,256,1051,665,465,293,1,-1,-1,-1
284,256,986,654,479,307,1,-1,-1,-1
285,256,891,636,520,326,1,-1,-1,-1
286,256,778,625,565,337,1,-1,-1,-1
287,256,651,602,617,360,1,-1,-1,-1
288,256,526,573,676,403,1,-1,-1,-1
289,257,697,960,1089,879,1,-1,-1,-1
289,258,0,544,1130,839,1,-1,-1,-1
290,257,1140,951,759,654,1,-1,-1,-1
290,258,118,562,1028,792,1,-1,-1,-1
291,257,1386,938,612,524,1,-1,-1,-1
291,258,21,584,1178,724,1,-1,-1,-1
292,257,1532,939,511,427,1,-1,-1,-1
292,258,310,650,1029,583,1,-1,-1,-1
293,257,1659,928,440,370,1,-1,-1,-1
293,258,622,692,864,510,1,-1,-1,-1
294,257,1748,932,377,315,1,-1,-1,-1
294,258,793,710,752,464,1,-1,-1,-1
295,258,974,750,621,413,1,-1,-1,-1
295,257,1797,924,348,286,1,-1,-1,-1
296,258,1099,759,556,384,1,-1,-1,-1
296,257,1849,924,299,254,1,-1,-1,-1
297,258,1198,776,528,338,1,-1,-1,-1
297,257,1870,922,290,248,1,-1,-1,-1
298,258,1286,785,467,314,1,-1,-1,-1
298,257,1913,922,245,221,1,-1,-1,-1
299,258,1375,782,402,305,1,-1,-1,-1
299,257,1931,920,240,209,1,-1,-1,-1
300,258,1433,789,385,284,1,-1,-1,-1
300,257,1959,918,224,200,1,-1,-1,-1
301,258,1484,793,351,273,1,-1,-1,-1
301,257,1979,918,210,187,1,-1,-1,-1
302,258,1523,805,334,256,1,-1,-1,-1
302,257,1989,916,205,178,1,-1,-1,-1
303,258,1581,810,298,245,1,-1,-1,-1
303,257,2006,917,194,168,1,-1,-1,-1
304,258,1602,821,299,224,1,-1,-1,-1
304,257,2019,919,184,158,1,-1,-1,-1
305,258,1640,826,282,210,1,-1,-1,-1
305,257,2033,911,177,158,1,-1,-1,-1
306,258,1667,830,265,194,1,-1,-1,-1
306,257,2045,912,168,148,1,-1,-1,-1
307,258,1699,834,253,193,1,-1,-1,-1
307,257,2051,908,165,148,1,-1,-1,-1
308,258,1725,833,241,187,1,-1,-1,-1
308,257,2055,906,161,147,1,-1,-1,-1
309,258,1747,830,230,188,1,-1,-1,-1
309,257,2066,907,155,139,1,-1,-1,-1
310,258,1763,829,227,189,1,-1,-1,-1
310,257,2073,907,149,133,1,-1,-1,-1
311,258,1789,831,216,181,1,-1,-1,-1
311,257,2077,907,150,130,1,-1,-1,-1
312,258,1806,839,206,174,1,-1,-1,-1
312,257,2086,906,148,125,1,-1,-1,-1
312,259,386,921,1436,998,1,-1,-1,-1
313,258,1818,839,203,171,1,-1,-1,-1
313,259,893,930,1010,781,1,-1,-1,-1
313,257,2091,904,141,125,1,-1,-1,-1
314,258,1825,845,207,163,1,-1,-1,-1
314,259,1190,929,783,616,1,-1,-1,-1
314,257,2096,903,135,121,1,-1,-1,-1
315,258,1831,845,209,163,1,-1,-1,-1
315,259,1381,920,634,521,1,-1,-1,-1
315,257,2101,904,131,113,1,-1,-1,-1
316,258,1843,847,198,158,1,-1,-1,-1
316,259,1519,918,546,443,1,-1,-1,-1
316,257,2103,898,128,116,1,-1,-1,-1
317,258,1846,847,200,155,1,-1,-1,-1
317,259,1627,901,466,387,1,-1,-1,-1
317,257,2107,898,125,110,1,-1,-1,-1
318,259,1705,882,405,373,1,-1,-1,-1
318,258,1861,847,191,146,1,-1,-1,-1
319,258,1884,847,180,142,1,-1,-1,-1
319,259,1770,885,320,333,1,-1,-1,-1
320,258,1894,850,164,129,1,-1,-1,-1
423,260,1679,799,166,118,1,-1,-1,-1
424,260,1668,800,169,115,1,-1,-1,-1
425,260,1660,794,173,123,1,-1,-1,-1
426,260,1652,793,171,124,1,-1,-1,-1
427,260,1639,789,178,128,1,-1,-1,-1
428,260,1630,788,186,131,1,-1,-1,-1
429,260,1610,787,189,132,1,-1,-1,-1
430,260,1599,779,188,140,1,-1,-1,-1
431,260,1586,784,195,135,1,-1,-1,-1
432,260,1570,778,193,141,1,-1,-1,-1
433,260,1558,774,192,143,1,-1,-1,-1
434,260,1543,773,204,143,1,-1,-1,-1
435,260,1525,771,208,146,1,-1,-1,-1
436,260,1516,770,205,142,1,-1,-1,-1
437,260,1492,763,215,153,1,-1,-1,-1
438,260,1469,756,222,152,1,-1,-1,-1
439,260,1453,757,227,154,1,-1,-1,-1
440,260,1432,753,229,155,1,-1,-1,-1
441,260,1408,756,235,153,1,-1,-1,-1
442,260,1391,750,239,161,1,-1,-1,-1
443,260,1368,749,247,161,1,-1,-1,-1
444,260,1334,741,265,166,1,-1,-1,-1
445,260,1315,742,266,164,1,-1,-1,-1
446,260,1280,736,273,167,1,-1,-1,-1
447,260,1257,729,281,176,1,-1,-1,-1
448,260,1234,726,281,177,1,-1,-1,-1
449,260,1216,719,282,185,1,-1,-1,-1
450,260,1184,720,285,181,1,-1,-1,-1
451,260,1149,716,298,183,1,-1,-1,-1
452,260,1124,711,301,191,1,-1,-1,-1
453,260,1096,707,311,190,1,-1,-1,-1
454,260,1045,700,349,201,1,-1,-1,-1
455,260,1016,692,348,204,1,-1,-1,-1
456,260,975,685,360,212,1,-1,-1,-1
