0,275,302,588,81,72,1,-1,-1,-1
1,275,304,589,81,69,1,-1,-1,-1
2,275,306,589,84,70,1,-1,-1,-1
3,275,307,588,88,71,1,-1,-1,-1
4,275,309,587,88,72,1,-1,-1,-1
5,275,310,588,89,73,1,-1,-1,-1
6,275,313,589,88,71,1,-1,-1,-1
7,275,317,588,87,73,1,-1,-1,-1
8,275,316,589,89,72,1,-1,-1,-1
9,275,318,590,92,72,1,-1,-1,-1
10,275,321,590,89,73,1,-1,-1,-1
11,275,324,589,91,74,1,-1,-1,-1
12,275,326,589,92,74,1,-1,-1,-1
13,275,327,589,95,74,1,-1,-1,-1
14,275,330,590,95,74,1,-1,-1,-1
15,275,332,589,96,75,1,-1,-1,-1
16,275,331,588,96,75,1,-1,-1,-1
17,275,337,590,94,75,1,-1,-1,-1
18,275,338,589,93,77,1,-1,-1,-1
19,275,339,589,97,78,1,-1,-1,-1
20,275,340,589,102,78,1,-1,-1,-1
21,275,343,589,104,80,1,-1,-1,-1
22,275,346,588,102,81,1,-1,-1,-1
23,275,348,587,103,82,1,-1,-1,-1
24,275,351,587,105,85,1,-1,-1,-1
25,275,351,587,106,84,1,-1,-1,-1
26,275,355,586,106,86,1,-1,-1,-1
27,275,357,586,107,88,1,-1,-1,-1
28,275,359,584,109,90,1,-1,-1,-1
29,275,362,585,112,90,1,-1,-1,-1
30,275,369,584,111,92,1,-1,-1,-1
31,275,371,583,111,92,1,-1,-1,-1
32,275,372,584,112,93,1,-1,-1,-1
33,275,371,585,121,94,1,-1,-1,-1
34,275,375,583,123,96,1,-1,-1,-1
35,275,377,584,124,97,1,-1,-1,-1
36,275,378,582,124,99,1,-1,-1,-1
37,275,385,581,125,99,1,-1,-1,-1
38,275,384,581,129,101,1,-1,-1,-1
39,275,388,581,130,101,1,-1,-1,-1
40,275,388,580,137,104,1,-1,-1,-1
41,275,392,579,137,105,1,-1,-1,-1
42,275,396,579,138,105,1,-1,-1,-1
43,275,400,579,141,106,1,-1,-1,-1
44,275,402,577,144,108,1,-1,-1,-1
45,275,408,578,143,108,1,-1,-1,-1
46,275,407,577,150,112,1,-1,-1,-1
47,275,410,576,152,113,1,-1,-1,-1
48,275,416,576,155,115,1,-1,-1,-1
49,275,422,577,156,115,1,-1,-1,-1
50,275,424,575,158,118,1,-1,-1,-1
51,275,426,573,166,124,1,-1,-1,-1
52,275,432,572,169,126,1,-1,-1,-1
53,275,435,572,168,128,1,-1,-1,-1
54,275,438,573,172,130,1,-1,-1,-1
55,275,444,572,180,131,1,-1,-1,-1
56,275,448,571,188,137,1,-1,-1,-1
56,276,322,596,75,64,1,-1,-1,-1
57,275,456,570,190,139,1,-1,-1,-1
57,276,323,597,80,63,1,-1,-1,-1
58,275,465,570,196,141,1,-1,-1,-1
58,276,325,596,81,65,1,-1,-1,-1
59,275,474,567,200,145,1,-1,-1,-1
59,276,329,595,81,65,1,-1,-1,-1
60,275,476,568,211,149,1,-1,-1,-1
60,276,331,596,82,65,1,-1,-1,-1
61,275,485,568,221,151,1,-1,-1,-1
61,276,334,594,81,66,1,-1,-1,-1
62,275,484,565,229,158,1,-1,-1,-1
62,276,335,594,84,68,1,-1,-1,-1
63,275,498,567,234,163,1,-1,-1,-1
63,276,338,594,87,69,1,-1,-1,-1
64,275,512,565,247,168,1,-1,-1,-1
64,276,341,594,86,70,1,-1,-1,-1
65,275,516,559,263,179,1,-1,-1,-1
65,276,344,594,90,72,1,-1,-1,-1
66,275,531,558,268,180,1,-1,-1,-1
66,276,348,595,95,71,1,-1,-1,-1
67,275,541,556,286,193,1,-1,-1,-1
67,276,351,593,94,75,1,-1,-1,-1
68,275,558,554,299,198,1,-1,-1,-1
68,276,351,593,100,76,1,-1,-1,-1
69,275,571,550,312,213,1,-1,-1,-1
69,276,354,594,100,77,1,-1,-1,-1
70,275,586,553,329,212,1,-1,-1,-1
70,276,358,593,102,77,1,-1,-1,-1
71,276,361,593,104,77,1,-1,-1,-1
71,275,613,548,355,223,1,-1,-1,-1
71,277,312,595,66,60,1,-1,-1,-1
72,276,364,593,110,82,1,-1,-1,-1
72,275,630,546,369,229,1,-1,-1,-1
72,277,313,595,65,60,1,-1,-1,-1
73,275,658,537,411,250,1,-1,-1,-1
73,276,368,592,112,83,1,-1,-1,-1
73,277,314,594,69,61,1,-1,-1,-1
74,276,374,591,112,85,1,-1,-1,-1
74,275,678,532,453,269,1,-1,-1,-1
74,277,315,594,73,61,1,-1,-1,-1
75,276,377,591,116,85,1,-1,-1,-1
75,275,706,526,500,284,1,-1,-1,-1
75,277,318,594,73,62,1,-1,-1,-1
76,276,386,589,119,88,1,-1,-1,-1
76,275,751,515,556,313,1,-1,-1,-1
76,277,317,595,76,62,1,-1,-1,-1
77,276,390,589,119,89,1,-1,-1,-1
77,275,788,508,617,346,1,-1,-1,-1
77,277,318,595,77,62,1,-1,-1,-1
78,276,397,587,123,93,1,-1,-1,-1
78,275,856,505,667,370,1,-1,-1,-1
78,277,319,596,79,63,1,-1,-1,-1
79,276,401,587,127,93,1,-1,-1,-1
79,275,912,455,687,452,1,-1,-1,-1
79,277,323,595,79,64,1,-1,-1,-1
80,276,408,586,132,96,1,-1,-1,-1
80,277,327,595,79,63,1,-1,-1,-1
80,275,947,446,652,512,1,-1,-1,-1
80,278,864,425,342,192,1,-1,-1,-1
81,276,413,586,136,98,1,-1,-1,-1
81,277,332,593,79,67,1,-1,-1,-1
81,278,870,429,329,213,1,-1,-1,-1
82,276,423,583,138,103,1,-1,-1,-1
82,278,822,437,356,207,1,-1,-1,-1
82,277,334,594,80,66,1,-1,-1,-1
83,276,432,582,145,105,1,-1,-1,-1
83,278,802,444,358,200,1,-1,-1,-1
83,277,336,594,80,67,1,-1,-1,-1
84,276,442,582,146,108,1,-1,-1,-1
84,278,779,454,344,191,1,-1,-1,-1
84,277,339,594,83,68,1,-1,-1,-1
85,276,447,582,151,111,1,-1,-1,-1
85,278,758,457,334,186,1,-1,-1,-1
85,277,340,595,84,67,1,-1,-1,-1
86,276,463,578,158,118,1,-1,-1,-1
86,278,742,466,303,177,1,-1,-1,-1
86,277,343,593,89,70,1,-1,-1,-1
87,276,470,579,168,119,1,-1,-1,-1
87,278,721,470,300,171,1,-1,-1,-1
87,277,346,592,93,72,1,-1,-1,-1
88,276,483,577,171,124,1,-1,-1,-1
88,278,715,475,270,166,1,-1,-1,-1
88,277,352,592,93,73,1,-1,-1,-1
89,278,699,486,259,155,1,-1,-1,-1
89,276,497,577,182,127,1,-1,-1,-1
89,277,355,591,93,74,1,-1,-1,-1
90,278,679,486,249,155,1,-1,-1,-1
90,276,513,574,192,133,1,-1,-1,-1
90,277,358,592,95,74,1,-1,-1,-1
91,278,669,492,234,148,1,-1,-1,-1
91,276,524,571,211,140,1,-1,-1,-1
91,277,361,592,99,76,1,-1,-1,-1
92,276,539,569,230,147,1,-1,-1,-1
92,278,671,491,207,142,1,-1,-1,-1
92,277,369,591,100,78,1,-1,-1,-1
93,276,558,568,231,152,1,-1,-1,-1
93,277,373,590,102,80,1,-1,-1,-1
94,276,571,564,275,165,1,-1,-1,-1
94,277,377,591,107,81,1,-1,-1,-1
95,277,384,589,109,83,1,-1,-1,-1
95,276,610,558,270,178,1,-1,-1,-1
96,277,389,589,111,84,1,-1,-1,-1
96,276,626,554,301,185,1,-1,-1,-1
96,279,255,606,89,72,1,-1,-1,-1
97,277,397,587,115,89,1,-1,-1,-1
97,279,256,607,89,72,1,-1,-1,-1
97,276,657,552,328,196,1,-1,-1,-1
98,277,406,586,122,89,1,-1,-1,-1
98,279,257,609,92,74,1,-1,-1,-1
98,276,690,548,364,213,1,-1,-1,-1
99,277,412,586,124,91,1,-1,-1,-1
99,276,734,548,411,226,1,-1,-1,-1
99,279,258,608,94,77,1,-1,-1,-1
100,277,424,585,128,95,1,-1,-1,-1
100,276,769,542,441,243,1,-1,-1,-1
100,279,258,610,96,78,1,-1,-1,-1
101,277,428,583,135,97,1,-1,-1,-1
101,276,835,522,528,280,1,-1,-1,-1
101,279,261,611,92,76,1,-1,-1,-1
102,277,440,582,138,101,1,-1,-1,-1
102,276,913,516,613,315,1,-1,-1,-1
102,279,261,612,95,79,1,-1,-1,-1
103,277,449,583,141,100,1,-1,-1,-1
103,279,259,611,100,82,1,-1,-1,-1
103,276,992,503,607,353,1,-1,-1,-1
104,277,469,575,148,110,1,-1,-1,-1
104,279,262,611,101,86,1,-1,-1,-1
104,276,1059,511,513,372,1,-1,-1,-1
105,277,484,576,151,111,1,-1,-1,-1
105,279,263,612,104,86,1,-1,-1,-1
106,277,495,572,164,117,1,-1,-1,-1
106,279,264,613,107,88,1,-1,-1,-1
107,279,267,615,114,88,1,-1,-1,-1
107,277,524,570,164,120,1,-1,-1,-1
108,277,525,569,194,126,1,-1,-1,-1
108,279,271,618,110,90,1,-1,-1,-1
109,279,272,617,114,91,1,-1,-1,-1
109,277,535,566,214,135,1,-1,-1,-1
110,277,568,563,229,142,1,-1,-1,-1
110,279,276,620,118,94,1,-1,-1,-1
111,279,280,620,122,97,1,-1,-1,-1
111,277,581,554,258,155,1,-1,-1,-1
112,279,281,620,125,101,1,-1,-1,-1
112,277,608,547,278,167,1,-1,-1,-1
113,279,285,622,127,104,1,-1,-1,-1
113,277,649,551,296,173,1,-1,-1,-1
114,279,292,623,132,105,1,-1,-1,-1
114,277,681,547,322,186,1,-1,-1,-1
115,279,297,624,142,108,1,-1,-1,-1
115,277,741,536,368,205,1,-1,-1,-1
116,279,299,623,145,114,1,-1,-1,-1
116,277,796,526,429,228,1,-1,-1,-1
117,279,305,621,153,120,1,-1,-1,-1
117,277,872,510,479,260,1,-1,-1,-1
118,279,306,622,164,128,1,-1,-1,-1
118,277,943,496,560,292,1,-1,-1,-1
119,279,320,623,171,134,1,-1,-1,-1
119,277,1030,489,569,319,1,-1,-1,-1
120,279,327,623,176,141,1,-1,-1,-1
121,279,337,623,190,148,1,-1,-1,-1
122,279,345,623,208,164,1,-1,-1,-1
123,279,350,626,222,170,1,-1,-1,-1
124,279,363,628,243,188,1,-1,-1,-1
124,280,292,599,74,62,1,-1,-1,-1
125,279,377,630,264,195,1,-1,-1,-1
125,280,294,598,74,62,1,-1,-1,-1
126,279,386,634,298,210,1,-1,-1,-1
126,280,294,597,78,62,1,-1,-1,-1
127,279,409,635,322,230,1,-1,-1,-1
127,280,296,596,79,66,1,-1,-1,-1
128,279,429,643,361,260,1,-1,-1,-1
128,280,297,596,82,69,1,-1,-1,-1
129,279,457,650,411,285,1,-1,-1,-1
129,280,300,598,82,67,1,-1,-1,-1
130,279,487,644,500,346,1,-1,-1,-1
130,280,301,597,85,70,1,-1,-1,-1
131,279,504,645,641,427,1,-1,-1,-1
131,280,303,597,92,71,1,-1,-1,-1
132,279,580,648,824,544,1,-1,-1,-1
132,280,308,596,90,71,1,-1,-1,-1
133,280,310,597,93,72,1,-1,-1,-1
133,279,597,647,954,552,1,-1,-1,-1
134,280,314,595,95,74,1,-1,-1,-1
135,280,320,595,95,75,1,-1,-1,-1
136,280,323,594,96,78,1,-1,-1,-1
137,280,328,594,100,79,1,-1,-1,-1
138,280,332,592,100,81,1,-1,-1,-1
139,280,337,594,105,80,1,-1,-1,-1
140,280,342,585,107,91,1,-1,-1,-1
141,280,349,586,108,92,1,-1,-1,-1
142,280,353,582,110,93,1,-1,-1,-1
143,280,355,587,116,91,1,-1,-1,-1
144,280,361,589,120,91,1,-1,-1,-1
145,280,366,588,122,93,1,-1,-1,-1
146,280,373,585,125,96,1,-1,-1,-1
147,280,381,584,133,99,1,-1,-1,-1
148,280,389,586,137,100,1,-1,-1,-1
149,280,402,587,141,100,1,-1,-1,-1
150,280,413,586,146,105,1,-1,-1,-1
151,280,419,586,152,108,1,-1,-1,-1
152,280,428,582,164,115,1,-1,-1,-1
153,280,444,583,164,119,1,-1,-1,-1
154,280,463,581,174,124,1,-1,-1,-1
155,280,469,578,194,131,1,-1,-1,-1
156,280,485,576,212,138,1,-1,-1,-1
157,280,506,573,238,144,1,-1,-1,-1
158,280,526,570,258,155,1,-1,-1,-1
159,280,550,566,277,166,1,-1,-1,-1
160,280,584,562,303,180,1,-1,-1,-1
161,280,614,557,333,190,1,-1,-1,-1
162,280,667,550,357,213,1,-1,-1,-1
163,280,696,548,408,226,1,-1,-1,-1
164,280,760,537,472,255,1,-1,-1,-1
165,280,828,525,550,293,1,-1,-1,-1
166,280,925,509,640,341,1,-1,-1,-1
167,280,1015,502,584,375,1,-1,-1,-1
230,281,287,587,83,70,1,-1,-1,-1
231,281,292,588,80,70,1,-1,-1,-1
232,281,294,588,82,71,1,-1,-1,-1
233,281,296,588,80,71,1,-1,-1,-1
234,281,299,587,78,71,1,-1,-1,-1
235,281,304,590,77,68,1,-1,-1,-1
236,281,307,587,80,72,1,-1,-1,-1
237,281,309,585,83,75,1,-1,-1,-1
238,281,311,584,87,76,1,-1,-1,-1
239,281,313,584,88,77,1,-1,-1,-1
240,281,314,582,93,78,1,-1,-1,-1
241,281,316,583,98,79,1,-1,-1,-1
242,281,322,583,95,80,1,-1,-1,-1
243,281,324,584,98,80,1,-1,-1,-1
244,281,329,582,100,83,1,-1,-1,-1
245,281,332,582,107,84,1,-1,-1,-1
246,281,336,580,108,88,1,-1,-1,-1
246,282,261,599,84,72,1,-1,-1,-1
247,281,336,579,114,90,1,-1,-1,-1
247,282,260,601,86,73,1,-1,-1,-1
248,281,337,579,120,91,1,-1,-1,-1
248,282,262,603,83,71,1,-1,-1,-1
249,281,344,579,118,92,1,-1,-1,-1
249,282,264,602,84,73,1,-1,-1,-1
250,281,349,577,123,95,1,-1,-1,-1
250,282,264,602,87,75,1,-1,-1,-1
251,281,356,575,124,96,1,-1,-1,-1
251,282,266,605,88,76,1,-1,-1,-1
252,281,358,574,130,100,1,-1,-1,-1
252,282,267,606,89,75,1,-1,-1,-1
253,281,363,570,137,104,1,-1,-1,-1
253,282,267,606,96,77,1,-1,-1,-1
254,281,369,569,141,107,1,-1,-1,-1
254,282,270,608,95,79,1,-1,-1,-1
255,282,273,609,96,80,1,-1,-1,-1
255,281,378,566,142,110,1,-1,-1,-1
256,282,272,610,102,85,1,-1,-1,-1
256,281,384,564,148,114,1,-1,-1,-1
257,282,274,610,107,87,1,-1,-1,-1
257,281,391,560,151,121,1,-1,-1,-1
258,282,277,611,103,88,1,-1,-1,-1
258,281,397,560,162,122,1,-1,-1,-1
259,282,281,610,106,93,1,-1,-1,-1
259,281,405,562,168,124,1,-1,-1,-1
260,282,282,613,117,91,1,-1,-1,-1
260,281,417,560,174,126,1,-1,-1,-1
261,282,282,611,122,97,1,-1,-1,-1
261,281,420,557,190,132,1,-1,-1,-1
262,281,436,556,198,138,1,-1,-1,-1
262,282,288,614,122,98,1,-1,-1,-1
263,282,290,616,125,109,1,-1,-1,-1
263,281,441,537,217,162,1,-1,-1,-1
264,282,291,615,135,116,1,-1,-1,-1
264,281,452,540,222,165,1,-1,-1,-1
265,282,300,617,137,116,1,-1,-1,-1
265,281,459,541,249,171,1,-1,-1,-1
266,281,485,534,266,181,1,-1,-1,-1
266,282,301,617,149,124,1,-1,-1,-1
267,282,310,616,164,140,1,-1,-1,-1
267,281,500,533,284,189,1,-1,-1,-1
268,282,315,614,183,145,1,-1,-1,-1
268,281,524,530,300,195,1,-1,-1,-1
269,282,327,616,197,155,1,-1,-1,-1
269,281,546,522,331,216,1,-1,-1,-1
270,282,330,616,204,167,1,-1,-1,-1
270,281,556,524,360,217,1,-1,-1,-1
271,282,342,617,233,187,1,-1,-1,-1
271,283,252,610,92,75,1,-1,-1,-1
271,281,594,508,387,244,1,-1,-1,-1
272,282,349,623,250,197,1,-1,-1,-1
272,281,639,496,446,269,1,-1,-1,-1
272,283,254,610,93,78,1,-1,-1,-1
273,282,357,625,282,214,1,-1,-1,-1
273,283,255,610,93,81,1,-1,-1,-1
273,281,686,484,506,289,1,-1,-1,-1
274,282,372,627,319,242,1,-1,-1,-1
274,283,255,610,96,83,1,-1,-1,-1
274,281,743,469,562,317,1,-1,-1,-1
275,282,405,632,353,281,1,-1,-1,-1
275,283,256,610,99,86,1,-1,-1,-1
275,281,831,447,652,374,1,-1,-1,-1
276,283,256,611,102,88,1,-1,-1,-1
276,282,424,631,436,341,1,-1,-1,-1
276,281,888,437,711,412,1,-1,-1,-1
277,283,258,613,105,89,1,-1,-1,-1
277,282,458,635,543,433,1,-1,-1,-1
277,281,920,400,630,489,1,-1,-1,-1
278,283,259,613,109,91,1,-1,-1,-1
278,282,488,636,787,563,1,-1,-1,-1
279,283,259,614,114,94,1,-1,-1,-1
279,282,577,631,1015,568,1,-1,-1,-1
280,283,260,614,118,95,1,-1,-1,-1
281,283,268,616,118,99,1,-1,-1,-1
282,283,270,615,123,106,1,-1,-1,-1
283,283,269,616,130,109,1,-1,-1,-1
284,283,273,619,135,110,1,-1,-1,-1
285,283,277,620,141,115,1,-1,-1,-1
286,283,278,619,149,122,1,-1,-1,-1
287,283,280,620,155,127,1,-1,-1,-1
288,283,288,619,167,135,1,-1,-1,-1
289,283,293,613,188,154,1,-1,-1,-1
290,283,303,609,203,168,1,-1,-1,-1
291,283,314,611,215,178,1,-1,-1,-1
292,283,319,621,238,186,1,-1,-1,-1
293,283,326,619,264,204,1,-1,-1,-1
294,283,326,622,302,221,1,-1,-1,-1
295,283,343,623,322,246,1,-1,-1,-1
296,283,360,626,372,278,1,-1,-1,-1
297,283,387,622,410,334,1,-1,-1,-1
298,283,408,624,488,381,1,-1,-1,-1
299,283,433,625,635,465,1,-1,-1,-1
300,283,450,634,897,565,1,-1,-1,-1
300,284,999,287,546,343,1,-1,-1,-1
301,284,932,312,479,315,1,-1,-1,-1
301,283,523,622,1076,577,1,-1,-1,-1
302,284,875,339,406,288,1,-1,-1,-1
303,284,838,363,360,271,1,-1,-1,-1
304,284,786,379,338,256,1,-1,-1,-1
305,284,746,406,309,228,1,-1,-1,-1
306,284,710,425,282,206,1,-1,-1,-1
307,284,682,434,265,199,1,-1,-1,-1
308,284,657,446,237,188,1,-1,-1,-1
309,284,631,453,229,181,1,-1,-1,-1
310,284,613,458,209,175,1,-1,-1,-1
311,284,592,469,202,164,1,-1,-1,-1
312,284,566,477,202,155,1,-1,-1,-1
313,284,558,483,179,148,1,-1,-1,-1
314,284,541,488,178,146,1,-1,-1,-1
315,284,525,491,170,142,1,-1,-1,-1
316,284,514,497,162,135,1,-1,-1,-1
317,284,507,503,156,130,1,-1,-1,-1
318,284,493,510,153,121,1,-1,-1,-1
319,284,484,513,144,117,1,-1,-1,-1
320,284,470,516,145,116,1,-1,-1,-1
321,284,465,517,136,116,1,-1,-1,-1
322,284,458,518,136,116,1,-1,-1,-1
323,284,449,521,132,111,1,-1,-1,-1
324,284,439,523,126,112,1,-1,-1,-1
325,284,435,528,120,105,1,-1,-1,-1
326,284,426,530,117,104,1,-1,-1,-1
327,284,419,530,112,105,1,-1,-1,-1
328,284,414,533,111,101,1,-1,-1,-1
329,284,407,534,110,102,1,-1,-1,-1
330,284,401,535,108,100,1,-1,-1,-1
331,284,397,536,106,99,1,-1,-1,-1
332,284,389,537,109,98,1,-1,-1,-1
333,284,384,540,103,95,1,-1,-1,-1
334,284,381,540,98,95,1,-1,-1,-1
335,284,379,541,97,93,1,-1,-1,-1
336,284,375,542,92,91,1,-1,-1,-1
337,284,370,545,90,90,1,-1,-1,-1
338,284,367,545,88,91,1,-1,-1,-1
339,284,360,545,94,90,1,-1,-1,-1
340,284,358,549,91,86,1,-1,-1,-1
341,284,356,551,85,83,1,-1,-1,-1
342,284,353,553,78,82,1,-1,-1,-1
343,284,350,555,77,79,1,-1,-1,-1
344,284,345,559,79,75,1,-1,-1,-1
345,284,343,559,78,74,1,-1,-1,-1
346,284,340,561,76,75,1,-1,-1,-1
347,284,338,560,76,74,1,-1,-1,-1
348,284,335,561,76,75,1,-1,-1,-1
349,284,333,561,74,74,1,-1,-1,-1
350,284,328,565,75,69,1,-1,-1,-1
351,284,326,564,76,69,1,-1,-1,-1
352,284,323,565,75,70,1,-1,-1,-1
