3,2,946,189,140,134,1,-1,-1,-1
4,2,948,186,139,133,1,-1,-1,-1
5,2,950,184,137,132,1,-1,-1,-1
6,2,950,182,138,131,1,-1,-1,-1
7,2,950,180,138,131,1,-1,-1,-1
8,2,952,178,137,131,1,-1,-1,-1
9,2,954,176,137,130,1,-1,-1,-1
10,2,955,173,137,131,1,-1,-1,-1
11,2,956,171,135,130,1,-1,-1,-1
12,2,957,169,135,129,1,-1,-1,-1
13,2,959,167,134,128,1,-1,-1,-1
14,2,962,164,134,127,1,-1,-1,-1
15,2,964,162,133,126,1,-1,-1,-1
16,2,966,160,131,125,1,-1,-1,-1
17,2,967,158,132,124,1,-1,-1,-1
18,2,970,156,131,123,1,-1,-1,-1
19,2,974,153,131,123,1,-1,-1,-1
20,2,977,151,132,123,1,-1,-1,-1
21,2,981,150,131,122,1,-1,-1,-1
22,2,985,149,129,120,1,-1,-1,-1
23,2,990,147,129,120,1,-1,-1,-1
24,2,994,145,129,119,1,-1,-1,-1
25,2,999,143,129,119,1,-1,-1,-1
26,2,1005,140,129,119,1,-1,-1,-1
27,2,1009,138,130,118,1,-1,-1,-1
28,2,1014,135,132,120,1,-1,-1,-1
29,2,1020,133,132,119,1,-1,-1,-1
30,2,1027,130,132,120,1,-1,-1,-1
31,2,1033,129,131,119,1,-1,-1,-1
32,2,1038,127,132,119,1,-1,-1,-1
33,2,1045,126,132,119,1,-1,-1,-1
34,2,1053,125,130,117,1,-1,-1,-1
35,2,1060,123,130,117,1,-1,-1,-1
36,2,1069,122,129,115,1,-1,-1,-1
37,2,1077,121,128,114,1,-1,-1,-1
38,2,1084,120,129,114,1,-1,-1,-1
39,2,1092,119,129,113,1,-1,-1,-1
40,2,1099,117,129,113,1,-1,-1,-1
41,2,1107,115,129,113,1,-1,-1,-1
42,2,1116,113,130,113,1,-1,-1,-1
43,2,1125,112,129,112,1,-1,-1,-1
44,2,1132,110,130,112,1,-1,-1,-1
45,2,1141,109,128,110,1,-1,-1,-1
46,2,1151,108,128,109,1,-1,-1,-1
47,2,1160,107,126,108,1,-1,-1,-1
48,2,1167,106,125,107,1,-1,-1,-1
49,2,1173,105,126,107,1,-1,-1,-1
50,2,1179,104,126,107,1,-1,-1,-1
51,2,1186,104,126,106,1,-1,-1,-1
52,2,1192,103,127,107,1,-1,-1,-1
53,2,1201,104,125,104,1,-1,-1,-1
54,2,1210,102,125,105,1,-1,-1,-1
55,2,1217,101,125,104,1,-1,-1,-1
56,2,1226,100,122,101,1,-1,-1,-1
57,2,1236,99,121,100,1,-1,-1,-1
58,2,1243,98,121,99,1,-1,-1,-1
59,2,1250,96,121,99,1,-1,-1,-1
60,2,1258,95,121,99,1,-1,-1,-1
77,2,1358,69,123,99,1,-1,-1,-1
78,2,1364,67,124,100,1,-1,-1,-1
79,2,1370,65,124,101,1,-1,-1,-1
64,3,1570,692,315,282,1,-1,-1,-1
65,3,1562,682,314,280,1,-1,-1,-1
66,3,1554,670,313,280,1,-1,-1,-1
67,3,1544,662,308,275,1,-1,-1,-1
68,3,1535,654,298,266,1,-1,-1,-1
69,3,1522,647,290,258,1,-1,-1,-1
70,3,1508,639,287,254,1,-1,-1,-1
71,3,1492,630,285,250,1,-1,-1,-1
72,3,1476,620,284,249,1,-1,-1,-1
73,3,1463,612,281,244,1,-1,-1,-1
74,3,1451,605,276,239,1,-1,-1,-1
75,3,1439,597,274,236,1,-1,-1,-1
76,3,1429,589,271,232,1,-1,-1,-1
77,3,1416,581,272,231,1,-1,-1,-1
78,3,1400,571,275,232,1,-1,-1,-1
79,3,1388,563,275,231,1,-1,-1,-1
80,3,1379,558,271,226,1,-1,-1,-1
81,3,1369,552,267,221,1,-1,-1,-1
82,3,1361,545,260,215,1,-1,-1,-1
83,3,1352,538,256,212,1,-1,-1,-1
84,3,1340,529,256,211,1,-1,-1,-1
85,3,1329,521,257,210,1,-1,-1,-1
86,3,1319,512,256,209,1,-1,-1,-1
87,3,1310,505,253,207,1,-1,-1,-1
88,3,1302,500,249,204,1,-1,-1,-1
89,3,1295,494,245,199,1,-1,-1,-1
90,3,1289,489,242,196,1,-1,-1,-1
91,3,1286,485,234,190,1,-1,-1,-1
92,3,1280,478,228,185,1,-1,-1,-1
93,3,1273,473,226,182,1,-1,-1,-1
94,3,1265,466,223,180,1,-1,-1,-1
95,3,1257,459,222,179,1,-1,-1,-1
96,3,1252,452,221,178,1,-1,-1,-1
97,3,1245,443,221,177,1,-1,-1,-1
98,3,1242,436,218,175,1,-1,-1,-1
99,3,1234,426,216,173,1,-1,-1,-1
100,3,1228,418,216,174,1,-1,-1,-1
101,3,1223,411,211,170,1,-1,-1,-1
102,3,1216,404,209,167,1,-1,-1,-1
103,3,1208,396,207,166,1,-1,-1,-1
104,3,1201,388,203,164,1,-1,-1,-1
105,3,1189,378,203,163,1,-1,-1,-1
106,3,1180,371,198,160,1,-1,-1,-1
107,3,1166,361,198,161,1,-1,-1,-1
108,3,1154,352,198,160,1,-1,-1,-1
109,3,1140,346,196,158,1,-1,-1,-1
110,3,1128,337,197,159,1,-1,-1,-1
111,3,1116,331,193,157,1,-1,-1,-1
112,3,1106,327,189,153,1,-1,-1,-1
113,3,1092,318,191,155,1,-1,-1,-1
114,3,1079,311,190,153,1,-1,-1,-1
115,3,1072,307,185,150,1,-1,-1,-1
116,3,1062,302,186,151,1,-1,-1,-1
117,3,1053,298,185,149,1,-1,-1,-1
118,3,1044,292,182,147,1,-1,-1,-1
119,3,1036,288,178,144,1,-1,-1,-1
120,3,1027,284,175,142,1,-1,-1,-1
121,3,1019,279,174,141,1,-1,-1,-1
122,3,1010,273,173,140,1,-1,-1,-1
123,3,1003,270,171,138,1,-1,-1,-1
124,3,995,264,170,138,1,-1,-1,-1
125,3,989,261,168,136,1,-1,-1,-1
126,3,982,255,169,137,1,-1,-1,-1
127,3,977,251,167,136,1,-1,-1,-1
128,3,973,248,165,135,1,-1,-1,-1
129,3,970,245,162,131,1,-1,-1,-1
130,3,967,240,161,132,1,-1,-1,-1
131,3,965,234,161,132,1,-1,-1,-1
132,3,963,229,163,133,1,-1,-1,-1
133,3,962,224,162,133,1,-1,-1,-1
134,3,961,221,160,132,1,-1,-1,-1
135,3,961,218,158,131,1,-1,-1,-1
136,3,962,215,156,129,1,-1,-1,-1
137,3,962,211,156,130,1,-1,-1,-1
138,3,962,208,155,130,1,-1,-1,-1
139,3,963,206,153,128,1,-1,-1,-1
140,3,965,203,150,127,1,-1,-1,-1
141,3,965,199,147,125,1,-1,-1,-1
142,3,965,198,144,122,1,-1,-1,-1
143,3,968,196,141,120,1,-1,-1,-1
144,3,968,193,139,119,1,-1,-1,-1
145,3,968,191,136,117,1,-1,-1,-1
146,3,969,188,134,116,1,-1,-1,-1
147,3,970,185,133,116,1,-1,-1,-1
148,3,970,182,133,115,1,-1,-1,-1
149,3,972,180,132,114,1,-1,-1,-1
150,3,975,177,132,115,1,-1,-1,-1
151,3,977,174,133,115,1,-1,-1,-1
152,3,980,171,132,114,1,-1,-1,-1
153,3,984,168,129,113,1,-1,-1,-1
154,3,987,165,128,112,1,-1,-1,-1
155,3,991,162,128,112,1,-1,-1,-1
156,3,995,160,128,110,1,-1,-1,-1
157,3,1001,158,127,111,1,-1,-1,-1
158,3,1006,156,126,109,1,-1,-1,-1
159,3,1011,153,124,108,1,-1,-1,-1
160,3,1017,151,123,106,1,-1,-1,-1
161,3,1023,151,121,104,1,-1,-1,-1
162,3,1029,148,122,106,1,-1,-1,-1
163,3,1036,146,121,105,1,-1,-1,-1
164,3,1042,144,123,106,1,-1,-1,-1
165,3,1050,141,123,106,1,-1,-1,-1
166,3,1058,138,123,105,1,-1,-1,-1
167,3,1063,133,126,108,1,-1,-1,-1
168,3,1072,132,125,106,1,-1,-1,-1
169,3,1080,130,124,105,1,-1,-1,-1
170,3,1088,128,123,105,1,-1,-1,-1
171,3,1096,127,122,103,1,-1,-1,-1
172,3,1105,125,121,103,1,-1,-1,-1
173,3,1112,125,121,101,1,-1,-1,-1
174,3,1120,124,120,101,1,-1,-1,-1
175,3,1128,122,119,100,1,-1,-1,-1
176,3,1136,121,118,99,1,-1,-1,-1
177,3,1143,121,117,97,1,-1,-1,-1
178,3,1151,120,116,96,1,-1,-1,-1
179,3,1159,119,116,95,1,-1,-1,-1
180,3,1166,117,116,94,1,-1,-1,-1
181,3,1174,116,115,93,1,-1,-1,-1
182,3,1183,115,114,92,1,-1,-1,-1
183,3,1192,111,117,94,1,-1,-1,-1
184,3,1200,108,118,95,1,-1,-1,-1
185,3,1208,106,118,95,1,-1,-1,-1
107,4,1366,597,473,374,1,-1,-1,-1
108,4,1356,590,456,361,1,-1,-1,-1
109,4,1340,584,444,351,1,-1,-1,-1
110,4,1327,575,435,344,1,-1,-1,-1
111,4,1315,568,426,337,1,-1,-1,-1
112,4,1308,559,418,331,1,-1,-1,-1
113,4,1299,549,410,324,1,-1,-1,-1
114,4,1290,540,401,317,1,-1,-1,-1
115,4,1284,532,393,310,1,-1,-1,-1
116,4,1276,522,387,307,1,-1,-1,-1
117,4,1267,517,376,297,1,-1,-1,-1
118,4,1263,511,369,293,1,-1,-1,-1
119,4,1258,503,365,289,1,-1,-1,-1
120,4,1254,497,361,286,1,-1,-1,-1
121,4,1247,491,351,278,1,-1,-1,-1
122,4,1242,485,343,273,1,-1,-1,-1
123,4,1236,479,337,268,1,-1,-1,-1
124,4,1234,471,333,266,1,-1,-1,-1
125,4,1228,464,328,262,1,-1,-1,-1
126,4,1222,457,327,261,1,-1,-1,-1
127,4,1222,453,315,253,1,-1,-1,-1
128,4,1220,448,309,249,1,-1,-1,-1
129,4,1218,442,307,248,1,-1,-1,-1
130,4,1218,436,302,244,1,-1,-1,-1
131,4,1218,431,294,238,1,-1,-1,-1
132,4,1214,425,288,234,1,-1,-1,-1
133,4,1212,417,283,231,1,-1,-1,-1
134,4,1209,409,283,231,1,-1,-1,-1
135,4,1201,401,279,229,1,-1,-1,-1
136,4,1196,393,275,226,1,-1,-1,-1
137,4,1193,388,269,220,1,-1,-1,-1
138,4,1190,380,266,219,1,-1,-1,-1
139,4,1188,373,264,218,1,-1,-1,-1
140,4,1184,366,263,217,1,-1,-1,-1
141,4,1181,358,260,216,1,-1,-1,-1
142,4,1177,350,258,215,1,-1,-1,-1
143,4,1171,343,254,213,1,-1,-1,-1
144,4,1168,336,249,209,1,-1,-1,-1
145,4,1165,331,244,205,1,-1,-1,-1
146,4,1161,325,241,203,1,-1,-1,-1
147,4,1159,320,235,198,1,-1,-1,-1
148,4,1157,313,230,194,1,-1,-1,-1
149,4,1157,305,225,191,1,-1,-1,-1
150,4,1158,298,222,189,1,-1,-1,-1
151,4,1155,293,219,186,1,-1,-1,-1
152,4,1149,288,216,184,1,-1,-1,-1
153,4,1146,282,211,180,1,-1,-1,-1
154,4,1144,276,208,177,1,-1,-1,-1
155,4,1142,270,206,176,1,-1,-1,-1
156,4,1138,263,206,176,1,-1,-1,-1
157,4,1135,255,206,177,1,-1,-1,-1
158,4,1130,249,206,176,1,-1,-1,-1
159,4,1127,246,204,174,1,-1,-1,-1
160,4,1123,243,201,171,1,-1,-1,-1
161,4,1118,238,198,169,1,-1,-1,-1
162,4,1116,233,195,167,1,-1,-1,-1
163,4,1114,230,192,165,1,-1,-1,-1
164,4,1114,225,188,162,1,-1,-1,-1
165,4,1110,220,188,161,1,-1,-1,-1
166,4,1107,217,188,161,1,-1,-1,-1
167,4,1106,214,187,160,1,-1,-1,-1
168,4,1105,209,185,159,1,-1,-1,-1
169,4,1105,205,182,157,1,-1,-1,-1
170,4,1101,202,183,157,1,-1,-1,-1
171,4,1101,197,181,156,1,-1,-1,-1
172,4,1101,193,179,155,1,-1,-1,-1
173,4,1101,190,176,152,1,-1,-1,-1
174,4,1102,188,171,148,1,-1,-1,-1
175,4,1100,185,169,146,1,-1,-1,-1
176,4,1098,183,167,145,1,-1,-1,-1
177,4,1097,179,167,145,1,-1,-1,-1
178,4,1098,178,165,143,1,-1,-1,-1
179,4,1100,175,161,141,1,-1,-1,-1
180,4,1098,172,160,140,1,-1,-1,-1
181,4,1100,169,158,139,1,-1,-1,-1
182,4,1099,165,159,139,1,-1,-1,-1
183,4,1098,160,159,139,1,-1,-1,-1
184,4,1098,156,159,140,1,-1,-1,-1
185,4,1103,153,157,138,1,-1,-1,-1
186,4,1106,149,157,139,1,-1,-1,-1
187,4,1110,149,153,135,1,-1,-1,-1
188,4,1113,148,151,134,1,-1,-1,-1
189,4,1117,145,154,135,1,-1,-1,-1
190,4,1123,140,154,136,1,-1,-1,-1
191,4,1127,139,156,138,1,-1,-1,-1
192,4,1129,136,157,139,1,-1,-1,-1
193,4,1138,132,155,137,1,-1,-1,-1
194,4,1146,128,154,137,1,-1,-1,-1
195,4,1154,127,152,134,1,-1,-1,-1
196,4,1163,126,150,131,1,-1,-1,-1
197,4,1175,125,147,129,1,-1,-1,-1
198,4,1184,124,144,127,1,-1,-1,-1
199,4,1190,122,142,125,1,-1,-1,-1
206,4,1260,98,147,128,1,-1,-1,-1
207,4,1270,95,147,128,1,-1,-1,-1
208,4,1279,92,147,128,1,-1,-1,-1
209,4,1288,89,146,128,1,-1,-1,-1
187,5,1536,676,359,346,1,-1,-1,-1
188,5,1532,665,349,336,1,-1,-1,-1
189,5,1535,652,349,336,1,-1,-1,-1
190,5,1531,641,347,334,1,-1,-1,-1
191,5,1526,633,343,329,1,-1,-1,-1
192,5,1519,624,338,323,1,-1,-1,-1
193,5,1513,619,328,312,1,-1,-1,-1
194,5,1501,612,324,307,1,-1,-1,-1
195,5,1489,604,322,304,1,-1,-1,-1
196,5,1478,594,321,301,1,-1,-1,-1
197,5,1467,583,318,297,1,-1,-1,-1
198,5,1458,574,316,292,1,-1,-1,-1
199,5,1449,566,314,289,1,-1,-1,-1
200,5,1440,557,313,286,1,-1,-1,-1
201,5,1433,551,309,280,1,-1,-1,-1
202,5,1425,547,303,272,1,-1,-1,-1
203,5,1413,541,301,269,1,-1,-1,-1
204,5,1404,536,298,264,1,-1,-1,-1
205,5,1398,529,293,259,1,-1,-1,-1
206,5,1386,520,293,258,1,-1,-1,-1
207,5,1375,513,290,254,1,-1,-1,-1
208,5,1366,508,287,249,1,-1,-1,-1
209,5,1356,501,285,247,1,-1,-1,-1
210,5,1351,496,279,241,1,-1,-1,-1
211,5,1343,491,274,236,1,-1,-1,-1
212,5,1334,483,274,235,1,-1,-1,-1
213,5,1324,477,271,232,1,-1,-1,-1
214,5,1317,472,265,227,1,-1,-1,-1
215,5,1307,464,265,226,1,-1,-1,-1
216,5,1298,459,261,222,1,-1,-1,-1
217,5,1288,451,261,222,1,-1,-1,-1
218,5,1278,446,258,218,1,-1,-1,-1
219,5,1272,439,256,217,1,-1,-1,-1
220,5,1267,435,251,213,1,-1,-1,-1
221,5,1261,429,249,211,1,-1,-1,-1
222,5,1257,423,244,206,1,-1,-1,-1
223,5,1250,414,242,205,1,-1,-1,-1
224,5,1246,408,239,201,1,-1,-1,-1
225,5,1242,403,236,199,1,-1,-1,-1
226,5,1237,398,231,194,1,-1,-1,-1
227,5,1233,392,228,191,1,-1,-1,-1
228,5,1229,384,225,190,1,-1,-1,-1
229,5,1226,379,220,185,1,-1,-1,-1
230,5,1222,373,218,183,1,-1,-1,-1
231,5,1216,365,219,184,1,-1,-1,-1
232,5,1214,360,215,181,1,-1,-1,-1
233,5,1210,354,214,180,1,-1,-1,-1
234,5,1206,347,209,177,1,-1,-1,-1
235,5,1201,338,208,175,1,-1,-1,-1
236,5,1196,330,207,175,1,-1,-1,-1
237,5,1193,325,204,172,1,-1,-1,-1
238,5,1192,320,200,170,1,-1,-1,-1
239,5,1191,315,196,166,1,-1,-1,-1
240,5,1189,310,194,165,1,-1,-1,-1
241,5,1189,306,190,161,1,-1,-1,-1
242,5,1185,299,190,161,1,-1,-1,-1
243,5,1180,293,189,161,1,-1,-1,-1
244,5,1177,289,187,159,1,-1,-1,-1
245,5,1176,285,184,157,1,-1,-1,-1
246,5,1174,281,180,153,1,-1,-1,-1
247,5,1171,277,178,152,1,-1,-1,-1
248,5,1167,272,179,151,1,-1,-1,-1
249,5,1163,266,178,153,1,-1,-1,-1
250,5,1160,261,177,151,1,-1,-1,-1
251,5,1157,256,176,150,1,-1,-1,-1
252,5,1155,251,173,148,1,-1,-1,-1
253,5,1151,246,173,149,1,-1,-1,-1
254,5,1150,243,170,145,1,-1,-1,-1
255,5,1148,239,167,143,1,-1,-1,-1
256,5,1145,235,165,141,1,-1,-1,-1
257,5,1142,231,163,141,1,-1,-1,-1
258,5,1139,229,163,140,1,-1,-1,-1
259,5,1136,225,163,140,1,-1,-1,-1
260,5,1134,220,161,139,1,-1,-1,-1
261,5,1132,216,160,137,1,-1,-1,-1
262,5,1128,211,158,137,1,-1,-1,-1
263,5,1124,208,158,137,1,-1,-1,-1
264,5,1122,206,158,136,1,-1,-1,-1
265,5,1120,202,158,136,1,-1,-1,-1
266,5,1118,197,157,136,1,-1,-1,-1
267,5,1115,193,157,136,1,-1,-1,-1
268,5,1112,189,156,135,1,-1,-1,-1
269,5,1111,187,154,134,1,-1,-1,-1
270,5,1110,184,152,132,1,-1,-1,-1
271,5,1109,181,150,131,1,-1,-1,-1
272,5,1109,178,148,130,1,-1,-1,-1
273,5,1108,175,148,130,1,-1,-1,-1
274,5,1108,172,146,129,1,-1,-1,-1
275,5,1108,169,145,127,1,-1,-1,-1
276,5,1110,167,144,127,1,-1,-1,-1
277,5,1112,164,142,126,1,-1,-1,-1
278,5,1114,161,142,126,1,-1,-1,-1
279,5,1116,158,143,126,1,-1,-1,-1
280,5,1120,156,140,124,1,-1,-1,-1
281,5,1125,153,139,123,1,-1,-1,-1
282,5,1128,150,139,124,1,-1,-1,-1
283,5,1131,147,140,125,1,-1,-1,-1
284,5,1137,145,140,124,1,-1,-1,-1
285,5,1145,144,136,122,1,-1,-1,-1
286,5,1151,144,135,119,1,-1,-1,-1
287,5,1158,141,133,118,1,-1,-1,-1
288,5,1166,139,133,117,1,-1,-1,-1
289,5,1176,137,130,114,1,-1,-1,-1
290,5,1185,135,130,114,1,-1,-1,-1
291,5,1193,133,131,115,1,-1,-1,-1
292,5,1203,131,131,114,1,-1,-1,-1
293,5,1210,128,132,114,1,-1,-1,-1
294,5,1219,126,133,114,1,-1,-1,-1
295,5,1226,123,134,114,1,-1,-1,-1
296,5,1238,123,131,112,1,-1,-1,-1
297,5,1249,120,132,112,1,-1,-1,-1
298,5,1258,118,133,112,1,-1,-1,-1
299,5,1267,115,133,112,1,-1,-1,-1
300,5,1278,112,132,111,1,-1,-1,-1
301,5,1289,108,132,112,1,-1,-1,-1
302,5,1298,105,132,111,1,-1,-1,-1
303,5,1309,104,131,109,1,-1,-1,-1
304,5,1319,101,131,109,1,-1,-1,-1
305,5,1328,99,130,108,1,-1,-1,-1
306,5,1335,102,130,107,1,-1,-1,-1
307,5,1342,101,130,108,1,-1,-1,-1
308,5,1350,99,130,108,1,-1,-1,-1
197,6,946,45,231,157,1,-1,-1,-1
198,6,932,46,231,158,1,-1,-1,-1
199,6,919,46,233,160,1,-1,-1,-1
200,6,907,46,236,161,1,-1,-1,-1
201,6,892,45,239,163,1,-1,-1,-1
202,6,877,46,242,166,1,-1,-1,-1
203,6,863,46,245,167,1,-1,-1,-1
204,6,851,47,245,168,1,-1,-1,-1
205,6,837,48,246,169,1,-1,-1,-1
206,6,824,51,246,168,1,-1,-1,-1
207,6,814,53,244,168,1,-1,-1,-1
208,6,802,54,245,169,1,-1,-1,-1
209,6,791,55,244,169,1,-1,-1,-1
210,6,778,58,245,169,1,-1,-1,-1
211,6,766,60,245,169,1,-1,-1,-1
212,6,756,61,244,170,1,-1,-1,-1
213,6,745,62,246,171,1,-1,-1,-1
214,6,737,61,248,173,1,-1,-1,-1
215,6,727,62,250,174,1,-1,-1,-1
216,6,721,64,249,174,1,-1,-1,-1
217,6,710,65,249,174,1,-1,-1,-1
218,6,700,66,250,175,1,-1,-1,-1
219,6,689,67,251,176,1,-1,-1,-1
220,6,678,66,255,179,1,-1,-1,-1
221,6,670,66,257,182,1,-1,-1,-1
222,6,663,67,257,183,1,-1,-1,-1
223,6,654,67,258,185,1,-1,-1,-1
224,6,646,72,255,182,1,-1,-1,-1
225,6,642,76,253,182,1,-1,-1,-1
226,6,635,79,252,182,1,-1,-1,-1
227,6,626,80,252,183,1,-1,-1,-1
228,6,614,85,253,185,1,-1,-1,-1
229,6,604,88,253,185,1,-1,-1,-1
230,6,595,90,254,186,1,-1,-1,-1
246,6,520,119,287,214,1,-1,-1,-1
247,6,519,121,281,215,1,-1,-1,-1
248,6,515,123,281,219,1,-1,-1,-1
249,6,515,126,277,220,1,-1,-1,-1
250,6,515,128,272,221,1,-1,-1,-1
251,6,514,131,271,224,1,-1,-1,-1
252,6,512,133,269,225,1,-1,-1,-1
253,6,511,136,266,226,1,-1,-1,-1
254,6,510,136,265,230,1,-1,-1,-1
255,6,510,138,264,230,1,-1,-1,-1
256,6,508,141,263,233,1,-1,-1,-1
257,6,506,143,262,235,1,-1,-1,-1
258,6,504,147,262,237,1,-1,-1,-1
259,6,504,151,262,239,1,-1,-1,-1
260,6,502,154,262,241,1,-1,-1,-1
261,6,502,157,259,241,1,-1,-1,-1
262,6,501,157,260,245,1,-1,-1,-1
263,6,500,158,261,247,1,-1,-1,-1
264,6,493,156,267,255,1,-1,-1,-1
265,6,486,157,271,261,1,-1,-1,-1
266,6,483,161,266,259,1,-1,-1,-1
267,6,480,167,267,260,1,-1,-1,-1
268,6,479,173,261,257,1,-1,-1,-1
269,6,478,178,257,254,1,-1,-1,-1
270,6,470,180,260,257,1,-1,-1,-1
271,6,465,183,264,262,1,-1,-1,-1
272,6,461,187,267,267,1,-1,-1,-1
273,6,455,190,272,272,1,-1,-1,-1
274,6,449,192,279,280,1,-1,-1,-1
275,6,444,196,281,282,1,-1,-1,-1
276,6,443,199,280,282,1,-1,-1,-1
277,6,443,203,276,280,1,-1,-1,-1
278,6,438,208,276,281,1,-1,-1,-1
279,6,430,213,278,283,1,-1,-1,-1
280,6,419,216,285,292,1,-1,-1,-1
281,6,412,220,293,300,1,-1,-1,-1
282,6,407,223,296,304,1,-1,-1,-1
283,6,401,222,298,308,1,-1,-1,-1
284,6,398,226,300,311,1,-1,-1,-1
285,6,392,229,306,317,1,-1,-1,-1
286,6,386,232,306,318,1,-1,-1,-1
287,6,380,237,309,321,1,-1,-1,-1
288,6,373,240,317,330,1,-1,-1,-1
289,6,370,246,318,332,1,-1,-1,-1
290,6,365,249,322,336,1,-1,-1,-1
291,6,356,249,329,345,1,-1,-1,-1
292,6,349,252,333,350,1,-1,-1,-1
293,6,343,258,335,353,1,-1,-1,-1
294,6,337,259,344,361,1,-1,-1,-1
295,6,334,263,346,365,1,-1,-1,-1
296,6,332,272,343,364,1,-1,-1,-1
297,6,331,280,337,358,1,-1,-1,-1
298,6,322,284,338,359,1,-1,-1,-1
299,6,319,290,343,365,1,-1,-1,-1
300,6,313,297,350,373,1,-1,-1,-1
301,6,312,303,351,375,1,-1,-1,-1
302,6,308,310,350,373,1,-1,-1,-1
303,6,301,315,352,374,1,-1,-1,-1
304,6,293,321,356,378,1,-1,-1,-1
305,6,286,326,360,382,1,-1,-1,-1
306,6,282,333,362,383,1,-1,-1,-1
307,6,274,334,369,390,1,-1,-1,-1
308,6,264,335,375,396,1,-1,-1,-1
254,7,1024,723,483,316,1,-1,-1,-1
255,7,1025,711,479,314,1,-1,-1,-1
256,7,1025,700,478,313,1,-1,-1,-1
257,7,1028,692,466,307,1,-1,-1,-1
258,7,1033,681,457,300,1,-1,-1,-1
259,7,1038,670,448,296,1,-1,-1,-1
260,7,1039,661,436,289,1,-1,-1,-1
261,7,1042,654,425,283,1,-1,-1,-1
262,7,1040,648,414,277,1,-1,-1,-1
263,7,1046,642,398,268,1,-1,-1,-1
264,7,1043,633,394,265,1,-1,-1,-1
265,7,1045,624,387,263,1,-1,-1,-1
266,7,1043,612,381,260,1,-1,-1,-1
267,7,1038,603,371,255,1,-1,-1,-1
268,7,1038,594,362,251,1,-1,-1,-1
269,7,1031,588,353,244,1,-1,-1,-1
270,7,1027,581,346,240,1,-1,-1,-1
271,7,1026,571,341,239,1,-1,-1,-1
272,7,1027,565,329,232,1,-1,-1,-1
273,7,1020,561,322,227,1,-1,-1,-1
274,7,1016,552,320,227,1,-1,-1,-1
275,7,1014,543,316,226,1,-1,-1,-1
276,7,1013,538,305,219,1,-1,-1,-1
277,7,1011,528,302,218,1,-1,-1,-1
278,7,1011,521,298,216,1,-1,-1,-1
279,7,1009,517,290,211,1,-1,-1,-1
280,7,1007,511,283,207,1,-1,-1,-1
281,7,1004,504,279,203,1,-1,-1,-1
284,7,1003,487,266,196,1,-1,-1,-1
285,7,1005,479,264,196,1,-1,-1,-1
286,7,1004,473,262,195,1,-1,-1,-1
287,7,1004,468,255,191,1,-1,-1,-1
288,7,1008,463,247,185,1,-1,-1,-1
289,7,1007,458,243,183,1,-1,-1,-1
290,7,1009,454,241,181,1,-1,-1,-1
291,7,1009,449,237,180,1,-1,-1,-1
292,7,1009,441,236,179,1,-1,-1,-1
293,7,1008,433,233,178,1,-1,-1,-1
294,7,1011,428,226,172,1,-1,-1,-1
295,7,1016,421,225,171,1,-1,-1,-1
296,7,1019,414,221,169,1,-1,-1,-1
297,7,1019,408,219,167,1,-1,-1,-1
299,7,1036,395,222,170,1,-1,-1,-1
300,7,1042,388,221,170,1,-1,-1,-1
301,7,1051,380,218,168,1,-1,-1,-1
302,7,1058,374,217,168,1,-1,-1,-1
303,7,1067,369,216,167,1,-1,-1,-1
304,7,1077,366,211,165,1,-1,-1,-1
305,7,1086,363,205,159,1,-1,-1,-1
306,7,1094,354,204,159,1,-1,-1,-1
307,7,1104,346,204,160,1,-1,-1,-1
308,7,1114,342,199,157,1,-1,-1,-1
288,8,1114,76,133,102,1,-1,-1,-1
289,8,1100,80,131,99,1,-1,-1,-1
290,8,1087,83,128,97,1,-1,-1,-1
291,8,1070,85,129,99,1,-1,-1,-1
292,8,1052,83,136,104,1,-1,-1,-1
293,8,1035,84,140,107,1,-1,-1,-1
294,8,1018,86,140,107,1,-1,-1,-1
295,8,1005,91,135,104,1,-1,-1,-1
296,8,992,95,133,102,1,-1,-1,-1
297,8,977,97,135,103,1,-1,-1,-1
298,8,961,99,138,105,1,-1,-1,-1
299,8,945,101,139,105,1,-1,-1,-1
300,8,932,103,138,106,1,-1,-1,-1
301,8,917,105,138,105,1,-1,-1,-1
302,8,902,108,137,104,1,-1,-1,-1
303,8,888,109,138,105,1,-1,-1,-1
304,8,873,111,139,106,1,-1,-1,-1
305,8,859,112,141,107,1,-1,-1,-1
306,8,843,112,143,110,1,-1,-1,-1
307,8,827,114,144,110,1,-1,-1,-1
308,8,811,115,147,112,1,-1,-1,-1
