164,47,807,630,335,290,1,-1,-1,-1
165,47,817,603,322,277,1,-1,-1,-1
166,47,831,578,309,266,1,-1,-1,-1
167,47,845,555,293,253,1,-1,-1,-1
168,47,856,535,278,240,1,-1,-1,-1
169,47,861,515,272,235,1,-1,-1,-1
170,47,868,496,265,228,1,-1,-1,-1
171,47,872,479,260,224,1,-1,-1,-1
172,47,877,464,254,218,1,-1,-1,-1
173,47,883,450,247,212,1,-1,-1,-1
174,47,890,435,247,212,1,-1,-1,-1
175,47,897,425,239,204,1,-1,-1,-1
176,47,897,411,235,201,1,-1,-1,-1
177,47,905,402,226,194,1,-1,-1,-1
178,47,909,391,223,190,1,-1,-1,-1
179,47,915,382,217,185,1,-1,-1,-1
180,47,922,374,212,179,1,-1,-1,-1
181,47,927,367,204,172,1,-1,-1,-1
182,47,931,359,200,169,1,-1,-1,-1
183,47,931,348,200,169,1,-1,-1,-1
184,47,933,340,197,165,1,-1,-1,-1
185,47,937,332,194,163,1,-1,-1,-1
186,47,939,323,192,161,1,-1,-1,-1
187,47,942,315,190,159,1,-1,-1,-1
188,47,945,308,187,156,1,-1,-1,-1
189,47,948,300,184,154,1,-1,-1,-1
190,47,951,294,180,151,1,-1,-1,-1
191,47,953,289,177,147,1,-1,-1,-1
192,47,955,283,174,145,1,-1,-1,-1
193,47,956,277,172,143,1,-1,-1,-1
194,47,958,271,169,140,1,-1,-1,-1
195,47,961,267,165,137,1,-1,-1,-1
196,47,962,262,164,136,1,-1,-1,-1
197,47,962,257,161,134,1,-1,-1,-1
198,47,962,253,161,133,1,-1,-1,-1
199,47,963,248,158,131,1,-1,-1,-1
200,47,963,244,157,129,1,-1,-1,-1
201,47,965,240,154,127,1,-1,-1,-1
202,47,966,235,152,126,1,-1,-1,-1
203,47,967,229,152,126,1,-1,-1,-1
204,47,967,225,150,124,1,-1,-1,-1
205,47,967,221,148,123,1,-1,-1,-1
206,47,967,218,146,120,1,-1,-1,-1
207,47,968,215,144,119,1,-1,-1,-1
208,47,970,212,141,117,1,-1,-1,-1
209,47,972,209,139,115,1,-1,-1,-1
210,47,971,205,140,115,1,-1,-1,-1
211,47,971,201,140,115,1,-1,-1,-1
212,47,971,197,140,115,1,-1,-1,-1
213,47,973,194,136,112,1,-1,-1,-1
214,47,975,192,134,111,1,-1,-1,-1
215,47,977,191,131,108,1,-1,-1,-1
216,47,979,189,128,106,1,-1,-1,-1
217,47,980,188,126,103,1,-1,-1,-1
218,47,981,185,124,101,1,-1,-1,-1
219,47,983,184,122,100,1,-1,-1,-1
220,47,985,183,120,98,1,-1,-1,-1
221,47,986,180,120,98,1,-1,-1,-1
222,47,985,176,123,99,1,-1,-1,-1
223,47,984,169,127,102,1,-1,-1,-1
224,47,982,164,130,104,1,-1,-1,-1
225,47,981,160,131,105,1,-1,-1,-1
226,47,982,158,130,105,1,-1,-1,-1
227,47,985,158,127,102,1,-1,-1,-1
228,47,986,157,125,99,1,-1,-1,-1
229,47,988,156,122,98,1,-1,-1,-1
230,47,989,155,120,97,1,-1,-1,-1
231,47,990,155,118,96,1,-1,-1,-1
232,47,992,154,114,93,1,-1,-1,-1
233,47,992,152,113,92,1,-1,-1,-1
234,47,992,150,112,91,1,-1,-1,-1
235,47,991,148,113,92,1,-1,-1,-1
236,47,991,147,112,92,1,-1,-1,-1
237,47,993,146,110,90,1,-1,-1,-1
238,47,993,144,109,90,1,-1,-1,-1
239,47,995,144,105,87,1,-1,-1,-1
240,47,995,142,105,87,1,-1,-1,-1
241,47,995,141,105,86,1,-1,-1,-1
242,47,995,139,105,86,1,-1,-1,-1
243,47,994,138,104,85,1,-1,-1,-1
244,47,995,136,102,85,1,-1,-1,-1
245,47,995,135,101,83,1,-1,-1,-1
273,4,778,647,376,296,1,-1,-1,-1
274,4,785,620,361,285,1,-1,-1,-1
275,4,798,593,348,274,1,-1,-1,-1
276,4,807,568,338,267,1,-1,-1,-1
277,4,815,546,326,258,1,-1,-1,-1
278,4,829,527,310,246,1,-1,-1,-1
279,4,840,508,296,236,1,-1,-1,-1
280,4,848,492,288,230,1,-1,-1,-1
281,4,856,477,278,223,1,-1,-1,-1
282,4,864,465,271,216,1,-1,-1,-1
283,4,874,451,260,208,1,-1,-1,-1
284,4,881,439,247,199,1,-1,-1,-1
285,4,885,427,243,197,1,-1,-1,-1
286,4,888,415,240,194,1,-1,-1,-1
287,4,895,403,232,190,1,-1,-1,-1
288,4,897,392,230,189,1,-1,-1,-1
289,4,902,382,225,185,1,-1,-1,-1
290,4,904,374,221,182,1,-1,-1,-1
291,4,908,365,215,179,1,-1,-1,-1
292,4,912,356,209,175,1,-1,-1,-1
293,4,914,349,205,171,1,-1,-1,-1
294,4,918,341,200,168,1,-1,-1,-1
295,4,924,335,193,162,1,-1,-1,-1
296,4,926,326,191,162,1,-1,-1,-1
297,4,926,318,191,162,1,-1,-1,-1
298,4,928,311,188,159,1,-1,-1,-1
299,4,930,305,185,158,1,-1,-1,-1
300,4,933,300,181,154,1,-1,-1,-1
301,4,939,294,176,151,1,-1,-1,-1
302,4,942,288,175,151,1,-1,-1,-1
303,4,944,284,171,147,1,-1,-1,-1
304,4,947,278,167,145,1,-1,-1,-1
305,4,948,273,165,143,1,-1,-1,-1
306,4,951,268,162,140,1,-1,-1,-1
307,4,954,263,159,138,1,-1,-1,-1
308,4,957,258,157,136,1,-1,-1,-1
36,12,839,631,324,278,1,-1,-1,-1
37,12,846,603,315,269,1,-1,-1,-1
38,12,853,579,302,259,1,-1,-1,-1
39,12,859,558,296,254,1,-1,-1,-1
40,12,865,536,291,250,1,-1,-1,-1
41,12,874,520,285,244,1,-1,-1,-1
42,12,878,503,278,239,1,-1,-1,-1
43,12,883,489,269,231,1,-1,-1,-1
44,12,889,477,261,225,1,-1,-1,-1
45,12,894,462,256,220,1,-1,-1,-1
46,12,898,449,251,216,1,-1,-1,-1
47,12,902,436,247,213,1,-1,-1,-1
48,12,911,426,239,207,1,-1,-1,-1
49,12,917,417,232,201,1,-1,-1,-1
50,12,921,407,227,197,1,-1,-1,-1
51,12,923,398,222,193,1,-1,-1,-1
52,12,926,390,217,187,1,-1,-1,-1
53,12,930,381,213,185,1,-1,-1,-1
54,12,935,375,208,180,1,-1,-1,-1
55,12,939,367,206,179,1,-1,-1,-1
56,12,943,360,201,175,1,-1,-1,-1
57,12,945,352,196,172,1,-1,-1,-1
58,12,946,344,195,171,1,-1,-1,-1
59,12,948,337,191,168,1,-1,-1,-1
60,12,952,332,186,164,1,-1,-1,-1
61,12,954,325,184,161,1,-1,-1,-1
62,12,957,319,181,160,1,-1,-1,-1
63,12,959,313,180,159,1,-1,-1,-1
64,12,961,307,176,156,1,-1,-1,-1
65,12,962,302,174,154,1,-1,-1,-1
66,12,964,296,170,152,1,-1,-1,-1
67,12,967,291,167,150,1,-1,-1,-1
68,12,971,287,165,147,1,-1,-1,-1
69,12,974,282,162,145,1,-1,-1,-1
70,12,975,278,159,143,1,-1,-1,-1
71,12,975,272,159,143,1,-1,-1,-1
72,12,976,268,157,141,1,-1,-1,-1
73,12,977,264,153,137,1,-1,-1,-1
74,12,979,260,151,135,1,-1,-1,-1
75,12,981,256,150,135,1,-1,-1,-1
76,12,982,251,151,136,1,-1,-1,-1
77,12,983,248,147,132,1,-1,-1,-1
78,12,984,244,144,130,1,-1,-1,-1
79,12,983,241,142,128,1,-1,-1,-1
80,12,985,238,139,125,1,-1,-1,-1
81,12,986,233,139,126,1,-1,-1,-1
82,12,988,230,138,124,1,-1,-1,-1
83,12,988,227,137,123,1,-1,-1,-1
84,12,989,225,133,119,1,-1,-1,-1
85,12,989,223,130,116,1,-1,-1,-1
86,12,989,219,129,116,1,-1,-1,-1
87,12,991,216,128,115,1,-1,-1,-1
88,12,992,213,128,115,1,-1,-1,-1
89,12,992,210,129,115,1,-1,-1,-1
90,12,992,207,129,115,1,-1,-1,-1
91,12,991,203,128,114,1,-1,-1,-1
92,12,991,200,127,113,1,-1,-1,-1
93,12,992,199,124,110,1,-1,-1,-1
94,12,993,197,122,110,1,-1,-1,-1
95,12,994,196,121,108,1,-1,-1,-1
96,12,994,194,120,107,1,-1,-1,-1
97,12,993,191,119,106,1,-1,-1,-1
98,12,993,189,117,104,1,-1,-1,-1
99,12,994,187,115,102,1,-1,-1,-1
100,12,995,186,114,100,1,-1,-1,-1
101,12,997,186,112,98,1,-1,-1,-1
102,12,998,184,112,98,1,-1,-1,-1
103,12,998,182,111,98,1,-1,-1,-1
104,12,997,180,112,97,1,-1,-1,-1
105,12,996,177,112,97,1,-1,-1,-1
106,12,996,175,111,96,1,-1,-1,-1
107,12,996,172,111,97,1,-1,-1,-1
108,12,997,170,111,96,1,-1,-1,-1
109,12,998,169,110,95,1,-1,-1,-1
110,12,999,167,109,95,1,-1,-1,-1
111,12,999,165,109,94,1,-1,-1,-1
112,12,999,163,108,94,1,-1,-1,-1
113,12,999,161,108,93,1,-1,-1,-1
114,12,999,159,109,94,1,-1,-1,-1
115,12,1000,158,108,93,1,-1,-1,-1
116,12,1001,157,106,92,1,-1,-1,-1
117,12,1000,155,106,91,1,-1,-1,-1
118,12,1000,153,105,90,1,-1,-1,-1
119,12,998,151,107,91,1,-1,-1,-1
120,12,998,149,107,91,1,-1,-1,-1
121,12,998,148,107,92,1,-1,-1,-1
122,12,1000,147,105,90,1,-1,-1,-1
123,12,1001,145,104,90,1,-1,-1,-1
124,12,1001,144,103,89,1,-1,-1,-1
125,12,1001,143,102,88,1,-1,-1,-1
126,12,1001,141,101,87,1,-1,-1,-1
127,12,1001,139,100,87,1,-1,-1,-1
128,12,1002,139,102,87,1,-1,-1,-1
129,12,1003,138,101,87,1,-1,-1,-1
130,12,1003,137,100,86,1,-1,-1,-1
152,12,851,125,124,108,1,-1,-1,-1
153,12,846,126,125,109,1,-1,-1,-1
154,12,844,127,126,110,1,-1,-1,-1
155,12,843,128,126,111,1,-1,-1,-1
156,12,841,130,128,113,1,-1,-1,-1
157,12,839,132,128,114,1,-1,-1,-1
158,12,837,135,129,114,1,-1,-1,-1
159,12,836,137,129,114,1,-1,-1,-1
160,12,834,138,131,116,1,-1,-1,-1
161,12,834,140,131,117,1,-1,-1,-1
162,12,833,142,131,117,1,-1,-1,-1
163,12,830,145,132,118,1,-1,-1,-1
164,12,828,146,134,120,1,-1,-1,-1
165,12,825,147,136,122,1,-1,-1,-1
166,12,824,150,134,121,1,-1,-1,-1
167,12,822,153,135,123,1,-1,-1,-1
168,12,821,157,136,123,1,-1,-1,-1
169,12,818,159,137,124,1,-1,-1,-1
170,12,815,161,139,127,1,-1,-1,-1
171,12,811,163,142,128,1,-1,-1,-1
172,12,808,164,143,130,1,-1,-1,-1
173,12,806,166,145,131,1,-1,-1,-1
174,12,804,170,145,132,1,-1,-1,-1
175,12,801,173,147,134,1,-1,-1,-1
176,12,797,176,150,136,1,-1,-1,-1
177,12,795,180,150,136,1,-1,-1,-1
178,12,792,184,151,137,1,-1,-1,-1
179,12,788,187,152,138,1,-1,-1,-1
180,12,785,190,154,140,1,-1,-1,-1
181,12,781,194,156,142,1,-1,-1,-1
182,12,776,197,161,145,1,-1,-1,-1
183,12,771,199,164,149,1,-1,-1,-1
184,12,766,202,166,151,1,-1,-1,-1
185,12,761,205,169,153,1,-1,-1,-1
186,12,757,210,171,155,1,-1,-1,-1
187,12,754,215,173,157,1,-1,-1,-1
188,12,749,220,175,159,1,-1,-1,-1
189,12,744,225,178,161,1,-1,-1,-1
190,12,740,229,179,163,1,-1,-1,-1
191,12,735,234,182,165,1,-1,-1,-1
192,12,727,239,186,169,1,-1,-1,-1
193,12,722,244,190,172,1,-1,-1,-1
194,12,716,250,194,175,1,-1,-1,-1
195,12,710,256,197,178,1,-1,-1,-1
196,12,702,262,200,181,1,-1,-1,-1
197,12,694,267,205,186,1,-1,-1,-1
198,12,686,273,210,190,1,-1,-1,-1
199,12,678,278,215,194,1,-1,-1,-1
200,12,670,286,220,198,1,-1,-1,-1
201,12,663,294,224,202,1,-1,-1,-1
202,12,654,301,231,208,1,-1,-1,-1
203,12,646,309,236,214,1,-1,-1,-1
204,12,636,319,240,216,1,-1,-1,-1
205,12,625,327,244,221,1,-1,-1,-1
206,12,614,335,249,226,1,-1,-1,-1
207,12,603,344,256,232,1,-1,-1,-1
208,12,590,354,264,238,1,-1,-1,-1
209,12,577,363,275,249,1,-1,-1,-1
210,12,562,374,285,257,1,-1,-1,-1
211,12,549,386,289,262,1,-1,-1,-1
212,12,534,400,294,266,1,-1,-1,-1
213,12,518,413,303,274,1,-1,-1,-1
214,12,500,426,314,283,1,-1,-1,-1
215,12,481,438,324,294,1,-1,-1,-1
216,12,458,454,335,302,1,-1,-1,-1
217,12,435,468,348,315,1,-1,-1,-1
218,12,411,482,364,328,1,-1,-1,-1
219,12,385,499,380,343,1,-1,-1,-1
220,12,357,518,396,357,1,-1,-1,-1
221,12,328,539,411,370,1,-1,-1,-1
222,12,296,564,426,384,1,-1,-1,-1
223,12,258,588,445,401,1,-1,-1,-1
224,12,219,615,465,418,1,-1,-1,-1
225,12,183,646,471,424,1,-1,-1,-1
226,12,154,669,481,431,1,-1,-1,-1
227,12,131,686,491,442,1,-1,-1,-1
226,16,844,141,101,92,1,-1,-1,-1
227,16,844,142,102,93,1,-1,-1,-1
228,16,843,144,104,95,1,-1,-1,-1
229,16,842,145,105,96,1,-1,-1,-1
230,16,840,147,105,96,1,-1,-1,-1
231,16,838,149,106,96,1,-1,-1,-1
232,16,836,150,106,97,1,-1,-1,-1
233,16,834,152,108,98,1,-1,-1,-1
234,16,833,153,109,99,1,-1,-1,-1
235,16,832,155,110,100,1,-1,-1,-1
236,16,831,157,110,100,1,-1,-1,-1
237,16,829,158,112,101,1,-1,-1,-1
238,16,827,159,113,102,1,-1,-1,-1
239,16,825,161,114,102,1,-1,-1,-1
240,16,822,163,115,102,1,-1,-1,-1
241,16,821,164,115,104,1,-1,-1,-1
242,16,820,167,116,103,1,-1,-1,-1
243,16,819,169,116,103,1,-1,-1,-1
244,16,817,171,116,103,1,-1,-1,-1
245,16,815,174,117,103,1,-1,-1,-1
246,16,814,177,116,103,1,-1,-1,-1
247,16,814,179,116,103,1,-1,-1,-1
248,16,813,181,117,104,1,-1,-1,-1
249,16,811,183,121,106,1,-1,-1,-1
250,16,808,185,123,107,1,-1,-1,-1
251,16,805,185,125,110,1,-1,-1,-1
252,16,803,186,127,111,1,-1,-1,-1
253,16,801,188,128,111,1,-1,-1,-1
254,16,800,189,128,112,1,-1,-1,-1
255,16,799,193,128,110,1,-1,-1,-1
256,16,797,195,128,111,1,-1,-1,-1
257,16,795,197,130,114,1,-1,-1,-1
258,16,791,199,133,116,1,-1,-1,-1
259,16,788,201,137,118,1,-1,-1,-1
260,16,786,204,138,120,1,-1,-1,-1
261,16,783,206,141,122,1,-1,-1,-1
262,16,780,208,143,124,1,-1,-1,-1
263,16,777,212,143,124,1,-1,-1,-1
264,16,775,215,142,124,1,-1,-1,-1
265,16,773,219,143,125,1,-1,-1,-1
266,16,769,223,144,126,1,-1,-1,-1
267,16,766,226,145,126,1,-1,-1,-1
268,16,763,230,147,128,1,-1,-1,-1
269,16,760,233,149,130,1,-1,-1,-1
270,16,756,238,150,130,1,-1,-1,-1
271,16,754,243,148,129,1,-1,-1,-1
272,16,749,246,151,132,1,-1,-1,-1
273,16,745,250,152,134,1,-1,-1,-1
274,16,740,253,156,136,1,-1,-1,-1
275,16,736,258,157,137,1,-1,-1,-1
276,16,733,263,158,138,1,-1,-1,-1
277,16,729,268,158,138,1,-1,-1,-1
278,16,723,271,161,141,1,-1,-1,-1
279,16,717,274,165,144,1,-1,-1,-1
280,16,711,278,168,147,1,-1,-1,-1
281,16,705,283,171,149,1,-1,-1,-1
282,16,700,288,172,151,1,-1,-1,-1
283,16,695,294,174,152,1,-1,-1,-1
284,16,688,299,176,154,1,-1,-1,-1
285,16,680,304,181,158,1,-1,-1,-1
286,16,674,310,184,160,1,-1,-1,-1
287,16,667,316,187,163,1,-1,-1,-1
288,16,660,322,189,165,1,-1,-1,-1
289,16,653,329,191,167,1,-1,-1,-1
290,16,645,335,195,171,1,-1,-1,-1
291,16,637,342,199,174,1,-1,-1,-1
292,16,628,349,202,176,1,-1,-1,-1
293,16,620,357,205,178,1,-1,-1,-1
294,16,613,364,210,183,1,-1,-1,-1
295,16,606,373,211,184,1,-1,-1,-1
296,16,598,383,214,186,1,-1,-1,-1
297,16,589,393,215,187,1,-1,-1,-1
298,16,576,399,224,195,1,-1,-1,-1
299,16,564,408,230,199,1,-1,-1,-1
300,16,553,419,234,202,1,-1,-1,-1
301,16,542,429,240,208,1,-1,-1,-1
302,16,531,440,243,211,1,-1,-1,-1
303,16,517,451,250,217,1,-1,-1,-1
304,16,500,461,260,224,1,-1,-1,-1
305,16,483,471,269,232,1,-1,-1,-1
306,16,468,485,273,236,1,-1,-1,-1
307,16,452,500,281,241,1,-1,-1,-1
308,16,432,512,291,250,1,-1,-1,-1
111,37,804,655,371,289,1,-1,-1,-1
112,37,816,626,362,282,1,-1,-1,-1
113,37,828,603,344,267,1,-1,-1,-1
114,37,839,578,335,261,1,-1,-1,-1
115,37,844,557,324,252,1,-1,-1,-1
116,37,851,536,311,242,1,-1,-1,-1
117,37,857,516,301,234,1,-1,-1,-1
118,37,863,498,290,226,1,-1,-1,-1
119,37,869,482,285,222,1,-1,-1,-1
120,37,876,467,275,216,1,-1,-1,-1
121,37,881,452,268,210,1,-1,-1,-1
122,37,886,440,265,207,1,-1,-1,-1
123,37,891,426,262,206,1,-1,-1,-1
124,37,895,415,256,200,1,-1,-1,-1
125,37,902,404,246,194,1,-1,-1,-1
126,37,908,394,239,189,1,-1,-1,-1
127,37,912,384,233,184,1,-1,-1,-1
128,37,915,376,228,180,1,-1,-1,-1
129,37,917,366,226,179,1,-1,-1,-1
130,37,921,357,221,175,1,-1,-1,-1
131,37,925,351,213,168,1,-1,-1,-1
132,37,926,343,212,167,1,-1,-1,-1
133,37,929,336,208,165,1,-1,-1,-1
134,37,931,329,205,163,1,-1,-1,-1
135,37,935,321,201,160,1,-1,-1,-1
136,37,938,315,197,157,1,-1,-1,-1
137,37,940,308,194,155,1,-1,-1,-1
138,37,940,302,190,152,1,-1,-1,-1
139,37,941,296,187,150,1,-1,-1,-1
140,37,942,290,187,151,1,-1,-1,-1
141,37,944,285,183,148,1,-1,-1,-1
142,37,947,281,177,143,1,-1,-1,-1
143,37,948,276,176,142,1,-1,-1,-1
144,37,950,269,174,142,1,-1,-1,-1
145,37,952,265,169,138,1,-1,-1,-1
146,37,955,261,164,135,1,-1,-1,-1
147,37,956,257,162,132,1,-1,-1,-1
148,37,958,253,160,131,1,-1,-1,-1
149,37,961,249,157,129,1,-1,-1,-1
150,37,963,245,155,127,1,-1,-1,-1
151,37,963,239,153,127,1,-1,-1,-1
152,37,964,236,150,124,1,-1,-1,-1
153,37,963,233,149,123,1,-1,-1,-1
154,37,964,228,150,124,1,-1,-1,-1
155,37,967,224,147,122,1,-1,-1,-1
156,37,967,221,146,121,1,-1,-1,-1
157,37,968,217,144,120,1,-1,-1,-1
158,37,969,215,142,118,1,-1,-1,-1
159,37,969,211,142,118,1,-1,-1,-1
160,37,971,208,141,117,1,-1,-1,-1
161,37,972,204,141,117,1,-1,-1,-1
162,37,974,202,138,115,1,-1,-1,-1
163,37,973,199,139,115,1,-1,-1,-1
164,37,974,197,137,113,1,-1,-1,-1
165,37,975,195,134,110,1,-1,-1,-1
166,37,977,193,131,109,1,-1,-1,-1
167,37,981,192,128,107,1,-1,-1,-1
168,37,983,192,126,104,1,-1,-1,-1
169,37,984,189,126,105,1,-1,-1,-1
170,37,984,186,126,104,1,-1,-1,-1
171,37,983,183,127,105,1,-1,-1,-1
172,37,984,181,125,103,1,-1,-1,-1
173,37,985,179,123,102,1,-1,-1,-1
174,37,986,177,123,102,1,-1,-1,-1
175,37,987,175,124,102,1,-1,-1,-1
176,37,988,173,123,102,1,-1,-1,-1
177,37,987,170,123,102,1,-1,-1,-1
178,37,987,167,123,102,1,-1,-1,-1
179,37,986,164,124,103,1,-1,-1,-1
180,37,987,162,123,102,1,-1,-1,-1
181,37,988,160,122,101,1,-1,-1,-1
182,37,990,158,120,100,1,-1,-1,-1
183,37,991,157,118,98,1,-1,-1,-1
184,37,991,156,117,98,1,-1,-1,-1
185,37,991,155,116,96,1,-1,-1,-1
186,37,990,153,116,98,1,-1,-1,-1
187,37,991,151,116,98,1,-1,-1,-1
188,37,992,150,115,97,1,-1,-1,-1
189,37,992,148,115,97,1,-1,-1,-1
190,37,992,147,114,96,1,-1,-1,-1
191,37,991,145,113,96,1,-1,-1,-1
192,37,991,143,112,95,1,-1,-1,-1
193,37,991,142,111,94,1,-1,-1,-1
