185,76,972,61,122,104,1,-1,-1,-1
186,76,971,61,124,105,1,-1,-1,-1
187,76,973,64,121,103,1,-1,-1,-1
188,76,973,67,119,101,1,-1,-1,-1
189,76,972,68,119,101,1,-1,-1,-1
190,76,971,70,118,100,1,-1,-1,-1
191,76,969,70,119,101,1,-1,-1,-1
192,76,968,71,120,101,1,-1,-1,-1
193,76,968,72,121,102,1,-1,-1,-1
194,76,966,73,123,104,1,-1,-1,-1
195,76,964,74,125,105,1,-1,-1,-1
196,76,962,75,126,106,1,-1,-1,-1
197,76,962,77,126,106,1,-1,-1,-1
198,76,963,78,127,107,1,-1,-1,-1
199,76,964,80,125,107,1,-1,-1,-1
200,76,962,81,126,107,1,-1,-1,-1
201,76,959,82,127,108,1,-1,-1,-1
202,76,958,83,126,107,1,-1,-1,-1
203,76,958,84,126,108,1,-1,-1,-1
204,76,958,87,125,106,1,-1,-1,-1
205,76,958,89,125,105,1,-1,-1,-1
206,76,957,90,125,106,1,-1,-1,-1
207,76,955,92,125,106,1,-1,-1,-1
208,76,954,94,126,107,1,-1,-1,-1
209,76,954,96,128,108,1,-1,-1,-1
210,76,953,97,130,109,1,-1,-1,-1
211,76,953,98,129,110,1,-1,-1,-1
212,76,953,100,128,108,1,-1,-1,-1
213,76,952,101,129,109,1,-1,-1,-1
214,76,951,103,129,108,1,-1,-1,-1
215,76,952,106,128,108,1,-1,-1,-1
216,76,950,107,131,110,1,-1,-1,-1
217,76,948,107,133,112,1,-1,-1,-1
218,76,947,109,132,112,1,-1,-1,-1
219,76,947,111,131,111,1,-1,-1,-1
220,76,947,114,131,111,1,-1,-1,-1
221,76,945,116,133,112,1,-1,-1,-1
222,76,944,118,134,112,1,-1,-1,-1
223,76,943,119,134,113,1,-1,-1,-1
224,76,942,121,135,113,1,-1,-1,-1
225,76,940,123,136,114,1,-1,-1,-1
226,76,939,124,137,115,1,-1,-1,-1
227,76,938,126,139,116,1,-1,-1,-1
228,76,936,127,141,117,1,-1,-1,-1
229,76,934,129,142,118,1,-1,-1,-1
230,76,934,132,142,118,1,-1,-1,-1
231,76,933,134,143,119,1,-1,-1,-1
232,76,933,136,143,120,1,-1,-1,-1
233,76,930,138,145,120,1,-1,-1,-1
234,76,927,140,147,122,1,-1,-1,-1
235,76,925,142,148,122,1,-1,-1,-1
236,76,923,143,150,125,1,-1,-1,-1
237,76,919,145,154,127,1,-1,-1,-1
238,76,918,147,154,128,1,-1,-1,-1
239,76,916,151,154,127,1,-1,-1,-1
240,76,915,154,153,127,1,-1,-1,-1
241,76,914,157,153,127,1,-1,-1,-1
242,76,912,159,153,128,1,-1,-1,-1
243,76,910,162,153,128,1,-1,-1,-1
244,76,907,164,154,128,1,-1,-1,-1
245,76,904,165,156,130,1,-1,-1,-1
246,76,903,167,157,131,1,-1,-1,-1
247,76,901,169,159,133,1,-1,-1,-1
248,76,899,171,161,135,1,-1,-1,-1
249,76,897,175,162,136,1,-1,-1,-1
250,76,893,176,164,138,1,-1,-1,-1
251,76,890,178,166,141,1,-1,-1,-1
252,76,888,181,168,142,1,-1,-1,-1
253,76,886,185,168,142,1,-1,-1,-1
254,76,885,189,168,142,1,-1,-1,-1
255,76,884,192,167,142,1,-1,-1,-1
256,76,881,196,169,143,1,-1,-1,-1
257,76,879,198,172,147,1,-1,-1,-1
258,76,876,200,175,149,1,-1,-1,-1
259,76,874,202,178,152,1,-1,-1,-1
260,76,873,205,177,152,1,-1,-1,-1
261,76,870,208,178,153,1,-1,-1,-1
262,76,868,210,179,155,1,-1,-1,-1
263,76,866,212,181,156,1,-1,-1,-1
264,76,864,216,182,158,1,-1,-1,-1
265,76,861,220,183,160,1,-1,-1,-1
266,76,859,225,183,159,1,-1,-1,-1
267,76,857,228,184,162,1,-1,-1,-1
268,76,855,233,187,164,1,-1,-1,-1
269,76,853,238,188,165,1,-1,-1,-1
270,76,852,243,185,163,1,-1,-1,-1
271,76,849,248,185,163,1,-1,-1,-1
272,76,846,252,185,163,1,-1,-1,-1
273,76,843,255,188,166,1,-1,-1,-1
274,76,839,258,192,170,1,-1,-1,-1
275,76,838,264,192,170,1,-1,-1,-1
276,76,836,269,193,172,1,-1,-1,-1
277,76,832,274,195,173,1,-1,-1,-1
278,76,830,280,194,172,1,-1,-1,-1
279,76,829,286,192,171,1,-1,-1,-1
280,76,827,292,192,170,1,-1,-1,-1
281,76,821,296,197,174,1,-1,-1,-1
282,76,817,300,199,177,1,-1,-1,-1
283,76,812,304,203,180,1,-1,-1,-1
284,76,809,308,206,183,1,-1,-1,-1
285,76,808,314,206,183,1,-1,-1,-1
286,76,805,319,209,186,1,-1,-1,-1
287,76,801,323,214,190,1,-1,-1,-1
288,76,798,329,214,192,1,-1,-1,-1
289,76,794,336,216,193,1,-1,-1,-1
290,76,791,342,217,195,1,-1,-1,-1
291,76,787,349,219,196,1,-1,-1,-1
292,76,784,356,220,198,1,-1,-1,-1
293,76,780,362,223,200,1,-1,-1,-1
294,76,776,369,225,202,1,-1,-1,-1
295,76,771,376,228,204,1,-1,-1,-1
296,76,765,381,232,209,1,-1,-1,-1
297,76,760,388,235,211,1,-1,-1,-1
298,76,755,393,239,215,1,-1,-1,-1
299,76,750,399,242,218,1,-1,-1,-1
300,76,743,404,247,223,1,-1,-1,-1
301,76,738,411,248,224,1,-1,-1,-1
302,76,735,421,246,222,1,-1,-1,-1
303,76,732,429,245,222,1,-1,-1,-1
304,76,728,438,247,223,1,-1,-1,-1
305,76,721,444,250,226,1,-1,-1,-1
306,76,716,451,252,228,1,-1,-1,-1
307,76,709,457,256,232,1,-1,-1,-1
308,76,702,464,259,235,1,-1,-1,-1
309,76,696,472,262,238,1,-1,-1,-1
310,76,688,479,266,241,1,-1,-1,-1
311,76,679,487,271,246,1,-1,-1,-1
312,76,672,496,275,249,1,-1,-1,-1
313,76,665,503,280,254,1,-1,-1,-1
314,76,659,511,284,258,1,-1,-1,-1
315,76,651,520,287,261,1,-1,-1,-1
316,76,641,527,293,266,1,-1,-1,-1
317,76,634,532,296,270,1,-1,-1,-1
318,76,628,541,297,272,1,-1,-1,-1
319,76,622,551,299,272,1,-1,-1,-1
320,76,615,560,301,275,1,-1,-1,-1
321,76,607,567,307,281,1,-1,-1,-1
322,76,597,579,310,283,1,-1,-1,-1
323,76,590,587,313,286,1,-1,-1,-1
324,76,580,594,320,293,1,-1,-1,-1
325,76,569,602,328,301,1,-1,-1,-1
326,76,559,613,335,307,1,-1,-1,-1
327,76,549,622,339,311,1,-1,-1,-1
328,76,540,629,344,316,1,-1,-1,-1
329,76,528,636,351,323,1,-1,-1,-1
330,76,518,648,355,327,1,-1,-1,-1
331,76,506,659,361,332,1,-1,-1,-1
332,76,495,669,367,338,1,-1,-1,-1
333,76,482,681,370,341,1,-1,-1,-1
334,76,468,692,377,348,1,-1,-1,-1
335,76,456,705,380,352,1,-1,-1,-1
336,76,442,717,387,358,1,-1,-1,-1
337,76,429,726,388,359,1,-1,-1,-1
338,76,422,737,381,353,1,-1,-1,-1
339,76,413,747,379,352,1,-1,-1,-1
340,76,402,757,383,355,1,-1,-1,-1
357,81,1041,747,363,275,1,-1,-1,-1
358,81,1048,730,353,268,1,-1,-1,-1
359,81,1051,713,348,264,1,-1,-1,-1
360,81,1054,699,340,259,1,-1,-1,-1
361,81,1060,685,332,253,1,-1,-1,-1
362,81,1063,672,326,249,1,-1,-1,-1
363,81,1066,659,319,244,1,-1,-1,-1
364,81,1068,646,314,242,1,-1,-1,-1
365,81,1069,633,310,239,1,-1,-1,-1
366,81,1070,621,305,236,1,-1,-1,-1
367,81,1072,610,301,232,1,-1,-1,-1
368,81,1074,597,296,230,1,-1,-1,-1
369,81,1074,586,290,227,1,-1,-1,-1
370,81,1074,574,285,223,1,-1,-1,-1
371,81,1073,563,281,220,1,-1,-1,-1
372,81,1069,549,282,221,1,-1,-1,-1
373,81,1073,539,272,216,1,-1,-1,-1
374,81,1074,530,266,211,1,-1,-1,-1
375,81,1075,521,259,207,1,-1,-1,-1
376,81,1073,509,257,206,1,-1,-1,-1
377,81,1074,501,251,201,1,-1,-1,-1
378,81,1072,491,249,201,1,-1,-1,-1
379,81,1072,483,244,197,1,-1,-1,-1
380,81,1072,471,241,196,1,-1,-1,-1
381,81,1074,463,235,192,1,-1,-1,-1
382,81,1073,454,233,190,1,-1,-1,-1
383,81,1073,446,230,189,1,-1,-1,-1
384,81,1075,437,226,186,1,-1,-1,-1
385,81,1076,428,223,183,1,-1,-1,-1
386,81,1078,421,218,180,1,-1,-1,-1
387,81,1080,414,213,176,1,-1,-1,-1
388,81,1080,406,210,174,1,-1,-1,-1
389,81,1081,398,207,173,1,-1,-1,-1
390,81,1081,389,205,172,1,-1,-1,-1
391,81,1081,381,204,170,1,-1,-1,-1
392,81,1079,370,206,173,1,-1,-1,-1
393,81,1080,362,203,170,1,-1,-1,-1
394,81,1081,355,200,168,1,-1,-1,-1
395,81,1083,349,195,165,1,-1,-1,-1
396,81,1084,342,193,163,1,-1,-1,-1
397,81,1084,334,192,162,1,-1,-1,-1
398,81,1085,327,189,161,1,-1,-1,-1
399,81,1086,321,188,159,1,-1,-1,-1
400,81,1088,316,185,157,1,-1,-1,-1
401,81,1088,310,185,158,1,-1,-1,-1
402,81,1090,306,181,153,1,-1,-1,-1
403,81,1089,301,179,152,1,-1,-1,-1
404,81,1089,293,179,153,1,-1,-1,-1
405,81,1092,288,175,150,1,-1,-1,-1
406,81,1093,283,175,149,1,-1,-1,-1
407,81,1093,279,173,147,1,-1,-1,-1
408,81,1092,272,174,148,1,-1,-1,-1
409,81,1094,265,173,148,1,-1,-1,-1
410,81,1097,261,169,145,1,-1,-1,-1
411,81,1099,259,163,140,1,-1,-1,-1
412,81,1099,254,162,138,1,-1,-1,-1
413,81,1098,246,163,140,1,-1,-1,-1
414,81,1097,241,163,140,1,-1,-1,-1
415,81,1098,237,161,139,1,-1,-1,-1
416,81,1099,234,160,137,1,-1,-1,-1
417,81,1100,229,160,138,1,-1,-1,-1
418,81,1101,225,159,137,1,-1,-1,-1
419,81,1100,220,160,136,1,-1,-1,-1
420,81,1099,216,159,136,1,-1,-1,-1
421,81,1100,212,157,135,1,-1,-1,-1
422,81,1102,207,156,135,1,-1,-1,-1
423,81,1102,202,157,134,1,-1,-1,-1
424,81,1103,197,156,134,1,-1,-1,-1
425,81,1105,194,154,132,1,-1,-1,-1
426,81,1108,191,152,131,1,-1,-1,-1
427,81,1110,188,150,129,1,-1,-1,-1
428,81,1113,185,147,128,1,-1,-1,-1
429,81,1114,181,149,129,1,-1,-1,-1
430,81,1115,177,149,129,1,-1,-1,-1
431,81,1117,173,150,130,1,-1,-1,-1
432,81,1122,171,145,127,1,-1,-1,-1
433,81,1125,168,144,125,1,-1,-1,-1
434,81,1128,166,140,122,1,-1,-1,-1
435,81,1129,164,140,121,1,-1,-1,-1
436,81,1131,161,138,119,1,-1,-1,-1
437,81,1133,158,136,118,1,-1,-1,-1
438,81,1136,157,133,115,1,-1,-1,-1
439,81,1137,154,133,114,1,-1,-1,-1
440,81,1137,151,132,114,1,-1,-1,-1
441,81,1139,149,130,112,1,-1,-1,-1
442,81,1141,148,126,109,1,-1,-1,-1
443,81,1141,145,126,109,1,-1,-1,-1
444,81,1141,143,126,108,1,-1,-1,-1
445,81,1141,140,128,109,1,-1,-1,-1
446,81,1141,137,127,108,1,-1,-1,-1
447,81,1140,135,126,107,1,-1,-1,-1
448,81,1139,132,126,107,1,-1,-1,-1
449,81,1137,130,125,106,1,-1,-1,-1
450,81,1135,128,126,105,1,-1,-1,-1
451,81,1134,125,125,105,1,-1,-1,-1
452,81,1133,123,125,104,1,-1,-1,-1
453,81,1133,120,124,103,1,-1,-1,-1
454,81,1132,117,124,103,1,-1,-1,-1
455,81,1131,113,126,105,1,-1,-1,-1
456,81,1130,111,127,104,1,-1,-1,-1
457,81,1131,109,126,103,1,-1,-1,-1
458,81,1131,108,125,103,1,-1,-1,-1
459,81,1130,106,127,104,1,-1,-1,-1
460,81,1130,103,126,104,1,-1,-1,-1
461,81,1131,100,125,104,1,-1,-1,-1
462,81,1132,100,124,101,1,-1,-1,-1
463,81,1132,98,125,102,1,-1,-1,-1
464,81,1134,96,122,100,1,-1,-1,-1
465,81,1134,94,122,99,1,-1,-1,-1
466,81,1135,92,121,99,1,-1,-1,-1
467,81,1134,91,121,99,1,-1,-1,-1
468,81,1133,89,121,98,1,-1,-1,-1
469,81,1131,85,124,101,1,-1,-1,-1
470,81,1131,83,126,102,1,-1,-1,-1
471,81,1130,81,128,104,1,-1,-1,-1
472,81,1129,81,128,104,1,-1,-1,-1
473,81,1129,77,128,105,1,-1,-1,-1
474,81,1128,75,127,103,1,-1,-1,-1
475,81,1128,73,127,103,1,-1,-1,-1
476,81,1128,70,126,104,1,-1,-1,-1
477,81,1128,68,125,103,1,-1,-1,-1
478,81,1126,65,126,104,1,-1,-1,-1
479,81,1125,63,126,103,1,-1,-1,-1
480,81,1124,60,126,104,1,-1,-1,-1
455,84,985,90,132,99,1,-1,-1,-1
456,84,985,91,132,99,1,-1,-1,-1
457,84,984,92,133,99,1,-1,-1,-1
458,84,983,93,132,100,1,-1,-1,-1
459,84,981,95,132,99,1,-1,-1,-1
460,84,979,97,133,101,1,-1,-1,-1
461,84,978,99,134,101,1,-1,-1,-1
462,84,975,100,136,103,1,-1,-1,-1
463,84,972,102,139,105,1,-1,-1,-1
464,84,971,103,141,107,1,-1,-1,-1
465,84,970,104,142,108,1,-1,-1,-1
466,84,968,106,141,109,1,-1,-1,-1
467,84,965,107,143,110,1,-1,-1,-1
468,84,961,108,146,112,1,-1,-1,-1
469,84,961,110,144,112,1,-1,-1,-1
470,84,960,113,144,112,1,-1,-1,-1
471,84,957,114,147,115,1,-1,-1,-1
472,84,955,117,148,116,1,-1,-1,-1
473,84,954,120,147,116,1,-1,-1,-1
474,84,953,123,145,115,1,-1,-1,-1
475,84,952,125,145,115,1,-1,-1,-1
476,84,948,127,147,118,1,-1,-1,-1
477,84,947,131,147,118,1,-1,-1,-1
478,84,945,133,149,120,1,-1,-1,-1
479,84,943,135,150,122,1,-1,-1,-1
480,84,941,138,151,122,1,-1,-1,-1
481,84,940,140,150,123,1,-1,-1,-1
482,84,938,144,152,123,1,-1,-1,-1
483,84,937,146,153,126,1,-1,-1,-1
484,84,934,149,155,127,1,-1,-1,-1
485,84,931,152,156,128,1,-1,-1,-1
486,84,928,156,156,128,1,-1,-1,-1
487,84,926,160,155,128,1,-1,-1,-1
488,84,925,164,155,128,1,-1,-1,-1
489,84,923,168,155,129,1,-1,-1,-1
490,84,922,173,154,128,1,-1,-1,-1
491,84,920,178,154,128,1,-1,-1,-1
492,84,918,181,155,131,1,-1,-1,-1
493,84,915,184,157,132,1,-1,-1,-1
494,84,911,187,159,133,1,-1,-1,-1
495,84,907,191,161,135,1,-1,-1,-1
496,84,904,195,162,137,1,-1,-1,-1
497,84,901,198,165,139,1,-1,-1,-1
498,84,900,202,165,140,1,-1,-1,-1
499,84,898,207,167,141,1,-1,-1,-1
500,84,894,212,168,142,1,-1,-1,-1
501,84,890,216,169,143,1,-1,-1,-1
502,84,887,221,170,145,1,-1,-1,-1
503,84,883,227,173,146,1,-1,-1,-1
504,84,879,231,176,149,1,-1,-1,-1
505,84,877,236,176,150,1,-1,-1,-1
506,84,874,242,176,150,1,-1,-1,-1
507,84,872,248,175,150,1,-1,-1,-1
508,84,867,255,176,150,1,-1,-1,-1
509,84,864,261,176,150,1,-1,-1,-1
510,84,861,266,179,153,1,-1,-1,-1
511,84,856,272,182,156,1,-1,-1,-1
512,84,851,279,184,157,1,-1,-1,-1
513,84,848,287,185,158,1,-1,-1,-1
514,84,845,295,186,158,1,-1,-1,-1
515,84,840,301,189,161,1,-1,-1,-1
516,84,834,308,192,163,1,-1,-1,-1
517,84,828,314,196,167,1,-1,-1,-1
518,84,825,322,197,169,1,-1,-1,-1
519,84,819,332,200,170,1,-1,-1,-1
520,84,816,342,198,169,1,-1,-1,-1
521,84,810,350,202,172,1,-1,-1,-1
522,84,805,359,203,173,1,-1,-1,-1
523,84,798,367,208,177,1,-1,-1,-1
524,84,793,377,210,178,1,-1,-1,-1
525,84,788,387,213,181,1,-1,-1,-1
526,84,783,397,215,182,1,-1,-1,-1
527,84,779,410,214,181,1,-1,-1,-1
528,84,772,422,215,181,1,-1,-1,-1
529,84,766,432,219,185,1,-1,-1,-1
530,84,760,440,225,189,1,-1,-1,-1
531,84,754,449,228,192,1,-1,-1,-1
532,84,746,460,232,194,1,-1,-1,-1
533,84,739,469,236,198,1,-1,-1,-1
534,84,732,480,238,199,1,-1,-1,-1
535,84,723,491,243,203,1,-1,-1,-1
536,84,714,501,251,210,1,-1,-1,-1
537,84,705,509,259,216,1,-1,-1,-1
538,84,697,520,264,220,1,-1,-1,-1
539,84,689,533,268,223,1,-1,-1,-1
540,84,679,544,274,228,1,-1,-1,-1
541,84,672,558,279,233,1,-1,-1,-1
542,84,665,572,282,235,1,-1,-1,-1
543,84,657,584,287,241,1,-1,-1,-1
544,84,647,597,292,244,1,-1,-1,-1
545,84,638,611,297,248,1,-1,-1,-1
546,84,631,625,301,252,1,-1,-1,-1
547,84,625,640,301,252,1,-1,-1,-1
548,84,613,651,311,260,1,-1,-1,-1
549,84,602,667,315,264,1,-1,-1,-1
550,84,587,681,320,268,1,-1,-1,-1
551,84,577,698,324,271,1,-1,-1,-1
552,84,560,715,335,279,1,-1,-1,-1
553,84,544,730,343,286,1,-1,-1,-1
554,84,529,747,350,291,1,-1,-1,-1
555,84,512,766,358,298,1,-1,-1,-1
556,84,492,783,360,299,1,-1,-1,-1
557,84,476,798,365,303,1,-1,-1,-1
558,84,463,813,371,306,1,-1,-1,-1
194,3,1024,777,430,271,1,-1,-1,-1
195,3,1020,759,431,272,1,-1,-1,-1
196,3,1019,743,425,268,1,-1,-1,-1
197,3,1021,726,417,264,1,-1,-1,-1
198,3,1022,707,413,262,1,-1,-1,-1
199,3,1026,692,404,258,1,-1,-1,-1
200,3,1031,678,392,251,1,-1,-1,-1
201,3,1035,666,379,245,1,-1,-1,-1
202,3,1037,649,372,242,1,-1,-1,-1
203,3,1043,638,363,237,1,-1,-1,-1
204,3,1047,627,355,234,1,-1,-1,-1
205,3,1053,617,343,228,1,-1,-1,-1
206,3,1056,606,335,224,1,-1,-1,-1
207,3,1060,595,324,219,1,-1,-1,-1
208,3,1064,582,316,216,1,-1,-1,-1
209,3,1066,569,312,215,1,-1,-1,-1
210,3,1069,557,305,213,1,-1,-1,-1
211,3,1070,544,301,212,1,-1,-1,-1
212,3,1074,534,293,208,1,-1,-1,-1
213,3,1077,524,286,205,1,-1,-1,-1
214,3,1079,514,280,203,1,-1,-1,-1
215,3,1080,504,277,202,1,-1,-1,-1
216,3,1079,491,274,202,1,-1,-1,-1
217,3,1081,482,267,199,1,-1,-1,-1
218,3,1083,473,261,195,1,-1,-1,-1
219,3,1089,466,250,189,1,-1,-1,-1
220,3,1092,457,245,187,1,-1,-1,-1
221,3,1094,448,239,184,1,-1,-1,-1
222,3,1096,441,233,180,1,-1,-1,-1
223,3,1096,431,231,180,1,-1,-1,-1
224,3,1098,423,227,179,1,-1,-1,-1
225,3,1100,413,225,178,1,-1,-1,-1
226,3,1101,404,222,177,1,-1,-1,-1
227,3,1101,395,221,177,1,-1,-1,-1
228,3,1099,387,219,176,1,-1,-1,-1
229,3,1099,379,215,174,1,-1,-1,-1
230,3,1101,372,209,170,1,-1,-1,-1
231,3,1102,364,207,169,1,-1,-1,-1
232,3,1105,357,203,167,1,-1,-1,-1
233,3,1105,350,201,165,1,-1,-1,-1
234,3,1105,342,199,165,1,-1,-1,-1
235,3,1106,336,195,162,1,-1,-1,-1
236,3,1107,329,192,161,1,-1,-1,-1
237,3,1107,323,190,159,1,-1,-1,-1
238,3,1108,317,187,158,1,-1,-1,-1
239,3,1108,310,186,157,1,-1,-1,-1
240,3,1108,305,185,156,1,-1,-1,-1
241,3,1109,297,185,158,1,-1,-1,-1
242,3,1109,290,184,157,1,-1,-1,-1
243,3,1111,284,181,156,1,-1,-1,-1
244,3,1111,279,178,153,1,-1,-1,-1
245,3,1111,273,177,153,1,-1,-1,-1
246,3,1110,268,178,153,1,-1,-1,-1
247,3,1112,263,173,150,1,-1,-1,-1
248,3,1113,258,169,147,1,-1,-1,-1
249,3,1112,252,170,148,1,-1,-1,-1
250,3,1111,246,172,150,1,-1,-1,-1
251,3,1110,239,173,152,1,-1,-1,-1
252,3,1112,236,168,148,1,-1,-1,-1
253,3,1112,232,167,147,1,-1,-1,-1
254,3,1113,228,164,145,1,-1,-1,-1
255,3,1114,223,161,143,1,-1,-1,-1
256,3,1114,219,160,142,1,-1,-1,-1
257,3,1115,216,157,140,1,-1,-1,-1
258,3,1117,213,153,137,1,-1,-1,-1
259,3,1118,211,151,134,1,-1,-1,-1
260,3,1120,207,148,133,1,-1,-1,-1
261,3,1119,203,148,132,1,-1,-1,-1
262,3,1119,198,147,132,1,-1,-1,-1
263,3,1120,195,145,131,1,-1,-1,-1
264,3,1123,191,141,127,1,-1,-1,-1
265,3,1124,189,138,126,1,-1,-1,-1
266,3,1122,185,139,126,1,-1,-1,-1
267,3,1123,182,139,125,1,-1,-1,-1
268,3,1125,178,137,124,1,-1,-1,-1
269,3,1125,176,136,123,1,-1,-1,-1
270,3,1125,173,136,122,1,-1,-1,-1
271,3,1126,170,133,120,1,-1,-1,-1
272,3,1126,167,134,120,1,-1,-1,-1
273,3,1127,161,133,121,1,-1,-1,-1
274,3,1127,158,135,121,1,-1,-1,-1
275,3,1128,154,136,123,1,-1,-1,-1
276,3,1129,152,134,121,1,-1,-1,-1
277,3,1129,150,132,119,1,-1,-1,-1
278,3,1128,146,134,121,1,-1,-1,-1
279,3,1129,144,133,119,1,-1,-1,-1
280,3,1130,141,132,119,1,-1,-1,-1
281,3,1130,138,132,119,1,-1,-1,-1
282,3,1129,135,133,119,1,-1,-1,-1
283,3,1129,132,133,119,1,-1,-1,-1
284,3,1129,130,133,119,1,-1,-1,-1
285,3,1131,129,131,116,1,-1,-1,-1
286,3,1133,128,129,114,1,-1,-1,-1
287,3,1135,127,126,112,1,-1,-1,-1
288,3,1134,124,126,112,1,-1,-1,-1
289,3,1134,122,124,110,1,-1,-1,-1
290,3,1134,119,124,110,1,-1,-1,-1
291,3,1135,116,124,110,1,-1,-1,-1
292,3,1135,114,123,108,1,-1,-1,-1
293,3,1135,112,122,106,1,-1,-1,-1
294,3,1134,110,121,106,1,-1,-1,-1
295,3,1135,108,120,105,1,-1,-1,-1
296,3,1135,106,121,106,1,-1,-1,-1
297,3,1136,104,121,105,1,-1,-1,-1
298,3,1137,104,117,101,1,-1,-1,-1
299,3,1137,103,114,99,1,-1,-1,-1
300,3,1137,101,114,98,1,-1,-1,-1
301,3,1139,101,112,94,1,-1,-1,-1
302,3,1139,99,112,95,1,-1,-1,-1
303,3,1137,96,116,97,1,-1,-1,-1
304,3,1137,95,117,98,1,-1,-1,-1
305,3,1137,93,116,97,1,-1,-1,-1
306,3,1137,92,114,94,1,-1,-1,-1
307,3,1137,91,114,93,1,-1,-1,-1
308,3,1138,89,112,92,1,-1,-1,-1
89,4,994,657,418,352,1,-1,-1,-1
90,4,999,640,408,343,1,-1,-1,-1
91,4,1002,622,393,332,1,-1,-1,-1
92,4,1005,608,378,320,1,-1,-1,-1
93,4,1008,593,370,313,1,-1,-1,-1
94,4,1011,575,366,309,1,-1,-1,-1
95,4,1017,562,356,302,1,-1,-1,-1
96,4,1021,549,343,293,1,-1,-1,-1
97,4,1026,536,334,284,1,-1,-1,-1
98,4,1030,520,328,280,1,-1,-1,-1
99,4,1030,505,323,276,1,-1,-1,-1
100,4,1033,495,313,268,1,-1,-1,-1
101,4,1034,480,312,269,1,-1,-1,-1
102,4,1037,464,310,267,1,-1,-1,-1
103,4,1041,453,300,260,1,-1,-1,-1
104,4,1047,445,286,249,1,-1,-1,-1
105,4,1052,435,277,242,1,-1,-1,-1
106,4,1052,423,273,239,1,-1,-1,-1
107,4,1054,411,270,236,1,-1,-1,-1
108,4,1055,401,267,234,1,-1,-1,-1
109,4,1054,388,267,236,1,-1,-1,-1
110,4,1055,378,263,232,1,-1,-1,-1
111,4,1056,368,261,231,1,-1,-1,-1
112,4,1058,358,257,229,1,-1,-1,-1
113,4,1060,349,254,227,1,-1,-1,-1
114,4,1061,339,248,223,1,-1,-1,-1
115,4,1060,328,246,223,1,-1,-1,-1
116,4,1061,318,241,219,1,-1,-1,-1
117,4,1064,308,237,214,1,-1,-1,-1
118,4,1067,299,233,212,1,-1,-1,-1
119,4,1069,292,230,209,1,-1,-1,-1
120,4,1070,283,226,207,1,-1,-1,-1
121,4,1071,275,222,203,1,-1,-1,-1
122,4,1073,266,218,201,1,-1,-1,-1
123,4,1074,259,215,199,1,-1,-1,-1
124,4,1075,254,212,196,1,-1,-1,-1
125,4,1078,248,208,193,1,-1,-1,-1
126,4,1079,242,203,188,1,-1,-1,-1
127,4,1079,235,198,185,1,-1,-1,-1
128,4,1079,230,197,182,1,-1,-1,-1
129,4,1080,225,194,180,1,-1,-1,-1
130,4,1078,219,194,180,1,-1,-1,-1
131,4,1081,215,191,178,1,-1,-1,-1
132,4,1083,213,186,173,1,-1,-1,-1
133,4,1085,208,182,170,1,-1,-1,-1
134,4,1086,203,182,169,1,-1,-1,-1
135,4,1087,199,180,167,1,-1,-1,-1
136,4,1089,195,177,165,1,-1,-1,-1
137,4,1090,192,174,162,1,-1,-1,-1
138,4,1091,186,174,161,1,-1,-1,-1
139,4,1090,181,173,160,1,-1,-1,-1
140,4,1091,177,170,157,1,-1,-1,-1
141,4,1090,172,171,158,1,-1,-1,-1
142,4,1090,167,172,158,1,-1,-1,-1
143,4,1091,162,172,158,1,-1,-1,-1
144,4,1093,158,169,156,1,-1,-1,-1
145,4,1094,156,167,154,1,-1,-1,-1
146,4,1094,152,167,153,1,-1,-1,-1
147,4,1095,147,165,153,1,-1,-1,-1
148,4,1095,143,165,152,1,-1,-1,-1
149,4,1097,141,162,149,1,-1,-1,-1
150,4,1097,137,162,149,1,-1,-1,-1
151,4,1098,134,160,147,1,-1,-1,-1
152,4,1098,132,158,145,1,-1,-1,-1
153,4,1099,128,156,144,1,-1,-1,-1
154,4,1099,124,156,145,1,-1,-1,-1
155,4,1100,123,154,142,1,-1,-1,-1
156,4,1100,121,152,140,1,-1,-1,-1
157,4,1099,117,152,140,1,-1,-1,-1
158,4,1098,113,152,139,1,-1,-1,-1
159,4,1101,111,149,137,1,-1,-1,-1
160,4,1103,109,147,136,1,-1,-1,-1
161,4,1104,108,145,134,1,-1,-1,-1
162,4,1103,106,145,134,1,-1,-1,-1
163,4,1103,102,146,134,1,-1,-1,-1
164,4,1105,99,145,133,1,-1,-1,-1
165,4,1107,96,144,132,1,-1,-1,-1
166,4,1108,95,142,130,1,-1,-1,-1
167,4,1109,94,139,128,1,-1,-1,-1
168,4,1110,93,136,125,1,-1,-1,-1
169,4,1110,90,135,125,1,-1,-1,-1
170,4,1111,89,136,125,1,-1,-1,-1
171,4,1114,89,132,121,1,-1,-1,-1
172,4,1115,87,130,120,1,-1,-1,-1
173,4,1115,86,129,118,1,-1,-1,-1
174,4,1116,84,127,117,1,-1,-1,-1
175,4,1117,83,127,116,1,-1,-1,-1
176,4,1118,81,126,115,1,-1,-1,-1
177,4,1118,79,126,114,1,-1,-1,-1
178,4,1119,78,123,112,1,-1,-1,-1
179,4,1119,76,122,111,1,-1,-1,-1
180,4,1120,75,120,109,1,-1,-1,-1
182,4,1123,70,123,111,1,-1,-1,-1
183,4,1124,68,123,110,1,-1,-1,-1
184,4,1125,66,122,110,1,-1,-1,-1
188,4,1127,60,119,107,1,-1,-1,-1
189,4,1129,61,116,104,1,-1,-1,-1
190,4,1129,59,115,104,1,-1,-1,-1
191,4,1130,58,114,103,1,-1,-1,-1
231,5,1039,668,350,304,1,-1,-1,-1
232,5,1043,656,338,293,1,-1,-1,-1
233,5,1047,645,327,284,1,-1,-1,-1
234,5,1049,632,323,281,1,-1,-1,-1
235,5,1050,619,316,275,1,-1,-1,-1
236,5,1053,606,309,268,1,-1,-1,-1
237,5,1053,593,303,263,1,-1,-1,-1
238,5,1052,581,298,260,1,-1,-1,-1
239,5,1054,570,292,253,1,-1,-1,-1
240,5,1055,558,289,252,1,-1,-1,-1
241,5,1056,545,288,252,1,-1,-1,-1
242,5,1057,533,285,249,1,-1,-1,-1
243,5,1058,521,281,245,1,-1,-1,-1
244,5,1059,510,276,242,1,-1,-1,-1
245,5,1057,498,273,240,1,-1,-1,-1
246,5,1060,489,266,233,1,-1,-1,-1
247,5,1060,476,263,231,1,-1,-1,-1
248,5,1061,464,260,230,1,-1,-1,-1
249,5,1062,456,256,226,1,-1,-1,-1
250,5,1065,449,250,220,1,-1,-1,-1
251,5,1068,440,243,216,1,-1,-1,-1
252,5,1069,432,240,213,1,-1,-1,-1
253,5,1071,424,236,209,1,-1,-1,-1
254,5,1073,416,233,206,1,-1,-1,-1
255,5,1076,406,228,203,1,-1,-1,-1
256,5,1078,399,221,197,1,-1,-1,-1
257,5,1080,390,220,196,1,-1,-1,-1
258,5,1082,382,216,193,1,-1,-1,-1
259,5,1084,374,211,188,1,-1,-1,-1
260,5,1086,366,207,186,1,-1,-1,-1
261,5,1085,357,207,186,1,-1,-1,-1
262,5,1086,351,203,182,1,-1,-1,-1
263,5,1085,342,203,182,1,-1,-1,-1
264,5,1087,335,199,179,1,-1,-1,-1
265,5,1088,327,196,176,1,-1,-1,-1
266,5,1087,319,195,175,1,-1,-1,-1
267,5,1088,312,192,173,1,-1,-1,-1
268,5,1089,306,190,172,1,-1,-1,-1
269,5,1090,300,189,170,1,-1,-1,-1
270,5,1091,294,187,168,1,-1,-1,-1
271,5,1091,287,186,168,1,-1,-1,-1
272,5,1090,280,186,168,1,-1,-1,-1
273,5,1090,274,185,166,1,-1,-1,-1
274,5,1092,269,181,164,1,-1,-1,-1
275,5,1093,263,180,163,1,-1,-1,-1
276,5,1093,257,179,162,1,-1,-1,-1
277,5,1094,252,177,159,1,-1,-1,-1
278,5,1093,247,176,158,1,-1,-1,-1
279,5,1095,242,173,157,1,-1,-1,-1
280,5,1098,238,169,153,1,-1,-1,-1
281,5,1099,234,168,152,1,-1,-1,-1
282,5,1099,229,168,151,1,-1,-1,-1
283,5,1100,223,166,150,1,-1,-1,-1
284,5,1100,219,166,150,1,-1,-1,-1
285,5,1101,215,166,149,1,-1,-1,-1
286,5,1103,211,164,149,1,-1,-1,-1
287,5,1103,208,163,148,1,-1,-1,-1
288,5,1103,204,162,148,1,-1,-1,-1
289,5,1105,201,160,145,1,-1,-1,-1
290,5,1106,197,157,143,1,-1,-1,-1
291,5,1107,194,154,140,1,-1,-1,-1
292,5,1107,190,153,139,1,-1,-1,-1
293,5,1107,186,151,137,1,-1,-1,-1
294,5,1107,183,151,137,1,-1,-1,-1
295,5,1108,179,150,137,1,-1,-1,-1
296,5,1109,177,149,135,1,-1,-1,-1
297,5,1109,174,148,135,1,-1,-1,-1
298,5,1109,170,146,134,1,-1,-1,-1
299,5,1109,168,144,131,1,-1,-1,-1
300,5,1110,164,143,131,1,-1,-1,-1
301,5,1110,163,142,129,1,-1,-1,-1
302,5,1112,160,140,127,1,-1,-1,-1
303,5,1113,158,138,125,1,-1,-1,-1
304,5,1114,156,135,123,1,-1,-1,-1
305,5,1114,153,135,123,1,-1,-1,-1
306,5,1115,152,133,120,1,-1,-1,-1
307,5,1113,148,134,121,1,-1,-1,-1
308,5,1112,144,135,122,1,-1,-1,-1
309,5,1111,141,135,121,1,-1,-1,-1
310,5,1111,138,134,120,1,-1,-1,-1
311,5,1111,137,132,118,1,-1,-1,-1
312,5,1112,134,132,118,1,-1,-1,-1
313,5,1113,132,131,116,1,-1,-1,-1
314,5,1112,129,132,117,1,-1,-1,-1
315,5,1111,124,135,120,1,-1,-1,-1
316,5,1110,120,136,121,1,-1,-1,-1
317,5,1110,117,136,121,1,-1,-1,-1
318,5,1112,114,136,120,1,-1,-1,-1
319,5,1113,113,135,119,1,-1,-1,-1
320,5,1114,111,134,119,1,-1,-1,-1
321,5,1116,110,131,116,1,-1,-1,-1
322,5,1116,108,130,115,1,-1,-1,-1
323,5,1117,108,127,112,1,-1,-1,-1
324,5,1117,105,127,112,1,-1,-1,-1
325,5,1116,102,129,114,1,-1,-1,-1
326,5,1115,100,129,114,1,-1,-1,-1
327,5,1115,98,128,113,1,-1,-1,-1
328,5,1116,96,126,112,1,-1,-1,-1
329,5,1117,96,126,110,1,-1,-1,-1
330,5,1117,95,125,109,1,-1,-1,-1
331,5,1118,93,123,108,1,-1,-1,-1
332,5,1117,91,124,109,1,-1,-1,-1
333,5,1117,91,122,106,1,-1,-1,-1
334,5,1117,89,121,106,1,-1,-1,-1
335,5,1117,88,121,105,1,-1,-1,-1
336,5,1118,86,120,105,1,-1,-1,-1
337,5,1119,84,119,104,1,-1,-1,-1
338,5,1117,81,121,105,1,-1,-1,-1
339,5,1116,79,123,106,1,-1,-1,-1
340,5,1116,77,124,107,1,-1,-1,-1
341,5,1117,73,125,109,1,-1,-1,-1
342,5,1117,71,126,109,1,-1,-1,-1
343,5,1117,69,126,109,1,-1,-1,-1
344,5,1117,67,126,109,1,-1,-1,-1
345,5,1118,67,125,107,1,-1,-1,-1
346,5,1119,67,122,105,1,-1,-1,-1
347,5,1119,65,120,105,1,-1,-1,-1
348,5,1119,65,119,102,1,-1,-1,-1
349,5,1120,65,117,100,1,-1,-1,-1
350,5,1122,65,116,100,1,-1,-1,-1
351,5,1123,64,115,99,1,-1,-1,-1
352,5,1123,62,115,99,1,-1,-1,-1
353,5,1123,61,116,99,1,-1,-1,-1
354,5,1123,60,115,98,1,-1,-1,-1
355,5,1124,59,114,98,1,-1,-1,-1
356,5,1125,54,118,101,1,-1,-1,-1
357,5,1125,53,119,101,1,-1,-1,-1
358,5,1126,51,118,102,1,-1,-1,-1
333,7,1029,730,354,269,1,-1,-1,-1
334,7,1036,710,346,264,1,-1,-1,-1
335,7,1038,695,339,258,1,-1,-1,-1
336,7,1047,682,330,251,1,-1,-1,-1
337,7,1050,667,323,246,1,-1,-1,-1
338,7,1054,653,316,240,1,-1,-1,-1
339,7,1058,640,310,237,1,-1,-1,-1
340,7,1062,626,306,235,1,-1,-1,-1
341,7,1065,613,302,231,1,-1,-1,-1
342,7,1068,600,298,227,1,-1,-1,-1
343,7,1076,590,290,222,1,-1,-1,-1
344,7,1082,579,283,217,1,-1,-1,-1
345,7,1086,566,278,213,1,-1,-1,-1
346,7,1078,554,278,213,1,-1,-1,-1
347,7,1077,542,275,210,1,-1,-1,-1
348,7,1078,529,269,207,1,-1,-1,-1
349,7,1079,517,265,203,1,-1,-1,-1
350,7,1081,504,260,200,1,-1,-1,-1
556,12,1002,76,116,92,1,-1,-1,-1
557,12,1002,78,116,92,1,-1,-1,-1
558,12,1003,80,115,91,1,-1,-1,-1
559,12,1001,81,115,91,1,-1,-1,-1
560,12,1000,82,114,92,1,-1,-1,-1
561,12,999,84,115,91,1,-1,-1,-1
562,12,1000,85,113,91,1,-1,-1,-1
563,12,997,86,117,93,1,-1,-1,-1
564,12,996,87,119,95,1,-1,-1,-1
565,12,995,89,121,95,1,-1,-1,-1
566,12,994,88,123,98,1,-1,-1,-1
567,12,992,89,126,100,1,-1,-1,-1
568,12,991,91,127,100,1,-1,-1,-1
569,12,990,91,129,102,1,-1,-1,-1
570,12,990,92,128,102,1,-1,-1,-1
571,12,990,94,127,101,1,-1,-1,-1
572,12,991,97,126,100,1,-1,-1,-1
573,12,991,98,126,100,1,-1,-1,-1
574,12,991,100,127,100,1,-1,-1,-1
575,12,991,102,127,100,1,-1,-1,-1
576,12,989,103,128,102,1,-1,-1,-1
577,12,987,105,128,102,1,-1,-1,-1
578,12,987,106,129,103,1,-1,-1,-1
579,12,986,107,131,104,1,-1,-1,-1
580,12,986,109,130,104,1,-1,-1,-1
581,12,984,110,132,105,1,-1,-1,-1
582,12,983,111,132,106,1,-1,-1,-1
583,12,982,112,134,107,1,-1,-1,-1
584,12,980,114,136,109,1,-1,-1,-1
585,12,980,117,135,108,1,-1,-1,-1
586,12,979,119,136,109,1,-1,-1,-1
587,12,977,121,136,109,1,-1,-1,-1
588,12,976,123,135,110,1,-1,-1,-1
589,12,976,125,135,110,1,-1,-1,-1
590,12,975,127,136,111,1,-1,-1,-1
591,12,975,130,134,110,1,-1,-1,-1
592,12,973,132,135,111,1,-1,-1,-1
593,12,970,134,136,112,1,-1,-1,-1
594,12,968,136,137,113,1,-1,-1,-1
595,12,966,138,139,114,1,-1,-1,-1
596,12,965,140,139,115,1,-1,-1,-1
597,12,963,142,139,116,1,-1,-1,-1
598,12,961,144,139,117,1,-1,-1,-1
599,12,959,146,141,118,1,-1,-1,-1
600,12,957,148,142,119,1,-1,-1,-1
601,12,955,150,143,121,1,-1,-1,-1
602,12,954,154,144,121,1,-1,-1,-1
603,12,952,156,144,122,1,-1,-1,-1
604,12,950,159,144,122,1,-1,-1,-1
605,12,949,161,145,123,1,-1,-1,-1
606,12,948,164,146,124,1,-1,-1,-1
607,12,948,167,146,124,1,-1,-1,-1
608,12,946,171,145,124,1,-1,-1,-1
609,12,944,175,144,123,1,-1,-1,-1
610,12,944,179,143,122,1,-1,-1,-1
611,12,943,181,144,123,1,-1,-1,-1
612,12,941,184,146,125,1,-1,-1,-1
613,12,939,187,148,127,1,-1,-1,-1
614,12,937,190,151,129,1,-1,-1,-1
615,12,934,193,151,129,1,-1,-1,-1
616,12,931,195,152,131,1,-1,-1,-1
617,12,928,199,153,131,1,-1,-1,-1
618,12,927,202,155,133,1,-1,-1,-1
619,12,924,205,158,136,1,-1,-1,-1
620,12,920,207,160,138,1,-1,-1,-1
621,12,916,210,162,139,1,-1,-1,-1
622,12,914,215,161,139,1,-1,-1,-1
623,12,913,220,159,138,1,-1,-1,-1
624,12,910,225,163,140,1,-1,-1,-1
625,12,907,229,163,141,1,-1,-1,-1
626,12,906,234,162,140,1,-1,-1,-1
627,12,904,239,161,140,1,-1,-1,-1
628,12,901,242,164,142,1,-1,-1,-1
629,12,898,246,167,144,1,-1,-1,-1
630,12,895,250,167,145,1,-1,-1,-1
631,12,891,254,169,146,1,-1,-1,-1
632,12,890,262,166,144,1,-1,-1,-1
633,12,889,268,167,144,1,-1,-1,-1
634,12,885,271,171,148,1,-1,-1,-1
635,12,881,275,175,152,1,-1,-1,-1
636,12,877,281,177,153,1,-1,-1,-1
637,12,873,287,179,154,1,-1,-1,-1
638,12,872,292,179,155,1,-1,-1,-1
639,12,868,297,181,155,1,-1,-1,-1
640,12,866,304,181,156,1,-1,-1,-1
641,12,862,310,182,157,1,-1,-1,-1
642,12,860,317,183,158,1,-1,-1,-1
643,12,856,324,185,158,1,-1,-1,-1
644,12,853,331,186,160,1,-1,-1,-1
645,12,851,339,185,159,1,-1,-1,-1
646,12,847,344,187,160,1,-1,-1,-1
647,12,844,352,187,160,1,-1,-1,-1
648,12,839,358,191,163,1,-1,-1,-1
649,12,833,364,195,166,1,-1,-1,-1
650,12,829,371,197,167,1,-1,-1,-1
651,12,825,379,197,168,1,-1,-1,-1
652,12,819,387,200,170,1,-1,-1,-1
653,12,817,396,199,169,1,-1,-1,-1
654,12,811,404,203,171,1,-1,-1,-1
655,12,806,411,206,174,1,-1,-1,-1
656,12,800,419,210,176,1,-1,-1,-1
657,12,794,427,214,180,1,-1,-1,-1
658,12,788,434,218,183,1,-1,-1,-1
659,12,783,443,219,183,1,-1,-1,-1
660,12,779,451,219,183,1,-1,-1,-1
661,12,775,458,221,185,1,-1,-1,-1
662,12,770,466,226,188,1,-1,-1,-1
663,12,765,474,230,191,1,-1,-1,-1
664,12,761,484,231,191,1,-1,-1,-1
665,12,755,491,235,195,1,-1,-1,-1
666,12,749,497,242,201,1,-1,-1,-1
667,12,745,505,247,205,1,-1,-1,-1
668,12,743,515,248,206,1,-1,-1,-1
669,12,740,525,250,208,1,-1,-1,-1
670,12,737,535,251,208,1,-1,-1,-1
671,12,732,544,256,212,1,-1,-1,-1
672,12,726,553,261,216,1,-1,-1,-1
673,12,723,563,265,221,1,-1,-1,-1
674,12,715,572,272,226,1,-1,-1,-1
675,12,712,585,273,227,1,-1,-1,-1
676,12,708,597,276,229,1,-1,-1,-1
677,12,702,606,281,234,1,-1,-1,-1
678,12,696,619,283,236,1,-1,-1,-1
679,12,689,632,286,238,1,-1,-1,-1
680,12,683,646,287,239,1,-1,-1,-1
681,12,677,656,291,243,1,-1,-1,-1
682,12,668,668,296,246,1,-1,-1,-1
683,12,661,680,301,250,1,-1,-1,-1
684,12,651,691,307,254,1,-1,-1,-1
685,12,644,704,310,257,1,-1,-1,-1
686,12,635,717,316,262,1,-1,-1,-1
687,12,623,728,326,271,1,-1,-1,-1
688,12,612,742,333,276,1,-1,-1,-1
689,12,602,758,336,278,1,-1,-1,-1
690,12,586,770,345,285,1,-1,-1,-1
691,12,572,788,348,287,1,-1,-1,-1
692,12,562,802,351,290,1,-1,-1,-1
693,12,553,815,356,293,1,-1,-1,-1
286,25,904,193,167,149,1,-1,-1,-1
287,25,904,195,165,148,1,-1,-1,-1
288,25,901,199,165,146,1,-1,-1,-1
289,25,897,201,166,148,1,-1,-1,-1
290,25,896,204,167,149,1,-1,-1,-1
291,25,895,205,169,151,1,-1,-1,-1
292,25,894,208,171,153,1,-1,-1,-1
293,25,891,212,174,156,1,-1,-1,-1
294,25,889,216,176,157,1,-1,-1,-1
295,25,888,221,175,156,1,-1,-1,-1
296,25,885,225,176,158,1,-1,-1,-1
297,25,884,230,175,157,1,-1,-1,-1
298,25,883,233,176,158,1,-1,-1,-1
299,25,880,235,179,160,1,-1,-1,-1
300,25,877,238,182,163,1,-1,-1,-1
301,25,876,243,181,162,1,-1,-1,-1
302,25,874,246,182,163,1,-1,-1,-1
303,25,872,250,183,165,1,-1,-1,-1
304,25,870,254,185,167,1,-1,-1,-1
305,25,866,258,189,170,1,-1,-1,-1
306,25,862,262,191,173,1,-1,-1,-1
307,25,859,267,193,174,1,-1,-1,-1
308,25,858,272,193,174,1,-1,-1,-1
309,25,856,276,194,176,1,-1,-1,-1
310,25,852,281,195,177,1,-1,-1,-1
311,25,849,285,196,179,1,-1,-1,-1
312,25,847,291,196,179,1,-1,-1,-1
313,25,843,295,199,181,1,-1,-1,-1
314,25,839,299,199,182,1,-1,-1,-1
315,25,835,306,200,183,1,-1,-1,-1
316,25,833,313,198,181,1,-1,-1,-1
317,25,829,318,202,184,1,-1,-1,-1
318,25,824,324,205,187,1,-1,-1,-1
319,25,820,329,207,189,1,-1,-1,-1
320,25,815,334,210,192,1,-1,-1,-1
321,25,810,340,212,193,1,-1,-1,-1
322,25,806,347,213,194,1,-1,-1,-1
323,25,801,353,215,196,1,-1,-1,-1
324,25,796,361,216,197,1,-1,-1,-1
325,25,792,368,216,197,1,-1,-1,-1
326,25,786,375,218,199,1,-1,-1,-1
327,25,782,381,221,202,1,-1,-1,-1
328,25,776,387,225,205,1,-1,-1,-1
329,25,769,393,229,209,1,-1,-1,-1
330,25,763,401,233,211,1,-1,-1,-1
331,25,758,407,235,214,1,-1,-1,-1
332,25,753,416,234,213,1,-1,-1,-1
333,25,748,424,235,213,1,-1,-1,-1
334,25,742,430,238,216,1,-1,-1,-1
335,25,736,438,241,218,1,-1,-1,-1
336,25,730,445,244,220,1,-1,-1,-1
337,25,725,454,244,220,1,-1,-1,-1
338,25,720,461,247,222,1,-1,-1,-1
339,25,711,466,254,228,1,-1,-1,-1
340,25,704,473,259,232,1,-1,-1,-1
341,25,699,479,263,235,1,-1,-1,-1
342,25,695,489,262,235,1,-1,-1,-1
343,25,687,495,268,241,1,-1,-1,-1
344,25,679,504,272,245,1,-1,-1,-1
345,25,671,510,280,251,1,-1,-1,-1
346,25,665,516,286,257,1,-1,-1,-1
347,25,659,524,291,262,1,-1,-1,-1
348,25,654,533,294,265,1,-1,-1,-1
349,25,653,543,294,266,1,-1,-1,-1
350,25,651,553,295,267,1,-1,-1,-1
351,25,647,561,297,269,1,-1,-1,-1
352,25,644,569,299,271,1,-1,-1,-1
353,25,635,576,306,278,1,-1,-1,-1
354,25,629,587,310,281,1,-1,-1,-1
355,25,622,595,313,286,1,-1,-1,-1
356,25,618,608,313,285,1,-1,-1,-1
357,25,613,617,316,288,1,-1,-1,-1
358,25,606,627,322,293,1,-1,-1,-1
359,25,598,636,327,298,1,-1,-1,-1
360,25,591,641,332,304,1,-1,-1,-1
361,25,582,648,341,312,1,-1,-1,-1
362,25,573,658,345,316,1,-1,-1,-1
363,25,564,667,352,322,1,-1,-1,-1
364,25,557,680,356,327,1,-1,-1,-1
365,25,545,690,363,333,1,-1,-1,-1
366,25,536,703,368,338,1,-1,-1,-1
367,25,525,716,373,343,1,-1,-1,-1
368,25,515,728,378,347,1,-1,-1,-1
369,25,512,739,376,346,1,-1,-1,-1
370,25,506,750,378,347,1,-1,-1,-1
371,25,499,760,381,351,1,-1,-1,-1
392,51,990,70,119,98,1,-1,-1,-1
393,51,989,72,119,97,1,-1,-1,-1
394,51,988,73,119,98,1,-1,-1,-1
395,51,987,74,119,98,1,-1,-1,-1
397,51,986,78,119,98,1,-1,-1,-1
398,51,985,80,120,98,1,-1,-1,-1
399,51,985,82,119,98,1,-1,-1,-1
400,51,984,85,119,98,1,-1,-1,-1
401,51,983,86,119,98,1,-1,-1,-1
402,51,981,86,121,99,1,-1,-1,-1
403,51,977,87,123,101,1,-1,-1,-1
404,51,975,87,125,103,1,-1,-1,-1
405,51,974,88,125,104,1,-1,-1,-1
406,51,974,90,125,103,1,-1,-1,-1
407,51,973,91,125,103,1,-1,-1,-1
408,51,972,93,126,103,1,-1,-1,-1
409,51,972,94,125,104,1,-1,-1,-1
410,51,971,96,126,104,1,-1,-1,-1
411,51,970,97,126,105,1,-1,-1,-1
412,51,969,99,126,104,1,-1,-1,-1
413,51,967,102,126,104,1,-1,-1,-1
414,51,966,104,125,104,1,-1,-1,-1
415,51,965,106,125,104,1,-1,-1,-1
416,51,963,108,125,104,1,-1,-1,-1
417,51,963,110,125,104,1,-1,-1,-1
418,51,960,111,127,106,1,-1,-1,-1
419,51,958,112,128,108,1,-1,-1,-1
420,51,956,114,129,108,1,-1,-1,-1
421,51,956,116,129,108,1,-1,-1,-1
422,51,955,117,131,110,1,-1,-1,-1
423,51,953,118,134,112,1,-1,-1,-1
424,51,953,120,133,112,1,-1,-1,-1
425,51,952,124,133,112,1,-1,-1,-1
426,51,950,125,134,113,1,-1,-1,-1
427,51,949,128,133,113,1,-1,-1,-1
428,51,947,131,134,114,1,-1,-1,-1
429,51,946,133,133,114,1,-1,-1,-1
430,51,944,135,134,115,1,-1,-1,-1
431,51,941,137,136,117,1,-1,-1,-1
432,51,940,139,138,118,1,-1,-1,-1
433,51,939,141,139,119,1,-1,-1,-1
434,51,938,142,140,120,1,-1,-1,-1
435,51,937,145,139,120,1,-1,-1,-1
436,51,936,148,139,119,1,-1,-1,-1
437,51,934,151,140,121,1,-1,-1,-1
438,51,933,155,140,121,1,-1,-1,-1
439,51,932,158,141,122,1,-1,-1,-1
440,51,931,160,141,123,1,-1,-1,-1
441,51,929,163,142,123,1,-1,-1,-1
442,51,928,163,144,127,1,-1,-1,-1
443,51,926,166,146,128,1,-1,-1,-1
444,51,924,169,147,128,1,-1,-1,-1
445,51,925,173,144,127,1,-1,-1,-1
446,51,924,178,144,126,1,-1,-1,-1
447,51,923,181,144,126,1,-1,-1,-1
448,51,921,183,146,129,1,-1,-1,-1
449,51,918,186,150,132,1,-1,-1,-1
450,51,917,189,151,133,1,-1,-1,-1
451,51,916,193,149,132,1,-1,-1,-1
452,51,916,198,148,131,1,-1,-1,-1
453,51,915,202,147,130,1,-1,-1,-1
454,51,914,205,150,134,1,-1,-1,-1
455,51,911,209,152,135,1,-1,-1,-1
456,51,909,211,153,137,1,-1,-1,-1
457,51,907,214,154,137,1,-1,-1,-1
458,51,906,217,154,138,1,-1,-1,-1
459,51,905,221,155,139,1,-1,-1,-1
460,51,902,224,157,142,1,-1,-1,-1
461,51,900,228,158,142,1,-1,-1,-1
462,51,897,232,159,143,1,-1,-1,-1
463,51,895,237,158,143,1,-1,-1,-1
464,51,893,242,158,143,1,-1,-1,-1
465,51,891,247,159,144,1,-1,-1,-1
466,51,889,251,159,145,1,-1,-1,-1
467,51,886,255,161,146,1,-1,-1,-1
468,51,883,260,162,147,1,-1,-1,-1
469,51,881,264,163,149,1,-1,-1,-1
470,51,878,269,165,151,1,-1,-1,-1
471,51,874,273,168,154,1,-1,-1,-1
472,51,870,278,171,156,1,-1,-1,-1
473,51,866,282,173,159,1,-1,-1,-1
474,51,863,288,174,159,1,-1,-1,-1
475,51,860,294,173,159,1,-1,-1,-1
476,51,856,300,174,160,1,-1,-1,-1
477,51,852,304,176,162,1,-1,-1,-1
478,51,849,311,177,163,1,-1,-1,-1
479,51,844,316,180,166,1,-1,-1,-1
480,51,840,322,182,167,1,-1,-1,-1
481,51,836,327,183,168,1,-1,-1,-1
482,51,833,334,184,169,1,-1,-1,-1
483,51,830,341,184,170,1,-1,-1,-1
484,51,823,347,189,174,1,-1,-1,-1
485,51,820,354,190,175,1,-1,-1,-1
486,51,815,361,191,176,1,-1,-1,-1
487,51,811,367,194,179,1,-1,-1,-1
488,51,804,373,198,182,1,-1,-1,-1
489,51,800,381,200,184,1,-1,-1,-1
490,51,795,388,202,186,1,-1,-1,-1
491,51,791,396,203,188,1,-1,-1,-1
492,51,787,406,203,187,1,-1,-1,-1
493,51,781,413,206,190,1,-1,-1,-1
494,51,776,420,208,191,1,-1,-1,-1
495,51,770,429,209,193,1,-1,-1,-1
496,51,764,437,212,195,1,-1,-1,-1
497,51,760,446,212,194,1,-1,-1,-1
498,51,755,454,214,196,1,-1,-1,-1
499,51,745,461,220,201,1,-1,-1,-1
500,51,737,468,224,204,1,-1,-1,-1
501,51,731,475,226,207,1,-1,-1,-1
502,51,725,482,229,209,1,-1,-1,-1
503,51,720,491,232,212,1,-1,-1,-1
504,51,713,500,235,215,1,-1,-1,-1
505,51,705,508,240,218,1,-1,-1,-1
506,51,701,517,243,221,1,-1,-1,-1
507,51,695,527,246,225,1,-1,-1,-1
508,51,689,539,247,226,1,-1,-1,-1
509,51,683,549,252,231,1,-1,-1,-1
510,51,676,556,258,236,1,-1,-1,-1
511,51,670,566,261,240,1,-1,-1,-1
512,51,662,575,266,244,1,-1,-1,-1
513,51,656,586,269,246,1,-1,-1,-1
514,51,651,596,270,249,1,-1,-1,-1
515,51,646,608,271,249,1,-1,-1,-1
516,51,639,618,274,252,1,-1,-1,-1
517,51,630,626,282,260,1,-1,-1,-1
518,51,626,638,283,260,1,-1,-1,-1
519,51,621,650,284,263,1,-1,-1,-1
520,51,613,662,288,265,1,-1,-1,-1
521,51,603,672,292,270,1,-1,-1,-1
522,51,593,682,297,275,1,-1,-1,-1
523,51,584,694,303,279,1,-1,-1,-1
524,51,573,706,310,286,1,-1,-1,-1
525,51,563,717,318,293,1,-1,-1,-1
526,51,556,733,320,295,1,-1,-1,-1
527,51,545,745,326,302,1,-1,-1,-1
528,51,528,753,338,313,1,-1,-1,-1
529,51,517,766,340,314,1,-1,-1,-1
530,51,511,779,335,309,1,-1,-1,-1
531,51,503,784,332,307,1,-1,-1,-1
532,51,494,793,334,307,1,-1,-1,-1
533,51,486,803,336,310,1,-1,-1,-1
