160,101,1127,414,125,123,1,-1,-1,-1
161,101,1128,416,123,121,1,-1,-1,-1
162,101,1125,415,126,123,1,-1,-1,-1
163,101,1121,413,129,126,1,-1,-1,-1
164,101,1116,410,132,130,1,-1,-1,-1
165,101,1112,409,134,131,1,-1,-1,-1
166,101,1110,408,135,132,1,-1,-1,-1
167,101,1109,409,137,133,1,-1,-1,-1
168,101,1108,409,141,135,1,-1,-1,-1
169,101,1107,409,142,137,1,-1,-1,-1
170,101,1104,409,146,140,1,-1,-1,-1
171,101,1102,409,148,141,1,-1,-1,-1
172,101,1102,411,147,140,1,-1,-1,-1
173,101,1100,412,148,140,1,-1,-1,-1
174,101,1098,412,151,142,1,-1,-1,-1
175,101,1096,413,151,141,1,-1,-1,-1
176,101,1095,415,150,140,1,-1,-1,-1
177,101,1092,415,151,141,1,-1,-1,-1
178,101,1090,416,151,141,1,-1,-1,-1
179,101,1088,418,150,139,1,-1,-1,-1
180,101,1086,420,150,138,1,-1,-1,-1
181,101,1084,421,150,138,1,-1,-1,-1
182,101,1081,423,151,138,1,-1,-1,-1
183,101,1079,425,151,137,1,-1,-1,-1
184,101,1077,426,152,137,1,-1,-1,-1
185,101,1073,427,153,138,1,-1,-1,-1
186,101,1070,426,155,140,1,-1,-1,-1
187,101,1067,428,156,140,1,-1,-1,-1
188,101,1065,430,156,139,1,-1,-1,-1
189,101,1061,431,157,140,1,-1,-1,-1
190,101,1057,432,159,142,1,-1,-1,-1
191,101,1054,434,160,141,1,-1,-1,-1
192,101,1051,435,161,142,1,-1,-1,-1
193,101,1049,436,161,142,1,-1,-1,-1
194,101,1045,437,162,142,1,-1,-1,-1
195,101,1042,437,163,143,1,-1,-1,-1
196,101,1039,439,162,142,1,-1,-1,-1
197,101,1034,440,164,143,1,-1,-1,-1
198,101,1030,441,164,144,1,-1,-1,-1
199,101,1025,442,166,144,1,-1,-1,-1
200,101,1020,443,168,146,1,-1,-1,-1
201,101,1015,443,171,147,1,-1,-1,-1
202,101,1012,444,171,147,1,-1,-1,-1
203,101,1007,445,172,148,1,-1,-1,-1
204,101,1001,445,176,152,1,-1,-1,-1
205,101,996,447,179,153,1,-1,-1,-1
206,101,992,449,179,153,1,-1,-1,-1
207,101,986,450,181,154,1,-1,-1,-1
208,101,980,452,181,154,1,-1,-1,-1
209,101,975,453,182,155,1,-1,-1,-1
210,101,969,455,185,157,1,-1,-1,-1
211,101,964,456,186,157,1,-1,-1,-1
212,101,957,457,187,157,1,-1,-1,-1
213,101,951,456,189,159,1,-1,-1,-1
214,101,942,456,193,162,1,-1,-1,-1
215,101,933,455,198,165,1,-1,-1,-1
216,101,924,456,201,167,1,-1,-1,-1
217,101,916,456,204,170,1,-1,-1,-1
218,101,909,459,205,169,1,-1,-1,-1
219,101,899,458,211,174,1,-1,-1,-1
220,101,893,459,213,176,1,-1,-1,-1
221,101,883,459,216,178,1,-1,-1,-1
222,101,875,461,216,177,1,-1,-1,-1
223,101,868,463,214,175,1,-1,-1,-1
224,101,858,463,218,177,1,-1,-1,-1
225,101,849,465,219,179,1,-1,-1,-1
226,101,841,468,220,180,1,-1,-1,-1
227,101,832,469,222,181,1,-1,-1,-1
228,101,821,470,225,183,1,-1,-1,-1
229,101,811,471,228,185,1,-1,-1,-1
230,101,801,470,232,189,1,-1,-1,-1
231,101,790,472,233,189,1,-1,-1,-1
232,101,777,472,236,190,1,-1,-1,-1
233,101,765,475,236,190,1,-1,-1,-1
234,101,751,476,242,194,1,-1,-1,-1
235,101,738,478,246,197,1,-1,-1,-1
236,101,724,479,250,199,1,-1,-1,-1
237,101,710,480,252,201,1,-1,-1,-1
238,101,696,481,257,205,1,-1,-1,-1
239,101,682,483,263,208,1,-1,-1,-1
240,101,666,484,269,212,1,-1,-1,-1
241,101,650,486,273,216,1,-1,-1,-1
242,101,631,487,278,218,1,-1,-1,-1
243,101,617,489,280,220,1,-1,-1,-1
244,101,599,490,284,223,1,-1,-1,-1
245,101,579,493,290,226,1,-1,-1,-1
246,101,560,494,296,231,1,-1,-1,-1
247,101,542,496,299,234,1,-1,-1,-1
248,101,520,499,305,237,1,-1,-1,-1
249,101,502,502,310,241,1,-1,-1,-1
250,101,483,504,314,244,1,-1,-1,-1
251,101,463,508,316,246,1,-1,-1,-1
252,101,438,514,320,247,1,-1,-1,-1
253,101,414,518,324,250,1,-1,-1,-1
254,101,389,523,329,254,1,-1,-1,-1
255,101,358,527,338,260,1,-1,-1,-1
256,101,327,533,347,266,1,-1,-1,-1
257,101,301,540,354,271,1,-1,-1,-1
258,101,271,547,362,277,1,-1,-1,-1
215,102,943,666,444,332,1,-1,-1,-1
216,102,960,651,429,321,1,-1,-1,-1
217,102,982,638,412,308,1,-1,-1,-1
218,102,996,624,404,303,1,-1,-1,-1
219,102,1012,608,399,299,1,-1,-1,-1
220,102,1025,593,394,296,1,-1,-1,-1
221,102,1037,580,387,291,1,-1,-1,-1
222,102,1048,569,381,286,1,-1,-1,-1
223,102,1056,560,375,282,1,-1,-1,-1
224,102,1071,550,367,277,1,-1,-1,-1
225,102,1086,540,365,276,1,-1,-1,-1
226,102,1099,528,362,274,1,-1,-1,-1
227,102,1105,524,354,269,1,-1,-1,-1
228,102,1114,519,346,263,1,-1,-1,-1
229,102,1125,515,336,257,1,-1,-1,-1
230,102,1133,509,332,254,1,-1,-1,-1
231,102,1140,502,330,254,1,-1,-1,-1
232,102,1149,494,325,251,1,-1,-1,-1
233,102,1159,486,320,246,1,-1,-1,-1
239,102,1223,477,292,225,1,-1,-1,-1
240,102,1234,473,287,222,1,-1,-1,-1
241,102,1245,468,281,219,1,-1,-1,-1
242,102,1248,473,275,214,1,-1,-1,-1
243,102,1254,472,270,212,1,-1,-1,-1
244,102,1259,469,266,209,1,-1,-1,-1
245,102,1265,467,262,206,1,-1,-1,-1
246,102,1270,466,260,205,1,-1,-1,-1
247,102,1277,463,255,202,1,-1,-1,-1
248,102,1282,466,249,198,1,-1,-1,-1
249,102,1286,468,245,195,1,-1,-1,-1
250,102,1294,469,240,191,1,-1,-1,-1
251,102,1302,468,235,187,1,-1,-1,-1
252,102,1309,467,230,184,1,-1,-1,-1
57,9,940,414,422,484,1,-1,-1,-1
58,9,954,407,415,477,1,-1,-1,-1
59,9,963,401,403,464,1,-1,-1,-1
60,9,977,395,392,452,1,-1,-1,-1
61,9,988,386,389,448,1,-1,-1,-1
62,9,1000,377,386,445,1,-1,-1,-1
63,9,1013,369,382,438,1,-1,-1,-1
64,9,1024,364,376,432,1,-1,-1,-1
65,9,1036,360,368,424,1,-1,-1,-1
66,9,1049,356,363,417,1,-1,-1,-1
67,9,1060,353,357,410,1,-1,-1,-1
68,9,1066,350,356,409,1,-1,-1,-1
69,9,1075,349,348,400,1,-1,-1,-1
70,9,1084,344,345,398,1,-1,-1,-1
71,9,1094,341,341,392,1,-1,-1,-1
72,9,1102,337,337,388,1,-1,-1,-1
73,9,1107,335,333,384,1,-1,-1,-1
74,9,1112,332,330,381,1,-1,-1,-1
75,9,1123,332,323,374,1,-1,-1,-1
76,9,1128,331,320,370,1,-1,-1,-1
77,9,1137,330,313,362,1,-1,-1,-1
78,9,1146,332,305,352,1,-1,-1,-1
79,9,1154,333,301,349,1,-1,-1,-1
80,9,1157,332,301,348,1,-1,-1,-1
81,9,1163,330,299,347,1,-1,-1,-1
82,9,1168,330,297,344,1,-1,-1,-1
83,9,1177,329,292,338,1,-1,-1,-1
84,9,1185,327,287,332,1,-1,-1,-1
85,9,1190,329,283,328,1,-1,-1,-1
86,9,1197,330,282,326,1,-1,-1,-1
87,9,1203,331,279,322,1,-1,-1,-1
88,9,1210,334,275,316,1,-1,-1,-1
89,9,1218,336,270,310,1,-1,-1,-1
90,9,1221,334,269,309,1,-1,-1,-1
91,9,1228,333,267,307,1,-1,-1,-1
92,9,1230,332,268,306,1,-1,-1,-1
93,9,1237,333,265,304,1,-1,-1,-1
94,9,1241,335,263,300,1,-1,-1,-1
95,9,1246,335,260,296,1,-1,-1,-1
96,9,1250,335,257,293,1,-1,-1,-1
97,9,1254,337,255,290,1,-1,-1,-1
98,9,1258,338,253,288,1,-1,-1,-1
99,9,1263,340,251,285,1,-1,-1,-1
100,9,1265,340,252,286,1,-1,-1,-1
101,9,1269,340,249,283,1,-1,-1,-1
102,9,1273,341,245,277,1,-1,-1,-1
103,9,1276,342,241,273,1,-1,-1,-1
104,9,1279,342,239,270,1,-1,-1,-1
105,9,1279,341,241,272,1,-1,-1,-1
106,9,1281,339,240,272,1,-1,-1,-1
107,9,1283,339,241,273,1,-1,-1,-1
108,9,1285,339,240,271,1,-1,-1,-1
109,9,1287,339,238,269,1,-1,-1,-1
110,9,1290,339,235,267,1,-1,-1,-1
111,9,1292,339,233,264,1,-1,-1,-1
112,9,1294,339,231,262,1,-1,-1,-1
113,9,1297,341,229,259,1,-1,-1,-1
114,9,1300,342,227,257,1,-1,-1,-1
115,9,1304,342,224,254,1,-1,-1,-1
116,9,1308,342,222,251,1,-1,-1,-1
117,9,1309,341,220,250,1,-1,-1,-1
118,9,1311,339,219,249,1,-1,-1,-1
119,9,1312,337,220,250,1,-1,-1,-1
120,9,1313,336,221,251,1,-1,-1,-1
121,9,1315,336,219,249,1,-1,-1,-1
122,9,1318,334,219,249,1,-1,-1,-1
123,9,1322,333,216,246,1,-1,-1,-1
124,9,1324,330,216,246,1,-1,-1,-1
125,9,1326,328,215,245,1,-1,-1,-1
126,9,1329,332,210,241,1,-1,-1,-1
127,9,1331,335,206,236,1,-1,-1,-1
128,9,1333,334,204,235,1,-1,-1,-1
129,9,1333,329,205,236,1,-1,-1,-1
130,9,1335,330,202,233,1,-1,-1,-1
131,9,1335,329,203,234,1,-1,-1,-1
132,9,1336,328,203,235,1,-1,-1,-1
133,9,1337,327,203,235,1,-1,-1,-1
134,9,1338,325,201,235,1,-1,-1,-1
135,9,1341,330,195,228,1,-1,-1,-1
136,9,1344,336,188,220,1,-1,-1,-1
137,9,1346,339,184,215,1,-1,-1,-1
138,9,1346,333,187,219,1,-1,-1,-1
139,9,1347,330,187,220,1,-1,-1,-1
140,9,1347,328,188,221,1,-1,-1,-1
141,9,1347,326,188,221,1,-1,-1,-1
142,9,1348,325,187,221,1,-1,-1,-1
143,9,1349,324,186,220,1,-1,-1,-1
85,12,1052,382,151,129,1,-1,-1,-1
86,12,1059,382,150,129,1,-1,-1,-1
87,12,1064,383,152,130,1,-1,-1,-1
88,12,1071,383,153,130,1,-1,-1,-1
89,12,1079,385,151,129,1,-1,-1,-1
90,12,1086,385,150,129,1,-1,-1,-1
91,12,1092,386,149,128,1,-1,-1,-1
92,12,1096,386,150,128,1,-1,-1,-1
93,12,1099,386,150,129,1,-1,-1,-1
94,12,1102,385,153,130,1,-1,-1,-1
95,12,1105,385,154,131,1,-1,-1,-1
96,12,1107,385,156,132,1,-1,-1,-1
97,12,1110,385,156,133,1,-1,-1,-1
98,12,1110,384,159,135,1,-1,-1,-1
99,12,1112,384,160,136,1,-1,-1,-1
100,12,1113,384,160,137,1,-1,-1,-1
101,12,1113,384,162,138,1,-1,-1,-1
102,12,1114,384,161,139,1,-1,-1,-1
103,12,1114,385,162,139,1,-1,-1,-1
104,12,1114,386,162,139,1,-1,-1,-1
105,12,1115,386,163,140,1,-1,-1,-1
106,12,1115,386,163,141,1,-1,-1,-1
107,12,1115,386,164,142,1,-1,-1,-1
108,12,1114,385,166,144,1,-1,-1,-1
109,12,1114,385,166,145,1,-1,-1,-1
110,12,1112,385,167,146,1,-1,-1,-1
111,12,1112,385,166,146,1,-1,-1,-1
112,12,1111,385,166,147,1,-1,-1,-1
113,12,1112,385,165,147,1,-1,-1,-1
114,12,1111,386,166,147,1,-1,-1,-1
115,12,1111,387,166,147,1,-1,-1,-1
116,12,1111,387,166,148,1,-1,-1,-1
117,12,1109,387,166,149,1,-1,-1,-1
118,12,1107,388,166,149,1,-1,-1,-1
119,12,1108,390,163,147,1,-1,-1,-1
120,12,1110,392,160,144,1,-1,-1,-1
121,12,1110,393,159,143,1,-1,-1,-1
122,12,1109,392,159,144,1,-1,-1,-1
123,12,1104,393,161,145,1,-1,-1,-1
124,12,1098,393,164,147,1,-1,-1,-1
125,12,1094,391,167,151,1,-1,-1,-1
126,12,1092,392,167,151,1,-1,-1,-1
127,12,1090,394,167,149,1,-1,-1,-1
128,12,1088,394,168,151,1,-1,-1,-1
129,12,1086,396,169,152,1,-1,-1,-1
130,12,1084,397,170,152,1,-1,-1,-1
131,12,1081,398,170,152,1,-1,-1,-1
132,12,1076,396,173,155,1,-1,-1,-1
133,12,1070,394,178,158,1,-1,-1,-1
134,12,1065,393,180,160,1,-1,-1,-1
135,12,1060,394,181,161,1,-1,-1,-1
136,12,1057,394,182,162,1,-1,-1,-1
137,12,1053,394,184,163,1,-1,-1,-1
138,12,1049,394,185,164,1,-1,-1,-1
139,12,1045,396,184,162,1,-1,-1,-1
140,12,1039,396,186,164,1,-1,-1,-1
141,12,1033,398,185,163,1,-1,-1,-1
142,12,1026,398,186,164,1,-1,-1,-1
143,12,1020,400,187,164,1,-1,-1,-1
144,12,1014,400,191,167,1,-1,-1,-1
145,12,1008,401,196,171,1,-1,-1,-1
146,12,1003,402,199,173,1,-1,-1,-1
147,12,997,403,201,175,1,-1,-1,-1
148,12,990,404,203,176,1,-1,-1,-1
149,12,986,404,204,178,1,-1,-1,-1
150,12,983,405,204,178,1,-1,-1,-1
151,12,978,405,207,180,1,-1,-1,-1
152,12,973,405,208,181,1,-1,-1,-1
153,12,967,406,209,182,1,-1,-1,-1
154,12,960,407,212,183,1,-1,-1,-1
155,12,953,407,215,186,1,-1,-1,-1
156,12,945,407,217,189,1,-1,-1,-1
157,12,939,410,218,188,1,-1,-1,-1
158,12,932,410,220,191,1,-1,-1,-1
159,12,925,412,223,193,1,-1,-1,-1
160,12,917,413,225,194,1,-1,-1,-1
161,12,909,413,230,199,1,-1,-1,-1
162,12,902,412,234,202,1,-1,-1,-1
163,12,897,413,234,202,1,-1,-1,-1
164,12,889,414,235,203,1,-1,-1,-1
165,12,880,415,238,205,1,-1,-1,-1
166,12,871,414,242,208,1,-1,-1,-1
167,12,863,414,246,212,1,-1,-1,-1
168,12,855,413,250,215,1,-1,-1,-1
169,12,849,415,249,214,1,-1,-1,-1
170,12,841,415,252,217,1,-1,-1,-1
171,12,832,414,256,221,1,-1,-1,-1
172,12,821,413,260,224,1,-1,-1,-1
173,12,808,413,264,227,1,-1,-1,-1
174,12,797,413,267,230,1,-1,-1,-1
175,12,787,415,267,231,1,-1,-1,-1
176,12,776,416,272,234,1,-1,-1,-1
177,12,764,414,278,240,1,-1,-1,-1
178,12,751,414,281,242,1,-1,-1,-1
179,12,737,415,283,244,1,-1,-1,-1
180,12,722,416,286,245,1,-1,-1,-1
181,12,709,417,287,247,1,-1,-1,-1
182,12,695,419,290,248,1,-1,-1,-1
183,12,683,421,292,251,1,-1,-1,-1
184,12,669,422,295,253,1,-1,-1,-1
185,12,654,422,300,257,1,-1,-1,-1
186,12,639,423,304,260,1,-1,-1,-1
187,12,623,425,309,263,1,-1,-1,-1
188,12,610,428,308,263,1,-1,-1,-1
189,12,590,428,316,269,1,-1,-1,-1
190,12,571,427,325,276,1,-1,-1,-1
191,12,554,427,330,280,1,-1,-1,-1
192,12,536,430,332,281,1,-1,-1,-1
193,12,516,433,336,283,1,-1,-1,-1
194,12,499,438,335,282,1,-1,-1,-1
195,12,474,439,343,287,1,-1,-1,-1
196,12,450,441,349,292,1,-1,-1,-1
197,12,425,441,360,300,1,-1,-1,-1
198,12,400,440,368,307,1,-1,-1,-1
199,12,379,443,372,309,1,-1,-1,-1
200,12,352,443,385,319,1,-1,-1,-1
201,12,324,444,394,325,1,-1,-1,-1
202,12,295,446,403,332,1,-1,-1,-1
203,12,269,451,409,336,1,-1,-1,-1
204,12,237,455,421,346,1,-1,-1,-1
205,12,211,461,427,350,1,-1,-1,-1
206,12,179,467,436,357,1,-1,-1,-1
207,12,150,474,444,362,1,-1,-1,-1
208,12,118,479,453,369,1,-1,-1,-1
209,12,86,486,461,375,1,-1,-1,-1
210,12,57,497,468,380,1,-1,-1,-1
211,12,24,508,476,387,1,-1,-1,-1
212,12,-3,520,481,392,1,-1,-1,-1
213,12,-29,527,495,403,1,-1,-1,-1
214,12,-49,537,504,412,1,-1,-1,-1
215,12,-67,549,512,419,1,-1,-1,-1
216,12,-89,557,519,427,1,-1,-1,-1
217,12,-114,564,527,433,1,-1,-1,-1
123,15,899,659,484,385,1,-1,-1,-1
124,15,909,646,482,384,1,-1,-1,-1
125,15,918,631,476,379,1,-1,-1,-1
126,15,928,619,462,369,1,-1,-1,-1
127,15,939,606,451,361,1,-1,-1,-1
128,15,949,593,442,354,1,-1,-1,-1
129,15,960,579,434,348,1,-1,-1,-1
130,15,968,567,426,342,1,-1,-1,-1
131,15,980,553,415,335,1,-1,-1,-1
132,15,990,543,406,329,1,-1,-1,-1
133,15,999,536,400,324,1,-1,-1,-1
134,15,1010,528,394,321,1,-1,-1,-1
135,15,1020,521,385,314,1,-1,-1,-1
136,15,1031,515,376,307,1,-1,-1,-1
137,15,1041,508,369,303,1,-1,-1,-1
138,15,1051,501,363,299,1,-1,-1,-1
139,15,1063,495,356,294,1,-1,-1,-1
140,15,1074,489,350,290,1,-1,-1,-1
141,15,1079,483,348,289,1,-1,-1,-1
142,15,1085,479,343,286,1,-1,-1,-1
143,15,1095,477,335,281,1,-1,-1,-1
144,15,1105,474,328,274,1,-1,-1,-1
145,15,1115,469,324,272,1,-1,-1,-1
146,15,1124,465,321,269,1,-1,-1,-1
147,15,1131,463,315,266,1,-1,-1,-1
148,15,1138,457,314,265,1,-1,-1,-1
149,15,1146,453,311,262,1,-1,-1,-1
150,15,1153,452,307,259,1,-1,-1,-1
151,15,1159,450,303,257,1,-1,-1,-1
152,15,1165,447,301,255,1,-1,-1,-1
153,15,1173,445,295,251,1,-1,-1,-1
154,15,1179,440,296,253,1,-1,-1,-1
155,15,1188,441,290,247,1,-1,-1,-1
156,15,1196,439,287,245,1,-1,-1,-1
157,15,1202,437,284,243,1,-1,-1,-1
158,15,1209,434,282,242,1,-1,-1,-1
159,15,1216,431,280,241,1,-1,-1,-1
160,15,1223,431,275,237,1,-1,-1,-1
161,15,1227,431,272,235,1,-1,-1,-1
162,15,1232,433,267,230,1,-1,-1,-1
163,15,1238,433,263,228,1,-1,-1,-1
164,15,1243,432,260,227,1,-1,-1,-1
165,15,1246,432,257,223,1,-1,-1,-1
166,15,1250,432,252,219,1,-1,-1,-1
167,15,1256,432,247,215,1,-1,-1,-1
168,15,1262,432,243,213,1,-1,-1,-1
169,15,1264,433,243,211,1,-1,-1,-1
170,15,1268,434,238,207,1,-1,-1,-1
171,15,1270,433,236,207,1,-1,-1,-1
172,15,1274,433,235,205,1,-1,-1,-1
173,15,1277,433,234,204,1,-1,-1,-1
174,15,1278,431,236,206,1,-1,-1,-1
175,15,1282,430,233,205,1,-1,-1,-1
176,15,1285,430,233,203,1,-1,-1,-1
177,15,1289,429,232,202,1,-1,-1,-1
178,15,1294,429,228,199,1,-1,-1,-1
179,15,1298,428,225,197,1,-1,-1,-1
180,15,1301,428,223,195,1,-1,-1,-1
181,15,1306,427,222,194,1,-1,-1,-1
182,15,1310,426,222,194,1,-1,-1,-1
183,15,1312,424,222,194,1,-1,-1,-1
184,15,1314,423,221,193,1,-1,-1,-1
185,15,1316,423,218,191,1,-1,-1,-1
186,15,1319,423,216,189,1,-1,-1,-1
187,15,1323,423,213,187,1,-1,-1,-1
188,15,1327,423,211,185,1,-1,-1,-1
189,15,1330,422,209,184,1,-1,-1,-1
190,15,1333,421,207,182,1,-1,-1,-1
191,15,1336,421,204,180,1,-1,-1,-1
192,15,1336,423,202,178,1,-1,-1,-1
193,15,1337,421,202,178,1,-1,-1,-1
194,15,1339,420,200,177,1,-1,-1,-1
195,15,1341,419,199,176,1,-1,-1,-1
196,15,1342,418,198,175,1,-1,-1,-1
197,15,1344,417,196,174,1,-1,-1,-1
198,15,1348,419,191,170,1,-1,-1,-1
199,15,1350,420,189,167,1,-1,-1,-1
200,15,1352,420,188,167,1,-1,-1,-1
201,15,1354,418,187,166,1,-1,-1,-1
202,15,1356,416,185,164,1,-1,-1,-1
203,15,1357,413,186,165,1,-1,-1,-1
204,15,1358,413,185,165,1,-1,-1,-1
205,15,1359,412,184,164,1,-1,-1,-1
206,15,1359,412,185,164,1,-1,-1,-1
207,15,1359,411,186,165,1,-1,-1,-1
208,15,1359,410,187,165,1,-1,-1,-1
209,15,1362,409,183,163,1,-1,-1,-1
210,15,1363,409,182,161,1,-1,-1,-1
211,15,1364,408,180,160,1,-1,-1,-1
212,15,1365,408,179,159,1,-1,-1,-1
213,15,1366,407,177,158,1,-1,-1,-1
214,15,1368,407,175,156,1,-1,-1,-1
215,15,1369,407,175,156,1,-1,-1,-1
216,15,1369,406,175,156,1,-1,-1,-1
217,15,1370,406,173,154,1,-1,-1,-1
218,15,1370,405,172,153,1,-1,-1,-1
219,15,1371,403,171,154,1,-1,-1,-1
220,15,1372,402,171,153,1,-1,-1,-1
221,15,1373,400,170,153,1,-1,-1,-1
222,15,1374,399,170,153,1,-1,-1,-1
223,15,1376,398,168,152,1,-1,-1,-1
224,15,1377,397,168,152,1,-1,-1,-1
225,15,1378,397,168,151,1,-1,-1,-1
226,15,1379,398,166,151,1,-1,-1,-1
227,15,1379,400,165,149,1,-1,-1,-1
228,15,1380,400,163,148,1,-1,-1,-1
229,15,1380,400,163,147,1,-1,-1,-1
230,15,1380,398,162,147,1,-1,-1,-1
231,15,1380,399,160,145,1,-1,-1,-1
232,15,1380,399,159,144,1,-1,-1,-1
233,15,1380,398,159,145,1,-1,-1,-1
234,15,1379,398,158,144,1,-1,-1,-1
235,15,1381,398,156,142,1,-1,-1,-1
236,15,1381,397,155,142,1,-1,-1,-1
237,15,1382,397,154,140,1,-1,-1,-1
3,16,1008,421,184,160,1,-1,-1,-1
4,16,1004,422,186,162,1,-1,-1,-1
5,16,1000,423,188,162,1,-1,-1,-1
6,16,999,424,187,162,1,-1,-1,-1
7,16,996,424,187,163,1,-1,-1,-1
8,16,992,425,188,163,1,-1,-1,-1
9,16,988,425,189,164,1,-1,-1,-1
10,16,984,426,190,164,1,-1,-1,-1
11,16,980,426,192,165,1,-1,-1,-1
12,16,976,426,193,166,1,-1,-1,-1
13,16,972,427,195,167,1,-1,-1,-1
14,16,966,427,199,170,1,-1,-1,-1
15,16,960,428,201,172,1,-1,-1,-1
16,16,956,429,202,172,1,-1,-1,-1
17,16,951,430,203,173,1,-1,-1,-1
18,16,946,431,205,175,1,-1,-1,-1
19,16,939,432,209,176,1,-1,-1,-1
20,16,934,432,209,177,1,-1,-1,-1
21,16,927,432,213,180,1,-1,-1,-1
22,16,921,433,215,181,1,-1,-1,-1
23,16,914,434,217,182,1,-1,-1,-1
24,16,909,435,218,183,1,-1,-1,-1
25,16,903,436,220,184,1,-1,-1,-1
26,16,895,433,225,188,1,-1,-1,-1
27,16,888,433,228,190,1,-1,-1,-1
28,16,879,434,232,193,1,-1,-1,-1
29,16,875,436,231,192,1,-1,-1,-1
30,16,869,435,234,195,1,-1,-1,-1
31,16,862,436,236,195,1,-1,-1,-1
32,16,856,436,236,196,1,-1,-1,-1
33,16,849,437,238,197,1,-1,-1,-1
34,16,844,438,239,197,1,-1,-1,-1
35,16,837,439,241,199,1,-1,-1,-1
36,16,828,438,246,202,1,-1,-1,-1
37,16,820,438,247,204,1,-1,-1,-1
38,16,812,439,250,205,1,-1,-1,-1
39,16,803,438,254,208,1,-1,-1,-1
40,16,796,438,256,210,1,-1,-1,-1
41,16,790,439,257,211,1,-1,-1,-1
52,16,674,444,286,235,1,-1,-1,-1
53,16,665,445,287,237,1,-1,-1,-1
54,16,658,447,287,236,1,-1,-1,-1
55,16,649,448,290,238,1,-1,-1,-1
56,16,638,448,294,242,1,-1,-1,-1
57,16,623,448,299,246,1,-1,-1,-1
58,16,611,448,302,249,1,-1,-1,-1
59,16,599,450,305,250,1,-1,-1,-1
60,16,588,451,307,252,1,-1,-1,-1
61,16,578,454,308,252,1,-1,-1,-1
62,16,565,455,311,256,1,-1,-1,-1
63,16,552,456,316,259,1,-1,-1,-1
64,16,540,458,317,260,1,-1,-1,-1
65,16,526,459,321,263,1,-1,-1,-1
66,16,512,462,323,264,1,-1,-1,-1
67,16,496,463,325,266,1,-1,-1,-1
68,16,479,462,330,270,1,-1,-1,-1
69,16,464,463,334,273,1,-1,-1,-1
70,16,447,463,341,278,1,-1,-1,-1
71,16,431,464,347,282,1,-1,-1,-1
72,16,416,466,353,287,1,-1,-1,-1
73,16,401,469,358,292,1,-1,-1,-1
74,16,383,473,360,293,1,-1,-1,-1
75,16,363,473,367,298,1,-1,-1,-1
76,16,346,476,370,301,1,-1,-1,-1
77,16,325,479,377,307,1,-1,-1,-1
78,16,302,485,381,309,1,-1,-1,-1
79,16,281,490,382,310,1,-1,-1,-1
80,16,263,492,390,317,1,-1,-1,-1
81,16,240,497,398,322,1,-1,-1,-1
82,16,218,503,404,326,1,-1,-1,-1
83,16,190,507,412,333,1,-1,-1,-1
84,16,164,514,418,338,1,-1,-1,-1
85,16,143,521,423,340,1,-1,-1,-1
86,16,119,524,435,351,1,-1,-1,-1
87,16,97,532,440,355,1,-1,-1,-1
88,16,70,538,450,361,1,-1,-1,-1
89,16,44,545,457,367,1,-1,-1,-1
90,16,16,555,464,372,1,-1,-1,-1
91,16,-6,563,468,376,1,-1,-1,-1
92,16,-23,570,474,382,1,-1,-1,-1
93,16,-35,582,477,385,1,-1,-1,-1
94,16,-53,590,482,390,1,-1,-1,-1
95,16,-73,597,488,394,1,-1,-1,-1
3,22,332,532,380,271,1,-1,-1,-1
4,22,307,537,389,277,1,-1,-1,-1
5,22,285,545,392,279,1,-1,-1,-1
6,22,261,554,397,282,1,-1,-1,-1
7,22,232,561,404,288,1,-1,-1,-1
8,22,205,569,412,294,1,-1,-1,-1
9,22,173,575,420,299,1,-1,-1,-1
10,22,141,584,427,303,1,-1,-1,-1
11,22,109,594,435,310,1,-1,-1,-1
12,22,77,609,438,311,1,-1,-1,-1
13,22,40,619,447,317,1,-1,-1,-1
14,22,7,631,454,322,1,-1,-1,-1
15,22,-16,643,460,327,1,-1,-1,-1
16,22,-36,655,466,330,1,-1,-1,-1
17,22,-59,665,471,335,1,-1,-1,-1
18,22,-85,674,477,340,1,-1,-1,-1
