3,168,192,594,276,235,1,-1,-1,-1
4,168,188,604,272,233,1,-1,-1,-1
5,168,181,614,273,232,1,-1,-1,-1
6,168,173,622,275,234,1,-1,-1,-1
7,168,162,628,279,238,1,-1,-1,-1
8,168,150,635,286,243,1,-1,-1,-1
9,168,142,644,287,244,1,-1,-1,-1
10,168,130,653,291,248,1,-1,-1,-1
11,168,120,661,295,250,1,-1,-1,-1
12,168,109,668,300,255,1,-1,-1,-1
13,168,100,678,299,253,1,-1,-1,-1
14,168,88,687,305,258,1,-1,-1,-1
15,168,75,697,308,261,1,-1,-1,-1
16,168,63,706,313,265,1,-1,-1,-1
17,168,51,715,320,270,1,-1,-1,-1
18,168,39,725,325,273,1,-1,-1,-1
19,168,25,734,331,279,1,-1,-1,-1
20,168,10,745,335,283,1,-1,-1,-1
21,168,0,756,343,289,1,-1,-1,-1
22,168,-12,766,350,294,1,-1,-1,-1
23,168,-23,775,354,298,1,-1,-1,-1
3,170,543,67,183,134,1,-1,-1,-1
4,170,544,68,185,135,1,-1,-1,-1
5,170,544,68,186,137,1,-1,-1,-1
6,170,544,69,189,139,1,-1,-1,-1
7,170,544,70,188,139,1,-1,-1,-1
8,170,543,71,189,140,1,-1,-1,-1
9,170,544,74,187,139,1,-1,-1,-1
10,170,545,76,186,139,1,-1,-1,-1
11,170,545,78,185,138,1,-1,-1,-1
12,170,546,81,183,137,1,-1,-1,-1
13,170,547,83,180,136,1,-1,-1,-1
14,170,548,85,178,135,1,-1,-1,-1
15,170,548,87,176,135,1,-1,-1,-1
16,170,548,88,179,137,1,-1,-1,-1
17,170,547,90,180,139,1,-1,-1,-1
18,170,546,91,181,141,1,-1,-1,-1
19,170,546,93,180,141,1,-1,-1,-1
20,170,545,95,180,142,1,-1,-1,-1
21,170,544,97,181,143,1,-1,-1,-1
22,170,543,101,179,143,1,-1,-1,-1
23,170,541,101,180,145,1,-1,-1,-1
24,170,538,103,181,145,1,-1,-1,-1
25,170,537,106,179,145,1,-1,-1,-1
26,170,535,109,179,146,1,-1,-1,-1
27,170,535,113,178,145,1,-1,-1,-1
28,170,536,117,176,145,1,-1,-1,-1
29,170,535,121,176,146,1,-1,-1,-1
30,170,532,125,175,145,1,-1,-1,-1
31,170,530,126,176,147,1,-1,-1,-1
32,170,529,129,177,147,1,-1,-1,-1
33,170,529,132,175,147,1,-1,-1,-1
34,170,529,135,174,147,1,-1,-1,-1
35,170,526,138,176,148,1,-1,-1,-1
36,170,523,141,178,150,1,-1,-1,-1
37,170,521,143,180,152,1,-1,-1,-1
38,170,520,147,180,153,1,-1,-1,-1
39,170,518,152,179,152,1,-1,-1,-1
40,170,516,156,178,152,1,-1,-1,-1
41,170,515,161,178,152,1,-1,-1,-1
42,170,514,165,179,153,1,-1,-1,-1
43,170,513,170,179,154,1,-1,-1,-1
44,170,512,176,178,152,1,-1,-1,-1
45,170,511,179,178,153,1,-1,-1,-1
46,170,510,183,177,151,1,-1,-1,-1
47,170,511,187,175,151,1,-1,-1,-1
48,170,510,190,175,151,1,-1,-1,-1
49,170,509,194,175,151,1,-1,-1,-1
50,170,507,197,175,151,1,-1,-1,-1
51,170,506,201,175,151,1,-1,-1,-1
52,170,506,205,176,153,1,-1,-1,-1
53,170,505,209,178,155,1,-1,-1,-1
54,170,502,214,181,157,1,-1,-1,-1
55,170,500,218,182,158,1,-1,-1,-1
56,170,500,222,181,157,1,-1,-1,-1
57,170,499,226,181,157,1,-1,-1,-1
58,170,500,230,180,157,1,-1,-1,-1
59,170,500,234,180,157,1,-1,-1,-1
60,170,499,237,181,158,1,-1,-1,-1
61,170,498,240,182,159,1,-1,-1,-1
62,170,495,243,184,160,1,-1,-1,-1
63,170,494,247,184,160,1,-1,-1,-1
64,170,491,250,186,161,1,-1,-1,-1
65,170,489,256,186,161,1,-1,-1,-1
66,170,487,260,186,161,1,-1,-1,-1
67,170,485,264,187,162,1,-1,-1,-1
68,170,480,268,191,165,1,-1,-1,-1
69,170,475,273,191,165,1,-1,-1,-1
70,170,471,277,191,166,1,-1,-1,-1
71,170,464,281,194,167,1,-1,-1,-1
72,170,462,285,194,167,1,-1,-1,-1
73,170,457,289,196,168,1,-1,-1,-1
74,170,452,291,197,170,1,-1,-1,-1
75,170,448,295,196,169,1,-1,-1,-1
76,170,443,299,197,170,1,-1,-1,-1
77,170,441,305,196,168,1,-1,-1,-1
78,170,435,307,200,171,1,-1,-1,-1
79,170,429,309,203,174,1,-1,-1,-1
80,170,427,314,203,174,1,-1,-1,-1
81,170,421,320,202,172,1,-1,-1,-1
82,170,415,324,203,173,1,-1,-1,-1
83,170,411,328,204,174,1,-1,-1,-1
84,170,407,333,205,174,1,-1,-1,-1
85,170,404,337,206,175,1,-1,-1,-1
86,170,397,340,211,179,1,-1,-1,-1
87,170,392,344,214,181,1,-1,-1,-1
88,170,388,348,216,183,1,-1,-1,-1
89,170,382,353,218,184,1,-1,-1,-1
90,170,381,359,215,182,1,-1,-1,-1
91,170,378,364,217,184,1,-1,-1,-1
92,170,373,368,221,186,1,-1,-1,-1
93,170,370,372,223,188,1,-1,-1,-1
94,170,366,377,226,190,1,-1,-1,-1
95,170,365,383,223,189,1,-1,-1,-1
96,170,358,386,227,191,1,-1,-1,-1
97,170,353,389,232,195,1,-1,-1,-1
98,170,349,393,232,196,1,-1,-1,-1
99,170,346,399,232,194,1,-1,-1,-1
100,170,342,406,231,194,1,-1,-1,-1
101,170,337,411,234,196,1,-1,-1,-1
102,170,332,413,238,200,1,-1,-1,-1
103,170,327,416,243,203,1,-1,-1,-1
104,170,320,420,246,207,1,-1,-1,-1
105,170,314,428,247,207,1,-1,-1,-1
106,170,310,436,249,209,1,-1,-1,-1
107,170,305,442,252,211,1,-1,-1,-1
108,170,299,447,258,217,1,-1,-1,-1
109,170,292,454,261,219,1,-1,-1,-1
110,170,286,462,260,219,1,-1,-1,-1
111,170,281,467,264,222,1,-1,-1,-1
112,170,277,474,264,223,1,-1,-1,-1
113,170,270,483,265,224,1,-1,-1,-1
114,170,263,489,269,227,1,-1,-1,-1
115,170,260,498,267,226,1,-1,-1,-1
116,170,255,504,270,229,1,-1,-1,-1
117,170,246,509,276,234,1,-1,-1,-1
118,170,239,517,276,233,1,-1,-1,-1
119,170,233,524,279,236,1,-1,-1,-1
120,170,225,530,284,241,1,-1,-1,-1
121,170,223,538,282,239,1,-1,-1,-1
122,170,216,546,283,239,1,-1,-1,-1
123,170,207,553,288,244,1,-1,-1,-1
124,170,206,562,287,242,1,-1,-1,-1
125,170,202,571,286,242,1,-1,-1,-1
126,170,195,578,290,245,1,-1,-1,-1
127,170,185,584,294,249,1,-1,-1,-1
128,170,175,593,295,250,1,-1,-1,-1
129,170,168,601,295,249,1,-1,-1,-1
130,170,162,609,296,249,1,-1,-1,-1
131,170,155,617,297,250,1,-1,-1,-1
132,170,144,626,302,253,1,-1,-1,-1
133,170,132,633,309,259,1,-1,-1,-1
134,170,120,643,315,263,1,-1,-1,-1
135,170,107,654,320,268,1,-1,-1,-1
136,170,93,664,326,272,1,-1,-1,-1
137,170,79,674,331,277,1,-1,-1,-1
138,170,68,685,332,277,1,-1,-1,-1
139,170,53,694,338,281,1,-1,-1,-1
140,170,44,703,338,282,1,-1,-1,-1
141,170,32,714,342,285,1,-1,-1,-1
142,170,19,724,349,290,1,-1,-1,-1
143,170,3,735,357,297,1,-1,-1,-1
144,170,-10,745,362,301,1,-1,-1,-1
145,170,-21,755,366,304,1,-1,-1,-1
112,174,384,23,228,149,1,-1,-1,-1
113,174,391,22,230,149,1,-1,-1,-1
114,174,397,22,232,150,1,-1,-1,-1
115,174,407,21,232,151,1,-1,-1,-1
116,174,412,21,234,152,1,-1,-1,-1
117,174,417,23,235,152,1,-1,-1,-1
118,174,418,23,237,153,1,-1,-1,-1
119,174,421,24,237,152,1,-1,-1,-1
120,174,422,24,240,154,1,-1,-1,-1
121,174,426,26,238,151,1,-1,-1,-1
122,174,428,26,237,150,1,-1,-1,-1
123,174,425,25,240,151,1,-1,-1,-1
124,174,421,24,245,153,1,-1,-1,-1
125,174,423,24,247,153,1,-1,-1,-1
126,174,424,24,248,153,1,-1,-1,-1
127,174,425,24,252,155,1,-1,-1,-1
128,174,425,25,257,156,1,-1,-1,-1
129,174,422,25,262,158,1,-1,-1,-1
130,174,417,25,266,158,1,-1,-1,-1
131,174,418,25,268,159,1,-1,-1,-1
132,174,419,25,270,160,1,-1,-1,-1
133,174,420,26,272,159,1,-1,-1,-1
134,174,421,26,274,159,1,-1,-1,-1
135,174,421,25,277,160,1,-1,-1,-1
136,174,421,25,279,159,1,-1,-1,-1
137,174,422,25,281,159,1,-1,-1,-1
138,174,423,25,283,159,1,-1,-1,-1
139,174,428,25,283,160,1,-1,-1,-1
140,174,426,25,284,159,1,-1,-1,-1
141,174,429,25,285,159,1,-1,-1,-1
142,174,430,26,285,158,1,-1,-1,-1
143,174,427,26,285,158,1,-1,-1,-1
144,174,423,26,286,158,1,-1,-1,-1
145,174,421,27,286,157,1,-1,-1,-1
146,174,421,26,290,158,1,-1,-1,-1
147,174,420,26,290,158,1,-1,-1,-1
148,174,421,26,292,158,1,-1,-1,-1
149,174,419,26,293,158,1,-1,-1,-1
150,174,417,26,293,159,1,-1,-1,-1
151,174,415,27,292,157,1,-1,-1,-1
152,174,414,27,292,157,1,-1,-1,-1
153,174,414,27,291,157,1,-1,-1,-1
154,174,413,28,293,156,1,-1,-1,-1
155,174,413,28,294,156,1,-1,-1,-1
156,174,412,27,292,156,1,-1,-1,-1
157,174,413,27,294,157,1,-1,-1,-1
158,174,419,27,295,157,1,-1,-1,-1
159,174,424,28,295,156,1,-1,-1,-1
160,174,429,28,296,157,1,-1,-1,-1
161,174,430,27,297,158,1,-1,-1,-1
162,174,430,27,298,159,1,-1,-1,-1
163,174,428,27,301,160,1,-1,-1,-1
164,174,424,26,304,161,1,-1,-1,-1
165,174,420,26,306,162,1,-1,-1,-1
166,174,422,25,306,164,1,-1,-1,-1
167,174,424,26,306,163,1,-1,-1,-1
168,174,421,26,307,164,1,-1,-1,-1
169,174,422,26,307,164,1,-1,-1,-1
170,174,427,26,304,163,1,-1,-1,-1
171,174,428,26,304,163,1,-1,-1,-1
172,174,436,27,303,162,1,-1,-1,-1
173,174,439,27,300,161,1,-1,-1,-1
174,174,444,28,300,161,1,-1,-1,-1
175,174,447,28,302,163,1,-1,-1,-1
176,174,450,28,304,163,1,-1,-1,-1
177,174,455,28,303,164,1,-1,-1,-1
178,174,458,29,301,164,1,-1,-1,-1
179,174,463,31,299,162,1,-1,-1,-1
180,174,469,32,295,162,1,-1,-1,-1
181,174,475,33,292,161,1,-1,-1,-1
182,174,475,32,298,165,1,-1,-1,-1
183,174,479,33,296,165,1,-1,-1,-1
184,174,484,35,292,164,1,-1,-1,-1
185,174,491,35,289,163,1,-1,-1,-1
186,174,496,35,288,164,1,-1,-1,-1
187,174,501,36,286,164,1,-1,-1,-1
188,174,505,37,284,164,1,-1,-1,-1
189,174,505,37,289,169,1,-1,-1,-1
190,174,506,40,283,167,1,-1,-1,-1
191,174,509,40,280,168,1,-1,-1,-1
192,174,512,44,275,165,1,-1,-1,-1
193,174,516,45,270,164,1,-1,-1,-1
194,174,517,48,267,164,1,-1,-1,-1
195,174,519,49,265,166,1,-1,-1,-1
196,174,522,52,256,162,1,-1,-1,-1
197,174,523,54,251,161,1,-1,-1,-1
198,174,525,57,245,158,1,-1,-1,-1
199,174,525,57,248,161,1,-1,-1,-1
200,174,526,57,248,164,1,-1,-1,-1
201,174,528,58,245,164,1,-1,-1,-1
202,174,530,59,242,164,1,-1,-1,-1
203,174,531,61,242,163,1,-1,-1,-1
227,174,493,112,248,172,1,-1,-1,-1
228,174,500,125,232,164,1,-1,-1,-1
229,174,503,132,224,160,1,-1,-1,-1
230,174,502,136,223,159,1,-1,-1,-1
232,174,491,132,235,170,1,-1,-1,-1
233,174,489,133,237,173,1,-1,-1,-1
234,174,486,135,238,176,1,-1,-1,-1
235,174,484,138,239,176,1,-1,-1,-1
236,174,482,140,240,178,1,-1,-1,-1
239,174,479,150,242,181,1,-1,-1,-1
240,174,482,156,235,176,1,-1,-1,-1
241,174,482,160,234,177,1,-1,-1,-1
242,174,482,165,232,176,1,-1,-1,-1
243,174,482,168,231,177,1,-1,-1,-1
244,174,476,166,239,184,1,-1,-1,-1
245,174,473,167,241,186,1,-1,-1,-1
246,174,475,173,234,181,1,-1,-1,-1
247,174,472,173,234,182,1,-1,-1,-1
248,174,471,182,230,179,1,-1,-1,-1
249,174,466,181,235,183,1,-1,-1,-1
250,174,463,183,237,185,1,-1,-1,-1
251,174,460,186,239,186,1,-1,-1,-1
252,174,460,188,240,187,1,-1,-1,-1
253,174,458,195,240,188,1,-1,-1,-1
254,174,455,199,244,191,1,-1,-1,-1
255,174,449,197,251,197,1,-1,-1,-1
256,174,445,198,255,201,1,-1,-1,-1
257,174,442,200,257,203,1,-1,-1,-1
260,174,441,218,241,191,1,-1,-1,-1
261,174,439,222,240,190,1,-1,-1,-1
262,174,437,226,240,189,1,-1,-1,-1
275,174,411,269,263,207,1,-1,-1,-1
276,174,407,265,270,214,1,-1,-1,-1
277,174,403,263,276,220,1,-1,-1,-1
278,174,401,265,276,220,1,-1,-1,-1
279,174,399,264,279,224,1,-1,-1,-1
280,174,397,264,281,226,1,-1,-1,-1
281,174,397,267,282,226,1,-1,-1,-1
282,174,397,268,285,230,1,-1,-1,-1
283,174,395,269,289,234,1,-1,-1,-1
284,174,395,273,289,234,1,-1,-1,-1
285,174,390,275,293,238,1,-1,-1,-1
286,174,386,276,299,243,1,-1,-1,-1
287,174,387,280,297,242,1,-1,-1,-1
288,174,388,280,298,245,1,-1,-1,-1
289,174,387,281,300,247,1,-1,-1,-1
290,174,388,287,298,245,1,-1,-1,-1
291,174,386,290,301,249,1,-1,-1,-1
292,174,387,296,299,247,1,-1,-1,-1
293,174,387,300,297,247,1,-1,-1,-1
294,174,385,304,298,248,1,-1,-1,-1
295,174,382,305,301,250,1,-1,-1,-1
296,174,381,306,301,252,1,-1,-1,-1
297,174,382,309,301,251,1,-1,-1,-1
298,174,382,313,300,251,1,-1,-1,-1
299,174,381,316,301,252,1,-1,-1,-1
300,174,378,319,301,253,1,-1,-1,-1
301,174,368,313,312,263,1,-1,-1,-1
302,174,362,311,319,269,1,-1,-1,-1
303,174,359,312,322,271,1,-1,-1,-1
304,174,345,319,322,271,1,-1,-1,-1
305,174,336,322,321,271,1,-1,-1,-1
306,174,325,318,331,278,1,-1,-1,-1
307,174,306,312,347,292,1,-1,-1,-1
308,174,292,317,347,291,1,-1,-1,-1
309,174,273,319,350,293,1,-1,-1,-1
310,174,254,316,360,299,1,-1,-1,-1
311,174,235,323,354,292,1,-1,-1,-1
312,174,214,332,347,284,1,-1,-1,-1
313,174,184,346,341,275,1,-1,-1,-1
314,174,158,359,331,265,1,-1,-1,-1
315,174,116,368,335,263,1,-1,-1,-1
316,174,77,374,340,263,1,-1,-1,-1
317,174,49,380,343,261,1,-1,-1,-1
318,174,29,385,341,260,1,-1,-1,-1
139,175,1090,723,394,311,1,-1,-1,-1
140,175,1075,717,387,305,1,-1,-1,-1
141,175,1063,713,380,299,1,-1,-1,-1
142,175,1046,707,377,297,1,-1,-1,-1
143,175,1027,701,375,295,1,-1,-1,-1
144,175,1005,697,369,292,1,-1,-1,-1
145,175,986,687,368,289,1,-1,-1,-1
146,175,968,681,363,286,1,-1,-1,-1
147,175,938,679,359,282,1,-1,-1,-1
148,175,904,680,355,278,1,-1,-1,-1
149,175,868,678,354,275,1,-1,-1,-1
150,175,828,675,353,273,1,-1,-1,-1
151,175,779,673,355,273,1,-1,-1,-1
152,175,730,666,363,276,1,-1,-1,-1
153,175,678,660,371,280,1,-1,-1,-1
154,175,624,658,376,279,1,-1,-1,-1
155,175,569,655,381,280,1,-1,-1,-1
156,175,511,655,386,279,1,-1,-1,-1
157,175,457,655,390,278,1,-1,-1,-1
158,175,401,656,394,276,1,-1,-1,-1
159,175,339,662,395,272,1,-1,-1,-1
160,175,277,668,397,269,1,-1,-1,-1
161,175,220,671,402,267,1,-1,-1,-1
162,175,163,671,411,269,1,-1,-1,-1
163,175,116,675,413,265,1,-1,-1,-1
164,175,62,680,416,262,1,-1,-1,-1
165,175,19,685,420,261,1,-1,-1,-1
166,175,-26,688,422,259,1,-1,-1,-1
167,175,-71,689,418,258,1,-1,-1,-1
160,176,1570,76,210,121,1,-1,-1,-1
161,176,1554,77,208,120,1,-1,-1,-1
162,176,1534,78,210,120,1,-1,-1,-1
163,176,1519,77,215,123,1,-1,-1,-1
164,176,1506,76,220,125,1,-1,-1,-1
165,176,1491,76,223,126,1,-1,-1,-1
166,176,1472,78,224,125,1,-1,-1,-1
167,176,1449,80,226,126,1,-1,-1,-1
168,176,1413,81,230,128,1,-1,-1,-1
169,176,1368,82,233,128,1,-1,-1,-1
170,176,1333,82,234,127,1,-1,-1,-1
171,176,1308,82,241,129,1,-1,-1,-1
172,176,1285,80,249,133,1,-1,-1,-1
173,176,1262,80,255,135,1,-1,-1,-1
174,176,1239,80,258,136,1,-1,-1,-1
177,176,1155,79,259,134,1,-1,-1,-1
178,176,1131,79,258,133,1,-1,-1,-1
179,176,1107,79,260,132,1,-1,-1,-1
180,176,1083,79,261,132,1,-1,-1,-1
189,176,866,93,280,142,1,-1,-1,-1
190,176,846,96,279,141,1,-1,-1,-1
191,176,824,99,278,141,1,-1,-1,-1
192,176,807,100,276,141,1,-1,-1,-1
193,176,798,104,271,139,1,-1,-1,-1
194,176,790,107,270,139,1,-1,-1,-1
195,176,778,109,268,139,1,-1,-1,-1
196,176,764,111,269,141,1,-1,-1,-1
197,176,746,114,269,142,1,-1,-1,-1
198,176,732,116,267,142,1,-1,-1,-1
199,176,719,118,265,141,1,-1,-1,-1
200,176,704,121,264,142,1,-1,-1,-1
201,176,692,125,262,141,1,-1,-1,-1
202,176,680,129,259,141,1,-1,-1,-1
203,176,666,132,260,142,1,-1,-1,-1
204,176,649,135,264,145,1,-1,-1,-1
205,176,637,136,266,148,1,-1,-1,-1
206,176,625,139,265,149,1,-1,-1,-1
207,176,612,144,263,148,1,-1,-1,-1
208,176,603,148,259,148,1,-1,-1,-1
209,176,592,153,256,147,1,-1,-1,-1
210,176,583,157,252,147,1,-1,-1,-1
211,176,571,161,250,147,1,-1,-1,-1
212,176,565,167,249,147,1,-1,-1,-1
213,176,556,169,251,151,1,-1,-1,-1
214,176,545,172,251,152,1,-1,-1,-1
215,176,532,176,252,152,1,-1,-1,-1
217,176,530,185,244,150,1,-1,-1,-1
218,176,529,191,237,147,1,-1,-1,-1
219,176,528,196,231,146,1,-1,-1,-1
220,176,523,202,227,144,1,-1,-1,-1
221,176,517,205,228,147,1,-1,-1,-1
222,176,513,207,229,149,1,-1,-1,-1
223,176,512,211,226,149,1,-1,-1,-1
224,176,513,216,221,146,1,-1,-1,-1
225,176,512,220,219,147,1,-1,-1,-1
226,176,510,223,219,148,1,-1,-1,-1
227,176,507,226,219,150,1,-1,-1,-1
228,176,502,228,220,152,1,-1,-1,-1
229,176,500,231,219,153,1,-1,-1,-1
230,176,500,237,214,151,1,-1,-1,-1
231,176,498,243,211,149,1,-1,-1,-1
232,176,493,247,210,150,1,-1,-1,-1
233,176,490,250,210,151,1,-1,-1,-1
234,176,488,254,211,152,1,-1,-1,-1
235,176,484,257,212,154,1,-1,-1,-1
236,176,482,261,212,155,1,-1,-1,-1
237,176,481,264,211,157,1,-1,-1,-1
238,176,478,268,212,157,1,-1,-1,-1
239,176,476,272,210,157,1,-1,-1,-1
240,176,477,274,209,157,1,-1,-1,-1
241,176,474,280,209,158,1,-1,-1,-1
242,176,472,285,208,158,1,-1,-1,-1
243,176,472,291,205,156,1,-1,-1,-1
244,176,469,294,206,157,1,-1,-1,-1
245,176,466,297,207,159,1,-1,-1,-1
246,176,462,299,210,161,1,-1,-1,-1
247,176,460,301,211,162,1,-1,-1,-1
248,176,458,303,212,164,1,-1,-1,-1
249,176,457,308,212,164,1,-1,-1,-1
250,176,455,312,213,165,1,-1,-1,-1
251,176,454,316,211,164,1,-1,-1,-1
252,176,451,319,212,165,1,-1,-1,-1
253,176,447,324,213,166,1,-1,-1,-1
254,176,445,329,212,166,1,-1,-1,-1
255,176,442,333,214,168,1,-1,-1,-1
256,176,439,337,214,168,1,-1,-1,-1
257,176,437,341,215,169,1,-1,-1,-1
258,176,437,345,215,168,1,-1,-1,-1
259,176,434,349,218,171,1,-1,-1,-1
260,176,428,352,222,174,1,-1,-1,-1
261,176,422,356,226,177,1,-1,-1,-1
262,176,420,360,224,177,1,-1,-1,-1
263,176,416,363,225,177,1,-1,-1,-1
264,176,412,366,227,179,1,-1,-1,-1
265,176,409,371,228,179,1,-1,-1,-1
266,176,406,376,230,181,1,-1,-1,-1
267,176,402,381,234,183,1,-1,-1,-1
268,176,399,387,235,184,1,-1,-1,-1
269,176,396,391,236,186,1,-1,-1,-1
270,176,391,395,237,187,1,-1,-1,-1
271,176,386,399,238,187,1,-1,-1,-1
272,176,382,402,240,189,1,-1,-1,-1
273,176,379,406,241,190,1,-1,-1,-1
274,176,377,411,241,190,1,-1,-1,-1
275,176,374,415,241,190,1,-1,-1,-1
276,176,371,420,242,191,1,-1,-1,-1
277,176,364,424,245,193,1,-1,-1,-1
278,176,360,429,248,195,1,-1,-1,-1
279,176,357,434,251,198,1,-1,-1,-1
280,176,353,439,254,200,1,-1,-1,-1
281,176,346,445,258,204,1,-1,-1,-1
282,176,342,451,263,208,1,-1,-1,-1
283,176,337,457,265,210,1,-1,-1,-1
284,176,331,462,269,214,1,-1,-1,-1
285,176,327,469,270,214,1,-1,-1,-1
286,176,324,476,271,214,1,-1,-1,-1
287,176,320,483,269,213,1,-1,-1,-1
288,176,316,489,269,214,1,-1,-1,-1
289,176,312,495,270,215,1,-1,-1,-1
290,176,304,500,275,218,1,-1,-1,-1
291,176,300,506,276,220,1,-1,-1,-1
292,176,293,511,280,223,1,-1,-1,-1
293,176,283,516,284,227,1,-1,-1,-1
294,176,276,522,287,228,1,-1,-1,-1
295,176,270,526,292,233,1,-1,-1,-1
296,176,263,533,294,233,1,-1,-1,-1
297,176,260,539,293,233,1,-1,-1,-1
298,176,254,545,294,234,1,-1,-1,-1
299,176,247,551,296,235,1,-1,-1,-1
300,176,241,556,299,238,1,-1,-1,-1
301,176,232,562,302,241,1,-1,-1,-1
302,176,226,570,302,241,1,-1,-1,-1
303,176,219,577,304,242,1,-1,-1,-1
304,176,212,583,303,242,1,-1,-1,-1
305,176,200,589,309,246,1,-1,-1,-1
306,176,189,597,311,247,1,-1,-1,-1
307,176,178,602,315,251,1,-1,-1,-1
308,176,168,608,320,255,1,-1,-1,-1
309,176,162,614,321,255,1,-1,-1,-1
310,176,154,621,323,258,1,-1,-1,-1
311,176,140,630,330,263,1,-1,-1,-1
312,176,125,638,334,266,1,-1,-1,-1
313,176,115,646,336,267,1,-1,-1,-1
314,176,102,653,342,272,1,-1,-1,-1
315,176,92,662,341,272,1,-1,-1,-1
316,176,81,672,344,274,1,-1,-1,-1
317,176,64,679,351,280,1,-1,-1,-1
318,176,54,688,352,280,1,-1,-1,-1
319,176,46,692,355,282,1,-1,-1,-1
320,176,36,699,360,287,1,-1,-1,-1
321,176,25,710,365,289,1,-1,-1,-1
322,176,11,719,370,294,1,-1,-1,-1
323,176,0,730,375,298,1,-1,-1,-1
324,176,-8,740,380,303,1,-1,-1,-1
325,176,-16,748,387,309,1,-1,-1,-1
326,176,-19,758,388,310,1,-1,-1,-1
327,176,-25,767,390,312,1,-1,-1,-1
328,176,-34,775,393,315,1,-1,-1,-1
234,178,876,25,211,143,1,-1,-1,-1
235,178,853,22,213,146,1,-1,-1,-1
236,178,824,14,224,153,1,-1,-1,-1
237,178,799,11,228,155,1,-1,-1,-1
238,178,771,4,235,159,1,-1,-1,-1
239,178,742,0,239,162,1,-1,-1,-1
240,178,715,0,239,161,1,-1,-1,-1
241,178,690,-1,240,161,1,-1,-1,-1
242,178,666,-1,238,160,1,-1,-1,-1
243,178,639,-1,236,157,1,-1,-1,-1
244,178,606,-1,233,154,1,-1,-1,-1
245,178,572,-1,231,153,1,-1,-1,-1
246,178,538,0,229,150,1,-1,-1,-1
247,178,509,1,224,147,1,-1,-1,-1
248,178,482,2,222,144,1,-1,-1,-1
249,178,450,3,221,142,1,-1,-1,-1
250,178,410,3,222,142,1,-1,-1,-1
251,178,384,3,222,141,1,-1,-1,-1
252,178,356,3,222,140,1,-1,-1,-1
253,178,328,3,221,139,1,-1,-1,-1
235,179,1495,61,292,141,1,-1,-1,-1
236,179,1470,63,289,140,1,-1,-1,-1
237,179,1441,64,291,141,1,-1,-1,-1
238,179,1407,65,293,142,1,-1,-1,-1
239,179,1379,65,298,145,1,-1,-1,-1
240,179,1331,67,299,145,1,-1,-1,-1
241,179,1287,66,305,147,1,-1,-1,-1
242,179,1253,65,307,148,1,-1,-1,-1
243,179,1222,66,309,148,1,-1,-1,-1
244,179,1192,66,309,149,1,-1,-1,-1
280,180,1060,700,517,362,1,-1,-1,-1
281,180,1046,689,535,375,1,-1,-1,-1
282,180,1035,677,545,384,1,-1,-1,-1
283,180,1029,667,545,383,1,-1,-1,-1
284,180,1028,657,535,378,1,-1,-1,-1
285,180,1028,650,524,371,1,-1,-1,-1
286,180,1026,640,514,366,1,-1,-1,-1
287,180,1025,631,502,359,1,-1,-1,-1
288,180,1024,622,492,354,1,-1,-1,-1
289,180,1021,614,480,347,1,-1,-1,-1
290,180,1021,605,468,342,1,-1,-1,-1
291,180,1019,597,456,335,1,-1,-1,-1
292,180,1019,587,453,335,1,-1,-1,-1
293,180,1019,579,447,334,1,-1,-1,-1
294,180,1018,572,438,330,1,-1,-1,-1
295,180,1020,561,430,325,1,-1,-1,-1
296,180,1024,552,418,320,1,-1,-1,-1
297,180,1025,546,408,314,1,-1,-1,-1
298,180,1023,541,399,310,1,-1,-1,-1
299,180,1022,534,394,308,1,-1,-1,-1
300,180,1026,525,386,305,1,-1,-1,-1
301,180,1028,519,373,296,1,-1,-1,-1
302,180,1027,513,364,291,1,-1,-1,-1
303,180,1033,509,347,279,1,-1,-1,-1
304,180,1037,505,335,270,1,-1,-1,-1
305,180,1040,497,329,267,1,-1,-1,-1
306,180,1042,488,321,262,1,-1,-1,-1
307,180,1043,483,313,256,1,-1,-1,-1
308,180,1047,481,304,248,1,-1,-1,-1
309,180,1046,474,300,246,1,-1,-1,-1
310,180,1043,468,299,245,1,-1,-1,-1
311,180,1047,464,292,239,1,-1,-1,-1
312,180,1047,458,286,233,1,-1,-1,-1
313,180,1045,451,283,231,1,-1,-1,-1
314,180,1044,446,279,228,1,-1,-1,-1
315,180,1042,440,278,228,1,-1,-1,-1
316,180,1042,435,274,223,1,-1,-1,-1
317,180,1042,429,271,221,1,-1,-1,-1
318,180,1041,424,271,220,1,-1,-1,-1
319,180,1038,418,270,218,1,-1,-1,-1
320,180,1037,414,263,212,1,-1,-1,-1
321,180,1033,409,263,212,1,-1,-1,-1
322,180,1030,404,264,213,1,-1,-1,-1
323,180,1026,397,268,214,1,-1,-1,-1
324,180,1027,393,265,212,1,-1,-1,-1
325,180,1021,388,270,215,1,-1,-1,-1
326,180,1018,383,271,216,1,-1,-1,-1
327,180,1016,378,271,216,1,-1,-1,-1
328,180,1015,374,266,211,1,-1,-1,-1
329,180,1014,370,265,211,1,-1,-1,-1
330,180,1013,365,266,212,1,-1,-1,-1
331,180,1015,361,261,207,1,-1,-1,-1
332,180,1021,358,250,198,1,-1,-1,-1
333,180,1021,353,249,198,1,-1,-1,-1
334,180,1020,349,248,196,1,-1,-1,-1
335,180,1022,343,244,193,1,-1,-1,-1
336,180,1025,334,239,190,1,-1,-1,-1
337,180,1028,331,232,183,1,-1,-1,-1
338,180,1027,327,229,181,1,-1,-1,-1
339,180,1028,324,227,180,1,-1,-1,-1
340,180,1029,322,225,177,1,-1,-1,-1
341,180,1031,318,225,177,1,-1,-1,-1
342,180,1032,316,223,174,1,-1,-1,-1
343,180,1029,311,226,177,1,-1,-1,-1
344,180,1026,307,229,179,1,-1,-1,-1
345,180,1025,302,228,178,1,-1,-1,-1
346,180,1025,298,224,175,1,-1,-1,-1
347,180,1024,294,224,174,1,-1,-1,-1
348,180,1025,292,220,171,1,-1,-1,-1
307,181,1078,650,369,281,1,-1,-1,-1
308,181,1076,642,360,275,1,-1,-1,-1
309,181,1073,634,355,271,1,-1,-1,-1
310,181,1063,605,370,282,1,-1,-1,-1
311,181,1065,603,359,274,1,-1,-1,-1
312,181,1060,597,353,270,1,-1,-1,-1
313,181,1058,593,343,262,1,-1,-1,-1
314,181,1058,585,339,259,1,-1,-1,-1
315,181,1054,577,337,258,1,-1,-1,-1
316,181,1057,573,330,253,1,-1,-1,-1
317,181,1053,559,330,254,1,-1,-1,-1
318,181,1048,545,333,257,1,-1,-1,-1
319,181,1048,542,326,250,1,-1,-1,-1
320,181,1048,533,325,251,1,-1,-1,-1
321,181,1042,522,329,254,1,-1,-1,-1
322,181,1038,512,329,255,1,-1,-1,-1
323,181,1039,508,319,248,1,-1,-1,-1
324,181,1039,505,312,243,1,-1,-1,-1
325,181,1040,504,305,238,1,-1,-1,-1
326,181,1040,499,300,235,1,-1,-1,-1
327,181,1039,493,298,234,1,-1,-1,-1
328,181,1029,476,311,244,1,-1,-1,-1
329,181,1026,465,310,245,1,-1,-1,-1
330,181,1026,457,305,243,1,-1,-1,-1
331,181,1031,459,293,233,1,-1,-1,-1
332,181,1036,462,281,225,1,-1,-1,-1
333,181,1035,457,278,223,1,-1,-1,-1
334,181,1033,451,276,222,1,-1,-1,-1
335,181,1031,446,274,220,1,-1,-1,-1
336,181,1018,419,292,236,1,-1,-1,-1
337,181,1011,403,299,242,1,-1,-1,-1
338,181,1008,394,299,243,1,-1,-1,-1
339,181,1013,412,272,222,1,-1,-1,-1
340,181,1017,420,258,211,1,-1,-1,-1
341,181,1019,421,249,203,1,-1,-1,-1
342,181,1020,421,243,199,1,-1,-1,-1
343,181,1019,418,239,196,1,-1,-1,-1
344,181,1022,418,230,188,1,-1,-1,-1
345,181,1023,416,223,183,1,-1,-1,-1
346,181,1023,413,218,179,1,-1,-1,-1
332,182,817,122,177,138,1,-1,-1,-1
333,182,803,126,174,137,1,-1,-1,-1
334,182,776,129,176,138,1,-1,-1,-1
335,182,747,134,179,139,1,-1,-1,-1
336,182,720,137,182,140,1,-1,-1,-1
337,182,692,142,183,141,1,-1,-1,-1
338,182,667,147,185,141,1,-1,-1,-1
339,182,648,151,187,142,1,-1,-1,-1
340,182,631,155,189,143,1,-1,-1,-1
341,182,615,160,191,143,1,-1,-1,-1
342,182,598,166,194,146,1,-1,-1,-1
343,182,586,174,193,144,1,-1,-1,-1
344,182,574,179,192,143,1,-1,-1,-1
345,182,561,184,194,144,1,-1,-1,-1
346,182,550,189,194,144,1,-1,-1,-1
347,182,541,197,192,142,1,-1,-1,-1
348,182,532,202,193,143,1,-1,-1,-1
177,3,1156,708,456,305,1,-1,-1,-1
178,3,1148,692,447,300,1,-1,-1,-1
179,3,1145,680,433,290,1,-1,-1,-1
180,3,1143,667,422,283,1,-1,-1,-1
181,3,1134,653,415,279,1,-1,-1,-1
182,3,1130,639,411,276,1,-1,-1,-1
183,3,1125,630,400,270,1,-1,-1,-1
184,3,1135,625,386,261,1,-1,-1,-1
185,3,1132,615,381,257,1,-1,-1,-1
186,3,1132,603,375,255,1,-1,-1,-1
187,3,1123,592,374,254,1,-1,-1,-1
188,3,1120,581,369,252,1,-1,-1,-1
189,3,1118,570,366,250,1,-1,-1,-1
190,3,1121,562,355,244,1,-1,-1,-1
191,3,1122,556,346,238,1,-1,-1,-1
192,3,1120,547,339,234,1,-1,-1,-1
193,3,1121,535,339,236,1,-1,-1,-1
194,3,1120,525,335,234,1,-1,-1,-1
195,3,1117,515,331,230,1,-1,-1,-1
200,3,1128,476,319,223,1,-1,-1,-1
201,3,1135,469,313,221,1,-1,-1,-1
202,3,1138,461,308,219,1,-1,-1,-1
203,3,1139,453,304,216,1,-1,-1,-1
207,3,1163,427,294,210,1,-1,-1,-1
208,3,1169,423,286,207,1,-1,-1,-1
209,3,1173,416,281,205,1,-1,-1,-1
210,3,1181,417,272,198,1,-1,-1,-1
211,3,1188,413,267,197,1,-1,-1,-1
212,3,1193,409,260,193,1,-1,-1,-1
213,3,1198,404,253,188,1,-1,-1,-1
214,3,1202,399,247,184,1,-1,-1,-1
215,3,1206,393,243,181,1,-1,-1,-1
217,3,1212,381,245,183,1,-1,-1,-1
218,3,1212,374,248,187,1,-1,-1,-1
219,3,1217,370,244,184,1,-1,-1,-1
220,3,1219,364,241,183,1,-1,-1,-1
221,3,1223,362,234,178,1,-1,-1,-1
222,3,1224,354,233,178,1,-1,-1,-1
223,3,1227,347,230,177,1,-1,-1,-1
224,3,1228,341,232,178,1,-1,-1,-1
225,3,1230,335,231,178,1,-1,-1,-1
226,3,1232,329,230,177,1,-1,-1,-1
233,3,1248,304,227,176,1,-1,-1,-1
234,3,1251,299,224,175,1,-1,-1,-1
235,3,1255,297,223,174,1,-1,-1,-1
236,3,1259,293,221,174,1,-1,-1,-1
237,3,1261,289,221,173,1,-1,-1,-1
68,4,1543,575,345,361,1,-1,-1,-1
69,4,1546,566,335,351,1,-1,-1,-1
70,4,1543,558,330,345,1,-1,-1,-1
71,4,1541,547,327,340,1,-1,-1,-1
72,4,1538,540,317,329,1,-1,-1,-1
73,4,1533,531,314,324,1,-1,-1,-1
74,4,1523,523,308,316,1,-1,-1,-1
75,4,1513,515,306,310,1,-1,-1,-1
76,4,1507,505,306,308,1,-1,-1,-1
77,4,1501,494,306,306,1,-1,-1,-1
78,4,1500,487,304,300,1,-1,-1,-1
79,4,1492,479,301,294,1,-1,-1,-1
80,4,1476,470,304,295,1,-1,-1,-1
81,4,1468,462,302,290,1,-1,-1,-1
82,4,1459,456,300,285,1,-1,-1,-1
83,4,1452,451,298,280,1,-1,-1,-1
84,4,1445,446,296,275,1,-1,-1,-1
85,4,1430,434,304,279,1,-1,-1,-1
86,4,1425,429,298,272,1,-1,-1,-1
87,4,1418,421,297,269,1,-1,-1,-1
88,4,1410,416,296,266,1,-1,-1,-1
89,4,1402,411,294,262,1,-1,-1,-1
90,4,1398,406,293,258,1,-1,-1,-1
91,4,1391,401,292,255,1,-1,-1,-1
92,4,1384,393,294,256,1,-1,-1,-1
93,4,1379,387,293,254,1,-1,-1,-1
94,4,1377,382,289,249,1,-1,-1,-1
95,4,1377,378,286,246,1,-1,-1,-1
96,4,1374,374,285,243,1,-1,-1,-1
97,4,1372,369,285,241,1,-1,-1,-1
98,4,1370,365,281,237,1,-1,-1,-1
99,4,1362,359,281,236,1,-1,-1,-1
100,4,1353,351,283,237,1,-1,-1,-1
101,4,1347,345,284,236,1,-1,-1,-1
102,4,1344,339,284,237,1,-1,-1,-1
103,4,1341,333,282,234,1,-1,-1,-1
104,4,1338,328,278,231,1,-1,-1,-1
105,4,1336,323,277,230,1,-1,-1,-1
106,4,1336,317,276,229,1,-1,-1,-1
107,4,1333,313,276,228,1,-1,-1,-1
108,4,1328,309,275,228,1,-1,-1,-1
109,4,1320,302,277,230,1,-1,-1,-1
110,4,1315,297,276,228,1,-1,-1,-1
111,4,1313,290,272,226,1,-1,-1,-1
112,4,1310,286,266,222,1,-1,-1,-1
113,4,1306,284,265,220,1,-1,-1,-1
114,4,1304,281,263,218,1,-1,-1,-1
115,4,1304,278,262,217,1,-1,-1,-1
116,4,1303,275,259,215,1,-1,-1,-1
117,4,1301,272,257,214,1,-1,-1,-1
118,4,1296,270,257,214,1,-1,-1,-1
119,4,1291,268,257,214,1,-1,-1,-1
120,4,1287,264,256,213,1,-1,-1,-1
121,4,1282,261,255,212,1,-1,-1,-1
122,4,1278,257,254,212,1,-1,-1,-1
123,4,1279,254,250,208,1,-1,-1,-1
124,4,1279,250,246,205,1,-1,-1,-1
125,4,1277,248,245,204,1,-1,-1,-1
126,4,1276,246,242,203,1,-1,-1,-1
127,4,1277,243,239,200,1,-1,-1,-1
128,4,1277,240,238,200,1,-1,-1,-1
129,4,1277,239,235,196,1,-1,-1,-1
130,4,1274,236,233,196,1,-1,-1,-1
131,4,1274,233,231,194,1,-1,-1,-1
132,4,1275,232,229,192,1,-1,-1,-1
133,4,1275,230,228,190,1,-1,-1,-1
134,4,1275,228,224,188,1,-1,-1,-1
135,4,1275,225,222,186,1,-1,-1,-1
136,4,1274,221,221,185,1,-1,-1,-1
137,4,1269,208,229,193,1,-1,-1,-1
138,4,1266,201,232,195,1,-1,-1,-1
139,4,1264,197,233,195,1,-1,-1,-1
140,4,1268,199,229,192,1,-1,-1,-1
141,4,1265,190,234,197,1,-1,-1,-1
142,4,1261,180,239,203,1,-1,-1,-1
143,4,1259,177,237,201,1,-1,-1,-1
144,4,1258,172,235,201,1,-1,-1,-1
145,4,1256,168,236,201,1,-1,-1,-1
3,5,1433,421,299,245,1,-1,-1,-1
4,5,1428,416,295,242,1,-1,-1,-1
5,5,1425,411,291,239,1,-1,-1,-1
6,5,1422,408,289,237,1,-1,-1,-1
7,5,1419,404,287,236,1,-1,-1,-1
8,5,1417,400,284,233,1,-1,-1,-1
9,5,1411,395,282,232,1,-1,-1,-1
10,5,1406,390,280,230,1,-1,-1,-1
11,5,1407,388,275,226,1,-1,-1,-1
12,5,1405,384,273,225,1,-1,-1,-1
13,5,1398,376,277,227,1,-1,-1,-1
14,5,1394,369,275,227,1,-1,-1,-1
15,5,1391,364,272,224,1,-1,-1,-1
16,5,1390,361,269,222,1,-1,-1,-1
17,5,1391,358,266,219,1,-1,-1,-1
18,5,1390,357,261,216,1,-1,-1,-1
19,5,1386,354,258,214,1,-1,-1,-1
20,5,1383,349,258,214,1,-1,-1,-1
21,5,1381,345,256,214,1,-1,-1,-1
22,5,1381,342,253,211,1,-1,-1,-1
23,5,1379,340,251,209,1,-1,-1,-1
24,5,1375,336,251,209,1,-1,-1,-1
25,5,1373,332,251,210,1,-1,-1,-1
26,5,1371,326,250,210,1,-1,-1,-1
27,5,1371,323,246,206,1,-1,-1,-1
28,5,1371,321,241,202,1,-1,-1,-1
29,5,1370,317,241,203,1,-1,-1,-1
30,5,1369,315,240,202,1,-1,-1,-1
31,5,1367,312,236,199,1,-1,-1,-1
32,5,1363,308,235,198,1,-1,-1,-1
33,5,1359,304,235,199,1,-1,-1,-1
34,5,1357,302,234,198,1,-1,-1,-1
35,5,1355,300,232,197,1,-1,-1,-1
36,5,1352,297,232,196,1,-1,-1,-1
37,5,1350,295,230,196,1,-1,-1,-1
38,5,1348,293,229,195,1,-1,-1,-1
39,5,1345,291,229,195,1,-1,-1,-1
40,5,1344,290,227,193,1,-1,-1,-1
41,5,1343,287,226,192,1,-1,-1,-1
42,5,1343,285,224,191,1,-1,-1,-1
43,5,1342,283,221,189,1,-1,-1,-1
44,5,1342,282,218,186,1,-1,-1,-1
45,5,1339,281,216,184,1,-1,-1,-1
46,5,1337,281,214,182,1,-1,-1,-1
47,5,1334,279,212,180,1,-1,-1,-1
48,5,1333,277,210,179,1,-1,-1,-1
49,5,1331,276,210,178,1,-1,-1,-1
50,5,1329,274,210,179,1,-1,-1,-1
51,5,1327,273,210,178,1,-1,-1,-1
52,5,1325,270,209,177,1,-1,-1,-1
53,5,1323,268,207,175,1,-1,-1,-1
54,5,1321,265,207,175,1,-1,-1,-1
55,5,1319,261,207,175,1,-1,-1,-1
56,5,1317,257,207,175,1,-1,-1,-1
57,5,1316,255,207,174,1,-1,-1,-1
58,5,1316,252,207,174,1,-1,-1,-1
59,5,1316,248,208,175,1,-1,-1,-1
60,5,1313,246,209,176,1,-1,-1,-1
61,5,1310,243,210,176,1,-1,-1,-1
62,5,1308,240,210,176,1,-1,-1,-1
69,5,1296,222,207,174,1,-1,-1,-1
70,5,1290,219,208,175,1,-1,-1,-1
71,5,1290,216,206,173,1,-1,-1,-1
72,5,1292,214,203,170,1,-1,-1,-1
73,5,1291,211,202,170,1,-1,-1,-1
74,5,1290,209,201,168,1,-1,-1,-1
94,5,1270,178,197,166,1,-1,-1,-1
95,5,1271,179,192,160,1,-1,-1,-1
96,5,1273,178,187,157,1,-1,-1,-1
97,5,1274,177,185,155,1,-1,-1,-1
98,5,1273,176,186,154,1,-1,-1,-1
99,5,1274,177,182,150,1,-1,-1,-1
100,5,1272,176,182,149,1,-1,-1,-1
101,5,1272,175,179,147,1,-1,-1,-1
102,5,1271,173,178,146,1,-1,-1,-1
103,5,1270,172,178,145,1,-1,-1,-1
104,5,1270,171,176,144,1,-1,-1,-1
107,5,1265,168,184,149,1,-1,-1,-1
108,5,1265,166,183,150,1,-1,-1,-1
109,5,1264,165,183,150,1,-1,-1,-1
112,5,1259,153,195,158,1,-1,-1,-1
113,5,1259,151,195,159,1,-1,-1,-1
114,5,1258,151,195,159,1,-1,-1,-1
115,5,1258,151,193,158,1,-1,-1,-1
116,5,1258,152,190,155,1,-1,-1,-1
117,5,1258,152,188,154,1,-1,-1,-1
118,5,1260,153,184,151,1,-1,-1,-1
119,5,1258,152,186,152,1,-1,-1,-1
120,5,1258,151,186,153,1,-1,-1,-1
121,5,1258,152,183,150,1,-1,-1,-1
122,5,1260,154,179,146,1,-1,-1,-1
123,5,1261,153,178,146,1,-1,-1,-1
124,5,1260,151,180,147,1,-1,-1,-1
125,5,1261,150,181,147,1,-1,-1,-1
126,5,1263,149,178,145,1,-1,-1,-1
127,5,1264,147,178,146,1,-1,-1,-1
128,5,1264,147,178,145,1,-1,-1,-1
129,5,1266,146,175,143,1,-1,-1,-1
130,5,1266,146,176,143,1,-1,-1,-1
131,5,1268,148,172,140,1,-1,-1,-1
132,5,1267,147,172,139,1,-1,-1,-1
133,5,1267,146,171,138,1,-1,-1,-1
134,5,1267,145,171,138,1,-1,-1,-1
19,12,813,126,225,138,1,-1,-1,-1
20,12,803,130,225,138,1,-1,-1,-1
21,12,789,134,226,139,1,-1,-1,-1
22,12,778,137,227,139,1,-1,-1,-1
23,12,764,141,228,140,1,-1,-1,-1
24,12,752,144,231,143,1,-1,-1,-1
25,12,744,148,229,142,1,-1,-1,-1
26,12,735,152,227,142,1,-1,-1,-1
27,12,727,156,228,142,1,-1,-1,-1
28,12,721,160,227,142,1,-1,-1,-1
29,12,715,163,228,144,1,-1,-1,-1
30,12,716,169,221,141,1,-1,-1,-1
31,12,715,173,219,141,1,-1,-1,-1
32,12,714,178,217,141,1,-1,-1,-1
33,12,713,182,215,141,1,-1,-1,-1
34,12,712,186,214,142,1,-1,-1,-1
35,12,712,190,212,142,1,-1,-1,-1
36,12,711,195,213,144,1,-1,-1,-1
37,12,712,199,212,145,1,-1,-1,-1
38,12,712,204,210,145,1,-1,-1,-1
39,12,711,208,211,147,1,-1,-1,-1
40,12,712,213,208,147,1,-1,-1,-1
41,12,712,219,207,147,1,-1,-1,-1
42,12,714,225,204,146,1,-1,-1,-1
43,12,714,230,203,146,1,-1,-1,-1
44,12,714,235,202,147,1,-1,-1,-1
45,12,714,241,200,147,1,-1,-1,-1
46,12,713,246,200,147,1,-1,-1,-1
47,12,711,250,200,150,1,-1,-1,-1
48,12,711,255,200,150,1,-1,-1,-1
49,12,712,261,197,150,1,-1,-1,-1
50,12,712,266,196,150,1,-1,-1,-1
51,12,713,271,194,148,1,-1,-1,-1
52,12,713,276,195,149,1,-1,-1,-1
53,12,712,280,196,151,1,-1,-1,-1
54,12,711,285,197,153,1,-1,-1,-1
55,12,712,290,196,153,1,-1,-1,-1
56,12,711,295,198,154,1,-1,-1,-1
57,12,710,300,197,155,1,-1,-1,-1
58,12,709,304,198,157,1,-1,-1,-1
59,12,708,309,197,157,1,-1,-1,-1
60,12,707,314,200,159,1,-1,-1,-1
61,12,706,319,200,158,1,-1,-1,-1
62,12,705,322,201,161,1,-1,-1,-1
63,12,704,327,202,161,1,-1,-1,-1
64,12,702,331,203,163,1,-1,-1,-1
65,12,700,334,205,165,1,-1,-1,-1
66,12,699,339,207,165,1,-1,-1,-1
67,12,699,343,208,168,1,-1,-1,-1
68,12,698,348,210,170,1,-1,-1,-1
69,12,695,351,215,174,1,-1,-1,-1
70,12,695,356,216,175,1,-1,-1,-1
71,12,694,362,216,175,1,-1,-1,-1
72,12,695,367,215,176,1,-1,-1,-1
73,12,694,372,218,177,1,-1,-1,-1
74,12,692,377,219,178,1,-1,-1,-1
75,12,693,383,218,178,1,-1,-1,-1
76,12,691,388,220,180,1,-1,-1,-1
77,12,690,395,222,181,1,-1,-1,-1
78,12,688,400,225,185,1,-1,-1,-1
79,12,689,406,224,185,1,-1,-1,-1
80,12,687,412,227,187,1,-1,-1,-1
81,12,686,418,229,189,1,-1,-1,-1
82,12,686,425,231,190,1,-1,-1,-1
83,12,683,432,233,192,1,-1,-1,-1
84,12,681,438,234,193,1,-1,-1,-1
85,12,679,446,234,192,1,-1,-1,-1
86,12,676,453,236,194,1,-1,-1,-1
87,12,674,459,238,196,1,-1,-1,-1
88,12,671,467,240,197,1,-1,-1,-1
89,12,668,475,242,199,1,-1,-1,-1
90,12,664,481,245,202,1,-1,-1,-1
91,12,661,487,248,204,1,-1,-1,-1
92,12,657,496,250,205,1,-1,-1,-1
93,12,653,502,252,208,1,-1,-1,-1
94,12,645,508,259,212,1,-1,-1,-1
95,12,642,516,261,215,1,-1,-1,-1
96,12,636,523,266,218,1,-1,-1,-1
97,12,633,532,267,219,1,-1,-1,-1
98,12,630,541,268,219,1,-1,-1,-1
99,12,626,548,271,221,1,-1,-1,-1
100,12,621,555,274,224,1,-1,-1,-1
101,12,615,563,278,228,1,-1,-1,-1
102,12,609,571,283,231,1,-1,-1,-1
103,12,605,582,284,232,1,-1,-1,-1
104,12,596,591,290,237,1,-1,-1,-1
105,12,590,599,298,243,1,-1,-1,-1
106,12,583,608,302,246,1,-1,-1,-1
107,12,578,618,303,247,1,-1,-1,-1
108,12,572,628,307,250,1,-1,-1,-1
109,12,565,637,312,253,1,-1,-1,-1
110,12,559,645,320,260,1,-1,-1,-1
111,12,552,655,323,263,1,-1,-1,-1
112,12,544,665,327,266,1,-1,-1,-1
113,12,537,676,329,267,1,-1,-1,-1
114,12,529,688,333,271,1,-1,-1,-1
115,12,520,700,339,275,1,-1,-1,-1
116,12,512,711,344,280,1,-1,-1,-1
117,12,504,723,349,284,1,-1,-1,-1
118,12,494,735,354,289,1,-1,-1,-1
119,12,486,749,359,292,1,-1,-1,-1
120,12,479,764,363,294,1,-1,-1,-1
121,12,471,777,367,298,1,-1,-1,-1
122,12,471,793,360,291,1,-1,-1,-1
123,12,467,807,359,289,1,-1,-1,-1
124,12,461,818,361,292,1,-1,-1,-1
30,51,375,50,205,124,1,-1,-1,-1
31,51,377,51,203,123,1,-1,-1,-1
32,51,384,52,199,120,1,-1,-1,-1
33,51,392,53,198,119,1,-1,-1,-1
34,51,397,53,200,120,1,-1,-1,-1
35,51,400,51,208,124,1,-1,-1,-1
36,51,399,51,213,127,1,-1,-1,-1
37,51,398,51,214,127,1,-1,-1,-1
38,51,398,50,217,128,1,-1,-1,-1
39,51,406,51,214,126,1,-1,-1,-1
40,51,408,51,216,127,1,-1,-1,-1
41,51,413,51,216,126,1,-1,-1,-1
42,51,421,51,219,126,1,-1,-1,-1
43,51,427,51,221,127,1,-1,-1,-1
44,51,435,51,223,128,1,-1,-1,-1
45,51,441,52,225,128,1,-1,-1,-1
46,51,444,54,225,127,1,-1,-1,-1
47,51,446,54,225,127,1,-1,-1,-1
48,51,449,55,226,127,1,-1,-1,-1
49,51,451,56,227,127,1,-1,-1,-1
50,51,454,56,229,127,1,-1,-1,-1
51,51,457,54,234,130,1,-1,-1,-1
52,51,462,54,236,131,1,-1,-1,-1
53,51,467,54,237,131,1,-1,-1,-1
54,51,472,55,237,132,1,-1,-1,-1
55,51,475,56,238,132,1,-1,-1,-1
56,51,476,57,237,132,1,-1,-1,-1
57,51,476,57,238,132,1,-1,-1,-1
58,51,473,56,236,132,1,-1,-1,-1
59,51,473,56,236,132,1,-1,-1,-1
60,51,474,56,236,132,1,-1,-1,-1
61,51,476,56,236,132,1,-1,-1,-1
62,51,479,56,236,133,1,-1,-1,-1
63,51,481,57,236,133,1,-1,-1,-1
64,51,483,57,235,134,1,-1,-1,-1
65,51,486,58,234,133,1,-1,-1,-1
66,51,488,59,234,133,1,-1,-1,-1
67,51,486,58,235,134,1,-1,-1,-1
68,51,484,56,236,136,1,-1,-1,-1
69,51,484,56,236,136,1,-1,-1,-1
70,51,485,56,237,136,1,-1,-1,-1
73,51,484,56,234,137,1,-1,-1,-1
74,51,485,56,231,136,1,-1,-1,-1
75,51,486,56,229,135,1,-1,-1,-1
76,51,487,56,228,135,1,-1,-1,-1
77,51,489,57,225,134,1,-1,-1,-1
78,51,491,57,224,134,1,-1,-1,-1
79,51,493,57,222,135,1,-1,-1,-1
80,51,495,58,220,134,1,-1,-1,-1
81,51,496,58,219,134,1,-1,-1,-1
82,51,497,58,218,134,1,-1,-1,-1
83,51,497,58,217,134,1,-1,-1,-1
84,51,496,57,217,135,1,-1,-1,-1
85,51,495,57,217,135,1,-1,-1,-1
86,51,497,57,215,135,1,-1,-1,-1
87,51,499,59,212,133,1,-1,-1,-1
88,51,500,59,210,133,1,-1,-1,-1
89,51,501,60,209,132,1,-1,-1,-1
91,51,499,58,220,139,1,-1,-1,-1
92,51,500,58,220,139,1,-1,-1,-1
93,51,500,58,221,140,1,-1,-1,-1
95,51,512,63,212,136,1,-1,-1,-1
96,51,512,62,215,138,1,-1,-1,-1
97,51,515,62,214,138,1,-1,-1,-1
98,51,520,62,211,138,1,-1,-1,-1
99,51,524,63,211,137,1,-1,-1,-1
100,51,529,63,210,138,1,-1,-1,-1
101,51,534,63,208,138,1,-1,-1,-1
102,51,538,65,206,137,1,-1,-1,-1
103,51,541,67,203,136,1,-1,-1,-1
104,51,542,69,202,137,1,-1,-1,-1
105,51,543,71,202,137,1,-1,-1,-1
106,51,545,72,202,139,1,-1,-1,-1
107,51,546,73,203,140,1,-1,-1,-1
108,51,547,74,201,140,1,-1,-1,-1
109,51,549,77,196,137,1,-1,-1,-1
110,51,551,78,193,137,1,-1,-1,-1
111,51,552,81,192,137,1,-1,-1,-1
112,51,552,82,191,137,1,-1,-1,-1
113,51,554,85,189,136,1,-1,-1,-1
114,51,553,87,188,137,1,-1,-1,-1
115,51,553,89,187,137,1,-1,-1,-1
116,51,553,92,184,136,1,-1,-1,-1
117,51,551,94,185,138,1,-1,-1,-1
118,51,547,96,187,139,1,-1,-1,-1
119,51,547,99,186,139,1,-1,-1,-1
120,51,543,102,188,142,1,-1,-1,-1
121,51,539,104,190,144,1,-1,-1,-1
122,51,536,104,191,146,1,-1,-1,-1
123,51,535,106,190,146,1,-1,-1,-1
124,51,534,108,190,146,1,-1,-1,-1
125,51,535,111,188,145,1,-1,-1,-1
126,51,533,113,187,146,1,-1,-1,-1
127,51,531,116,186,146,1,-1,-1,-1
128,51,529,120,187,146,1,-1,-1,-1
129,51,530,124,183,144,1,-1,-1,-1
130,51,529,128,182,143,1,-1,-1,-1
131,51,525,129,184,146,1,-1,-1,-1
132,51,521,132,186,146,1,-1,-1,-1
133,51,519,134,185,147,1,-1,-1,-1
134,51,518,137,185,147,1,-1,-1,-1
135,51,515,139,188,150,1,-1,-1,-1
136,51,513,142,189,152,1,-1,-1,-1
137,51,511,146,190,154,1,-1,-1,-1
138,51,512,151,187,152,1,-1,-1,-1
139,51,511,156,186,151,1,-1,-1,-1
140,51,512,161,183,150,1,-1,-1,-1
141,51,512,166,182,149,1,-1,-1,-1
142,51,511,169,186,152,1,-1,-1,-1
143,51,512,171,189,155,1,-1,-1,-1
144,51,513,175,189,155,1,-1,-1,-1
145,51,514,178,187,155,1,-1,-1,-1
146,51,515,183,186,153,1,-1,-1,-1
147,51,516,186,184,153,1,-1,-1,-1
148,51,517,190,183,152,1,-1,-1,-1
149,51,519,193,183,151,1,-1,-1,-1
150,51,517,195,185,154,1,-1,-1,-1
151,51,518,198,186,155,1,-1,-1,-1
152,51,517,202,188,157,1,-1,-1,-1
153,51,517,207,188,156,1,-1,-1,-1
154,51,518,212,188,157,1,-1,-1,-1
155,51,518,216,189,159,1,-1,-1,-1
156,51,518,220,190,159,1,-1,-1,-1
157,51,520,223,190,160,1,-1,-1,-1
158,51,520,227,191,160,1,-1,-1,-1
159,51,519,230,190,159,1,-1,-1,-1
160,51,519,234,190,159,1,-1,-1,-1
161,51,518,238,190,160,1,-1,-1,-1
162,51,517,241,191,161,1,-1,-1,-1
163,51,516,245,192,161,1,-1,-1,-1
164,51,513,248,194,163,1,-1,-1,-1
165,51,512,252,195,164,1,-1,-1,-1
166,51,512,258,194,164,1,-1,-1,-1
167,51,511,264,193,162,1,-1,-1,-1
168,51,509,268,194,163,1,-1,-1,-1
169,51,509,272,194,163,1,-1,-1,-1
170,51,507,274,197,166,1,-1,-1,-1
171,51,506,278,197,166,1,-1,-1,-1
172,51,504,282,197,166,1,-1,-1,-1
173,51,503,286,196,165,1,-1,-1,-1
174,51,502,289,198,167,1,-1,-1,-1
175,51,499,291,201,169,1,-1,-1,-1
176,51,496,295,203,170,1,-1,-1,-1
177,51,494,299,204,171,1,-1,-1,-1
178,51,491,303,206,173,1,-1,-1,-1
179,51,488,307,207,173,1,-1,-1,-1
180,51,487,313,205,172,1,-1,-1,-1
181,51,485,317,205,172,1,-1,-1,-1
182,51,482,320,206,173,1,-1,-1,-1
183,51,478,323,210,176,1,-1,-1,-1
184,51,473,325,215,180,1,-1,-1,-1
185,51,469,329,218,182,1,-1,-1,-1
186,51,465,333,219,183,1,-1,-1,-1
187,51,462,338,220,183,1,-1,-1,-1
188,51,457,342,222,185,1,-1,-1,-1
189,51,454,348,221,184,1,-1,-1,-1
190,51,451,354,220,183,1,-1,-1,-1
191,51,447,357,223,186,1,-1,-1,-1
192,51,443,361,224,187,1,-1,-1,-1
193,51,439,366,226,188,1,-1,-1,-1
194,51,434,370,230,191,1,-1,-1,-1
195,51,428,374,234,195,1,-1,-1,-1
196,51,417,377,242,202,1,-1,-1,-1
197,51,410,381,246,206,1,-1,-1,-1
198,51,404,386,247,205,1,-1,-1,-1
199,51,401,388,246,206,1,-1,-1,-1
200,51,397,392,245,205,1,-1,-1,-1
201,51,391,398,244,203,1,-1,-1,-1
202,51,389,405,242,201,1,-1,-1,-1
203,51,387,410,241,200,1,-1,-1,-1
204,51,383,415,241,200,1,-1,-1,-1
205,51,375,420,244,203,1,-1,-1,-1
206,51,365,424,250,208,1,-1,-1,-1
207,51,358,430,255,211,1,-1,-1,-1
208,51,355,437,254,210,1,-1,-1,-1
209,51,347,441,260,214,1,-1,-1,-1
210,51,338,446,266,220,1,-1,-1,-1
211,51,330,453,268,222,1,-1,-1,-1
212,51,322,458,271,224,1,-1,-1,-1
213,51,315,465,272,225,1,-1,-1,-1
214,51,307,471,275,226,1,-1,-1,-1
215,51,301,476,276,229,1,-1,-1,-1
216,51,295,482,281,231,1,-1,-1,-1
217,51,292,488,283,234,1,-1,-1,-1
218,51,286,493,287,236,1,-1,-1,-1
219,51,280,499,289,238,1,-1,-1,-1
220,51,275,505,291,240,1,-1,-1,-1
221,51,266,512,290,239,1,-1,-1,-1
222,51,259,518,291,240,1,-1,-1,-1
223,51,257,522,293,241,1,-1,-1,-1
224,51,254,529,291,239,1,-1,-1,-1
225,51,249,535,292,240,1,-1,-1,-1
226,51,243,541,294,241,1,-1,-1,-1
227,51,230,547,299,245,1,-1,-1,-1
228,51,218,557,302,247,1,-1,-1,-1
229,51,209,564,304,248,1,-1,-1,-1
230,51,200,572,304,248,1,-1,-1,-1
231,51,192,578,307,250,1,-1,-1,-1
232,51,182,584,313,254,1,-1,-1,-1
233,51,176,592,314,255,1,-1,-1,-1
234,51,171,599,317,256,1,-1,-1,-1
235,51,165,606,319,258,1,-1,-1,-1
236,51,158,613,321,259,1,-1,-1,-1
237,51,147,622,327,263,1,-1,-1,-1
238,51,133,627,333,268,1,-1,-1,-1
239,51,127,634,336,270,1,-1,-1,-1
240,51,123,642,337,270,1,-1,-1,-1
241,51,110,651,341,273,1,-1,-1,-1
242,51,95,661,347,277,1,-1,-1,-1
243,51,85,667,352,281,1,-1,-1,-1
244,51,75,674,357,284,1,-1,-1,-1
245,51,66,681,361,287,1,-1,-1,-1
247,51,44,700,368,292,1,-1,-1,-1
248,51,36,707,374,297,1,-1,-1,-1
249,51,19,716,383,302,1,-1,-1,-1
250,51,7,724,388,307,1,-1,-1,-1
251,51,-2,732,391,309,1,-1,-1,-1
3,66,356,353,242,230,1,-1,-1,-1
4,66,350,357,244,231,1,-1,-1,-1
5,66,346,362,245,231,1,-1,-1,-1
6,66,344,367,242,230,1,-1,-1,-1
7,66,339,373,243,230,1,-1,-1,-1
8,66,335,379,243,230,1,-1,-1,-1
9,66,333,386,242,228,1,-1,-1,-1
10,66,330,390,243,230,1,-1,-1,-1
11,66,326,394,246,233,1,-1,-1,-1
12,66,318,397,251,238,1,-1,-1,-1
13,66,309,400,258,244,1,-1,-1,-1
14,66,302,404,262,248,1,-1,-1,-1
15,66,296,410,264,250,1,-1,-1,-1
16,66,289,416,267,254,1,-1,-1,-1
17,66,282,422,271,257,1,-1,-1,-1
18,66,279,430,271,256,1,-1,-1,-1
19,66,276,437,270,256,1,-1,-1,-1
20,66,270,442,271,259,1,-1,-1,-1
21,66,262,448,273,260,1,-1,-1,-1
22,66,253,455,276,262,1,-1,-1,-1
23,66,249,461,277,263,1,-1,-1,-1
24,66,242,466,280,266,1,-1,-1,-1
25,66,232,471,284,270,1,-1,-1,-1
26,66,226,478,284,270,1,-1,-1,-1
27,66,219,486,283,269,1,-1,-1,-1
28,66,211,492,286,272,1,-1,-1,-1
29,66,204,499,289,275,1,-1,-1,-1
30,66,194,504,294,279,1,-1,-1,-1
31,66,183,508,298,283,1,-1,-1,-1
32,66,171,514,305,289,1,-1,-1,-1
33,66,164,522,304,290,1,-1,-1,-1
34,66,153,528,307,292,1,-1,-1,-1
35,66,146,534,309,295,1,-1,-1,-1
36,66,138,540,313,298,1,-1,-1,-1
37,66,127,546,316,300,1,-1,-1,-1
38,66,118,554,317,302,1,-1,-1,-1
39,66,110,563,317,302,1,-1,-1,-1
40,66,99,570,322,306,1,-1,-1,-1
41,66,85,574,327,312,1,-1,-1,-1
42,66,73,580,333,317,1,-1,-1,-1
43,66,59,584,341,326,1,-1,-1,-1
44,66,50,594,346,331,1,-1,-1,-1
45,66,39,602,349,334,1,-1,-1,-1
46,66,27,611,350,335,1,-1,-1,-1
47,66,15,619,353,339,1,-1,-1,-1
48,66,2,626,358,343,1,-1,-1,-1
49,66,-10,633,363,351,1,-1,-1,-1
50,66,-18,641,368,356,1,-1,-1,-1
51,66,-24,650,372,360,1,-1,-1,-1
52,66,-31,657,374,364,1,-1,-1,-1
53,66,-41,665,378,368,1,-1,-1,-1
