9,185,863,269,227,149,1,-1,-1,-1
10,185,866,270,226,149,1,-1,-1,-1
11,185,867,271,226,149,1,-1,-1,-1
12,185,874,272,221,146,1,-1,-1,-1
13,185,879,274,216,142,1,-1,-1,-1
14,185,881,275,219,144,1,-1,-1,-1
15,185,884,276,218,143,1,-1,-1,-1
16,185,888,277,220,144,1,-1,-1,-1
17,185,892,277,223,146,1,-1,-1,-1
18,185,892,277,227,148,1,-1,-1,-1
19,185,893,278,231,150,1,-1,-1,-1
20,185,896,279,233,151,1,-1,-1,-1
21,185,901,280,233,151,1,-1,-1,-1
22,185,906,281,234,151,1,-1,-1,-1
23,185,913,284,233,150,1,-1,-1,-1
24,185,919,285,230,148,1,-1,-1,-1
25,185,922,286,231,147,1,-1,-1,-1
26,185,925,285,233,148,1,-1,-1,-1
27,185,925,286,234,148,1,-1,-1,-1
28,185,923,286,238,150,1,-1,-1,-1
29,185,923,286,240,151,1,-1,-1,-1
30,185,929,287,240,150,1,-1,-1,-1
31,185,937,288,239,150,1,-1,-1,-1
32,185,940,290,239,149,1,-1,-1,-1
33,185,942,292,241,150,1,-1,-1,-1
34,185,947,294,241,149,1,-1,-1,-1
35,185,947,293,245,152,1,-1,-1,-1
36,185,953,294,246,152,1,-1,-1,-1
37,185,958,294,247,152,1,-1,-1,-1
38,185,961,293,250,154,1,-1,-1,-1
39,185,960,292,255,157,1,-1,-1,-1
40,185,964,293,255,156,1,-1,-1,-1
41,185,969,295,253,155,1,-1,-1,-1
42,185,970,295,255,155,1,-1,-1,-1
43,185,972,296,256,155,1,-1,-1,-1
44,185,974,299,255,154,1,-1,-1,-1
45,185,975,299,257,155,1,-1,-1,-1
46,185,976,299,261,157,1,-1,-1,-1
47,185,976,299,268,161,1,-1,-1,-1
48,185,975,298,275,165,1,-1,-1,-1
49,185,975,298,281,169,1,-1,-1,-1
50,185,979,299,282,169,1,-1,-1,-1
51,185,979,300,288,172,1,-1,-1,-1
52,185,977,299,291,174,1,-1,-1,-1
53,185,979,301,290,174,1,-1,-1,-1
54,185,981,302,290,174,1,-1,-1,-1
55,185,983,302,292,176,1,-1,-1,-1
56,185,985,302,292,176,1,-1,-1,-1
57,185,987,305,291,175,1,-1,-1,-1
58,185,990,305,290,176,1,-1,-1,-1
59,185,993,306,290,176,1,-1,-1,-1
60,185,994,307,292,177,1,-1,-1,-1
61,185,996,308,292,177,1,-1,-1,-1
62,185,996,308,293,178,1,-1,-1,-1
63,185,996,307,295,179,1,-1,-1,-1
64,185,997,307,294,179,1,-1,-1,-1
65,185,999,307,293,180,1,-1,-1,-1
66,185,1001,308,291,179,1,-1,-1,-1
67,185,1002,309,292,179,1,-1,-1,-1
68,185,1004,308,295,182,1,-1,-1,-1
69,185,1007,308,293,181,1,-1,-1,-1
70,185,1009,309,297,183,1,-1,-1,-1
71,185,1014,310,295,182,1,-1,-1,-1
72,185,1019,311,292,180,1,-1,-1,-1
73,185,1023,311,290,179,1,-1,-1,-1
74,185,1027,311,290,180,1,-1,-1,-1
75,185,1031,311,294,183,1,-1,-1,-1
76,185,1035,312,297,185,1,-1,-1,-1
77,185,1038,313,300,187,1,-1,-1,-1
78,185,1041,314,301,187,1,-1,-1,-1
79,185,1043,314,303,189,1,-1,-1,-1
80,185,1046,315,303,189,1,-1,-1,-1
81,185,1049,318,303,188,1,-1,-1,-1
82,185,1051,318,303,190,1,-1,-1,-1
83,185,1056,319,304,190,1,-1,-1,-1
84,185,1062,319,306,192,1,-1,-1,-1
85,185,1067,320,305,191,1,-1,-1,-1
86,185,1072,321,305,191,1,-1,-1,-1
87,185,1078,322,307,192,1,-1,-1,-1
88,185,1084,321,312,196,1,-1,-1,-1
89,185,1088,320,317,198,1,-1,-1,-1
90,185,1097,322,315,197,1,-1,-1,-1
91,185,1104,322,315,198,1,-1,-1,-1
92,185,1110,323,316,199,1,-1,-1,-1
93,185,1119,326,318,199,1,-1,-1,-1
94,185,1129,327,318,199,1,-1,-1,-1
95,185,1136,328,320,200,1,-1,-1,-1
96,185,1142,331,317,197,1,-1,-1,-1
97,185,1149,332,317,198,1,-1,-1,-1
98,185,1155,333,320,200,1,-1,-1,-1
99,185,1160,334,324,201,1,-1,-1,-1
100,185,1166,334,325,202,1,-1,-1,-1
101,185,1171,334,327,202,1,-1,-1,-1
102,185,1172,335,329,203,1,-1,-1,-1
103,185,1177,335,332,205,1,-1,-1,-1
104,185,1183,338,329,203,1,-1,-1,-1
105,185,1187,341,329,202,1,-1,-1,-1
106,185,1192,341,333,205,1,-1,-1,-1
107,185,1196,342,337,207,1,-1,-1,-1
108,185,1199,341,341,210,1,-1,-1,-1
109,185,1202,342,343,210,1,-1,-1,-1
110,185,1206,342,344,211,1,-1,-1,-1
111,185,1210,343,347,212,1,-1,-1,-1
112,185,1206,343,353,217,1,-1,-1,-1
113,185,1213,345,352,215,1,-1,-1,-1
114,185,1221,346,349,214,1,-1,-1,-1
115,185,1227,347,354,216,1,-1,-1,-1
116,185,1231,348,358,218,1,-1,-1,-1
117,185,1236,348,360,220,1,-1,-1,-1
10,186,398,163,109,92,1,-1,-1,-1
11,186,404,164,109,93,1,-1,-1,-1
12,186,409,167,108,92,1,-1,-1,-1
13,186,416,171,106,90,1,-1,-1,-1
14,186,423,174,104,88,1,-1,-1,-1
15,186,430,176,104,88,1,-1,-1,-1
16,186,437,178,103,88,1,-1,-1,-1
17,186,443,182,102,86,1,-1,-1,-1
18,186,450,184,103,87,1,-1,-1,-1
19,186,456,187,104,86,1,-1,-1,-1
20,186,462,189,107,88,1,-1,-1,-1
21,186,468,189,109,91,1,-1,-1,-1
22,186,474,191,110,91,1,-1,-1,-1
23,186,479,192,111,92,1,-1,-1,-1
24,186,485,193,113,93,1,-1,-1,-1
25,186,493,195,113,92,1,-1,-1,-1
26,186,499,196,116,94,1,-1,-1,-1
27,186,504,197,117,95,1,-1,-1,-1
28,186,510,198,117,94,1,-1,-1,-1
29,186,515,199,118,95,1,-1,-1,-1
30,186,519,200,119,96,1,-1,-1,-1
31,186,526,202,120,95,1,-1,-1,-1
32,186,536,203,121,97,1,-1,-1,-1
33,186,544,205,122,98,1,-1,-1,-1
34,186,550,207,123,98,1,-1,-1,-1
35,186,555,209,125,98,1,-1,-1,-1
36,186,561,210,126,100,1,-1,-1,-1
37,186,570,212,129,102,1,-1,-1,-1
38,186,580,214,129,102,1,-1,-1,-1
39,186,588,217,130,102,1,-1,-1,-1
40,186,596,219,132,104,1,-1,-1,-1
41,186,602,220,134,105,1,-1,-1,-1
42,186,610,222,134,106,1,-1,-1,-1
43,186,617,224,136,107,1,-1,-1,-1
44,186,623,226,138,108,1,-1,-1,-1
45,186,626,227,142,111,1,-1,-1,-1
46,186,635,229,143,112,1,-1,-1,-1
47,186,644,231,145,113,1,-1,-1,-1
48,186,654,232,144,114,1,-1,-1,-1
49,186,661,236,144,113,1,-1,-1,-1
50,186,667,239,142,112,1,-1,-1,-1
51,186,673,241,141,111,1,-1,-1,-1
52,186,678,243,142,112,1,-1,-1,-1
53,186,685,245,141,110,1,-1,-1,-1
54,186,690,245,143,112,1,-1,-1,-1
55,186,696,245,148,115,1,-1,-1,-1
56,186,701,245,154,120,1,-1,-1,-1
57,186,706,246,159,123,1,-1,-1,-1
58,186,714,248,161,124,1,-1,-1,-1
59,186,722,250,160,123,1,-1,-1,-1
60,186,729,251,160,123,1,-1,-1,-1
61,186,736,255,160,122,1,-1,-1,-1
62,186,745,258,160,122,1,-1,-1,-1
63,186,753,260,159,122,1,-1,-1,-1
64,186,761,264,161,122,1,-1,-1,-1
65,186,771,266,164,124,1,-1,-1,-1
66,186,779,268,166,125,1,-1,-1,-1
67,186,789,270,169,126,1,-1,-1,-1
68,186,796,272,171,127,1,-1,-1,-1
69,186,804,274,174,128,1,-1,-1,-1
70,186,813,277,175,129,1,-1,-1,-1
71,186,821,281,176,129,1,-1,-1,-1
72,186,829,283,178,131,1,-1,-1,-1
73,186,838,286,181,132,1,-1,-1,-1
74,186,845,288,181,131,1,-1,-1,-1
75,186,852,289,181,132,1,-1,-1,-1
76,186,858,291,182,131,1,-1,-1,-1
77,186,865,292,184,132,1,-1,-1,-1
78,186,870,292,187,135,1,-1,-1,-1
79,186,876,294,193,137,1,-1,-1,-1
80,186,885,296,195,139,1,-1,-1,-1
81,186,889,297,198,140,1,-1,-1,-1
82,186,893,299,198,139,1,-1,-1,-1
83,186,896,299,198,138,1,-1,-1,-1
84,186,902,299,199,138,1,-1,-1,-1
85,186,906,300,199,139,1,-1,-1,-1
86,186,911,302,200,139,1,-1,-1,-1
87,186,917,304,201,139,1,-1,-1,-1
124,194,362,205,124,102,1,-1,-1,-1
125,194,366,206,127,104,1,-1,-1,-1
126,194,372,209,126,103,1,-1,-1,-1
127,194,378,210,127,104,1,-1,-1,-1
128,194,383,211,128,105,1,-1,-1,-1
129,194,389,212,128,105,1,-1,-1,-1
130,194,396,215,127,104,1,-1,-1,-1
131,194,404,218,128,105,1,-1,-1,-1
132,194,409,220,131,108,1,-1,-1,-1
133,194,416,222,132,109,1,-1,-1,-1
134,194,422,224,135,111,1,-1,-1,-1
135,194,427,226,136,112,1,-1,-1,-1
136,194,433,227,137,112,1,-1,-1,-1
137,194,437,228,139,114,1,-1,-1,-1
138,194,443,230,141,116,1,-1,-1,-1
139,194,449,232,144,119,1,-1,-1,-1
140,194,455,236,146,119,1,-1,-1,-1
141,194,463,239,146,119,1,-1,-1,-1
142,194,471,243,147,119,1,-1,-1,-1
143,194,477,245,147,119,1,-1,-1,-1
144,194,480,245,149,122,1,-1,-1,-1
145,194,482,247,154,125,1,-1,-1,-1
146,194,488,249,156,127,1,-1,-1,-1
147,194,494,251,159,129,1,-1,-1,-1
148,194,500,251,164,133,1,-1,-1,-1
149,194,506,253,169,136,1,-1,-1,-1
150,194,510,253,172,140,1,-1,-1,-1
151,194,515,254,175,142,1,-1,-1,-1
152,194,520,256,178,143,1,-1,-1,-1
153,194,534,260,189,154,1,-1,-1,-1
154,194,547,269,188,153,1,-1,-1,-1
155,194,556,274,186,151,1,-1,-1,-1
156,194,564,276,189,154,1,-1,-1,-1
157,194,577,280,188,153,1,-1,-1,-1
158,194,590,285,187,152,1,-1,-1,-1
159,194,599,286,190,155,1,-1,-1,-1
160,194,608,289,196,159,1,-1,-1,-1
161,194,617,293,198,162,1,-1,-1,-1
162,194,629,300,196,159,1,-1,-1,-1
163,194,638,304,197,160,1,-1,-1,-1
164,194,651,306,199,161,1,-1,-1,-1
165,194,662,309,201,163,1,-1,-1,-1
166,194,671,313,203,163,1,-1,-1,-1
167,194,681,318,204,163,1,-1,-1,-1
168,194,690,320,207,166,1,-1,-1,-1
169,194,703,323,210,169,1,-1,-1,-1
170,194,715,327,215,171,1,-1,-1,-1
171,194,726,329,218,173,1,-1,-1,-1
172,194,736,332,220,173,1,-1,-1,-1
173,194,747,334,224,177,1,-1,-1,-1
174,194,758,336,228,179,1,-1,-1,-1
175,194,768,339,232,181,1,-1,-1,-1
176,194,780,342,235,182,1,-1,-1,-1
177,194,793,344,237,184,1,-1,-1,-1
178,194,807,348,240,184,1,-1,-1,-1
179,194,819,351,243,186,1,-1,-1,-1
180,194,831,354,248,190,1,-1,-1,-1
181,194,841,358,254,192,1,-1,-1,-1
182,194,853,361,259,195,1,-1,-1,-1
183,194,862,362,266,199,1,-1,-1,-1
184,194,872,364,273,204,1,-1,-1,-1
185,194,884,368,277,207,1,-1,-1,-1
186,194,898,372,281,209,1,-1,-1,-1
187,194,907,374,292,217,1,-1,-1,-1
188,194,925,381,294,218,1,-1,-1,-1
189,194,938,387,297,219,1,-1,-1,-1
190,194,954,392,300,220,1,-1,-1,-1
191,194,970,395,307,225,1,-1,-1,-1
192,194,984,399,312,227,1,-1,-1,-1
193,194,997,402,316,230,1,-1,-1,-1
194,194,1010,406,317,229,1,-1,-1,-1
195,194,1021,408,318,229,1,-1,-1,-1
196,194,1033,410,324,233,1,-1,-1,-1
197,194,1045,414,331,236,1,-1,-1,-1
198,194,1058,416,339,242,1,-1,-1,-1
199,194,1071,418,341,243,1,-1,-1,-1
200,194,1084,423,349,247,1,-1,-1,-1
201,194,1099,428,353,249,1,-1,-1,-1
202,194,1109,429,357,250,1,-1,-1,-1
203,194,1121,432,359,252,1,-1,-1,-1
204,194,1136,436,362,253,1,-1,-1,-1
205,194,1151,439,367,255,1,-1,-1,-1
206,194,1159,441,373,258,1,-1,-1,-1
207,194,1172,443,380,263,1,-1,-1,-1
208,194,1183,445,386,265,1,-1,-1,-1
209,194,1196,448,391,268,1,-1,-1,-1
210,194,1213,454,393,269,1,-1,-1,-1
211,194,1225,459,398,270,1,-1,-1,-1
212,194,1239,462,405,275,1,-1,-1,-1
213,194,1253,466,410,276,1,-1,-1,-1
214,194,1258,465,418,281,1,-1,-1,-1
215,194,1265,465,420,281,1,-1,-1,-1
216,194,1269,465,431,287,1,-1,-1,-1
217,194,1281,465,435,289,1,-1,-1,-1
218,194,1294,467,439,291,1,-1,-1,-1
219,194,1305,468,445,294,1,-1,-1,-1
220,194,1313,472,452,298,1,-1,-1,-1
221,194,1325,476,455,300,1,-1,-1,-1
222,194,1336,479,460,303,1,-1,-1,-1
223,194,1349,480,462,304,1,-1,-1,-1
224,194,1360,481,469,308,1,-1,-1,-1
225,194,1378,491,466,305,1,-1,-1,-1
226,194,1393,498,464,304,1,-1,-1,-1
227,194,1400,499,476,310,1,-1,-1,-1
228,194,1407,498,484,315,1,-1,-1,-1
229,194,1414,497,494,321,1,-1,-1,-1
230,194,1424,498,499,324,1,-1,-1,-1
231,194,1431,502,503,327,1,-1,-1,-1
232,194,1436,508,506,328,1,-1,-1,-1
233,194,1440,511,507,329,1,-1,-1,-1
234,194,1442,511,508,331,1,-1,-1,-1
235,194,1447,515,507,331,1,-1,-1,-1
236,194,1446,510,517,339,1,-1,-1,-1
237,194,1447,511,521,342,1,-1,-1,-1
238,194,1452,514,518,342,1,-1,-1,-1
239,194,1453,512,522,347,1,-1,-1,-1
240,194,1458,513,523,350,1,-1,-1,-1
241,194,1463,514,528,353,1,-1,-1,-1
242,194,1463,519,524,352,1,-1,-1,-1
243,194,1467,520,525,356,1,-1,-1,-1
244,194,1472,522,528,359,1,-1,-1,-1
349,200,1277,286,191,132,1,-1,-1,-1
350,200,1256,284,182,126,1,-1,-1,-1
351,200,1230,283,179,122,1,-1,-1,-1
352,200,1206,279,175,120,1,-1,-1,-1
353,200,1182,274,174,120,1,-1,-1,-1
354,200,1158,270,174,118,1,-1,-1,-1
355,200,1132,264,175,119,1,-1,-1,-1
356,200,1113,261,172,116,1,-1,-1,-1
357,200,1092,257,172,115,1,-1,-1,-1
358,200,1070,251,173,116,1,-1,-1,-1
359,200,1044,247,173,115,1,-1,-1,-1
360,200,1022,243,175,116,1,-1,-1,-1
361,200,1005,239,172,114,1,-1,-1,-1
362,200,986,237,170,113,1,-1,-1,-1
363,200,972,236,167,110,1,-1,-1,-1
364,200,958,233,166,108,1,-1,-1,-1
365,200,942,229,167,110,1,-1,-1,-1
366,200,923,226,167,109,1,-1,-1,-1
367,200,910,223,165,108,1,-1,-1,-1
368,200,896,221,163,106,1,-1,-1,-1
369,200,881,219,161,104,1,-1,-1,-1
370,200,868,217,158,102,1,-1,-1,-1
371,200,854,215,156,102,1,-1,-1,-1
372,200,841,212,155,101,1,-1,-1,-1
373,200,826,210,157,101,1,-1,-1,-1
374,200,813,208,154,100,1,-1,-1,-1
375,200,800,206,150,99,1,-1,-1,-1
376,200,784,204,149,97,1,-1,-1,-1
377,200,778,205,142,92,1,-1,-1,-1
378,200,769,204,138,90,1,-1,-1,-1
379,200,760,202,137,90,1,-1,-1,-1
380,200,749,200,135,89,1,-1,-1,-1
381,200,739,199,134,87,1,-1,-1,-1
382,200,731,197,131,86,1,-1,-1,-1
383,200,721,195,130,86,1,-1,-1,-1
384,200,710,192,133,88,1,-1,-1,-1
385,200,699,190,132,87,1,-1,-1,-1
386,200,691,188,130,86,1,-1,-1,-1
387,200,680,184,133,88,1,-1,-1,-1
388,200,669,180,137,91,1,-1,-1,-1
389,200,657,175,139,93,1,-1,-1,-1
390,200,648,172,140,94,1,-1,-1,-1
391,200,641,171,138,93,1,-1,-1,-1
392,200,632,168,137,93,1,-1,-1,-1
393,200,621,166,138,93,1,-1,-1,-1
396,200,602,166,133,91,1,-1,-1,-1
397,200,594,166,130,89,1,-1,-1,-1
398,200,585,164,129,89,1,-1,-1,-1
399,200,575,163,129,88,1,-1,-1,-1
178,3,1252,285,241,123,1,-1,-1,-1
179,3,1223,282,239,121,1,-1,-1,-1
180,3,1197,279,234,119,1,-1,-1,-1
181,3,1173,276,228,116,1,-1,-1,-1
182,3,1149,271,228,117,1,-1,-1,-1
183,3,1127,266,224,114,1,-1,-1,-1
184,3,1107,262,217,111,1,-1,-1,-1
185,3,1085,257,216,111,1,-1,-1,-1
186,3,1064,253,216,112,1,-1,-1,-1
187,3,1040,248,215,112,1,-1,-1,-1
188,3,1022,244,212,111,1,-1,-1,-1
189,3,1006,241,208,110,1,-1,-1,-1
190,3,986,237,206,110,1,-1,-1,-1
191,3,964,234,205,108,1,-1,-1,-1
206,3,761,202,160,86,1,-1,-1,-1
207,3,751,200,158,87,1,-1,-1,-1
208,3,739,197,159,88,1,-1,-1,-1
209,3,725,193,159,90,1,-1,-1,-1
210,3,713,190,159,92,1,-1,-1,-1
211,3,701,187,158,92,1,-1,-1,-1
212,3,689,184,157,92,1,-1,-1,-1
213,3,680,181,155,93,1,-1,-1,-1
214,3,671,179,151,92,1,-1,-1,-1
215,3,663,178,148,91,1,-1,-1,-1
216,3,654,177,145,89,1,-1,-1,-1
217,3,647,176,141,89,1,-1,-1,-1
218,3,638,174,138,88,1,-1,-1,-1
219,3,626,172,138,88,1,-1,-1,-1
365,4,1344,266,275,171,1,-1,-1,-1
366,4,1319,261,280,174,1,-1,-1,-1
367,4,1293,254,281,175,1,-1,-1,-1
368,4,1262,245,286,178,1,-1,-1,-1
369,4,1239,238,290,180,1,-1,-1,-1
370,4,1216,234,286,178,1,-1,-1,-1
371,4,1190,231,283,176,1,-1,-1,-1
372,4,1172,230,277,171,1,-1,-1,-1
373,4,1156,230,266,165,1,-1,-1,-1
374,4,1138,227,260,161,1,-1,-1,-1
375,4,1117,223,259,161,1,-1,-1,-1
376,4,1097,220,261,162,1,-1,-1,-1
377,4,1077,216,260,161,1,-1,-1,-1
378,4,1063,214,252,157,1,-1,-1,-1
379,4,1049,214,244,153,1,-1,-1,-1
380,4,1038,217,233,145,1,-1,-1,-1
381,4,1026,217,228,142,1,-1,-1,-1
382,4,1013,214,223,140,1,-1,-1,-1
383,4,996,210,224,140,1,-1,-1,-1
384,4,982,208,221,139,1,-1,-1,-1
385,4,970,208,216,135,1,-1,-1,-1
386,4,958,208,210,131,1,-1,-1,-1
387,4,948,209,207,129,1,-1,-1,-1
388,4,935,209,205,127,1,-1,-1,-1
389,4,922,207,203,127,1,-1,-1,-1
390,4,909,205,202,127,1,-1,-1,-1
391,4,895,200,205,129,1,-1,-1,-1
392,4,884,200,200,126,1,-1,-1,-1
393,4,874,196,202,127,1,-1,-1,-1
394,4,862,190,206,129,1,-1,-1,-1
395,4,853,185,207,131,1,-1,-1,-1
396,4,843,186,202,127,1,-1,-1,-1
397,4,829,180,207,131,1,-1,-1,-1
398,4,822,178,208,132,1,-1,-1,-1
399,4,810,175,210,133,1,-1,-1,-1
400,4,799,173,208,133,1,-1,-1,-1
401,4,794,176,200,128,1,-1,-1,-1
402,4,786,176,195,126,1,-1,-1,-1
403,4,776,175,194,125,1,-1,-1,-1
404,4,769,173,192,125,1,-1,-1,-1
405,4,761,173,190,123,1,-1,-1,-1
406,4,756,173,186,122,1,-1,-1,-1
407,4,751,174,180,118,1,-1,-1,-1
408,4,746,172,179,118,1,-1,-1,-1
43,8,939,220,184,110,1,-1,-1,-1
44,8,921,218,186,111,1,-1,-1,-1
45,8,903,216,185,109,1,-1,-1,-1
46,8,887,212,184,109,1,-1,-1,-1
47,8,867,210,186,110,1,-1,-1,-1
48,8,849,207,187,111,1,-1,-1,-1
49,8,833,204,188,112,1,-1,-1,-1
50,8,821,202,181,108,1,-1,-1,-1
51,8,808,200,178,107,1,-1,-1,-1
52,8,795,198,174,105,1,-1,-1,-1
53,8,784,197,170,103,1,-1,-1,-1
54,8,775,196,167,101,1,-1,-1,-1
55,8,764,194,165,101,1,-1,-1,-1
56,8,752,192,162,100,1,-1,-1,-1
57,8,738,190,161,99,1,-1,-1,-1
61,8,698,177,162,101,1,-1,-1,-1
62,8,690,175,159,100,1,-1,-1,-1
63,8,681,173,156,99,1,-1,-1,-1
64,8,672,173,154,98,1,-1,-1,-1
65,8,666,172,149,96,1,-1,-1,-1
66,8,659,171,145,95,1,-1,-1,-1
67,8,651,169,144,95,1,-1,-1,-1
68,8,642,168,141,93,1,-1,-1,-1
69,8,632,166,140,93,1,-1,-1,-1
185,12,242,150,108,84,1,-1,-1,-1
186,12,247,151,108,84,1,-1,-1,-1
187,12,250,152,109,84,1,-1,-1,-1
188,12,253,152,108,85,1,-1,-1,-1
189,12,256,153,108,84,1,-1,-1,-1
202,12,324,180,126,98,1,-1,-1,-1
203,12,332,183,126,99,1,-1,-1,-1
204,12,339,185,128,102,1,-1,-1,-1
205,12,345,188,128,102,1,-1,-1,-1
206,12,353,190,127,101,1,-1,-1,-1
207,12,359,192,127,101,1,-1,-1,-1
208,12,364,194,129,102,1,-1,-1,-1
209,12,368,196,130,103,1,-1,-1,-1
210,12,374,198,132,105,1,-1,-1,-1
211,12,381,200,134,107,1,-1,-1,-1
212,12,386,202,136,108,1,-1,-1,-1
213,12,392,204,139,109,1,-1,-1,-1
214,12,400,205,141,111,1,-1,-1,-1
215,12,407,207,144,114,1,-1,-1,-1
216,12,414,210,145,115,1,-1,-1,-1
217,12,420,212,148,118,1,-1,-1,-1
218,12,427,215,149,118,1,-1,-1,-1
219,12,434,217,150,119,1,-1,-1,-1
220,12,443,220,151,119,1,-1,-1,-1
221,12,452,222,154,123,1,-1,-1,-1
222,12,458,225,158,125,1,-1,-1,-1
223,12,463,227,161,128,1,-1,-1,-1
224,12,467,229,164,130,1,-1,-1,-1
225,12,474,233,166,131,1,-1,-1,-1
226,12,483,237,167,131,1,-1,-1,-1
227,12,493,240,170,134,1,-1,-1,-1
228,12,502,243,170,135,1,-1,-1,-1
229,12,507,246,173,137,1,-1,-1,-1
230,12,520,248,176,140,1,-1,-1,-1
231,12,535,254,178,140,1,-1,-1,-1
232,12,550,259,180,142,1,-1,-1,-1
233,12,560,261,188,147,1,-1,-1,-1
234,12,571,264,192,150,1,-1,-1,-1
235,12,584,266,197,153,1,-1,-1,-1
236,12,599,269,200,157,1,-1,-1,-1
237,12,612,275,202,158,1,-1,-1,-1
238,12,623,282,204,158,1,-1,-1,-1
239,12,634,285,208,162,1,-1,-1,-1
240,12,651,289,213,164,1,-1,-1,-1
241,12,666,291,217,168,1,-1,-1,-1
242,12,676,295,219,169,1,-1,-1,-1
243,12,685,299,223,170,1,-1,-1,-1
244,12,696,302,228,174,1,-1,-1,-1
245,12,706,304,235,179,1,-1,-1,-1
246,12,718,308,240,183,1,-1,-1,-1
247,12,730,312,249,187,1,-1,-1,-1
248,12,743,315,256,192,1,-1,-1,-1
249,12,756,318,261,195,1,-1,-1,-1
250,12,770,321,264,197,1,-1,-1,-1
251,12,783,323,271,201,1,-1,-1,-1
252,12,796,327,275,201,1,-1,-1,-1
253,12,813,328,279,205,1,-1,-1,-1
254,12,825,332,286,208,1,-1,-1,-1
255,12,841,338,294,213,1,-1,-1,-1
256,12,857,343,302,218,1,-1,-1,-1
257,12,874,347,310,222,1,-1,-1,-1
258,12,891,351,317,226,1,-1,-1,-1
259,12,908,356,321,228,1,-1,-1,-1
260,12,922,359,329,232,1,-1,-1,-1
261,12,938,363,336,235,1,-1,-1,-1
262,12,955,368,345,240,1,-1,-1,-1
263,12,971,374,354,245,1,-1,-1,-1
264,12,987,380,361,248,1,-1,-1,-1
265,12,1005,383,368,252,1,-1,-1,-1
266,12,1018,385,375,256,1,-1,-1,-1
267,12,1033,390,378,257,1,-1,-1,-1
268,12,1048,393,384,259,1,-1,-1,-1
269,12,1066,395,390,262,1,-1,-1,-1
270,12,1078,397,404,270,1,-1,-1,-1
271,12,1095,398,412,274,1,-1,-1,-1
272,12,1116,406,417,276,1,-1,-1,-1
273,12,1135,413,421,278,1,-1,-1,-1
274,12,1146,417,430,282,1,-1,-1,-1
275,12,1158,419,435,284,1,-1,-1,-1
276,12,1173,422,435,284,1,-1,-1,-1
277,12,1187,426,438,284,1,-1,-1,-1
278,12,1202,430,445,287,1,-1,-1,-1
279,12,1216,433,453,291,1,-1,-1,-1
280,12,1228,436,462,295,1,-1,-1,-1
281,12,1240,440,471,299,1,-1,-1,-1
282,12,1251,444,478,302,1,-1,-1,-1
283,12,1260,446,490,308,1,-1,-1,-1
284,12,1271,448,500,313,1,-1,-1,-1
285,12,1285,452,504,315,1,-1,-1,-1
286,12,1298,456,510,317,1,-1,-1,-1
287,12,1309,459,520,323,1,-1,-1,-1
288,12,1322,461,529,327,1,-1,-1,-1
289,12,1337,462,540,334,1,-1,-1,-1
290,12,1348,466,549,339,1,-1,-1,-1
291,12,1357,468,558,344,1,-1,-1,-1
292,12,1368,475,562,346,1,-1,-1,-1
293,12,1379,480,568,350,1,-1,-1,-1
294,12,1386,481,575,355,1,-1,-1,-1
295,12,1391,482,581,360,1,-1,-1,-1
296,12,1397,485,583,362,1,-1,-1,-1
297,12,1407,488,586,364,1,-1,-1,-1
298,12,1418,491,592,368,1,-1,-1,-1
138,20,1250,350,370,178,1,-1,-1,-1
139,20,1252,351,375,180,1,-1,-1,-1
140,20,1250,350,383,184,1,-1,-1,-1
141,20,1252,350,379,182,1,-1,-1,-1
142,20,1253,350,379,182,1,-1,-1,-1
143,20,1250,348,374,180,1,-1,-1,-1
144,20,1247,348,370,177,1,-1,-1,-1
145,20,1247,348,368,176,1,-1,-1,-1
146,20,1244,349,370,176,1,-1,-1,-1
147,20,1241,351,375,179,1,-1,-1,-1
148,20,1268,351,390,185,1,-1,-1,-1
149,20,1274,351,405,191,1,-1,-1,-1
150,20,1257,352,420,197,1,-1,-1,-1
151,20,1240,354,431,202,1,-1,-1,-1
152,20,1225,355,439,204,1,-1,-1,-1
153,20,1215,355,438,205,1,-1,-1,-1
154,20,1204,354,444,207,1,-1,-1,-1
155,20,1207,350,449,211,1,-1,-1,-1
156,20,1212,352,449,211,1,-1,-1,-1
157,20,1214,353,449,212,1,-1,-1,-1
158,20,1219,354,446,211,1,-1,-1,-1
159,20,1222,355,442,210,1,-1,-1,-1
160,20,1220,356,444,211,1,-1,-1,-1
161,20,1222,357,443,212,1,-1,-1,-1
162,20,1227,359,440,212,1,-1,-1,-1
163,20,1233,358,448,217,1,-1,-1,-1
164,20,1241,358,447,217,1,-1,-1,-1
165,20,1244,358,448,220,1,-1,-1,-1
166,20,1244,359,448,221,1,-1,-1,-1
167,20,1246,360,444,220,1,-1,-1,-1
168,20,1255,361,443,221,1,-1,-1,-1
169,20,1261,362,443,223,1,-1,-1,-1
170,20,1266,362,445,225,1,-1,-1,-1
171,20,1277,363,444,226,1,-1,-1,-1
172,20,1286,365,439,225,1,-1,-1,-1
173,20,1296,366,436,225,1,-1,-1,-1
174,20,1304,365,438,227,1,-1,-1,-1
175,20,1315,367,435,227,1,-1,-1,-1
176,20,1323,369,435,228,1,-1,-1,-1
177,20,1332,372,433,229,1,-1,-1,-1
178,20,1343,373,432,229,1,-1,-1,-1
179,20,1352,375,436,231,1,-1,-1,-1
180,20,1357,378,445,236,1,-1,-1,-1
181,20,1366,379,446,238,1,-1,-1,-1
182,20,1376,381,444,237,1,-1,-1,-1
183,20,1388,385,436,233,1,-1,-1,-1
184,20,1391,386,438,234,1,-1,-1,-1
185,20,1399,387,441,237,1,-1,-1,-1
186,20,1403,388,449,241,1,-1,-1,-1
187,20,1412,390,449,242,1,-1,-1,-1
188,20,1420,391,447,240,1,-1,-1,-1
189,20,1427,392,448,241,1,-1,-1,-1
190,20,1432,393,450,242,1,-1,-1,-1
191,20,1440,394,448,241,1,-1,-1,-1
192,20,1443,393,449,243,1,-1,-1,-1
193,20,1448,394,452,244,1,-1,-1,-1
194,20,1450,395,458,247,1,-1,-1,-1
195,20,1454,396,461,249,1,-1,-1,-1
196,20,1456,397,464,250,1,-1,-1,-1
197,20,1460,398,463,250,1,-1,-1,-1
198,20,1465,398,460,249,1,-1,-1,-1
199,20,1466,399,464,251,1,-1,-1,-1
200,20,1465,399,467,253,1,-1,-1,-1
201,20,1465,398,469,254,1,-1,-1,-1
202,20,1465,398,471,256,1,-1,-1,-1
203,20,1470,399,470,256,1,-1,-1,-1
204,20,1471,398,472,258,1,-1,-1,-1
205,20,1472,398,473,260,1,-1,-1,-1
206,20,1474,398,474,261,1,-1,-1,-1
207,20,1476,400,476,263,1,-1,-1,-1
208,20,1479,403,474,264,1,-1,-1,-1
209,20,1484,405,471,263,1,-1,-1,-1
210,20,1487,406,471,264,1,-1,-1,-1
211,20,1490,407,471,265,1,-1,-1,-1
212,20,1493,407,472,267,1,-1,-1,-1
73,66,1586,320,209,141,1,-1,-1,-1
74,66,1543,314,211,143,1,-1,-1,-1
75,66,1504,308,218,147,1,-1,-1,-1
76,66,1464,302,224,150,1,-1,-1,-1
77,66,1431,298,226,151,1,-1,-1,-1
78,66,1395,292,227,152,1,-1,-1,-1
79,66,1361,285,232,153,1,-1,-1,-1
80,66,1330,280,229,152,1,-1,-1,-1
81,66,1305,277,225,148,1,-1,-1,-1
82,66,1283,275,218,143,1,-1,-1,-1
83,66,1257,270,217,142,1,-1,-1,-1
84,66,1234,267,215,140,1,-1,-1,-1
85,66,1214,264,209,136,1,-1,-1,-1
86,66,1189,260,206,134,1,-1,-1,-1
87,66,1162,256,203,133,1,-1,-1,-1
90,66,1108,245,179,117,1,-1,-1,-1
91,66,1085,241,181,117,1,-1,-1,-1
92,66,1062,238,183,118,1,-1,-1,-1
93,66,1042,235,183,118,1,-1,-1,-1
94,66,1021,232,183,118,1,-1,-1,-1
95,66,1001,230,185,119,1,-1,-1,-1
96,66,983,226,183,119,1,-1,-1,-1
97,66,966,223,182,118,1,-1,-1,-1
98,66,948,219,182,118,1,-1,-1,-1
99,66,934,218,177,115,1,-1,-1,-1
100,66,920,216,172,112,1,-1,-1,-1
101,66,905,214,170,111,1,-1,-1,-1
102,66,890,211,169,111,1,-1,-1,-1
103,66,877,209,167,110,1,-1,-1,-1
104,66,862,206,168,111,1,-1,-1,-1
105,66,847,203,168,111,1,-1,-1,-1
106,66,834,200,165,110,1,-1,-1,-1
107,66,822,198,162,109,1,-1,-1,-1
108,66,813,198,156,105,1,-1,-1,-1
109,66,803,198,153,103,1,-1,-1,-1
110,66,792,196,150,103,1,-1,-1,-1
111,66,781,194,149,102,1,-1,-1,-1
112,66,771,192,147,101,1,-1,-1,-1
113,66,763,190,145,101,1,-1,-1,-1
114,66,752,188,143,100,1,-1,-1,-1
115,66,739,186,142,99,1,-1,-1,-1
45,103,360,141,109,103,1,-1,-1,-1
46,103,365,144,107,101,1,-1,-1,-1
47,103,368,145,107,101,1,-1,-1,-1
48,103,371,147,107,100,1,-1,-1,-1
49,103,374,147,108,101,1,-1,-1,-1
50,103,377,148,108,101,1,-1,-1,-1
51,103,381,147,111,105,1,-1,-1,-1
52,103,385,149,112,104,1,-1,-1,-1
53,103,389,150,113,105,1,-1,-1,-1
54,103,393,151,113,105,1,-1,-1,-1
55,103,398,151,114,107,1,-1,-1,-1
56,103,402,153,116,107,1,-1,-1,-1
57,103,406,154,117,108,1,-1,-1,-1
58,103,409,155,119,109,1,-1,-1,-1
59,103,412,155,121,111,1,-1,-1,-1
60,103,417,156,120,110,1,-1,-1,-1
61,103,422,156,121,111,1,-1,-1,-1
62,103,425,157,121,111,1,-1,-1,-1
63,103,428,158,122,111,1,-1,-1,-1
64,103,430,158,125,113,1,-1,-1,-1
65,103,433,159,127,114,1,-1,-1,-1
66,103,437,159,128,116,1,-1,-1,-1
67,103,442,159,127,116,1,-1,-1,-1
68,103,446,160,128,116,1,-1,-1,-1
69,103,450,161,129,117,1,-1,-1,-1
70,103,453,162,131,117,1,-1,-1,-1
71,103,456,162,134,121,1,-1,-1,-1
72,103,461,163,135,121,1,-1,-1,-1
73,103,466,164,136,122,1,-1,-1,-1
74,103,470,165,137,123,1,-1,-1,-1
75,103,475,166,137,124,1,-1,-1,-1
76,103,480,167,138,124,1,-1,-1,-1
77,103,485,168,138,125,1,-1,-1,-1
78,103,487,168,140,126,1,-1,-1,-1
79,103,491,170,141,126,1,-1,-1,-1
80,103,495,171,142,127,1,-1,-1,-1
81,103,498,171,144,129,1,-1,-1,-1
82,103,502,172,145,130,1,-1,-1,-1
83,103,509,176,143,128,1,-1,-1,-1
84,103,517,180,138,123,1,-1,-1,-1
85,103,522,181,138,124,1,-1,-1,-1
86,103,526,182,141,125,1,-1,-1,-1
87,103,530,182,143,128,1,-1,-1,-1
88,103,533,183,145,129,1,-1,-1,-1
89,103,537,184,144,128,1,-1,-1,-1
90,103,541,185,144,128,1,-1,-1,-1
91,103,545,186,145,128,1,-1,-1,-1
95,103,565,192,151,134,1,-1,-1,-1
96,103,569,191,155,137,1,-1,-1,-1
97,103,575,190,157,140,1,-1,-1,-1
98,103,581,191,159,142,1,-1,-1,-1
99,103,586,192,162,143,1,-1,-1,-1
100,103,593,194,162,143,1,-1,-1,-1
101,103,599,197,161,143,1,-1,-1,-1
102,103,604,198,162,144,1,-1,-1,-1
103,103,607,198,163,146,1,-1,-1,-1
104,103,612,201,161,143,1,-1,-1,-1
105,103,615,202,161,144,1,-1,-1,-1
106,103,617,202,164,147,1,-1,-1,-1
107,103,620,202,167,149,1,-1,-1,-1
108,103,623,203,169,150,1,-1,-1,-1
109,103,630,204,169,150,1,-1,-1,-1
110,103,638,204,166,148,1,-1,-1,-1
111,103,644,205,168,149,1,-1,-1,-1
112,103,652,208,168,149,1,-1,-1,-1
113,103,657,209,168,149,1,-1,-1,-1
114,103,660,208,171,152,1,-1,-1,-1
115,103,664,208,172,153,1,-1,-1,-1
116,103,665,207,176,157,1,-1,-1,-1
117,103,668,207,177,158,1,-1,-1,-1
118,103,670,208,179,158,1,-1,-1,-1
119,103,672,208,179,159,1,-1,-1,-1
120,103,676,211,177,157,1,-1,-1,-1
121,103,680,211,177,158,1,-1,-1,-1
122,103,683,212,180,159,1,-1,-1,-1
123,103,686,213,181,160,1,-1,-1,-1
124,103,690,214,182,160,1,-1,-1,-1
125,103,695,215,182,160,1,-1,-1,-1
126,103,700,216,183,160,1,-1,-1,-1
127,103,704,217,185,161,1,-1,-1,-1
128,103,709,218,187,162,1,-1,-1,-1
129,103,712,218,187,163,1,-1,-1,-1
130,103,715,219,189,163,1,-1,-1,-1
131,103,719,220,190,163,1,-1,-1,-1
132,103,722,220,192,165,1,-1,-1,-1
133,103,726,221,192,165,1,-1,-1,-1
134,103,730,222,192,165,1,-1,-1,-1
135,103,733,225,195,165,1,-1,-1,-1
136,103,738,226,195,166,1,-1,-1,-1
137,103,743,228,197,167,1,-1,-1,-1
138,103,747,229,199,168,1,-1,-1,-1
139,103,753,231,200,168,1,-1,-1,-1
140,103,759,231,202,170,1,-1,-1,-1
141,103,764,232,203,170,1,-1,-1,-1
142,103,768,231,207,173,1,-1,-1,-1
143,103,772,231,211,177,1,-1,-1,-1
144,103,778,232,214,178,1,-1,-1,-1
145,103,781,232,218,181,1,-1,-1,-1
146,103,785,232,218,181,1,-1,-1,-1
147,103,789,233,221,183,1,-1,-1,-1
148,103,793,234,222,184,1,-1,-1,-1
149,103,797,235,222,183,1,-1,-1,-1
150,103,801,235,221,183,1,-1,-1,-1
151,103,805,235,222,183,1,-1,-1,-1
152,103,808,237,222,183,1,-1,-1,-1
153,103,811,238,222,183,1,-1,-1,-1
154,103,815,240,221,182,1,-1,-1,-1
155,103,818,242,220,181,1,-1,-1,-1
156,103,820,242,222,182,1,-1,-1,-1
157,103,822,242,222,181,1,-1,-1,-1
158,103,824,242,222,181,1,-1,-1,-1
159,103,825,242,225,183,1,-1,-1,-1
160,103,825,241,228,185,1,-1,-1,-1
161,103,826,242,230,185,1,-1,-1,-1
162,103,827,242,231,187,1,-1,-1,-1
163,103,827,242,231,186,1,-1,-1,-1
164,103,828,242,230,185,1,-1,-1,-1
165,103,828,242,231,186,1,-1,-1,-1
166,103,827,242,233,187,1,-1,-1,-1
167,103,827,243,234,187,1,-1,-1,-1
168,103,829,243,235,188,1,-1,-1,-1
169,103,829,243,236,189,1,-1,-1,-1
170,103,831,244,233,187,1,-1,-1,-1
171,103,832,245,234,187,1,-1,-1,-1
172,103,832,246,235,187,1,-1,-1,-1
173,103,833,245,235,188,1,-1,-1,-1
174,103,831,244,237,189,1,-1,-1,-1
175,103,825,247,243,194,1,-1,-1,-1
176,103,822,249,248,198,1,-1,-1,-1
177,103,826,250,247,197,1,-1,-1,-1
178,103,828,252,250,200,1,-1,-1,-1
179,103,832,248,249,200,1,-1,-1,-1
180,103,840,246,236,190,1,-1,-1,-1
181,103,846,246,228,183,1,-1,-1,-1
182,103,852,246,221,177,1,-1,-1,-1
183,103,857,246,215,172,1,-1,-1,-1
184,103,860,246,211,169,1,-1,-1,-1
185,103,863,247,209,166,1,-1,-1,-1
186,103,866,249,207,165,1,-1,-1,-1
187,103,865,247,209,166,1,-1,-1,-1
188,103,862,247,214,169,1,-1,-1,-1
189,103,858,247,223,175,1,-1,-1,-1
190,103,854,247,229,180,1,-1,-1,-1
191,103,852,248,234,183,1,-1,-1,-1
192,103,853,248,239,186,1,-1,-1,-1
193,103,853,247,244,190,1,-1,-1,-1
194,103,854,247,246,191,1,-1,-1,-1
195,103,853,247,249,193,1,-1,-1,-1
196,103,853,247,251,194,1,-1,-1,-1
197,103,853,247,253,195,1,-1,-1,-1
198,103,855,247,257,198,1,-1,-1,-1
199,103,858,246,258,200,1,-1,-1,-1
200,103,861,248,255,197,1,-1,-1,-1
201,103,862,247,255,197,1,-1,-1,-1
202,103,864,248,252,195,1,-1,-1,-1
203,103,865,249,253,195,1,-1,-1,-1
204,103,868,250,252,194,1,-1,-1,-1
205,103,869,249,255,197,1,-1,-1,-1
206,103,871,249,257,198,1,-1,-1,-1
207,103,873,249,261,201,1,-1,-1,-1
208,103,876,249,264,204,1,-1,-1,-1
209,103,879,250,264,204,1,-1,-1,-1
210,103,881,250,266,206,1,-1,-1,-1
211,103,886,251,266,206,1,-1,-1,-1
212,103,890,252,266,206,1,-1,-1,-1
213,103,897,254,266,206,1,-1,-1,-1
214,103,901,254,267,207,1,-1,-1,-1
215,103,906,255,267,208,1,-1,-1,-1
216,103,910,256,266,207,1,-1,-1,-1
217,103,913,256,269,209,1,-1,-1,-1
218,103,917,256,270,210,1,-1,-1,-1
219,103,922,257,270,211,1,-1,-1,-1
220,103,925,258,272,212,1,-1,-1,-1
221,103,929,258,274,214,1,-1,-1,-1
222,103,934,258,273,213,1,-1,-1,-1
223,103,941,259,273,213,1,-1,-1,-1
224,103,945,260,277,216,1,-1,-1,-1
225,103,949,260,276,216,1,-1,-1,-1
226,103,954,263,276,215,1,-1,-1,-1
227,103,956,262,276,216,1,-1,-1,-1
228,103,959,262,279,218,1,-1,-1,-1
229,103,961,261,281,220,1,-1,-1,-1
230,103,964,261,284,221,1,-1,-1,-1
231,103,967,262,284,222,1,-1,-1,-1
232,103,967,260,288,224,1,-1,-1,-1
233,103,970,259,290,226,1,-1,-1,-1
234,103,973,259,292,227,1,-1,-1,-1
235,103,979,263,289,225,1,-1,-1,-1
236,103,988,267,284,222,1,-1,-1,-1
237,103,994,270,282,219,1,-1,-1,-1
238,103,993,269,282,219,1,-1,-1,-1
239,103,994,271,281,218,1,-1,-1,-1
240,103,997,274,279,216,1,-1,-1,-1
241,103,999,273,284,219,1,-1,-1,-1
242,103,1000,272,288,222,1,-1,-1,-1
243,103,1003,273,288,221,1,-1,-1,-1
244,103,1006,273,286,220,1,-1,-1,-1
245,103,1008,274,287,219,1,-1,-1,-1
246,103,1010,273,288,220,1,-1,-1,-1
247,103,1011,272,291,222,1,-1,-1,-1
248,103,1012,272,295,224,1,-1,-1,-1
249,103,1013,271,298,226,1,-1,-1,-1
250,103,1016,271,300,227,1,-1,-1,-1
251,103,1019,271,300,227,1,-1,-1,-1
252,103,1022,271,305,229,1,-1,-1,-1
253,103,1027,272,307,231,1,-1,-1,-1
254,103,1030,274,309,232,1,-1,-1,-1
255,103,1033,275,314,236,1,-1,-1,-1
256,103,1038,275,316,238,1,-1,-1,-1
257,103,1042,276,318,239,1,-1,-1,-1
258,103,1045,276,320,241,1,-1,-1,-1
281,103,1167,288,310,232,1,-1,-1,-1
282,103,1171,289,312,231,1,-1,-1,-1
283,103,1169,288,320,235,1,-1,-1,-1
284,103,1167,288,326,238,1,-1,-1,-1
285,103,1166,286,335,243,1,-1,-1,-1
286,103,1167,288,338,243,1,-1,-1,-1
287,103,1167,288,339,242,1,-1,-1,-1
288,103,1171,291,340,242,1,-1,-1,-1
289,103,1173,292,345,244,1,-1,-1,-1
290,103,1176,293,350,247,1,-1,-1,-1
291,103,1175,293,358,251,1,-1,-1,-1
292,103,1172,293,365,255,1,-1,-1,-1
293,103,1166,292,368,257,1,-1,-1,-1
294,103,1167,292,372,260,1,-1,-1,-1
295,103,1164,292,373,260,1,-1,-1,-1
296,103,1163,291,373,261,1,-1,-1,-1
297,103,1163,290,376,262,1,-1,-1,-1
298,103,1165,290,377,263,1,-1,-1,-1
299,103,1167,290,377,264,1,-1,-1,-1
300,103,1170,291,377,263,1,-1,-1,-1
301,103,1173,291,376,263,1,-1,-1,-1
302,103,1177,293,374,262,1,-1,-1,-1
303,103,1184,293,375,263,1,-1,-1,-1
304,103,1190,293,378,264,1,-1,-1,-1
305,103,1194,293,377,264,1,-1,-1,-1
306,103,1196,294,376,263,1,-1,-1,-1
307,103,1197,294,376,264,1,-1,-1,-1
308,103,1197,294,377,264,1,-1,-1,-1
309,103,1196,292,379,266,1,-1,-1,-1
310,103,1197,292,380,266,1,-1,-1,-1
311,103,1199,293,380,265,1,-1,-1,-1
312,103,1200,293,380,266,1,-1,-1,-1
313,103,1202,296,381,266,1,-1,-1,-1
314,103,1200,297,382,267,1,-1,-1,-1
315,103,1201,298,383,267,1,-1,-1,-1
316,103,1202,298,385,269,1,-1,-1,-1
317,103,1203,298,386,270,1,-1,-1,-1
318,103,1206,299,385,270,1,-1,-1,-1
319,103,1210,299,386,271,1,-1,-1,-1
320,103,1215,300,386,271,1,-1,-1,-1
321,103,1225,299,388,271,1,-1,-1,-1
322,103,1232,301,389,271,1,-1,-1,-1
323,103,1234,299,395,275,1,-1,-1,-1
324,103,1236,298,397,277,1,-1,-1,-1
325,103,1246,300,400,280,1,-1,-1,-1
326,103,1254,303,401,280,1,-1,-1,-1
327,103,1262,304,405,283,1,-1,-1,-1
328,103,1274,307,404,283,1,-1,-1,-1
329,103,1286,309,407,285,1,-1,-1,-1
330,103,1294,309,412,289,1,-1,-1,-1
331,103,1297,308,417,291,1,-1,-1,-1
332,103,1311,310,420,295,1,-1,-1,-1
333,103,1328,312,424,297,1,-1,-1,-1
334,103,1343,315,426,298,1,-1,-1,-1
335,103,1361,316,433,302,1,-1,-1,-1
336,103,1378,318,436,304,1,-1,-1,-1
337,103,1390,319,439,306,1,-1,-1,-1
338,103,1398,319,445,310,1,-1,-1,-1
339,103,1408,322,449,312,1,-1,-1,-1
340,103,1417,323,453,314,1,-1,-1,-1
341,103,1427,323,463,322,1,-1,-1,-1
342,103,1427,319,475,329,1,-1,-1,-1
343,103,1439,322,479,332,1,-1,-1,-1
344,103,1445,321,483,336,1,-1,-1,-1
345,103,1453,327,479,332,1,-1,-1,-1
346,103,1462,330,471,327,1,-1,-1,-1
347,103,1466,330,467,325,1,-1,-1,-1
348,103,1466,328,470,327,1,-1,-1,-1
349,103,1465,326,475,331,1,-1,-1,-1
350,103,1459,321,489,342,1,-1,-1,-1
351,103,1459,319,497,348,1,-1,-1,-1
352,103,1464,319,501,350,1,-1,-1,-1
358,103,1458,310,511,360,1,-1,-1,-1
359,103,1460,309,510,361,1,-1,-1,-1
360,103,1461,308,514,363,1,-1,-1,-1
362,103,1462,312,499,357,1,-1,-1,-1
363,103,1464,314,494,355,1,-1,-1,-1
364,103,1466,314,491,356,1,-1,-1,-1
365,103,1467,314,493,356,1,-1,-1,-1
12,104,311,180,113,94,1,-1,-1,-1
13,104,315,182,113,94,1,-1,-1,-1
14,104,321,185,113,95,1,-1,-1,-1
15,104,326,187,115,95,1,-1,-1,-1
16,104,331,188,115,97,1,-1,-1,-1
17,104,335,190,115,97,1,-1,-1,-1
18,104,340,192,113,95,1,-1,-1,-1
19,104,344,192,115,97,1,-1,-1,-1
20,104,349,194,117,97,1,-1,-1,-1
21,104,355,195,115,97,1,-1,-1,-1
22,104,358,196,117,98,1,-1,-1,-1
23,104,361,197,118,99,1,-1,-1,-1
24,104,364,198,121,101,1,-1,-1,-1
25,104,369,199,122,102,1,-1,-1,-1
26,104,374,202,122,102,1,-1,-1,-1
27,104,380,203,123,103,1,-1,-1,-1
28,104,385,205,123,103,1,-1,-1,-1
29,104,389,206,124,104,1,-1,-1,-1
30,104,394,208,124,104,1,-1,-1,-1
31,104,399,210,125,104,1,-1,-1,-1
32,104,404,211,127,105,1,-1,-1,-1
33,104,408,211,129,108,1,-1,-1,-1
34,104,414,213,129,108,1,-1,-1,-1
35,104,419,215,130,109,1,-1,-1,-1
36,104,424,217,132,110,1,-1,-1,-1
37,104,429,219,133,111,1,-1,-1,-1
38,104,434,221,133,111,1,-1,-1,-1
39,104,437,222,135,112,1,-1,-1,-1
40,104,441,222,138,114,1,-1,-1,-1
41,104,447,224,139,115,1,-1,-1,-1
42,104,452,225,141,117,1,-1,-1,-1
43,104,457,228,142,118,1,-1,-1,-1
44,104,462,230,144,119,1,-1,-1,-1
45,104,466,232,148,122,1,-1,-1,-1
46,104,471,233,149,123,1,-1,-1,-1
47,104,474,234,151,124,1,-1,-1,-1
48,104,476,234,154,127,1,-1,-1,-1
49,104,481,237,154,126,1,-1,-1,-1
50,104,485,238,157,129,1,-1,-1,-1
51,104,489,238,160,132,1,-1,-1,-1
52,104,494,240,161,133,1,-1,-1,-1
53,104,501,243,163,134,1,-1,-1,-1
54,104,508,244,165,137,1,-1,-1,-1
55,104,515,246,166,138,1,-1,-1,-1
56,104,520,248,169,139,1,-1,-1,-1
57,104,525,248,175,145,1,-1,-1,-1
58,104,532,250,180,150,1,-1,-1,-1
59,104,542,257,177,147,1,-1,-1,-1
60,104,553,263,176,147,1,-1,-1,-1
61,104,560,267,178,148,1,-1,-1,-1
62,104,568,270,181,151,1,-1,-1,-1
63,104,578,275,181,151,1,-1,-1,-1
64,104,586,278,182,152,1,-1,-1,-1
65,104,595,280,183,152,1,-1,-1,-1
66,104,603,283,184,152,1,-1,-1,-1
67,104,613,285,186,155,1,-1,-1,-1
68,104,620,286,188,156,1,-1,-1,-1
69,104,628,290,192,158,1,-1,-1,-1
70,104,636,295,193,158,1,-1,-1,-1
71,104,644,298,194,159,1,-1,-1,-1
72,104,655,301,195,160,1,-1,-1,-1
73,104,663,304,198,162,1,-1,-1,-1
74,104,669,306,200,163,1,-1,-1,-1
75,104,675,308,201,164,1,-1,-1,-1
76,104,683,310,204,166,1,-1,-1,-1
77,104,691,312,207,168,1,-1,-1,-1
78,104,700,314,210,170,1,-1,-1,-1
79,104,709,317,213,172,1,-1,-1,-1
80,104,718,319,217,174,1,-1,-1,-1
81,104,725,322,220,175,1,-1,-1,-1
82,104,729,322,224,178,1,-1,-1,-1
83,104,736,323,225,179,1,-1,-1,-1
84,104,748,327,227,181,1,-1,-1,-1
85,104,758,331,230,182,1,-1,-1,-1
86,104,770,334,232,183,1,-1,-1,-1
87,104,780,335,235,185,1,-1,-1,-1
88,104,790,335,240,187,1,-1,-1,-1
89,104,802,338,240,188,1,-1,-1,-1
90,104,810,340,245,190,1,-1,-1,-1
91,104,818,342,249,193,1,-1,-1,-1
92,104,830,346,252,194,1,-1,-1,-1
93,104,841,348,254,195,1,-1,-1,-1
94,104,851,349,258,198,1,-1,-1,-1
95,104,861,352,263,200,1,-1,-1,-1
96,104,869,356,267,202,1,-1,-1,-1
97,104,877,360,271,205,1,-1,-1,-1
98,104,886,362,276,208,1,-1,-1,-1
99,104,897,365,281,211,1,-1,-1,-1
100,104,907,368,283,212,1,-1,-1,-1
101,104,918,371,284,212,1,-1,-1,-1
102,104,931,373,287,214,1,-1,-1,-1
103,104,944,378,291,216,1,-1,-1,-1
104,104,955,383,297,219,1,-1,-1,-1
105,104,970,386,303,223,1,-1,-1,-1
106,104,981,388,308,226,1,-1,-1,-1
107,104,990,391,311,226,1,-1,-1,-1
108,104,995,390,319,231,1,-1,-1,-1
109,104,1009,392,326,236,1,-1,-1,-1
110,104,1017,394,331,239,1,-1,-1,-1
111,104,1028,397,334,241,1,-1,-1,-1
112,104,1040,401,336,240,1,-1,-1,-1
113,104,1052,405,336,239,1,-1,-1,-1
114,104,1064,408,336,238,1,-1,-1,-1
115,104,1072,409,344,243,1,-1,-1,-1
116,104,1082,411,354,250,1,-1,-1,-1
117,104,1095,416,360,253,1,-1,-1,-1
118,104,1107,421,364,256,1,-1,-1,-1
119,104,1117,424,367,256,1,-1,-1,-1
120,104,1126,427,369,257,1,-1,-1,-1
121,104,1140,430,370,258,1,-1,-1,-1
122,104,1148,430,373,259,1,-1,-1,-1
123,104,1157,433,374,259,1,-1,-1,-1
124,104,1172,436,376,260,1,-1,-1,-1
125,104,1186,439,376,259,1,-1,-1,-1
126,104,1191,439,382,262,1,-1,-1,-1
127,104,1194,438,388,265,1,-1,-1,-1
128,104,1200,439,393,269,1,-1,-1,-1
129,104,1207,441,398,271,1,-1,-1,-1
130,104,1216,442,404,275,1,-1,-1,-1
131,104,1233,448,407,277,1,-1,-1,-1
132,104,1250,453,410,278,1,-1,-1,-1
133,104,1262,456,414,280,1,-1,-1,-1
134,104,1272,458,420,283,1,-1,-1,-1
135,104,1285,460,425,285,1,-1,-1,-1
136,104,1297,462,428,287,1,-1,-1,-1
137,104,1301,463,431,287,1,-1,-1,-1
138,104,1311,465,436,289,1,-1,-1,-1
139,104,1310,463,444,294,1,-1,-1,-1
140,104,1318,470,442,292,1,-1,-1,-1
141,104,1328,472,442,291,1,-1,-1,-1
142,104,1337,472,444,293,1,-1,-1,-1
143,104,1346,474,452,296,1,-1,-1,-1
144,104,1351,472,460,302,1,-1,-1,-1
145,104,1356,475,467,305,1,-1,-1,-1
146,104,1359,479,474,309,1,-1,-1,-1
147,104,1367,481,477,312,1,-1,-1,-1
148,104,1374,482,480,313,1,-1,-1,-1
149,104,1384,484,481,314,1,-1,-1,-1
150,104,1393,485,482,315,1,-1,-1,-1
151,104,1403,487,486,316,1,-1,-1,-1
152,104,1410,488,490,319,1,-1,-1,-1
153,104,1417,491,495,322,1,-1,-1,-1
154,104,1422,492,498,325,1,-1,-1,-1
155,104,1425,494,501,326,1,-1,-1,-1
156,104,1428,494,503,328,1,-1,-1,-1
157,104,1429,496,506,330,1,-1,-1,-1
158,104,1432,498,506,330,1,-1,-1,-1
159,104,1437,500,508,333,1,-1,-1,-1
160,104,1443,505,505,331,1,-1,-1,-1
161,104,1448,509,501,330,1,-1,-1,-1
162,104,1448,510,502,330,1,-1,-1,-1
163,104,1451,512,499,330,1,-1,-1,-1
164,104,1453,514,499,331,1,-1,-1,-1
165,104,1456,515,499,333,1,-1,-1,-1
166,104,1457,514,501,336,1,-1,-1,-1
167,104,1459,513,501,338,1,-1,-1,-1
168,104,1462,513,502,341,1,-1,-1,-1
169,104,1465,514,505,343,1,-1,-1,-1
3,113,852,359,247,172,1,-1,-1,-1
4,113,858,359,252,175,1,-1,-1,-1
5,113,862,358,256,179,1,-1,-1,-1
6,113,869,360,258,180,1,-1,-1,-1
7,113,875,362,261,182,1,-1,-1,-1
8,113,881,364,262,184,1,-1,-1,-1
9,113,889,369,263,184,1,-1,-1,-1
10,113,897,372,263,184,1,-1,-1,-1
11,113,904,375,263,184,1,-1,-1,-1
12,113,910,377,263,184,1,-1,-1,-1
13,113,916,378,264,185,1,-1,-1,-1
14,113,922,380,263,184,1,-1,-1,-1
15,113,925,380,265,186,1,-1,-1,-1
16,113,929,382,266,187,1,-1,-1,-1
17,113,933,383,266,188,1,-1,-1,-1
18,113,936,384,269,189,1,-1,-1,-1
19,113,939,385,270,191,1,-1,-1,-1
20,113,943,386,270,191,1,-1,-1,-1
21,113,947,386,271,192,1,-1,-1,-1
22,113,952,388,270,191,1,-1,-1,-1
23,113,955,389,272,192,1,-1,-1,-1
24,113,959,389,273,193,1,-1,-1,-1
25,113,963,390,274,194,1,-1,-1,-1
26,113,966,391,277,196,1,-1,-1,-1
27,113,969,392,279,197,1,-1,-1,-1
28,113,971,393,281,198,1,-1,-1,-1
29,113,976,395,279,197,1,-1,-1,-1
30,113,979,395,282,200,1,-1,-1,-1
31,113,986,398,285,202,1,-1,-1,-1
32,113,990,399,284,201,1,-1,-1,-1
33,113,994,400,284,201,1,-1,-1,-1
34,113,999,401,286,203,1,-1,-1,-1
35,113,1003,402,288,204,1,-1,-1,-1
36,113,1007,403,289,204,1,-1,-1,-1
37,113,1011,404,289,205,1,-1,-1,-1
38,113,1017,405,292,207,1,-1,-1,-1
39,113,1023,406,295,209,1,-1,-1,-1
40,113,1030,407,297,210,1,-1,-1,-1
41,113,1036,409,298,211,1,-1,-1,-1
42,113,1040,410,300,212,1,-1,-1,-1
43,113,1041,411,299,211,1,-1,-1,-1
44,113,1044,412,298,210,1,-1,-1,-1
45,113,1048,413,297,210,1,-1,-1,-1
46,113,1052,414,297,209,1,-1,-1,-1
47,113,1056,415,297,209,1,-1,-1,-1
48,113,1062,417,296,208,1,-1,-1,-1
49,113,1065,417,299,210,1,-1,-1,-1
50,113,1070,420,300,212,1,-1,-1,-1
51,113,1076,422,303,214,1,-1,-1,-1
52,113,1081,423,308,217,1,-1,-1,-1
53,113,1089,425,309,217,1,-1,-1,-1
54,113,1097,428,309,217,1,-1,-1,-1
55,113,1104,429,311,218,1,-1,-1,-1
56,113,1111,432,313,219,1,-1,-1,-1
57,113,1121,436,312,218,1,-1,-1,-1
58,113,1127,438,317,222,1,-1,-1,-1
59,113,1138,440,324,226,1,-1,-1,-1
60,113,1149,442,328,229,1,-1,-1,-1
61,113,1158,447,326,228,1,-1,-1,-1
62,113,1170,451,325,225,1,-1,-1,-1
63,113,1181,451,329,229,1,-1,-1,-1
64,113,1192,453,331,229,1,-1,-1,-1
65,113,1204,456,332,229,1,-1,-1,-1
66,113,1214,458,334,231,1,-1,-1,-1
67,113,1215,460,345,237,1,-1,-1,-1
68,113,1226,464,348,238,1,-1,-1,-1
69,113,1236,468,347,237,1,-1,-1,-1
70,113,1250,472,346,236,1,-1,-1,-1
71,113,1262,474,353,240,1,-1,-1,-1
72,113,1275,478,357,243,1,-1,-1,-1
73,113,1290,484,357,242,1,-1,-1,-1
74,113,1303,487,361,243,1,-1,-1,-1
75,113,1315,490,364,245,1,-1,-1,-1
76,113,1323,493,369,247,1,-1,-1,-1
77,113,1329,494,376,253,1,-1,-1,-1
78,113,1338,497,386,258,1,-1,-1,-1
79,113,1352,502,390,260,1,-1,-1,-1
80,113,1366,507,396,264,1,-1,-1,-1
81,113,1381,512,398,264,1,-1,-1,-1
82,113,1400,518,397,264,1,-1,-1,-1
83,113,1410,522,403,268,1,-1,-1,-1
84,113,1418,524,413,275,1,-1,-1,-1
85,113,1431,528,418,278,1,-1,-1,-1
86,113,1447,532,421,280,1,-1,-1,-1
87,113,1466,537,421,279,1,-1,-1,-1
88,113,1483,543,424,280,1,-1,-1,-1
89,113,1494,547,430,284,1,-1,-1,-1
90,113,1503,550,432,287,1,-1,-1,-1
91,113,1507,553,437,289,1,-1,-1,-1
92,113,1508,551,442,293,1,-1,-1,-1
93,113,1506,550,449,298,1,-1,-1,-1
94,113,1504,547,459,306,1,-1,-1,-1
95,113,1502,544,466,313,1,-1,-1,-1
96,113,1506,544,471,317,1,-1,-1,-1
97,113,1513,545,477,321,1,-1,-1,-1
21,114,1109,294,240,131,1,-1,-1,-1
22,114,1100,293,239,131,1,-1,-1,-1
34,114,856,244,189,103,1,-1,-1,-1
35,114,834,241,185,102,1,-1,-1,-1
36,114,815,238,182,101,1,-1,-1,-1
37,114,796,234,183,102,1,-1,-1,-1
38,114,781,230,183,103,1,-1,-1,-1
39,114,770,228,181,102,1,-1,-1,-1
40,114,760,227,174,98,1,-1,-1,-1
41,114,746,224,172,98,1,-1,-1,-1
42,114,736,222,171,98,1,-1,-1,-1
43,114,724,219,169,98,1,-1,-1,-1
44,114,715,217,164,96,1,-1,-1,-1
45,114,702,214,161,95,1,-1,-1,-1
46,114,688,212,159,93,1,-1,-1,-1
314,115,379,176,104,86,1,-1,-1,-1
315,115,384,178,104,86,1,-1,-1,-1
316,115,391,181,103,85,1,-1,-1,-1
317,115,396,183,105,87,1,-1,-1,-1
318,115,401,185,107,89,1,-1,-1,-1
319,115,406,188,108,90,1,-1,-1,-1
320,115,411,191,110,91,1,-1,-1,-1
321,115,418,193,112,93,1,-1,-1,-1
322,115,425,196,112,92,1,-1,-1,-1
323,115,430,197,114,94,1,-1,-1,-1
324,115,436,199,115,94,1,-1,-1,-1
325,115,440,201,118,96,1,-1,-1,-1
326,115,445,203,121,99,1,-1,-1,-1
327,115,451,205,124,102,1,-1,-1,-1
328,115,457,209,124,102,1,-1,-1,-1
329,115,465,213,122,100,1,-1,-1,-1
330,115,472,215,122,101,1,-1,-1,-1
331,115,479,220,126,103,1,-1,-1,-1
332,115,484,223,129,106,1,-1,-1,-1
333,115,489,226,130,106,1,-1,-1,-1
334,115,493,228,131,108,1,-1,-1,-1
335,115,498,231,132,108,1,-1,-1,-1
336,115,504,233,133,110,1,-1,-1,-1
337,115,521,240,131,107,1,-1,-1,-1
338,115,531,245,130,106,1,-1,-1,-1
339,115,535,246,140,114,1,-1,-1,-1
340,115,541,247,145,119,1,-1,-1,-1
341,115,547,250,148,121,1,-1,-1,-1
343,115,576,263,150,123,1,-1,-1,-1
344,115,586,267,152,125,1,-1,-1,-1
345,115,597,271,152,124,1,-1,-1,-1
346,115,607,274,157,129,1,-1,-1,-1
347,115,619,281,160,131,1,-1,-1,-1
348,115,630,285,163,134,1,-1,-1,-1
349,115,642,291,166,135,1,-1,-1,-1
350,115,655,297,170,137,1,-1,-1,-1
351,115,668,302,171,139,1,-1,-1,-1
352,115,679,305,175,142,1,-1,-1,-1
353,115,693,309,177,144,1,-1,-1,-1
354,115,709,314,182,146,1,-1,-1,-1
355,115,725,318,185,149,1,-1,-1,-1
356,115,738,325,186,149,1,-1,-1,-1
357,115,751,331,190,151,1,-1,-1,-1
358,115,764,338,191,151,1,-1,-1,-1
359,115,778,342,197,155,1,-1,-1,-1
360,115,791,347,202,158,1,-1,-1,-1
361,115,804,350,206,160,1,-1,-1,-1
362,115,823,355,209,162,1,-1,-1,-1
363,115,841,360,211,162,1,-1,-1,-1
364,115,859,365,216,164,1,-1,-1,-1
365,115,877,368,224,169,1,-1,-1,-1
366,115,893,373,232,173,1,-1,-1,-1
367,115,910,379,239,178,1,-1,-1,-1
368,115,926,385,247,183,1,-1,-1,-1
369,115,946,392,252,184,1,-1,-1,-1
370,115,963,398,263,191,1,-1,-1,-1
371,115,982,404,274,197,1,-1,-1,-1
372,115,1004,411,279,200,1,-1,-1,-1
373,115,1024,417,285,203,1,-1,-1,-1
374,115,1042,423,292,205,1,-1,-1,-1
375,115,1057,427,299,209,1,-1,-1,-1
376,115,1078,434,308,213,1,-1,-1,-1
377,115,1100,441,317,217,1,-1,-1,-1
378,115,1126,449,324,220,1,-1,-1,-1
379,115,1150,458,327,221,1,-1,-1,-1
380,115,1171,465,333,223,1,-1,-1,-1
381,115,1197,472,342,227,1,-1,-1,-1
382,115,1221,478,356,235,1,-1,-1,-1
383,115,1244,486,364,239,1,-1,-1,-1
384,115,1268,494,372,241,1,-1,-1,-1
385,115,1290,501,382,246,1,-1,-1,-1
386,115,1313,508,390,250,1,-1,-1,-1
387,115,1336,517,397,253,1,-1,-1,-1
388,115,1360,523,404,257,1,-1,-1,-1
389,115,1389,532,416,262,1,-1,-1,-1
390,115,1423,542,425,266,1,-1,-1,-1
391,115,1457,555,428,266,1,-1,-1,-1
392,115,1482,564,434,269,1,-1,-1,-1
393,115,1493,569,444,275,1,-1,-1,-1
394,115,1499,571,464,286,1,-1,-1,-1
395,115,1514,576,476,293,1,-1,-1,-1
396,115,1536,583,484,298,1,-1,-1,-1
3,135,1141,444,374,245,1,-1,-1,-1
4,135,1146,445,380,248,1,-1,-1,-1
5,135,1151,443,386,252,1,-1,-1,-1
6,135,1153,442,393,256,1,-1,-1,-1
7,135,1157,442,400,261,1,-1,-1,-1
8,135,1160,443,404,264,1,-1,-1,-1
9,135,1166,447,399,261,1,-1,-1,-1
10,135,1171,448,403,263,1,-1,-1,-1
11,135,1175,447,408,267,1,-1,-1,-1
12,135,1180,448,410,268,1,-1,-1,-1
13,135,1184,448,412,270,1,-1,-1,-1
14,135,1198,455,407,266,1,-1,-1,-1
15,135,1210,460,404,265,1,-1,-1,-1
16,135,1219,464,404,264,1,-1,-1,-1
17,135,1225,465,405,265,1,-1,-1,-1
18,135,1229,466,408,267,1,-1,-1,-1
19,135,1234,467,409,267,1,-1,-1,-1
20,135,1240,468,409,267,1,-1,-1,-1
21,135,1243,466,416,272,1,-1,-1,-1
22,135,1241,464,426,278,1,-1,-1,-1
23,135,1250,465,428,279,1,-1,-1,-1
24,135,1259,466,430,280,1,-1,-1,-1
25,135,1268,468,430,280,1,-1,-1,-1
26,135,1276,469,433,281,1,-1,-1,-1
27,135,1281,470,439,284,1,-1,-1,-1
28,135,1294,472,438,284,1,-1,-1,-1
29,135,1303,473,442,285,1,-1,-1,-1
30,135,1303,471,453,292,1,-1,-1,-1
31,135,1308,473,459,296,1,-1,-1,-1
32,135,1315,476,463,298,1,-1,-1,-1
33,135,1327,481,463,298,1,-1,-1,-1
34,135,1337,483,459,295,1,-1,-1,-1
35,135,1341,484,465,299,1,-1,-1,-1
36,135,1349,486,469,302,1,-1,-1,-1
37,135,1351,490,480,308,1,-1,-1,-1
38,135,1361,492,483,310,1,-1,-1,-1
39,135,1363,493,492,316,1,-1,-1,-1
40,135,1368,494,498,320,1,-1,-1,-1
41,135,1379,498,499,321,1,-1,-1,-1
42,135,1398,504,490,315,1,-1,-1,-1
43,135,1413,508,484,312,1,-1,-1,-1
44,135,1428,514,482,310,1,-1,-1,-1
45,135,1437,517,483,311,1,-1,-1,-1
46,135,1440,516,491,315,1,-1,-1,-1
47,135,1440,514,499,321,1,-1,-1,-1
48,135,1444,516,500,322,1,-1,-1,-1
49,135,1448,518,502,325,1,-1,-1,-1
50,135,1449,519,507,328,1,-1,-1,-1
51,135,1452,520,511,333,1,-1,-1,-1
52,135,1456,521,515,336,1,-1,-1,-1
53,135,1462,523,518,338,1,-1,-1,-1
55,137,1219,289,234,118,1,-1,-1,-1
56,137,1188,284,235,120,1,-1,-1,-1
57,137,1163,281,229,116,1,-1,-1,-1
58,137,1139,278,225,115,1,-1,-1,-1
59,137,1117,275,223,113,1,-1,-1,-1
65,137,991,245,187,95,1,-1,-1,-1
66,137,968,240,190,98,1,-1,-1,-1
67,137,948,237,191,99,1,-1,-1,-1
68,137,927,233,194,100,1,-1,-1,-1
69,137,909,229,195,102,1,-1,-1,-1
70,137,894,227,190,100,1,-1,-1,-1
71,137,879,223,188,100,1,-1,-1,-1
72,137,863,219,185,100,1,-1,-1,-1
73,137,850,218,179,96,1,-1,-1,-1
74,137,837,216,176,96,1,-1,-1,-1
75,137,823,212,176,97,1,-1,-1,-1
76,137,811,210,173,96,1,-1,-1,-1
77,137,797,209,169,95,1,-1,-1,-1
78,137,785,208,162,92,1,-1,-1,-1
79,137,773,207,156,90,1,-1,-1,-1
80,137,761,206,152,88,1,-1,-1,-1
81,137,751,204,150,88,1,-1,-1,-1
82,137,741,202,147,87,1,-1,-1,-1
83,137,731,201,146,87,1,-1,-1,-1
84,137,722,199,144,86,1,-1,-1,-1
85,137,712,195,143,87,1,-1,-1,-1
86,137,702,192,144,88,1,-1,-1,-1
87,137,692,190,141,87,1,-1,-1,-1
88,137,683,188,138,85,1,-1,-1,-1
89,137,672,185,135,85,1,-1,-1,-1
90,137,663,182,137,86,1,-1,-1,-1
91,137,652,179,137,86,1,-1,-1,-1
92,137,641,176,136,86,1,-1,-1,-1
270,144,1478,325,289,148,1,-1,-1,-1
271,144,1437,320,289,147,1,-1,-1,-1
272,144,1400,313,286,146,1,-1,-1,-1
273,144,1365,306,289,147,1,-1,-1,-1
274,144,1340,301,282,145,1,-1,-1,-1
275,144,1322,298,272,139,1,-1,-1,-1
276,144,1298,293,266,137,1,-1,-1,-1
277,144,1270,289,263,135,1,-1,-1,-1
287,144,1008,248,226,117,1,-1,-1,-1
288,144,993,241,232,121,1,-1,-1,-1
289,144,976,238,222,117,1,-1,-1,-1
290,144,963,238,213,112,1,-1,-1,-1
291,144,946,235,206,109,1,-1,-1,-1
292,144,929,233,201,108,1,-1,-1,-1
293,144,912,231,196,106,1,-1,-1,-1
294,144,896,227,195,107,1,-1,-1,-1
295,144,878,224,194,106,1,-1,-1,-1
296,144,864,220,190,105,1,-1,-1,-1
297,144,852,218,187,104,1,-1,-1,-1
298,144,839,215,185,104,1,-1,-1,-1
299,144,826,213,182,103,1,-1,-1,-1
300,144,815,211,179,103,1,-1,-1,-1
301,144,802,210,176,101,1,-1,-1,-1
302,144,790,207,173,101,1,-1,-1,-1
303,144,781,207,165,97,1,-1,-1,-1
304,144,772,205,159,94,1,-1,-1,-1
305,144,761,202,158,95,1,-1,-1,-1
306,144,750,199,158,96,1,-1,-1,-1
307,144,741,198,155,94,1,-1,-1,-1
308,144,732,196,152,93,1,-1,-1,-1
309,144,723,195,149,92,1,-1,-1,-1
310,144,714,193,148,93,1,-1,-1,-1
311,144,705,191,147,92,1,-1,-1,-1
312,144,695,189,145,91,1,-1,-1,-1
313,144,685,186,145,92,1,-1,-1,-1
314,144,676,182,144,93,1,-1,-1,-1
315,144,667,180,144,92,1,-1,-1,-1
316,144,660,178,141,91,1,-1,-1,-1
317,144,652,178,139,91,1,-1,-1,-1
318,144,645,177,136,91,1,-1,-1,-1
319,144,639,177,134,89,1,-1,-1,-1
320,144,635,177,130,87,1,-1,-1,-1
321,144,627,175,129,87,1,-1,-1,-1
322,144,618,174,128,86,1,-1,-1,-1
323,144,609,172,128,87,1,-1,-1,-1
324,144,601,171,125,86,1,-1,-1,-1
325,144,592,170,124,85,1,-1,-1,-1
327,144,577,165,126,86,1,-1,-1,-1
328,144,570,163,124,86,1,-1,-1,-1
329,144,561,161,124,86,1,-1,-1,-1
46,161,1345,381,389,184,1,-1,-1,-1
47,161,1346,382,391,183,1,-1,-1,-1
48,161,1345,380,396,187,1,-1,-1,-1
49,161,1344,379,403,190,1,-1,-1,-1
50,161,1346,380,411,194,1,-1,-1,-1
51,161,1348,382,412,195,1,-1,-1,-1
52,161,1351,384,416,197,1,-1,-1,-1
53,161,1359,387,419,198,1,-1,-1,-1
54,161,1365,390,419,198,1,-1,-1,-1
55,161,1370,391,422,201,1,-1,-1,-1
56,161,1380,393,432,205,1,-1,-1,-1
57,161,1389,395,440,210,1,-1,-1,-1
58,161,1396,396,445,213,1,-1,-1,-1
59,161,1410,397,453,218,1,-1,-1,-1
60,161,1419,398,461,222,1,-1,-1,-1
61,161,1427,399,468,226,1,-1,-1,-1
62,161,1434,400,474,231,1,-1,-1,-1
63,161,1440,401,481,235,1,-1,-1,-1
64,161,1446,403,488,240,1,-1,-1,-1
65,161,1457,407,490,242,1,-1,-1,-1
66,161,1464,407,494,246,1,-1,-1,-1
67,161,1469,408,497,248,1,-1,-1,-1
68,161,1473,409,500,252,1,-1,-1,-1
69,161,1478,410,503,256,1,-1,-1,-1
70,161,1481,412,507,260,1,-1,-1,-1
71,161,1478,410,520,270,1,-1,-1,-1
72,161,1481,410,527,276,1,-1,-1,-1
73,161,1485,411,534,280,1,-1,-1,-1
