3,202,989,0,191,112,1,-1,-1,-1
4,202,989,0,191,113,1,-1,-1,-1
5,202,988,0,193,113,1,-1,-1,-1
6,202,988,0,192,113,1,-1,-1,-1
7,202,988,0,192,113,1,-1,-1,-1
8,202,987,0,192,113,1,-1,-1,-1
9,202,987,0,192,113,1,-1,-1,-1
10,202,987,0,193,113,1,-1,-1,-1
11,202,988,0,193,114,1,-1,-1,-1
12,202,986,0,194,114,1,-1,-1,-1
13,202,984,0,194,114,1,-1,-1,-1
14,202,982,0,195,114,1,-1,-1,-1
15,202,982,0,193,114,1,-1,-1,-1
16,202,977,0,195,115,1,-1,-1,-1
17,202,971,0,197,116,1,-1,-1,-1
18,202,970,0,197,116,1,-1,-1,-1
19,202,966,0,199,118,1,-1,-1,-1
20,202,963,0,200,118,1,-1,-1,-1
21,202,961,0,200,119,1,-1,-1,-1
22,202,959,0,200,119,1,-1,-1,-1
23,202,960,0,199,119,1,-1,-1,-1
24,202,958,0,200,119,1,-1,-1,-1
25,202,956,0,200,120,1,-1,-1,-1
26,202,952,0,200,120,1,-1,-1,-1
27,202,944,0,203,122,1,-1,-1,-1
28,202,939,1,205,123,1,-1,-1,-1
29,202,933,2,205,123,1,-1,-1,-1
30,202,922,2,208,125,1,-1,-1,-1
31,202,914,3,208,125,1,-1,-1,-1
32,202,905,4,211,126,1,-1,-1,-1
33,202,897,5,215,128,1,-1,-1,-1
34,202,890,7,215,127,1,-1,-1,-1
35,202,879,11,214,126,1,-1,-1,-1
36,202,869,12,217,127,1,-1,-1,-1
37,202,858,12,222,131,1,-1,-1,-1
38,202,848,13,226,132,1,-1,-1,-1
39,202,834,16,230,133,1,-1,-1,-1
40,202,827,17,231,134,1,-1,-1,-1
41,202,811,20,235,135,1,-1,-1,-1
42,202,791,23,238,136,1,-1,-1,-1
43,202,774,23,243,138,1,-1,-1,-1
44,202,761,25,246,139,1,-1,-1,-1
45,202,748,29,246,138,1,-1,-1,-1
46,202,728,32,250,140,1,-1,-1,-1
47,202,706,36,255,141,1,-1,-1,-1
48,202,685,39,259,143,1,-1,-1,-1
49,202,667,44,259,142,1,-1,-1,-1
50,202,652,49,257,141,1,-1,-1,-1
51,202,636,54,260,141,1,-1,-1,-1
52,202,616,58,263,143,1,-1,-1,-1
53,202,596,63,264,144,1,-1,-1,-1
54,202,574,69,267,143,1,-1,-1,-1
55,202,555,74,271,145,1,-1,-1,-1
56,202,533,77,275,147,1,-1,-1,-1
57,202,510,82,278,149,1,-1,-1,-1
58,202,482,91,281,150,1,-1,-1,-1
59,202,457,97,285,152,1,-1,-1,-1
60,202,434,102,291,155,1,-1,-1,-1
61,202,408,111,292,154,1,-1,-1,-1
62,202,387,119,290,154,1,-1,-1,-1
63,202,355,126,299,159,1,-1,-1,-1
64,202,329,135,297,158,1,-1,-1,-1
65,202,305,145,295,157,1,-1,-1,-1
66,202,271,150,307,164,1,-1,-1,-1
67,202,237,156,319,172,1,-1,-1,-1
68,202,211,170,315,170,1,-1,-1,-1
69,202,195,186,302,164,1,-1,-1,-1
70,202,167,198,301,165,1,-1,-1,-1
71,202,143,217,293,161,1,-1,-1,-1
72,202,118,228,291,161,1,-1,-1,-1
73,202,101,238,290,162,1,-1,-1,-1
74,202,75,246,294,165,1,-1,-1,-1
75,202,48,255,302,170,1,-1,-1,-1
76,202,23,263,307,175,1,-1,-1,-1
77,202,0,272,316,183,1,-1,-1,-1
78,202,-26,279,325,191,1,-1,-1,-1
79,202,-44,291,321,190,1,-1,-1,-1
80,202,-57,306,314,189,1,-1,-1,-1
81,202,-72,313,318,194,1,-1,-1,-1
82,202,-90,321,319,197,1,-1,-1,-1
83,202,-113,331,323,199,1,-1,-1,-1
48,206,210,295,194,137,1,-1,-1,-1
49,206,186,299,197,140,1,-1,-1,-1
50,206,167,301,202,143,1,-1,-1,-1
51,206,137,309,202,143,1,-1,-1,-1
52,206,108,314,201,143,1,-1,-1,-1
53,206,81,320,202,142,1,-1,-1,-1
54,206,58,325,203,143,1,-1,-1,-1
57,206,0,356,207,146,1,-1,-1,-1
58,206,-9,365,202,144,1,-1,-1,-1
59,206,-24,374,204,145,1,-1,-1,-1
60,206,-36,379,206,148,1,-1,-1,-1
61,206,-52,385,207,149,1,-1,-1,-1
62,206,-71,392,208,150,1,-1,-1,-1
87,209,1190,371,350,250,1,-1,-1,-1
88,209,1156,356,353,253,1,-1,-1,-1
89,209,1119,339,356,255,1,-1,-1,-1
90,209,1086,324,350,250,1,-1,-1,-1
91,209,1057,311,341,244,1,-1,-1,-1
92,209,1018,296,339,242,1,-1,-1,-1
93,209,973,279,338,240,1,-1,-1,-1
94,209,939,268,331,235,1,-1,-1,-1
95,209,893,257,330,233,1,-1,-1,-1
96,209,862,251,320,224,1,-1,-1,-1
97,209,824,244,309,217,1,-1,-1,-1
98,209,786,236,304,212,1,-1,-1,-1
99,209,751,230,294,203,1,-1,-1,-1
100,209,716,224,287,197,1,-1,-1,-1
101,209,672,218,282,193,1,-1,-1,-1
102,209,633,212,276,187,1,-1,-1,-1
103,209,596,208,268,180,1,-1,-1,-1
104,209,569,208,262,174,1,-1,-1,-1
105,209,535,208,254,168,1,-1,-1,-1
106,209,508,214,243,159,1,-1,-1,-1
107,209,469,216,238,155,1,-1,-1,-1
108,209,437,220,233,151,1,-1,-1,-1
109,209,397,224,231,148,1,-1,-1,-1
110,209,368,230,228,145,1,-1,-1,-1
111,209,340,234,229,145,1,-1,-1,-1
112,209,309,237,234,147,1,-1,-1,-1
113,209,286,242,235,147,1,-1,-1,-1
114,209,259,246,239,149,1,-1,-1,-1
115,209,231,252,242,150,1,-1,-1,-1
116,209,197,262,240,148,1,-1,-1,-1
117,209,160,271,241,149,1,-1,-1,-1
118,209,132,278,245,151,1,-1,-1,-1
119,209,116,286,244,150,1,-1,-1,-1
120,209,96,295,242,150,1,-1,-1,-1
121,209,74,307,237,147,1,-1,-1,-1
122,209,50,317,236,146,1,-1,-1,-1
123,209,26,327,234,147,1,-1,-1,-1
124,209,5,334,236,149,1,-1,-1,-1
125,209,-9,343,231,147,1,-1,-1,-1
126,209,-29,350,227,146,1,-1,-1,-1
127,209,-54,357,226,146,1,-1,-1,-1
115,210,80,461,279,247,1,-1,-1,-1
116,210,89,459,279,246,1,-1,-1,-1
117,210,139,426,298,263,1,-1,-1,-1
118,210,162,413,304,268,1,-1,-1,-1
119,210,195,395,313,276,1,-1,-1,-1
120,210,230,378,319,281,1,-1,-1,-1
121,210,271,357,328,288,1,-1,-1,-1
122,210,311,339,332,290,1,-1,-1,-1
123,210,367,326,324,280,1,-1,-1,-1
124,210,416,311,320,274,1,-1,-1,-1
125,210,466,293,324,274,1,-1,-1,-1
126,210,508,276,331,276,1,-1,-1,-1
127,210,557,262,332,274,1,-1,-1,-1
128,210,599,247,335,273,1,-1,-1,-1
129,210,643,233,336,269,1,-1,-1,-1
130,210,687,222,331,261,1,-1,-1,-1
131,210,726,211,329,257,1,-1,-1,-1
132,210,768,200,328,251,1,-1,-1,-1
133,210,817,192,322,243,1,-1,-1,-1
134,210,859,181,317,236,1,-1,-1,-1
135,210,897,171,316,231,1,-1,-1,-1
136,210,940,162,305,221,1,-1,-1,-1
137,210,990,153,301,215,1,-1,-1,-1
138,210,1031,143,295,208,1,-1,-1,-1
139,210,1065,136,284,199,1,-1,-1,-1
140,210,1100,130,275,190,1,-1,-1,-1
141,210,1127,123,271,185,1,-1,-1,-1
142,210,1156,116,261,177,1,-1,-1,-1
143,210,1181,109,249,168,1,-1,-1,-1
144,210,1202,105,240,160,1,-1,-1,-1
145,210,1224,100,229,152,1,-1,-1,-1
146,210,1244,94,222,147,1,-1,-1,-1
147,210,1262,85,218,144,1,-1,-1,-1
148,210,1278,79,210,139,1,-1,-1,-1
149,210,1292,73,204,135,1,-1,-1,-1
150,210,1303,66,201,133,1,-1,-1,-1
151,210,1312,62,197,132,1,-1,-1,-1
152,210,1321,57,191,130,1,-1,-1,-1
153,210,1331,52,186,126,1,-1,-1,-1
154,210,1340,46,179,123,1,-1,-1,-1
155,210,1347,40,173,120,1,-1,-1,-1
156,210,1354,36,165,116,1,-1,-1,-1
157,210,1358,30,162,116,1,-1,-1,-1
158,210,1363,26,157,112,1,-1,-1,-1
159,210,1370,23,147,107,1,-1,-1,-1
160,210,1373,19,143,106,1,-1,-1,-1
161,210,1376,15,139,105,1,-1,-1,-1
162,210,1376,10,138,105,1,-1,-1,-1
163,210,1378,5,135,104,1,-1,-1,-1
164,210,1380,2,131,102,1,-1,-1,-1
165,210,1381,0,126,99,1,-1,-1,-1
166,210,1383,-2,119,95,1,-1,-1,-1
167,210,1385,-2,112,90,1,-1,-1,-1
168,210,1389,-5,107,86,1,-1,-1,-1
169,210,1392,-9,104,84,1,-1,-1,-1
152,212,1039,0,161,103,1,-1,-1,-1
153,212,1033,0,163,105,1,-1,-1,-1
154,212,1029,0,165,107,1,-1,-1,-1
155,212,1019,0,170,110,1,-1,-1,-1
156,212,1013,0,174,112,1,-1,-1,-1
157,212,1009,0,175,113,1,-1,-1,-1
158,212,1009,0,174,112,1,-1,-1,-1
159,212,1005,0,174,112,1,-1,-1,-1
160,212,1000,0,175,113,1,-1,-1,-1
161,212,995,0,176,114,1,-1,-1,-1
162,212,990,0,180,116,1,-1,-1,-1
163,212,986,0,182,117,1,-1,-1,-1
164,212,982,0,184,119,1,-1,-1,-1
165,212,977,0,186,120,1,-1,-1,-1
166,212,973,0,186,120,1,-1,-1,-1
167,212,972,0,185,119,1,-1,-1,-1
168,212,969,0,185,120,1,-1,-1,-1
169,212,965,0,185,120,1,-1,-1,-1
170,212,955,1,189,122,1,-1,-1,-1
171,212,944,1,194,125,1,-1,-1,-1
172,212,935,3,196,126,1,-1,-1,-1
173,212,927,5,197,126,1,-1,-1,-1
174,212,915,6,201,128,1,-1,-1,-1
175,212,908,8,199,127,1,-1,-1,-1
176,212,899,9,201,128,1,-1,-1,-1
177,212,891,9,203,128,1,-1,-1,-1
178,212,879,11,208,130,1,-1,-1,-1
179,212,866,12,212,133,1,-1,-1,-1
180,212,853,16,213,132,1,-1,-1,-1
181,212,842,19,215,132,1,-1,-1,-1
182,212,825,22,215,133,1,-1,-1,-1
183,212,808,26,215,132,1,-1,-1,-1
184,212,796,28,217,132,1,-1,-1,-1
185,212,777,30,221,134,1,-1,-1,-1
186,212,752,33,229,138,1,-1,-1,-1
187,212,728,36,235,141,1,-1,-1,-1
188,212,708,41,237,141,1,-1,-1,-1
189,212,695,49,230,137,1,-1,-1,-1
190,212,675,53,233,138,1,-1,-1,-1
191,212,651,59,236,139,1,-1,-1,-1
192,212,626,64,240,140,1,-1,-1,-1
193,212,604,70,239,139,1,-1,-1,-1
194,212,580,76,242,139,1,-1,-1,-1
195,212,552,81,248,143,1,-1,-1,-1
196,212,526,87,250,144,1,-1,-1,-1
197,212,500,94,252,145,1,-1,-1,-1
198,212,473,100,257,147,1,-1,-1,-1
199,212,447,106,259,149,1,-1,-1,-1
200,212,415,111,268,154,1,-1,-1,-1
201,212,383,114,279,160,1,-1,-1,-1
202,212,353,123,284,163,1,-1,-1,-1
203,212,324,135,288,166,1,-1,-1,-1
204,212,292,146,286,166,1,-1,-1,-1
205,212,264,156,285,166,1,-1,-1,-1
206,212,235,163,286,168,1,-1,-1,-1
207,212,200,174,283,167,1,-1,-1,-1
208,212,170,183,282,167,1,-1,-1,-1
183,214,184,322,204,130,1,-1,-1,-1
184,214,148,325,211,136,1,-1,-1,-1
185,214,112,331,213,137,1,-1,-1,-1
186,214,88,335,215,139,1,-1,-1,-1
187,214,56,338,221,142,1,-1,-1,-1
188,214,35,346,218,141,1,-1,-1,-1
189,214,11,356,213,138,1,-1,-1,-1
190,214,-13,363,209,137,1,-1,-1,-1
191,214,-39,369,210,137,1,-1,-1,-1
61,3,173,329,328,207,1,-1,-1,-1
62,3,202,313,336,213,1,-1,-1,-1
63,3,236,299,338,215,1,-1,-1,-1
64,3,269,283,347,220,1,-1,-1,-1
65,3,306,266,352,223,1,-1,-1,-1
66,3,352,249,350,222,1,-1,-1,-1
67,3,394,231,354,225,1,-1,-1,-1
68,3,443,216,352,225,1,-1,-1,-1
69,3,505,204,343,219,1,-1,-1,-1
70,3,558,191,336,215,1,-1,-1,-1
71,3,608,175,336,215,1,-1,-1,-1
72,3,661,161,329,211,1,-1,-1,-1
73,3,713,153,317,202,1,-1,-1,-1
74,3,761,144,304,194,1,-1,-1,-1
75,3,804,134,296,189,1,-1,-1,-1
76,3,845,123,293,185,1,-1,-1,-1
77,3,891,113,284,179,1,-1,-1,-1
78,3,936,103,276,174,1,-1,-1,-1
79,3,975,96,269,168,1,-1,-1,-1
80,3,1013,89,260,161,1,-1,-1,-1
81,3,1040,84,251,155,1,-1,-1,-1
82,3,1072,80,238,147,1,-1,-1,-1
83,3,1097,73,232,142,1,-1,-1,-1
84,3,1124,65,224,137,1,-1,-1,-1
85,3,1150,59,215,132,1,-1,-1,-1
86,3,1170,56,203,124,1,-1,-1,-1
87,3,1196,49,195,119,1,-1,-1,-1
88,3,1228,42,186,113,1,-1,-1,-1
168,20,763,354,352,211,1,-1,-1,-1
169,20,725,341,350,210,1,-1,-1,-1
170,20,686,330,337,202,1,-1,-1,-1
171,20,656,320,326,195,1,-1,-1,-1
172,20,622,309,317,189,1,-1,-1,-1
173,20,631,311,292,174,1,-1,-1,-1
174,20,618,307,275,164,1,-1,-1,-1
175,20,593,299,261,156,1,-1,-1,-1
177,20,480,292,250,148,1,-1,-1,-1
178,20,439,290,239,141,1,-1,-1,-1
179,20,401,285,230,136,1,-1,-1,-1
180,20,365,279,218,129,1,-1,-1,-1
135,22,103,377,256,183,1,-1,-1,-1
136,22,130,366,259,185,1,-1,-1,-1
137,22,160,353,262,186,1,-1,-1,-1
138,22,180,340,264,187,1,-1,-1,-1
139,22,211,327,262,187,1,-1,-1,-1
140,22,234,316,263,187,1,-1,-1,-1
141,22,268,302,265,189,1,-1,-1,-1
142,22,296,290,265,188,1,-1,-1,-1
143,22,338,275,263,186,1,-1,-1,-1
144,22,380,262,261,183,1,-1,-1,-1
145,22,418,246,262,184,1,-1,-1,-1
146,22,460,232,261,183,1,-1,-1,-1
147,22,501,219,262,182,1,-1,-1,-1
148,22,543,206,260,180,1,-1,-1,-1
149,22,582,194,260,178,1,-1,-1,-1
150,22,626,185,250,171,1,-1,-1,-1
151,22,669,171,252,169,1,-1,-1,-1
152,22,706,159,254,170,1,-1,-1,-1
153,22,753,151,248,164,1,-1,-1,-1
154,22,795,144,240,158,1,-1,-1,-1
155,22,837,137,234,152,1,-1,-1,-1
156,22,875,126,237,154,1,-1,-1,-1
157,22,917,118,232,149,1,-1,-1,-1
158,22,954,110,227,145,1,-1,-1,-1
159,22,991,107,216,136,1,-1,-1,-1
160,22,1022,100,214,134,1,-1,-1,-1
161,22,1051,96,210,130,1,-1,-1,-1
162,22,1079,93,202,124,1,-1,-1,-1
163,22,1102,88,197,121,1,-1,-1,-1
164,22,1123,83,193,117,1,-1,-1,-1
165,22,1143,78,191,116,1,-1,-1,-1
166,22,1158,73,191,115,1,-1,-1,-1
167,22,1166,66,193,116,1,-1,-1,-1
168,22,1178,61,188,114,1,-1,-1,-1
169,22,1190,57,185,112,1,-1,-1,-1
170,22,1203,54,180,108,1,-1,-1,-1
171,22,1222,49,175,106,1,-1,-1,-1
172,22,1234,43,174,106,1,-1,-1,-1
173,22,1244,39,173,106,1,-1,-1,-1
174,22,1254,35,171,105,1,-1,-1,-1
175,22,1262,30,170,105,1,-1,-1,-1
176,22,1271,27,166,104,1,-1,-1,-1
177,22,1280,24,160,102,1,-1,-1,-1
178,22,1286,20,158,101,1,-1,-1,-1
179,22,1290,16,156,101,1,-1,-1,-1
180,22,1293,11,155,101,1,-1,-1,-1
181,22,1297,5,152,101,1,-1,-1,-1
182,22,1303,2,145,98,1,-1,-1,-1
183,22,1308,0,141,95,1,-1,-1,-1
184,22,1317,-3,135,92,1,-1,-1,-1
185,22,1325,-7,133,91,1,-1,-1,-1
50,50,284,543,407,234,1,-1,-1,-1
51,50,311,544,423,242,1,-1,-1,-1
52,50,335,545,437,251,1,-1,-1,-1
53,50,359,550,447,256,1,-1,-1,-1
54,50,383,556,466,267,1,-1,-1,-1
55,50,413,562,483,278,1,-1,-1,-1
56,50,448,572,496,285,1,-1,-1,-1
57,50,485,585,502,289,1,-1,-1,-1
58,50,526,597,514,296,1,-1,-1,-1
59,50,567,607,530,306,1,-1,-1,-1
60,50,614,619,548,316,1,-1,-1,-1
61,50,662,630,568,329,1,-1,-1,-1
62,50,706,641,592,343,1,-1,-1,-1
63,50,748,651,618,359,1,-1,-1,-1
64,50,805,666,626,365,1,-1,-1,-1
65,50,862,680,637,373,1,-1,-1,-1
66,50,922,697,637,374,1,-1,-1,-1
67,50,988,715,626,369,1,-1,-1,-1
68,50,1040,728,627,372,1,-1,-1,-1
69,50,1084,739,637,378,1,-1,-1,-1
12,66,1232,398,344,235,1,-1,-1,-1
13,66,1211,389,344,235,1,-1,-1,-1
14,66,1188,381,340,232,1,-1,-1,-1
15,66,1171,370,337,230,1,-1,-1,-1
16,66,1149,363,329,225,1,-1,-1,-1
17,66,1122,351,330,226,1,-1,-1,-1
18,66,1097,341,326,223,1,-1,-1,-1
19,66,1079,332,323,220,1,-1,-1,-1
20,66,1045,323,316,215,1,-1,-1,-1
21,66,1004,311,316,215,1,-1,-1,-1
22,66,963,302,310,209,1,-1,-1,-1
23,66,930,293,303,205,1,-1,-1,-1
24,66,903,286,301,202,1,-1,-1,-1
25,66,889,280,300,201,1,-1,-1,-1
26,66,860,273,293,196,1,-1,-1,-1
27,66,826,267,285,190,1,-1,-1,-1
28,66,791,264,275,182,1,-1,-1,-1
29,66,753,258,268,176,1,-1,-1,-1
30,66,716,252,264,173,1,-1,-1,-1
31,66,682,247,263,171,1,-1,-1,-1
32,66,644,240,260,168,1,-1,-1,-1
33,66,611,234,256,164,1,-1,-1,-1
34,66,587,234,255,162,1,-1,-1,-1
35,66,602,234,256,163,1,-1,-1,-1
36,66,603,236,254,159,1,-1,-1,-1
37,66,603,233,251,157,1,-1,-1,-1
38,66,595,234,244,151,1,-1,-1,-1
39,66,567,234,243,148,1,-1,-1,-1
40,66,539,237,239,144,1,-1,-1,-1
41,66,515,237,235,140,1,-1,-1,-1
42,66,496,235,229,136,1,-1,-1,-1
3,104,670,588,574,334,1,-1,-1,-1
4,104,724,606,586,343,1,-1,-1,-1
5,104,776,625,604,354,1,-1,-1,-1
6,104,827,643,623,364,1,-1,-1,-1
7,104,873,660,644,378,1,-1,-1,-1
8,104,926,678,657,385,1,-1,-1,-1
9,104,984,698,652,384,1,-1,-1,-1
10,104,1050,720,632,373,1,-1,-1,-1
11,104,1123,741,599,355,1,-1,-1,-1
12,104,1183,760,586,349,1,-1,-1,-1
13,104,1234,777,588,350,1,-1,-1,-1
