87,260,664,641,1027,951,1,-1,-1,-1
88,260,914,648,1011,933,1,-1,-1,-1
89,260,1118,647,1011,927,1,-1,-1,-1
90,260,1271,635,1016,933,1,-1,-1,-1
158,264,1240,465,857,406,1,-1,-1,-1
159,264,1116,465,856,406,1,-1,-1,-1
160,264,997,466,856,405,1,-1,-1,-1
161,264,888,469,849,401,1,-1,-1,-1
162,264,796,469,837,395,1,-1,-1,-1
163,264,692,472,822,386,1,-1,-1,-1
164,264,569,477,817,382,1,-1,-1,-1
165,264,468,481,808,376,1,-1,-1,-1
166,264,387,481,797,369,1,-1,-1,-1
167,264,338,480,787,362,1,-1,-1,-1
168,264,284,477,784,360,1,-1,-1,-1
169,264,202,467,797,364,1,-1,-1,-1
170,264,161,466,782,356,1,-1,-1,-1
171,264,120,467,762,347,1,-1,-1,-1
172,264,109,468,731,333,1,-1,-1,-1
173,264,89,465,726,329,1,-1,-1,-1
174,264,70,463,723,329,1,-1,-1,-1
175,264,53,460,722,328,1,-1,-1,-1
176,264,29,452,726,332,1,-1,-1,-1
177,264,11,448,709,325,1,-1,-1,-1
178,264,-3,445,684,316,1,-1,-1,-1
179,264,-17,443,662,308,1,-1,-1,-1
180,264,-28,441,637,299,1,-1,-1,-1
181,264,-38,437,612,290,1,-1,-1,-1
182,264,-43,431,584,280,1,-1,-1,-1
183,264,-44,426,555,269,1,-1,-1,-1
184,264,-43,420,529,261,1,-1,-1,-1
185,264,-37,421,503,251,1,-1,-1,-1
186,264,-31,416,485,246,1,-1,-1,-1
187,264,-37,409,485,249,1,-1,-1,-1
188,264,-38,403,473,247,1,-1,-1,-1
189,264,-32,398,453,241,1,-1,-1,-1
190,264,-36,394,435,236,1,-1,-1,-1
191,264,-48,389,426,231,1,-1,-1,-1
111,3,958,745,1159,714,1,-1,-1,-1
112,3,1263,744,1135,698,1,-1,-1,-1
113,3,1525,742,1123,690,1,-1,-1,-1
114,3,1737,739,1114,684,1,-1,-1,-1
97,4,1535,481,682,392,1,-1,-1,-1
98,4,1421,479,686,393,1,-1,-1,-1
99,4,1297,479,683,390,1,-1,-1,-1
100,4,1181,479,682,389,1,-1,-1,-1
101,4,1074,479,682,387,1,-1,-1,-1
102,4,980,482,672,380,1,-1,-1,-1
103,4,897,488,660,370,1,-1,-1,-1
104,4,806,496,636,354,1,-1,-1,-1
105,4,736,500,623,343,1,-1,-1,-1
106,4,657,501,618,338,1,-1,-1,-1
107,4,599,503,604,327,1,-1,-1,-1
108,4,539,501,604,324,1,-1,-1,-1
109,4,490,500,587,311,1,-1,-1,-1
110,4,436,495,598,313,1,-1,-1,-1
111,4,391,489,612,318,1,-1,-1,-1
112,4,338,485,624,321,1,-1,-1,-1
113,4,289,479,636,324,1,-1,-1,-1
114,4,245,476,633,321,1,-1,-1,-1
115,4,204,473,628,318,1,-1,-1,-1
116,4,165,469,623,315,1,-1,-1,-1
117,4,124,463,622,314,1,-1,-1,-1
118,4,93,459,612,308,1,-1,-1,-1
119,4,70,454,599,303,1,-1,-1,-1
120,4,55,453,578,293,1,-1,-1,-1
121,4,50,451,546,278,1,-1,-1,-1
122,4,44,448,522,268,1,-1,-1,-1
123,4,35,446,498,257,1,-1,-1,-1
124,4,30,441,480,250,1,-1,-1,-1
125,4,23,434,463,243,1,-1,-1,-1
126,4,15,426,446,236,1,-1,-1,-1
127,4,8,417,440,237,1,-1,-1,-1
128,4,-6,411,427,232,1,-1,-1,-1
129,4,-28,406,417,227,1,-1,-1,-1
208,11,1109,463,872,401,1,-1,-1,-1
209,11,989,460,867,398,1,-1,-1,-1
210,11,857,460,860,394,1,-1,-1,-1
211,11,735,458,848,389,1,-1,-1,-1
212,11,603,458,835,381,1,-1,-1,-1
213,11,497,457,825,376,1,-1,-1,-1
214,11,401,458,812,369,1,-1,-1,-1
215,11,318,458,802,364,1,-1,-1,-1
216,11,241,450,809,367,1,-1,-1,-1
217,11,187,442,812,368,1,-1,-1,-1
218,11,152,439,803,363,1,-1,-1,-1
219,11,123,436,793,358,1,-1,-1,-1
220,11,97,436,769,348,1,-1,-1,-1
221,11,73,435,744,337,1,-1,-1,-1
222,11,49,435,714,324,1,-1,-1,-1
223,11,27,433,690,315,1,-1,-1,-1
224,11,6,432,663,303,1,-1,-1,-1
225,11,-11,427,635,292,1,-1,-1,-1
226,11,-25,422,612,284,1,-1,-1,-1
227,11,-35,416,589,276,1,-1,-1,-1
228,11,-42,411,565,268,1,-1,-1,-1
229,11,-47,405,535,256,1,-1,-1,-1
230,11,-43,402,501,243,1,-1,-1,-1
231,11,-38,396,476,234,1,-1,-1,-1
232,11,-32,393,449,224,1,-1,-1,-1
233,11,-40,390,424,214,1,-1,-1,-1
234,11,-59,386,406,205,1,-1,-1,-1
235,22,1435,552,670,315,1,-1,-1,-1
236,22,1307,554,660,310,1,-1,-1,-1
237,22,1171,553,654,307,1,-1,-1,-1
238,22,1054,553,649,304,1,-1,-1,-1
239,22,942,552,649,302,1,-1,-1,-1
240,22,833,552,643,298,1,-1,-1,-1
241,22,752,553,628,290,1,-1,-1,-1
242,22,660,554,612,281,1,-1,-1,-1
243,22,577,553,607,277,1,-1,-1,-1
244,22,508,551,607,274,1,-1,-1,-1
245,22,450,547,611,274,1,-1,-1,-1
246,22,395,542,613,273,1,-1,-1,-1
247,22,346,537,610,271,1,-1,-1,-1
248,22,289,532,606,268,1,-1,-1,-1
249,22,243,527,604,267,1,-1,-1,-1
250,22,205,519,608,268,1,-1,-1,-1
251,22,170,513,603,266,1,-1,-1,-1
252,22,139,507,593,262,1,-1,-1,-1
253,22,116,501,576,255,1,-1,-1,-1
254,22,98,495,555,248,1,-1,-1,-1
255,22,83,489,532,239,1,-1,-1,-1
256,22,78,485,511,231,1,-1,-1,-1
257,22,71,478,495,227,1,-1,-1,-1
258,22,64,471,480,222,1,-1,-1,-1
259,22,55,465,467,219,1,-1,-1,-1
260,22,51,459,454,216,1,-1,-1,-1
261,22,46,454,439,213,1,-1,-1,-1
262,22,41,449,424,209,1,-1,-1,-1
263,22,38,446,406,203,1,-1,-1,-1
264,22,38,442,392,199,1,-1,-1,-1
265,22,39,437,378,196,1,-1,-1,-1
266,22,34,433,369,193,1,-1,-1,-1
267,22,30,430,355,190,1,-1,-1,-1
268,22,30,427,341,186,1,-1,-1,-1
269,22,30,423,336,186,1,-1,-1,-1
270,22,27,418,331,186,1,-1,-1,-1
271,22,26,415,323,184,1,-1,-1,-1
272,22,24,412,313,181,1,-1,-1,-1
273,22,20,410,301,176,1,-1,-1,-1
274,22,17,406,291,174,1,-1,-1,-1
275,22,14,405,285,171,1,-1,-1,-1
276,22,12,402,275,167,1,-1,-1,-1
277,22,10,399,266,164,1,-1,-1,-1
278,22,9,396,259,162,1,-1,-1,-1
279,22,7,392,256,163,1,-1,-1,-1
280,22,4,389,255,164,1,-1,-1,-1
281,22,5,388,247,160,1,-1,-1,-1
282,22,3,383,245,161,1,-1,-1,-1
283,22,0,380,242,161,1,-1,-1,-1
284,22,-1,379,232,156,1,-1,-1,-1
285,22,-2,378,226,154,1,-1,-1,-1
286,22,-2,377,219,150,1,-1,-1,-1
287,22,-3,373,216,150,1,-1,-1,-1
288,22,-5,368,214,150,1,-1,-1,-1
289,22,-8,364,213,151,1,-1,-1,-1
290,22,-7,362,208,148,1,-1,-1,-1
291,22,-7,361,202,145,1,-1,-1,-1
292,22,-7,360,195,142,1,-1,-1,-1
293,22,-5,361,187,137,1,-1,-1,-1
294,22,-5,361,178,132,1,-1,-1,-1
295,22,-5,360,171,128,1,-1,-1,-1
296,22,-7,358,167,125,1,-1,-1,-1
443,66,291,679,989,1111,1,-1,-1,-1
444,66,418,692,1056,1182,1,-1,-1,-1
445,66,597,704,1103,1227,1,-1,-1,-1
446,66,776,712,1131,1247,1,-1,-1,-1
447,66,904,725,1141,1242,1,-1,-1,-1
448,66,987,741,1141,1224,1,-1,-1,-1
449,66,1122,750,1147,1211,1,-1,-1,-1
450,66,1235,759,1177,1224,1,-1,-1,-1
295,103,694,333,972,697,1,-1,-1,-1
296,103,398,343,959,687,1,-1,-1,-1
297,103,135,326,983,702,1,-1,-1,-1
298,103,-39,319,975,695,1,-1,-1,-1
299,103,-180,310,962,684,1,-1,-1,-1
300,103,-310,304,949,675,1,-1,-1,-1
301,103,-476,298,944,672,1,-1,-1,-1
302,103,-655,291,942,671,1,-1,-1,-1
174,113,1146,759,942,721,1,-1,-1,-1
175,113,1485,739,939,717,1,-1,-1,-1
176,113,1782,730,936,713,1,-1,-1,-1
177,113,2030,723,929,708,1,-1,-1,-1
82,181,1169,472,1034,550,1,-1,-1,-1
83,181,1067,479,1029,547,1,-1,-1,-1
84,181,922,479,1034,548,1,-1,-1,-1
85,181,811,480,1043,550,1,-1,-1,-1
86,181,721,480,1049,554,1,-1,-1,-1
90,181,106,485,1066,561,1,-1,-1,-1
91,181,-9,480,1069,560,1,-1,-1,-1
92,181,-125,478,1077,562,1,-1,-1,-1
93,181,-243,478,1081,563,1,-1,-1,-1
127,222,1308,725,1129,615,1,-1,-1,-1
128,222,1558,725,1117,609,1,-1,-1,-1
129,222,1737,725,1105,602,1,-1,-1,-1
3,225,1558,477,941,536,1,-1,-1,-1
4,225,1559,477,940,536,1,-1,-1,-1
5,225,1559,477,940,535,1,-1,-1,-1
6,225,1559,477,939,535,1,-1,-1,-1
7,225,1559,477,939,535,1,-1,-1,-1
8,225,1559,477,939,535,1,-1,-1,-1
9,225,1560,477,938,535,1,-1,-1,-1
10,225,1565,478,938,536,1,-1,-1,-1
11,225,1569,478,939,536,1,-1,-1,-1
12,225,1571,478,940,537,1,-1,-1,-1
13,225,1572,479,939,536,1,-1,-1,-1
14,225,1574,479,936,536,1,-1,-1,-1
15,225,1575,480,935,535,1,-1,-1,-1
16,225,1575,480,935,535,1,-1,-1,-1
17,225,1576,480,934,535,1,-1,-1,-1
18,225,1576,480,934,535,1,-1,-1,-1
19,225,1574,480,937,536,1,-1,-1,-1
20,225,1573,480,938,536,1,-1,-1,-1
21,225,1572,480,939,537,1,-1,-1,-1
22,225,1571,480,940,538,1,-1,-1,-1
23,225,1568,479,945,541,1,-1,-1,-1
24,225,1568,477,945,541,1,-1,-1,-1
25,225,1572,479,940,538,1,-1,-1,-1
26,225,1591,483,914,523,1,-1,-1,-1
27,225,1600,484,902,517,1,-1,-1,-1
28,225,1603,485,898,514,1,-1,-1,-1
29,225,1617,482,819,468,1,-1,-1,-1
30,225,1589,482,870,497,1,-1,-1,-1
31,225,1578,481,905,517,1,-1,-1,-1
32,225,1572,481,927,528,1,-1,-1,-1
33,225,1570,481,937,533,1,-1,-1,-1
34,225,1568,480,944,537,1,-1,-1,-1
35,225,1567,480,946,538,1,-1,-1,-1
36,225,1566,479,948,539,1,-1,-1,-1
37,225,1566,479,948,539,1,-1,-1,-1
38,225,1566,479,948,538,1,-1,-1,-1
39,225,1562,479,945,537,1,-1,-1,-1
40,225,1560,479,941,535,1,-1,-1,-1
41,225,1559,479,938,533,1,-1,-1,-1
42,225,1555,477,939,534,1,-1,-1,-1
43,225,1540,477,946,537,1,-1,-1,-1
44,225,1528,477,948,539,1,-1,-1,-1
45,225,1516,477,951,540,1,-1,-1,-1
46,225,1511,479,946,537,1,-1,-1,-1
47,225,1502,481,937,531,1,-1,-1,-1
48,225,1481,481,937,530,1,-1,-1,-1
49,225,1458,481,941,531,1,-1,-1,-1
50,225,1436,481,944,531,1,-1,-1,-1
51,225,1397,479,947,531,1,-1,-1,-1
52,225,1348,477,951,531,1,-1,-1,-1
53,225,1300,477,956,531,1,-1,-1,-1
54,225,1246,480,962,532,1,-1,-1,-1
55,225,1202,477,984,539,1,-1,-1,-1
56,225,1137,475,1003,544,1,-1,-1,-1
57,225,1087,474,1014,545,1,-1,-1,-1
58,225,1022,475,1029,546,1,-1,-1,-1
59,225,937,479,1038,544,1,-1,-1,-1
60,225,822,482,1050,542,1,-1,-1,-1
61,225,698,482,1065,541,1,-1,-1,-1
62,225,563,488,1086,543,1,-1,-1,-1
63,225,439,489,1112,549,1,-1,-1,-1
64,225,335,488,1129,550,1,-1,-1,-1
65,225,237,485,1149,553,1,-1,-1,-1
66,225,111,482,1166,554,1,-1,-1,-1
67,225,13,482,1188,560,1,-1,-1,-1
68,225,-65,476,1211,568,1,-1,-1,-1
69,225,-130,470,1213,567,1,-1,-1,-1
70,225,-172,466,1204,562,1,-1,-1,-1
71,225,-233,463,1205,562,1,-1,-1,-1
72,225,-305,461,1207,564,1,-1,-1,-1
22,242,279,655,991,681,1,-1,-1,-1
23,242,409,668,1086,744,1,-1,-1,-1
24,242,577,677,1199,820,1,-1,-1,-1
25,242,761,688,1313,894,1,-1,-1,-1
26,242,925,702,1406,952,1,-1,-1,-1
27,242,1044,714,1451,977,1,-1,-1,-1
28,242,1202,743,1397,936,1,-1,-1,-1
29,242,1379,768,1352,903,1,-1,-1,-1
30,242,1519,784,1366,910,1,-1,-1,-1
31,242,1651,798,1409,938,1,-1,-1,-1
