192,17,816,1122,603,375,1,-1,-1,-1
193,17,1002,1118,533,332,1,-1,-1,-1
194,17,1135,1111,478,298,1,-1,-1,-1
195,17,1231,1102,438,272,1,-1,-1,-1
196,17,1306,1095,407,254,1,-1,-1,-1
197,17,1377,1095,369,231,1,-1,-1,-1
198,17,1418,1088,352,221,1,-1,-1,-1
199,17,1455,1080,338,212,1,-1,-1,-1
200,17,1489,1073,326,206,1,-1,-1,-1
201,17,1524,1069,307,196,1,-1,-1,-1
202,17,1553,1067,295,188,1,-1,-1,-1
203,17,1577,1062,285,184,1,-1,-1,-1
204,17,1601,1057,272,177,1,-1,-1,-1
205,17,1619,1052,261,171,1,-1,-1,-1
206,17,1635,1047,251,166,1,-1,-1,-1
207,17,1650,1042,244,164,1,-1,-1,-1
208,17,1667,1040,230,156,1,-1,-1,-1
209,17,1685,1040,213,147,1,-1,-1,-1
210,17,1695,1039,201,139,1,-1,-1,-1
211,17,1704,1035,191,134,1,-1,-1,-1
212,17,1713,1032,179,128,1,-1,-1,-1
213,17,1720,1029,171,122,1,-1,-1,-1
214,17,1728,1027,161,117,1,-1,-1,-1
215,17,1733,1024,156,115,1,-1,-1,-1
216,17,1737,1021,154,114,1,-1,-1,-1
217,17,1740,1017,151,114,1,-1,-1,-1
218,17,1743,1014,146,111,1,-1,-1,-1
219,17,1752,1011,139,107,1,-1,-1,-1
220,17,1752,1009,134,104,1,-1,-1,-1
221,17,1759,1006,127,100,1,-1,-1,-1
222,17,1767,1003,121,96,1,-1,-1,-1
336,18,832,921,144,144,1,-1,-1,-1
337,18,810,918,143,145,1,-1,-1,-1
338,18,788,917,144,145,1,-1,-1,-1
339,18,767,917,143,144,1,-1,-1,-1
340,18,747,918,142,143,1,-1,-1,-1
341,18,723,915,146,147,1,-1,-1,-1
342,18,699,913,149,149,1,-1,-1,-1
343,18,673,910,151,151,1,-1,-1,-1
344,18,647,909,152,151,1,-1,-1,-1
345,18,621,905,154,152,1,-1,-1,-1
346,18,594,902,157,155,1,-1,-1,-1
347,18,566,900,162,158,1,-1,-1,-1
348,18,539,894,168,164,1,-1,-1,-1
349,18,512,893,169,165,1,-1,-1,-1
350,18,482,891,171,165,1,-1,-1,-1
351,18,453,890,171,164,1,-1,-1,-1
352,18,423,888,171,164,1,-1,-1,-1
353,18,391,885,175,166,1,-1,-1,-1
354,18,360,884,176,166,1,-1,-1,-1
355,18,325,882,179,167,1,-1,-1,-1
356,18,289,880,182,168,1,-1,-1,-1
357,18,250,877,185,170,1,-1,-1,-1
358,18,210,875,185,167,1,-1,-1,-1
359,18,169,868,191,170,1,-1,-1,-1
360,18,128,862,200,175,1,-1,-1,-1
361,18,83,857,208,181,1,-1,-1,-1
362,18,41,850,216,186,1,-1,-1,-1
363,18,5,846,220,187,1,-1,-1,-1
364,18,-28,842,222,188,1,-1,-1,-1
365,18,-63,839,225,189,1,-1,-1,-1
597,19,1566,945,140,125,1,-1,-1,-1
598,19,1557,944,143,128,1,-1,-1,-1
599,19,1550,945,145,130,1,-1,-1,-1
600,19,1542,946,147,132,1,-1,-1,-1
601,19,1532,947,152,136,1,-1,-1,-1
602,19,1521,947,159,141,1,-1,-1,-1
603,19,1509,948,164,145,1,-1,-1,-1
604,19,1494,948,169,149,1,-1,-1,-1
605,19,1480,949,173,152,1,-1,-1,-1
606,19,1468,949,176,155,1,-1,-1,-1
607,19,1453,948,182,160,1,-1,-1,-1
608,19,1435,947,190,166,1,-1,-1,-1
609,19,1420,948,192,167,1,-1,-1,-1
610,19,1399,949,197,171,1,-1,-1,-1
611,19,1376,950,203,174,1,-1,-1,-1
612,19,1352,949,210,180,1,-1,-1,-1
613,19,1327,949,214,183,1,-1,-1,-1
614,19,1299,947,223,189,1,-1,-1,-1
615,19,1271,946,230,194,1,-1,-1,-1
616,19,1239,946,238,199,1,-1,-1,-1
617,19,1202,947,245,203,1,-1,-1,-1
618,19,1157,945,253,209,1,-1,-1,-1
619,19,1110,945,261,212,1,-1,-1,-1
620,19,1055,943,275,220,1,-1,-1,-1
621,19,994,938,291,231,1,-1,-1,-1
622,19,927,932,312,245,1,-1,-1,-1
623,19,851,927,330,255,1,-1,-1,-1
624,19,770,923,347,263,1,-1,-1,-1
625,19,682,914,373,278,1,-1,-1,-1
626,19,575,904,400,292,1,-1,-1,-1
627,19,463,894,428,308,1,-1,-1,-1
628,19,330,881,462,325,1,-1,-1,-1
629,19,189,864,496,343,1,-1,-1,-1
630,19,83,852,521,353,1,-1,-1,-1
631,19,-2,843,543,364,1,-1,-1,-1
632,19,-73,837,558,374,1,-1,-1,-1
633,20,1580,943,143,122,1,-1,-1,-1
634,20,1572,943,146,126,1,-1,-1,-1
635,20,1562,942,151,129,1,-1,-1,-1
636,20,1555,942,152,131,1,-1,-1,-1
637,20,1547,944,154,132,1,-1,-1,-1
638,20,1538,945,157,134,1,-1,-1,-1
639,20,1528,946,160,137,1,-1,-1,-1
640,20,1517,946,165,141,1,-1,-1,-1
641,20,1505,946,170,146,1,-1,-1,-1
642,20,1490,948,175,149,1,-1,-1,-1
643,20,1478,949,177,150,1,-1,-1,-1
644,20,1465,949,180,153,1,-1,-1,-1
645,20,1450,950,184,155,1,-1,-1,-1
646,20,1433,950,189,160,1,-1,-1,-1
647,20,1415,951,194,163,1,-1,-1,-1
648,20,1395,950,200,168,1,-1,-1,-1
649,20,1370,951,208,173,1,-1,-1,-1
650,20,1345,951,216,179,1,-1,-1,-1
651,20,1317,949,224,184,1,-1,-1,-1
652,20,1289,947,232,190,1,-1,-1,-1
653,20,1258,945,240,196,1,-1,-1,-1
654,20,1220,945,246,199,1,-1,-1,-1
655,20,1175,943,256,205,1,-1,-1,-1
656,20,1125,942,267,211,1,-1,-1,-1
657,20,1068,940,282,221,1,-1,-1,-1
658,20,1011,936,298,230,1,-1,-1,-1
659,20,942,930,318,242,1,-1,-1,-1
660,20,862,925,338,253,1,-1,-1,-1
661,20,772,917,363,267,1,-1,-1,-1
662,20,667,909,387,279,1,-1,-1,-1
663,20,557,900,413,290,1,-1,-1,-1
664,20,427,885,448,309,1,-1,-1,-1
665,20,283,873,483,325,1,-1,-1,-1
666,20,159,858,518,341,1,-1,-1,-1
667,20,74,849,540,348,1,-1,-1,-1
668,20,-3,842,563,357,1,-1,-1,-1
669,20,-72,836,578,366,1,-1,-1,-1
942,23,439,1254,958,633,1,-1,-1,-1
943,23,590,1263,925,610,1,-1,-1,-1
944,23,706,1279,884,581,1,-1,-1,-1
945,23,848,1297,842,552,1,-1,-1,-1
946,23,966,1312,811,529,1,-1,-1,-1
947,23,1096,1326,789,513,1,-1,-1,-1
948,23,1208,1340,776,502,1,-1,-1,-1
949,23,1295,1350,769,495,1,-1,-1,-1
950,23,1388,1371,754,483,1,-1,-1,-1
951,23,1489,1392,743,473,1,-1,-1,-1
952,23,1578,1413,742,470,1,-1,-1,-1
953,23,1662,1434,734,463,1,-1,-1,-1
954,23,1739,1451,728,457,1,-1,-1,-1
955,23,1824,1471,710,444,1,-1,-1,-1
956,23,1892,1491,688,428,1,-1,-1,-1
957,23,1943,1512,661,409,1,-1,-1,-1
958,23,2017,1531,638,393,1,-1,-1,-1
959,23,2104,1549,616,380,1,-1,-1,-1
991,24,1656,929,119,119,1,-1,-1,-1
992,24,1652,928,122,121,1,-1,-1,-1
993,24,1649,927,124,123,1,-1,-1,-1
994,24,1647,928,124,123,1,-1,-1,-1
995,24,1646,929,123,123,1,-1,-1,-1
996,24,1642,930,125,124,1,-1,-1,-1
997,24,1638,930,126,125,1,-1,-1,-1
998,24,1635,930,128,126,1,-1,-1,-1
999,24,1633,931,128,127,1,-1,-1,-1
1000,24,1628,931,131,129,1,-1,-1,-1
1001,24,1624,932,133,129,1,-1,-1,-1
1002,24,1620,932,135,131,1,-1,-1,-1
1003,24,1616,932,137,133,1,-1,-1,-1
1004,24,1613,930,139,135,1,-1,-1,-1
1005,24,1610,931,140,135,1,-1,-1,-1
1006,24,1607,932,140,135,1,-1,-1,-1
1007,24,1602,932,143,136,1,-1,-1,-1
1008,24,1597,931,146,138,1,-1,-1,-1
1009,24,1592,931,148,139,1,-1,-1,-1
1010,24,1586,931,151,141,1,-1,-1,-1
1011,24,1579,930,154,143,1,-1,-1,-1
1012,24,1571,930,158,146,1,-1,-1,-1
1013,24,1565,930,160,147,1,-1,-1,-1
1014,24,1560,931,163,149,1,-1,-1,-1
1015,24,1555,931,167,150,1,-1,-1,-1
1016,24,1549,932,169,153,1,-1,-1,-1
1017,24,1541,930,175,157,1,-1,-1,-1
1018,24,1534,929,179,160,1,-1,-1,-1
1019,24,1525,929,184,163,1,-1,-1,-1
1020,24,1518,929,187,165,1,-1,-1,-1
1021,24,1511,929,191,168,1,-1,-1,-1
1022,24,1503,929,195,171,1,-1,-1,-1
1023,24,1494,929,199,174,1,-1,-1,-1
1024,24,1484,929,203,176,1,-1,-1,-1
1025,24,1479,929,203,177,1,-1,-1,-1
1026,24,1472,931,202,175,1,-1,-1,-1
1027,24,1464,931,204,175,1,-1,-1,-1
1028,24,1453,929,210,180,1,-1,-1,-1
1029,24,1442,928,215,183,1,-1,-1,-1
1030,24,1430,926,221,188,1,-1,-1,-1
1031,24,1417,924,226,192,1,-1,-1,-1
1032,24,1402,925,232,195,1,-1,-1,-1
1033,24,1386,923,240,203,1,-1,-1,-1
1034,24,1369,922,248,208,1,-1,-1,-1
1035,24,1353,923,252,211,1,-1,-1,-1
1036,24,1335,922,259,215,1,-1,-1,-1
1037,24,1318,923,261,216,1,-1,-1,-1
1038,24,1299,922,268,220,1,-1,-1,-1
1039,24,1281,922,274,224,1,-1,-1,-1
1040,24,1260,921,282,228,1,-1,-1,-1
1041,24,1238,918,291,234,1,-1,-1,-1
1042,24,1213,916,299,239,1,-1,-1,-1
1043,24,1186,916,305,241,1,-1,-1,-1
1044,24,1156,914,313,246,1,-1,-1,-1
1045,24,1124,913,323,251,1,-1,-1,-1
1046,24,1088,910,336,259,1,-1,-1,-1
1047,24,1049,909,350,266,1,-1,-1,-1
1048,24,1009,906,366,276,1,-1,-1,-1
1049,24,963,901,387,287,1,-1,-1,-1
1050,24,914,895,409,300,1,-1,-1,-1
1051,24,862,888,429,311,1,-1,-1,-1
1052,24,807,880,451,322,1,-1,-1,-1
1053,24,745,873,478,337,1,-1,-1,-1
1054,24,680,866,507,352,1,-1,-1,-1
1055,24,616,857,532,365,1,-1,-1,-1
1056,24,532,847,559,378,1,-1,-1,-1
1057,24,430,834,594,395,1,-1,-1,-1
1058,24,322,819,630,413,1,-1,-1,-1
1059,24,220,805,667,429,1,-1,-1,-1
1060,24,100,782,722,458,1,-1,-1,-1
1061,24,12,767,763,478,1,-1,-1,-1
1062,24,-49,759,782,491,1,-1,-1,-1
1085,26,1923,1345,575,360,1,-1,-1,-1
1086,26,1886,1327,571,357,1,-1,-1,-1
1087,26,1830,1301,573,358,1,-1,-1,-1
1088,26,1781,1283,560,348,1,-1,-1,-1
1089,26,1712,1258,574,355,1,-1,-1,-1
1090,26,1643,1232,584,360,1,-1,-1,-1
1091,26,1574,1207,586,360,1,-1,-1,-1
1092,26,1508,1186,589,358,1,-1,-1,-1
1093,26,1458,1171,583,352,1,-1,-1,-1
1094,26,1400,1154,578,346,1,-1,-1,-1
1095,26,1332,1137,569,338,1,-1,-1,-1
1096,26,1247,1115,582,341,1,-1,-1,-1
1097,26,1166,1096,591,343,1,-1,-1,-1
1098,26,1094,1084,584,335,1,-1,-1,-1
1099,26,1019,1069,590,334,1,-1,-1,-1
1100,26,931,1051,605,338,1,-1,-1,-1
1101,26,843,1033,617,341,1,-1,-1,-1
1102,26,742,1011,638,349,1,-1,-1,-1
1103,26,649,996,646,350,1,-1,-1,-1
1104,26,563,986,649,347,1,-1,-1,-1
1105,26,472,977,657,347,1,-1,-1,-1
1106,26,358,963,685,358,1,-1,-1,-1
1107,26,237,946,724,374,1,-1,-1,-1
1108,26,111,928,768,394,1,-1,-1,-1
1109,26,31,916,793,403,1,-1,-1,-1
1110,26,8,908,805,405,1,-1,-1,-1
1111,26,-23,900,820,410,1,-1,-1,-1
1112,26,-80,888,834,415,1,-1,-1,-1
1113,26,-153,874,844,419,1,-1,-1,-1
1265,27,613,1054,725,540,1,-1,-1,-1
1266,27,768,1058,653,486,1,-1,-1,-1
1267,27,902,1061,589,438,1,-1,-1,-1
1268,27,1009,1061,546,407,1,-1,-1,-1
1269,27,1099,1059,505,376,1,-1,-1,-1
1270,27,1170,1058,467,347,1,-1,-1,-1
1271,27,1230,1056,444,329,1,-1,-1,-1
1272,27,1279,1051,423,314,1,-1,-1,-1
1273,27,1325,1051,400,297,1,-1,-1,-1
1274,27,1363,1048,381,282,1,-1,-1,-1
1275,27,1395,1045,365,271,1,-1,-1,-1
1276,27,1427,1044,350,260,1,-1,-1,-1
1277,27,1461,1045,332,247,1,-1,-1,-1
1278,27,1487,1041,322,241,1,-1,-1,-1
1279,27,1508,1040,309,231,1,-1,-1,-1
1280,27,1526,1036,300,225,1,-1,-1,-1
1281,27,1545,1032,290,218,1,-1,-1,-1
1282,27,1564,1029,282,213,1,-1,-1,-1
1283,27,1581,1025,275,209,1,-1,-1,-1
1284,27,1593,1023,268,204,1,-1,-1,-1
1285,27,1607,1020,257,197,1,-1,-1,-1
1286,27,1616,1018,251,194,1,-1,-1,-1
1287,27,1625,1016,246,191,1,-1,-1,-1
1288,27,1633,1013,238,187,1,-1,-1,-1
1289,27,1638,1009,234,185,1,-1,-1,-1
1290,27,1647,1008,223,177,1,-1,-1,-1
1291,27,1655,1006,213,172,1,-1,-1,-1
1292,27,1663,1006,204,165,1,-1,-1,-1
1293,27,1670,1004,197,161,1,-1,-1,-1
1294,27,1676,1003,191,157,1,-1,-1,-1
1295,27,1682,1000,185,153,1,-1,-1,-1
1296,27,1685,996,181,151,1,-1,-1,-1
1297,27,1691,994,174,147,1,-1,-1,-1
1298,27,1696,995,168,142,1,-1,-1,-1
1299,27,1700,995,161,137,1,-1,-1,-1
1300,27,1701,992,159,136,1,-1,-1,-1
1301,27,1704,990,154,133,1,-1,-1,-1
1302,27,1707,990,150,129,1,-1,-1,-1
1303,27,1710,988,145,125,1,-1,-1,-1
1304,27,1710,986,144,124,1,-1,-1,-1
1305,27,1711,982,143,124,1,-1,-1,-1
1306,27,1710,977,144,126,1,-1,-1,-1
1307,27,1712,975,143,125,1,-1,-1,-1
1308,27,1714,975,139,123,1,-1,-1,-1
1309,27,1716,976,134,119,1,-1,-1,-1
1310,27,1718,976,131,116,1,-1,-1,-1
1311,27,1718,974,129,114,1,-1,-1,-1
1312,27,1719,970,129,114,1,-1,-1,-1
1313,27,1719,968,128,112,1,-1,-1,-1
1314,27,1721,966,125,110,1,-1,-1,-1
1315,27,1723,964,123,108,1,-1,-1,-1
1365,28,1593,943,143,119,1,-1,-1,-1
1366,28,1586,945,145,121,1,-1,-1,-1
1367,28,1576,942,152,126,1,-1,-1,-1
1368,28,1566,942,155,129,1,-1,-1,-1
1369,28,1557,942,158,132,1,-1,-1,-1
1370,28,1548,943,163,135,1,-1,-1,-1
1371,28,1535,943,170,141,1,-1,-1,-1
1372,28,1523,945,174,144,1,-1,-1,-1
1373,28,1508,945,182,151,1,-1,-1,-1
1374,28,1495,945,188,156,1,-1,-1,-1
1375,28,1479,946,192,160,1,-1,-1,-1
1376,28,1463,948,196,162,1,-1,-1,-1
1377,28,1445,950,199,164,1,-1,-1,-1
1378,28,1426,950,205,169,1,-1,-1,-1
1379,28,1402,950,212,176,1,-1,-1,-1
1380,28,1373,951,224,185,1,-1,-1,-1
1381,28,1344,951,232,190,1,-1,-1,-1
1382,28,1317,950,238,195,1,-1,-1,-1
1383,28,1287,951,246,201,1,-1,-1,-1
1384,28,1249,953,251,203,1,-1,-1,-1
1385,28,1202,952,261,209,1,-1,-1,-1
1386,28,1148,948,274,218,1,-1,-1,-1
1387,28,1096,945,287,226,1,-1,-1,-1
1388,28,1040,942,302,234,1,-1,-1,-1
1389,28,976,940,316,242,1,-1,-1,-1
1390,28,901,935,338,255,1,-1,-1,-1
1391,28,818,929,362,268,1,-1,-1,-1
1392,28,730,921,389,283,1,-1,-1,-1
1393,28,632,912,418,298,1,-1,-1,-1
1394,28,510,902,444,311,1,-1,-1,-1
1395,28,393,893,479,327,1,-1,-1,-1
1396,28,258,882,519,347,1,-1,-1,-1
1397,28,154,876,545,356,1,-1,-1,-1
1398,28,72,870,570,364,1,-1,-1,-1
1399,28,-3,864,595,375,1,-1,-1,-1
1400,28,-71,860,610,384,1,-1,-1,-1
1637,29,718,1055,687,419,1,-1,-1,-1
1638,29,873,1055,619,377,1,-1,-1,-1
1639,29,999,1052,558,341,1,-1,-1,-1
1640,29,1101,1052,514,314,1,-1,-1,-1
1641,29,1195,1053,460,282,1,-1,-1,-1
1642,29,1266,1053,427,262,1,-1,-1,-1
1643,29,1327,1050,399,246,1,-1,-1,-1
1644,29,1367,1046,381,235,1,-1,-1,-1
1645,29,1402,1042,368,228,1,-1,-1,-1
1646,29,1440,1040,344,215,1,-1,-1,-1
1647,29,1473,1038,328,205,1,-1,-1,-1
1648,29,1502,1035,314,198,1,-1,-1,-1
1649,29,1529,1033,301,192,1,-1,-1,-1
1650,29,1552,1031,291,188,1,-1,-1,-1
1651,29,1568,1028,283,184,1,-1,-1,-1
1652,29,1587,1026,270,177,1,-1,-1,-1
1653,29,1603,1022,257,171,1,-1,-1,-1
1654,29,1618,1022,241,162,1,-1,-1,-1
1655,29,1627,1018,234,159,1,-1,-1,-1
1656,29,1639,1016,223,152,1,-1,-1,-1
1657,29,1651,1013,211,147,1,-1,-1,-1
1658,29,1661,1011,200,141,1,-1,-1,-1
1659,29,1671,1011,188,133,1,-1,-1,-1
1660,29,1682,1010,177,127,1,-1,-1,-1
1661,29,1689,1010,171,124,1,-1,-1,-1
1662,29,1696,1010,163,119,1,-1,-1,-1
1663,29,1700,1008,158,118,1,-1,-1,-1
1664,29,1705,1006,153,115,1,-1,-1,-1
1665,29,1710,1004,147,111,1,-1,-1,-1
1666,29,1712,1001,144,110,1,-1,-1,-1
1667,29,1715,1000,138,107,1,-1,-1,-1
1668,29,1722,999,131,102,1,-1,-1,-1
1669,29,1730,998,125,97,1,-1,-1,-1
1789,30,771,1058,655,463,1,-1,-1,-1
1790,30,944,1062,573,404,1,-1,-1,-1
1791,30,1076,1062,511,361,1,-1,-1,-1
1792,30,1175,1060,468,330,1,-1,-1,-1
1793,30,1261,1057,424,300,1,-1,-1,-1
1794,30,1330,1056,390,276,1,-1,-1,-1
1795,30,1377,1053,366,259,1,-1,-1,-1
1796,30,1419,1051,350,248,1,-1,-1,-1
1797,30,1454,1048,332,236,1,-1,-1,-1
1798,30,1484,1041,324,232,1,-1,-1,-1
1799,30,1512,1037,312,224,1,-1,-1,-1
1800,30,1539,1036,297,214,1,-1,-1,-1
1801,30,1562,1032,285,207,1,-1,-1,-1
1802,30,1584,1031,269,198,1,-1,-1,-1
1803,30,1599,1030,258,190,1,-1,-1,-1
1804,30,1614,1025,249,186,1,-1,-1,-1
1805,30,1625,1020,242,183,1,-1,-1,-1
1806,30,1634,1018,231,176,1,-1,-1,-1
1807,30,1646,1016,218,167,1,-1,-1,-1
1808,30,1655,1012,211,163,1,-1,-1,-1
1809,30,1665,1009,203,159,1,-1,-1,-1
1810,30,1675,1006,194,153,1,-1,-1,-1
1811,30,1683,1002,186,148,1,-1,-1,-1
1812,30,1693,1002,175,141,1,-1,-1,-1
1813,30,1701,1002,166,136,1,-1,-1,-1
1814,30,1704,1000,163,133,1,-1,-1,-1
1815,30,1709,998,158,131,1,-1,-1,-1
1816,30,1713,996,153,127,1,-1,-1,-1
1817,30,1718,995,145,121,1,-1,-1,-1
1818,30,1724,995,136,116,1,-1,-1,-1
1819,30,1726,994,133,113,1,-1,-1,-1
1820,30,1729,991,130,111,1,-1,-1,-1
1821,30,1734,989,126,108,1,-1,-1,-1
1822,30,1741,987,120,104,1,-1,-1,-1
1900,31,16,498,443,354,1,-1,-1,-1
1901,31,20,496,452,361,1,-1,-1,-1
1902,31,28,497,457,365,1,-1,-1,-1
1903,31,38,501,461,367,1,-1,-1,-1
1904,31,55,508,461,367,1,-1,-1,-1
1905,31,71,513,462,367,1,-1,-1,-1
1906,31,89,521,459,364,1,-1,-1,-1
1907,31,104,528,458,362,1,-1,-1,-1
1908,31,115,532,469,368,1,-1,-1,-1
1909,31,128,537,473,369,1,-1,-1,-1
1910,31,144,543,472,367,1,-1,-1,-1
1911,31,161,551,475,366,1,-1,-1,-1
1912,31,177,555,483,371,1,-1,-1,-1
1913,31,186,562,477,364,1,-1,-1,-1
1914,31,189,564,476,360,1,-1,-1,-1
1915,31,199,568,482,362,1,-1,-1,-1
1916,31,212,573,487,364,1,-1,-1,-1
1917,31,220,578,493,365,1,-1,-1,-1
1918,31,221,579,505,372,1,-1,-1,-1
1919,31,224,580,512,375,1,-1,-1,-1
1920,31,226,583,518,377,1,-1,-1,-1
1921,31,227,584,521,377,1,-1,-1,-1
1922,31,228,584,526,379,1,-1,-1,-1
1923,31,229,583,529,381,1,-1,-1,-1
1924,31,231,582,537,385,1,-1,-1,-1
1925,31,228,581,543,388,1,-1,-1,-1
1926,31,233,583,543,388,1,-1,-1,-1
1927,31,237,586,542,386,1,-1,-1,-1
1928,31,238,588,544,387,1,-1,-1,-1
1929,31,240,590,548,390,1,-1,-1,-1
1930,31,242,593,551,391,1,-1,-1,-1
1931,31,243,595,552,392,1,-1,-1,-1
1932,31,243,596,554,393,1,-1,-1,-1
1933,31,248,599,554,394,1,-1,-1,-1
1934,31,248,600,564,400,1,-1,-1,-1
1935,31,252,601,569,405,1,-1,-1,-1
1936,31,261,605,573,409,1,-1,-1,-1
1937,31,272,611,578,414,1,-1,-1,-1
1938,31,287,621,571,411,1,-1,-1,-1
1939,31,308,630,568,411,1,-1,-1,-1
1940,31,316,632,583,423,1,-1,-1,-1
1941,31,334,644,579,421,1,-1,-1,-1
1942,31,356,659,572,419,1,-1,-1,-1
1943,31,391,678,551,405,1,-1,-1,-1
1944,31,424,695,537,397,1,-1,-1,-1
1945,31,455,708,531,393,1,-1,-1,-1
1946,31,488,723,527,390,1,-1,-1,-1
1947,31,518,736,530,393,1,-1,-1,-1
1948,31,555,753,530,393,1,-1,-1,-1
1949,31,597,770,538,398,1,-1,-1,-1
1950,31,634,782,546,404,1,-1,-1,-1
1951,31,671,792,556,410,1,-1,-1,-1
1952,31,706,802,564,415,1,-1,-1,-1
1953,31,743,814,568,417,1,-1,-1,-1
1954,31,777,824,570,418,1,-1,-1,-1
1955,31,818,841,569,415,1,-1,-1,-1
1956,31,857,852,572,417,1,-1,-1,-1
1957,31,898,863,573,418,1,-1,-1,-1
1958,31,952,883,560,407,1,-1,-1,-1
1959,31,1000,898,558,405,1,-1,-1,-1
1960,31,1050,914,555,401,1,-1,-1,-1
1961,31,1100,928,547,395,1,-1,-1,-1
1962,31,1146,941,538,388,1,-1,-1,-1
1963,31,1184,950,533,384,1,-1,-1,-1
1964,31,1221,958,526,378,1,-1,-1,-1
1965,31,1255,965,516,370,1,-1,-1,-1
1966,31,1285,973,506,364,1,-1,-1,-1
1967,31,1313,980,498,358,1,-1,-1,-1
1968,31,1345,989,486,348,1,-1,-1,-1
1969,31,1371,997,475,340,1,-1,-1,-1
1970,31,1398,1006,455,327,1,-1,-1,-1
1971,31,1425,1014,436,313,1,-1,-1,-1
1972,31,1445,1019,427,307,1,-1,-1,-1
1973,31,1471,1024,419,302,1,-1,-1,-1
1974,31,1492,1030,410,295,1,-1,-1,-1
1975,31,1511,1034,407,293,1,-1,-1,-1
1976,31,1533,1035,402,292,1,-1,-1,-1
1977,31,1552,1038,395,287,1,-1,-1,-1
1978,31,1571,1038,387,283,1,-1,-1,-1
1979,31,1588,1038,377,277,1,-1,-1,-1
1980,31,1610,1039,365,270,1,-1,-1,-1
1981,31,1628,1039,356,266,1,-1,-1,-1
1982,31,1649,1042,333,250,1,-1,-1,-1
1983,31,1661,1044,315,238,1,-1,-1,-1
1984,31,1668,1042,311,236,1,-1,-1,-1
1985,31,1674,1038,311,239,1,-1,-1,-1
1986,31,1679,1038,307,237,1,-1,-1,-1
1987,31,1691,1038,301,234,1,-1,-1,-1
1988,31,1705,1039,295,230,1,-1,-1,-1
2006,31,1749,989,203,161,1,-1,-1,-1
2007,31,1755,987,193,154,1,-1,-1,-1
2008,31,1758,985,186,150,1,-1,-1,-1
2009,31,1759,982,180,148,1,-1,-1,-1
2010,31,1760,982,173,143,1,-1,-1,-1
2011,31,1758,980,170,142,1,-1,-1,-1
2012,31,1754,976,173,146,1,-1,-1,-1
2013,31,1748,975,172,146,1,-1,-1,-1
2014,31,1743,971,172,147,1,-1,-1,-1
2015,31,1739,967,172,147,1,-1,-1,-1
2016,31,1738,964,170,146,1,-1,-1,-1
2017,31,1738,962,167,144,1,-1,-1,-1
2018,31,1738,961,163,143,1,-1,-1,-1
2019,31,1738,961,159,139,1,-1,-1,-1
2020,31,1739,961,151,133,1,-1,-1,-1
2021,31,1739,959,146,130,1,-1,-1,-1
2022,31,1738,957,144,128,1,-1,-1,-1
2029,32,1263,939,308,231,1,-1,-1,-1
2030,32,1232,937,315,236,1,-1,-1,-1
2031,32,1198,937,322,241,1,-1,-1,-1
2032,32,1165,937,328,246,1,-1,-1,-1
2033,32,1133,937,334,249,1,-1,-1,-1
2034,32,1099,938,340,252,1,-1,-1,-1
2035,32,1061,935,351,260,1,-1,-1,-1
2036,32,1019,931,365,268,1,-1,-1,-1
2037,32,974,928,382,278,1,-1,-1,-1
2038,32,921,921,406,293,1,-1,-1,-1
2039,32,863,915,427,306,1,-1,-1,-1
2040,32,807,910,441,312,1,-1,-1,-1
2041,32,741,905,459,322,1,-1,-1,-1
2042,32,672,897,485,335,1,-1,-1,-1
2043,32,598,889,508,346,1,-1,-1,-1
2044,32,511,879,539,362,1,-1,-1,-1
2045,32,412,868,564,373,1,-1,-1,-1
2046,32,308,855,591,387,1,-1,-1,-1
2047,32,188,840,631,407,1,-1,-1,-1
2048,32,95,826,666,423,1,-1,-1,-1
2049,32,42,813,690,433,1,-1,-1,-1
2050,32,-7,800,708,440,1,-1,-1,-1
2051,32,-66,790,730,449,1,-1,-1,-1
2052,32,-127,781,746,461,1,-1,-1,-1
2189,34,1545,940,166,140,1,-1,-1,-1
2190,34,1536,944,163,137,1,-1,-1,-1
2191,34,1525,945,166,140,1,-1,-1,-1
2192,34,1513,946,170,143,1,-1,-1,-1
2193,34,1499,947,177,148,1,-1,-1,-1
2194,34,1487,947,181,152,1,-1,-1,-1
2195,34,1471,947,187,157,1,-1,-1,-1
2196,34,1458,948,190,159,1,-1,-1,-1
2197,34,1439,948,194,162,1,-1,-1,-1
2198,34,1421,949,200,167,1,-1,-1,-1
2199,34,1399,948,208,174,1,-1,-1,-1
2200,34,1373,946,219,181,1,-1,-1,-1
2201,34,1346,945,225,186,1,-1,-1,-1
2202,34,1314,945,232,190,1,-1,-1,-1
2203,34,1282,943,240,196,1,-1,-1,-1
2204,34,1245,944,247,201,1,-1,-1,-1
2205,34,1202,942,255,207,1,-1,-1,-1
2206,34,1153,943,264,211,1,-1,-1,-1
2207,34,1098,941,275,217,1,-1,-1,-1
2208,34,1029,934,296,230,1,-1,-1,-1
2209,34,954,927,317,244,1,-1,-1,-1
2210,34,876,922,337,255,1,-1,-1,-1
2211,34,783,912,364,271,1,-1,-1,-1
2212,34,676,903,391,285,1,-1,-1,-1
2213,34,553,891,422,302,1,-1,-1,-1
2214,34,415,877,456,320,1,-1,-1,-1
2215,34,258,862,489,336,1,-1,-1,-1
2216,34,139,847,521,350,1,-1,-1,-1
2217,34,50,833,539,356,1,-1,-1,-1
2218,34,-30,823,560,364,1,-1,-1,-1
2219,34,-102,817,575,373,1,-1,-1,-1
670,3,1582,936,141,121,1,-1,-1,-1
671,3,1573,934,149,128,1,-1,-1,-1
672,3,1565,935,152,130,1,-1,-1,-1
673,3,1556,934,156,134,1,-1,-1,-1
674,3,1547,933,160,138,1,-1,-1,-1
675,3,1540,933,162,139,1,-1,-1,-1
676,3,1530,933,166,142,1,-1,-1,-1
677,3,1520,933,171,147,1,-1,-1,-1
678,3,1509,934,175,149,1,-1,-1,-1
679,3,1498,934,180,153,1,-1,-1,-1
680,3,1487,935,182,155,1,-1,-1,-1
681,3,1476,939,181,154,1,-1,-1,-1
682,3,1463,939,186,158,1,-1,-1,-1
683,3,1449,941,188,159,1,-1,-1,-1
684,3,1432,942,194,163,1,-1,-1,-1
685,3,1416,943,198,167,1,-1,-1,-1
686,3,1395,944,205,171,1,-1,-1,-1
687,3,1373,945,207,172,1,-1,-1,-1
688,3,1350,944,214,177,1,-1,-1,-1
689,3,1322,942,224,184,1,-1,-1,-1
690,3,1296,940,233,190,1,-1,-1,-1
691,3,1269,938,240,196,1,-1,-1,-1
692,3,1235,936,250,201,1,-1,-1,-1
693,3,1201,937,255,204,1,-1,-1,-1
694,3,1159,935,265,209,1,-1,-1,-1
695,3,1114,934,276,216,1,-1,-1,-1
696,3,1062,931,289,222,1,-1,-1,-1
697,3,1006,925,304,232,1,-1,-1,-1
698,3,946,920,321,241,1,-1,-1,-1
699,3,878,916,340,251,1,-1,-1,-1
700,3,798,910,365,265,1,-1,-1,-1
701,3,713,903,391,279,1,-1,-1,-1
702,3,606,894,416,289,1,-1,-1,-1
703,3,477,879,454,310,1,-1,-1,-1
704,3,358,867,488,326,1,-1,-1,-1
705,3,211,852,533,348,1,-1,-1,-1
706,3,124,841,562,360,1,-1,-1,-1
707,3,50,827,587,370,1,-1,-1,-1
708,3,-22,817,613,381,1,-1,-1,-1
709,3,-88,811,629,391,1,-1,-1,-1
1048,5,774,655,305,188,1,-1,-1,-1
1049,5,779,658,306,189,1,-1,-1,-1
1050,5,782,660,308,190,1,-1,-1,-1
1051,5,788,664,304,187,1,-1,-1,-1
1052,5,793,667,302,186,1,-1,-1,-1
1053,5,801,672,301,185,1,-1,-1,-1
1054,5,806,675,302,186,1,-1,-1,-1
1055,5,810,678,303,186,1,-1,-1,-1
1072,5,893,709,271,167,1,-1,-1,-1
1073,5,894,707,271,167,1,-1,-1,-1
1074,5,898,709,266,166,1,-1,-1,-1
1075,5,900,709,263,164,1,-1,-1,-1
1076,5,902,710,259,163,1,-1,-1,-1
1077,5,903,712,256,161,1,-1,-1,-1
1078,5,903,712,255,162,1,-1,-1,-1
1079,5,899,709,260,165,1,-1,-1,-1
1080,5,898,707,263,168,1,-1,-1,-1
1081,5,899,708,263,168,1,-1,-1,-1
1086,5,879,698,259,166,1,-1,-1,-1
1087,5,875,697,256,165,1,-1,-1,-1
1088,5,867,694,259,168,1,-1,-1,-1
1089,5,856,691,262,170,1,-1,-1,-1
1090,5,845,686,265,174,1,-1,-1,-1
1091,5,838,684,266,175,1,-1,-1,-1
1092,5,834,682,267,176,1,-1,-1,-1
1094,5,817,685,254,168,1,-1,-1,-1
1095,5,810,687,248,165,1,-1,-1,-1
1096,5,806,689,242,160,1,-1,-1,-1
1097,5,797,688,242,161,1,-1,-1,-1
1098,5,786,684,247,165,1,-1,-1,-1
1099,5,776,681,249,167,1,-1,-1,-1
1100,5,769,680,249,167,1,-1,-1,-1
1101,5,759,680,250,168,1,-1,-1,-1
1102,5,751,679,250,168,1,-1,-1,-1
1103,5,744,678,249,169,1,-1,-1,-1
1104,5,737,678,250,168,1,-1,-1,-1
1105,5,729,677,251,169,1,-1,-1,-1
1107,5,701,673,259,175,1,-1,-1,-1
1108,5,689,672,260,176,1,-1,-1,-1
1109,5,676,668,261,178,1,-1,-1,-1
1110,5,664,667,264,179,1,-1,-1,-1
1111,5,655,667,263,178,1,-1,-1,-1
1112,5,647,667,260,176,1,-1,-1,-1
1113,5,638,666,258,174,1,-1,-1,-1
1114,5,630,664,257,173,1,-1,-1,-1
1115,5,613,662,259,174,1,-1,-1,-1
1116,5,600,660,259,173,1,-1,-1,-1
1117,5,587,658,261,174,1,-1,-1,-1
1118,5,571,651,271,180,1,-1,-1,-1
1119,5,536,632,302,201,1,-1,-1,-1
1120,5,517,626,312,207,1,-1,-1,-1
1121,5,505,625,312,207,1,-1,-1,-1
1122,5,492,625,310,206,1,-1,-1,-1
1123,5,480,628,308,203,1,-1,-1,-1
1124,5,469,626,312,206,1,-1,-1,-1
1125,5,456,625,317,208,1,-1,-1,-1
1126,5,445,624,319,211,1,-1,-1,-1
1127,5,432,623,323,213,1,-1,-1,-1
1128,5,419,621,327,215,1,-1,-1,-1
1129,5,410,620,331,219,1,-1,-1,-1
1130,5,403,622,331,220,1,-1,-1,-1
1131,5,397,624,332,220,1,-1,-1,-1
1132,5,393,626,334,223,1,-1,-1,-1
1133,5,388,628,336,224,1,-1,-1,-1
1134,5,383,631,337,225,1,-1,-1,-1
1135,5,381,634,335,226,1,-1,-1,-1
1136,5,375,636,339,229,1,-1,-1,-1
1137,5,367,634,349,238,1,-1,-1,-1
1138,5,365,638,349,238,1,-1,-1,-1
1139,5,363,640,351,241,1,-1,-1,-1
1140,5,361,643,353,245,1,-1,-1,-1
1141,5,358,644,358,251,1,-1,-1,-1
1142,5,356,647,359,253,1,-1,-1,-1
1143,5,355,649,360,256,1,-1,-1,-1
1144,5,357,653,358,257,1,-1,-1,-1
1145,5,360,657,356,258,1,-1,-1,-1
1146,5,362,661,355,260,1,-1,-1,-1
1147,5,363,663,357,265,1,-1,-1,-1
1148,5,363,665,362,271,1,-1,-1,-1
1149,5,364,667,368,278,1,-1,-1,-1
1150,5,367,670,372,284,1,-1,-1,-1
1151,5,370,672,375,291,1,-1,-1,-1
1152,5,376,675,373,293,1,-1,-1,-1
1153,5,381,679,371,295,1,-1,-1,-1
1154,5,388,683,366,295,1,-1,-1,-1
1155,5,395,690,363,295,1,-1,-1,-1
1156,5,401,693,362,298,1,-1,-1,-1
1157,5,405,699,361,301,1,-1,-1,-1
1158,5,406,704,363,306,1,-1,-1,-1
1159,5,404,709,367,313,1,-1,-1,-1
1160,5,397,713,375,323,1,-1,-1,-1
1161,5,392,718,378,328,1,-1,-1,-1
1162,5,387,723,380,334,1,-1,-1,-1
1163,5,374,727,393,348,1,-1,-1,-1
1164,5,362,734,398,356,1,-1,-1,-1
1165,5,347,743,400,361,1,-1,-1,-1
1166,5,335,751,398,362,1,-1,-1,-1
1167,5,315,757,405,369,1,-1,-1,-1
1168,5,295,760,413,379,1,-1,-1,-1
1169,5,267,763,420,387,1,-1,-1,-1
1170,5,234,768,429,395,1,-1,-1,-1
1171,5,198,772,439,404,1,-1,-1,-1
1172,5,171,775,439,403,1,-1,-1,-1
1173,5,134,778,447,406,1,-1,-1,-1
1174,5,97,777,459,413,1,-1,-1,-1
1175,5,73,777,470,419,1,-1,-1,-1
1176,5,55,777,479,422,1,-1,-1,-1
1177,5,40,771,487,425,1,-1,-1,-1
1178,5,18,764,500,432,1,-1,-1,-1
1179,5,-2,761,510,439,1,-1,-1,-1
1180,5,-21,762,516,444,1,-1,-1,-1
740,8,327,958,710,595,1,-1,-1,-1
741,8,451,970,664,555,1,-1,-1,-1
742,8,574,981,616,514,1,-1,-1,-1
743,8,705,991,556,461,1,-1,-1,-1
744,8,808,1001,514,423,1,-1,-1,-1
745,8,895,1008,489,400,1,-1,-1,-1
746,8,972,1016,468,379,1,-1,-1,-1
747,8,1042,1018,448,359,1,-1,-1,-1
748,8,1114,1020,423,336,1,-1,-1,-1
749,8,1173,1022,409,321,1,-1,-1,-1
750,8,1211,1017,406,315,1,-1,-1,-1
751,8,1256,1019,388,298,1,-1,-1,-1
752,8,1296,1020,373,284,1,-1,-1,-1
753,8,1339,1022,349,264,1,-1,-1,-1
754,8,1370,1023,336,252,1,-1,-1,-1
755,8,1399,1026,330,246,1,-1,-1,-1
756,8,1430,1028,319,236,1,-1,-1,-1
757,8,1460,1030,307,227,1,-1,-1,-1
758,8,1480,1026,300,221,1,-1,-1,-1
759,8,1496,1023,298,219,1,-1,-1,-1
760,8,1513,1022,294,216,1,-1,-1,-1
761,8,1528,1018,291,214,1,-1,-1,-1
762,8,1543,1016,287,210,1,-1,-1,-1
763,8,1558,1014,282,207,1,-1,-1,-1
764,8,1568,1011,279,206,1,-1,-1,-1
765,8,1578,1008,274,203,1,-1,-1,-1
766,8,1591,1009,263,195,1,-1,-1,-1
767,8,1600,1006,261,195,1,-1,-1,-1
768,8,1609,1004,256,192,1,-1,-1,-1
769,8,1617,1003,250,188,1,-1,-1,-1
770,8,1623,1003,243,184,1,-1,-1,-1
771,8,1629,1003,236,180,1,-1,-1,-1
772,8,1637,1004,226,173,1,-1,-1,-1
773,8,1647,1005,213,166,1,-1,-1,-1
774,8,1657,1010,197,154,1,-1,-1,-1
775,8,1667,1013,188,147,1,-1,-1,-1
776,8,1673,1009,183,146,1,-1,-1,-1
777,8,1679,1006,179,143,1,-1,-1,-1
778,8,1683,1002,176,142,1,-1,-1,-1
779,8,1689,999,176,142,1,-1,-1,-1
780,8,1694,997,174,140,1,-1,-1,-1
781,8,1698,995,170,140,1,-1,-1,-1
782,8,1702,996,165,137,1,-1,-1,-1
783,8,1706,997,160,133,1,-1,-1,-1
784,8,1710,999,155,129,1,-1,-1,-1
785,8,1714,999,149,125,1,-1,-1,-1
786,8,1717,998,144,121,1,-1,-1,-1
787,8,1720,997,140,118,1,-1,-1,-1
788,8,1722,994,138,118,1,-1,-1,-1
789,8,1723,991,139,119,1,-1,-1,-1
790,8,1724,988,140,120,1,-1,-1,-1
791,8,1726,986,138,118,1,-1,-1,-1
792,8,1727,983,137,118,1,-1,-1,-1
793,8,1728,981,137,119,1,-1,-1,-1
794,8,1731,981,133,115,1,-1,-1,-1
795,8,1735,983,127,110,1,-1,-1,-1
796,8,1738,982,123,107,1,-1,-1,-1
797,8,1739,981,122,106,1,-1,-1,-1
798,8,1741,980,120,104,1,-1,-1,-1
799,8,1744,978,117,103,1,-1,-1,-1
2182,16,1213,1108,431,296,1,-1,-1,-1
2183,16,1295,1106,395,270,1,-1,-1,-1
2184,16,1365,1103,365,251,1,-1,-1,-1
2185,16,1423,1101,336,231,1,-1,-1,-1
2186,16,1466,1098,318,219,1,-1,-1,-1
2187,16,1501,1092,308,212,1,-1,-1,-1
2188,16,1533,1085,299,206,1,-1,-1,-1
2189,16,1558,1078,291,202,1,-1,-1,-1
2190,16,1581,1073,281,196,1,-1,-1,-1
2191,16,1601,1068,274,192,1,-1,-1,-1
2192,16,1622,1064,261,185,1,-1,-1,-1
2193,16,1639,1061,248,177,1,-1,-1,-1
2194,16,1657,1059,231,167,1,-1,-1,-1
2195,16,1669,1055,223,162,1,-1,-1,-1
2196,16,1674,1049,219,161,1,-1,-1,-1
2197,16,1685,1046,210,156,1,-1,-1,-1
2198,16,1695,1041,202,151,1,-1,-1,-1
2199,16,1704,1037,195,147,1,-1,-1,-1
2200,16,1711,1033,188,144,1,-1,-1,-1
2201,16,1717,1032,179,139,1,-1,-1,-1
2202,16,1723,1030,172,134,1,-1,-1,-1
2203,16,1731,1028,163,128,1,-1,-1,-1
2204,16,1740,1027,151,120,1,-1,-1,-1
2205,16,1742,1021,148,119,1,-1,-1,-1
2206,16,1743,1015,149,121,1,-1,-1,-1
2207,16,1745,1011,149,122,1,-1,-1,-1
2208,16,1747,1007,149,123,1,-1,-1,-1
2209,16,1748,1004,147,123,1,-1,-1,-1
2210,16,1750,1003,143,120,1,-1,-1,-1
2211,16,1755,1000,138,117,1,-1,-1,-1
2212,16,1760,997,135,114,1,-1,-1,-1
