213,36,1385,1109,1271,704,1,-1,-1,-1
214,36,1565,1130,1263,698,1,-1,-1,-1
662,38,1185,738,678,408,1,-1,-1,-1
663,38,908,720,670,402,1,-1,-1,-1
664,38,633,700,656,393,1,-1,-1,-1
665,38,371,670,667,398,1,-1,-1,-1
666,38,134,653,659,392,1,-1,-1,-1
667,38,-21,646,637,377,1,-1,-1,-1
668,38,-204,633,626,369,1,-1,-1,-1
669,38,-409,618,616,362,1,-1,-1,-1
699,39,1076,723,740,404,1,-1,-1,-1
700,39,823,696,745,405,1,-1,-1,-1
701,39,568,680,723,392,1,-1,-1,-1
702,39,331,658,729,394,1,-1,-1,-1
703,39,112,643,724,390,1,-1,-1,-1
704,39,-29,634,696,372,1,-1,-1,-1
705,39,-200,621,680,362,1,-1,-1,-1
706,39,-391,606,670,356,1,-1,-1,-1
739,40,960,713,792,416,1,-1,-1,-1
740,40,719,697,779,408,1,-1,-1,-1
741,40,456,675,769,402,1,-1,-1,-1
742,40,225,656,768,400,1,-1,-1,-1
743,40,32,642,767,398,1,-1,-1,-1
744,40,-165,627,763,395,1,-1,-1,-1
745,40,-366,611,758,392,1,-1,-1,-1
954,42,399,1031,1016,791,1,-1,-1,-1
955,42,575,1062,1021,791,1,-1,-1,-1
956,42,956,1097,1036,799,1,-1,-1,-1
957,42,1204,1123,1047,804,1,-1,-1,-1
958,42,1405,1147,1050,806,1,-1,-1,-1
1209,45,1386,710,815,478,1,-1,-1,-1
1210,45,1243,704,801,469,1,-1,-1,-1
1211,45,1090,692,799,467,1,-1,-1,-1
1212,45,944,680,796,464,1,-1,-1,-1
1213,45,799,672,803,465,1,-1,-1,-1
1214,45,653,662,807,465,1,-1,-1,-1
1215,45,496,649,814,467,1,-1,-1,-1
1216,45,337,636,817,465,1,-1,-1,-1
1217,45,191,629,804,454,1,-1,-1,-1
1218,45,55,618,806,452,1,-1,-1,-1
1219,45,-38,609,804,449,1,-1,-1,-1
1220,45,-150,600,803,445,1,-1,-1,-1
1221,45,-277,591,798,442,1,-1,-1,-1
1317,46,837,920,1198,948,1,-1,-1,-1
1318,46,1080,928,1200,947,1,-1,-1,-1
1319,46,1298,945,1175,924,1,-1,-1,-1
1320,46,1506,962,1168,916,1,-1,-1,-1
1321,46,1709,976,1163,911,1,-1,-1,-1
1688,48,1088,943,824,753,1,-1,-1,-1
1689,48,1418,975,828,753,1,-1,-1,-1
1690,48,1658,978,822,745,1,-1,-1,-1
1691,48,1904,989,825,743,1,-1,-1,-1
1692,48,2148,1004,824,742,1,-1,-1,-1
2125,50,1137,687,922,495,1,-1,-1,-1
2126,50,953,673,923,495,1,-1,-1,-1
2127,50,779,660,925,495,1,-1,-1,-1
2128,50,599,645,919,491,1,-1,-1,-1
2129,50,412,628,917,489,1,-1,-1,-1
2130,50,219,616,905,480,1,-1,-1,-1
2131,50,65,609,883,467,1,-1,-1,-1
2132,50,-50,598,868,457,1,-1,-1,-1
2133,50,-186,586,859,450,1,-1,-1,-1
2134,50,-336,574,849,445,1,-1,-1,-1
2314,51,1112,1112,905,785,1,-1,-1,-1
2315,51,1275,1129,900,782,1,-1,-1,-1
2364,52,1150,716,669,415,1,-1,-1,-1
2365,52,866,698,662,410,1,-1,-1,-1
2366,52,543,662,686,423,1,-1,-1,-1
2367,52,265,648,674,414,1,-1,-1,-1
2368,52,58,635,663,403,1,-1,-1,-1
2369,52,-154,618,657,398,1,-1,-1,-1
2370,52,-382,601,653,395,1,-1,-1,-1
757,8,604,822,1127,879,1,-1,-1,-1
758,8,849,824,1143,890,1,-1,-1,-1
759,8,1034,822,1177,911,1,-1,-1,-1
760,8,1189,818,1194,918,1,-1,-1,-1
761,8,1343,818,1213,927,1,-1,-1,-1
762,8,1506,817,1225,937,1,-1,-1,-1
1841,16,1229,954,964,899,1,-1,-1,-1
1842,16,1538,974,980,912,1,-1,-1,-1
1843,16,1774,989,989,921,1,-1,-1,-1
397,18,2146,821,269,206,1,-1,-1,-1
398,18,2095,820,267,205,1,-1,-1,-1
399,18,2041,815,264,202,1,-1,-1,-1
400,18,1978,799,278,212,1,-1,-1,-1
401,18,1921,795,277,211,1,-1,-1,-1
402,18,1863,789,283,215,1,-1,-1,-1
403,18,1810,787,281,212,1,-1,-1,-1
404,18,1756,780,287,216,1,-1,-1,-1
405,18,1699,776,290,216,1,-1,-1,-1
406,18,1640,771,292,216,1,-1,-1,-1
407,18,1580,760,303,223,1,-1,-1,-1
408,18,1523,754,307,224,1,-1,-1,-1
409,18,1472,753,306,221,1,-1,-1,-1
410,18,1423,755,299,215,1,-1,-1,-1
411,18,1366,751,302,216,1,-1,-1,-1
412,18,1312,750,302,213,1,-1,-1,-1
413,18,1262,746,300,211,1,-1,-1,-1
414,18,1207,735,308,215,1,-1,-1,-1
415,18,1154,733,305,211,1,-1,-1,-1
416,18,1101,732,300,207,1,-1,-1,-1
417,18,1048,728,302,207,1,-1,-1,-1
418,18,995,725,301,205,1,-1,-1,-1
419,18,938,715,310,210,1,-1,-1,-1
420,18,885,709,312,209,1,-1,-1,-1
421,18,833,704,313,209,1,-1,-1,-1
422,18,782,700,312,208,1,-1,-1,-1
423,18,733,693,318,211,1,-1,-1,-1
424,18,693,695,309,205,1,-1,-1,-1
425,18,641,686,318,210,1,-1,-1,-1
426,18,595,679,319,211,1,-1,-1,-1
427,18,551,677,310,205,1,-1,-1,-1
428,18,507,675,301,199,1,-1,-1,-1
429,18,465,676,292,193,1,-1,-1,-1
430,18,424,677,284,188,1,-1,-1,-1
431,18,382,678,277,183,1,-1,-1,-1
432,18,338,675,273,180,1,-1,-1,-1
433,18,281,660,293,192,1,-1,-1,-1
434,18,242,659,285,187,1,-1,-1,-1
435,18,199,657,279,184,1,-1,-1,-1
436,18,161,657,273,179,1,-1,-1,-1
437,18,117,652,276,181,1,-1,-1,-1
438,18,74,649,278,183,1,-1,-1,-1
439,18,34,650,271,177,1,-1,-1,-1
440,18,-1,649,262,174,1,-1,-1,-1
441,18,-33,646,261,172,1,-1,-1,-1
442,18,-70,643,259,171,1,-1,-1,-1
443,18,-111,641,256,169,1,-1,-1,-1
1090,24,1190,644,969,564,1,-1,-1,-1
1091,24,947,631,948,551,1,-1,-1,-1
1092,24,750,615,958,556,1,-1,-1,-1
1093,24,543,602,955,551,1,-1,-1,-1
1094,24,330,590,932,535,1,-1,-1,-1
1095,24,166,576,930,530,1,-1,-1,-1
1096,24,57,564,944,533,1,-1,-1,-1
1097,24,-33,550,946,531,1,-1,-1,-1
1098,24,-104,541,949,528,1,-1,-1,-1
1099,24,-212,530,951,526,1,-1,-1,-1
1100,24,-346,518,945,523,1,-1,-1,-1
1141,26,1171,774,903,454,1,-1,-1,-1
1142,26,990,761,888,445,1,-1,-1,-1
1143,26,796,737,890,445,1,-1,-1,-1
1144,26,614,725,862,430,1,-1,-1,-1
1145,26,431,712,847,421,1,-1,-1,-1
1146,26,260,698,831,412,1,-1,-1,-1
1147,26,103,683,824,407,1,-1,-1,-1
1148,26,-15,666,815,401,1,-1,-1,-1
1149,26,-150,651,807,395,1,-1,-1,-1
1150,26,-299,637,792,388,1,-1,-1,-1
1464,28,1210,766,744,445,1,-1,-1,-1
1465,28,987,749,750,448,1,-1,-1,-1
1466,28,737,736,756,448,1,-1,-1,-1
1467,28,526,726,750,443,1,-1,-1,-1
1468,28,329,713,750,439,1,-1,-1,-1
1469,28,143,700,751,436,1,-1,-1,-1
1470,28,-38,689,746,434,1,-1,-1,-1
3,31,1504,331,289,266,1,-1,-1,-1
4,31,1504,331,289,266,1,-1,-1,-1
5,31,1504,331,289,266,1,-1,-1,-1
6,31,1503,331,289,266,1,-1,-1,-1
7,31,1503,331,289,266,1,-1,-1,-1
8,31,1503,331,289,266,1,-1,-1,-1
9,31,1504,331,288,266,1,-1,-1,-1
10,31,1504,331,288,266,1,-1,-1,-1
11,31,1504,331,288,266,1,-1,-1,-1
12,31,1503,331,289,266,1,-1,-1,-1
13,31,1503,330,289,266,1,-1,-1,-1
14,31,1503,330,288,266,1,-1,-1,-1
15,31,1503,330,288,266,1,-1,-1,-1
16,31,1503,330,288,266,1,-1,-1,-1
17,31,1502,330,289,266,1,-1,-1,-1
18,31,1502,330,289,266,1,-1,-1,-1
19,31,1503,331,289,266,1,-1,-1,-1
20,31,1503,331,289,266,1,-1,-1,-1
21,31,1503,331,289,266,1,-1,-1,-1
22,31,1503,331,288,266,1,-1,-1,-1
23,31,1503,331,288,266,1,-1,-1,-1
24,31,1503,331,288,266,1,-1,-1,-1
25,31,1503,331,288,266,1,-1,-1,-1
26,31,1503,332,288,265,1,-1,-1,-1
27,31,1503,332,288,265,1,-1,-1,-1
28,31,1504,332,286,264,1,-1,-1,-1
29,31,1504,332,286,264,1,-1,-1,-1
30,31,1504,332,286,263,1,-1,-1,-1
31,31,1504,332,286,263,1,-1,-1,-1
32,31,1504,332,286,263,1,-1,-1,-1
33,31,1504,332,286,263,1,-1,-1,-1
34,31,1504,332,286,263,1,-1,-1,-1
35,31,1504,331,287,264,1,-1,-1,-1
36,31,1504,331,287,264,1,-1,-1,-1
37,31,1504,331,287,264,1,-1,-1,-1
38,31,1503,330,289,265,1,-1,-1,-1
39,31,1503,330,289,265,1,-1,-1,-1
40,31,1503,329,289,266,1,-1,-1,-1
41,31,1503,329,289,266,1,-1,-1,-1
42,31,1503,329,289,266,1,-1,-1,-1
43,31,1503,329,289,266,1,-1,-1,-1
44,31,1503,329,289,266,1,-1,-1,-1
45,31,1503,329,288,266,1,-1,-1,-1
46,31,1503,329,288,266,1,-1,-1,-1
47,31,1503,329,288,266,1,-1,-1,-1
48,31,1503,329,289,266,1,-1,-1,-1
49,31,1503,329,289,266,1,-1,-1,-1
50,31,1503,329,289,266,1,-1,-1,-1
51,31,1503,329,288,266,1,-1,-1,-1
52,31,1503,329,288,266,1,-1,-1,-1
53,31,1503,329,289,266,1,-1,-1,-1
54,31,1503,329,289,266,1,-1,-1,-1
55,31,1503,329,288,266,1,-1,-1,-1
56,31,1503,329,288,266,1,-1,-1,-1
57,31,1503,329,288,266,1,-1,-1,-1
58,31,1503,329,289,266,1,-1,-1,-1
59,31,1503,329,288,266,1,-1,-1,-1
60,31,1503,329,288,266,1,-1,-1,-1
61,31,1503,329,288,266,1,-1,-1,-1
62,31,1503,329,288,266,1,-1,-1,-1
63,31,1503,330,288,265,1,-1,-1,-1
64,31,1502,330,289,266,1,-1,-1,-1
65,31,1502,330,288,266,1,-1,-1,-1
66,31,1502,331,289,266,1,-1,-1,-1
67,31,1502,331,289,266,1,-1,-1,-1
68,31,1502,332,289,266,1,-1,-1,-1
69,31,1502,332,289,266,1,-1,-1,-1
70,31,1502,332,288,266,1,-1,-1,-1
71,31,1502,331,289,267,1,-1,-1,-1
72,31,1502,331,290,267,1,-1,-1,-1
73,31,1502,331,291,267,1,-1,-1,-1
74,31,1502,330,291,269,1,-1,-1,-1
75,31,1502,330,291,269,1,-1,-1,-1
76,31,1502,329,291,270,1,-1,-1,-1
77,31,1502,329,291,270,1,-1,-1,-1
78,31,1502,329,291,270,1,-1,-1,-1
79,31,1502,329,291,270,1,-1,-1,-1
80,31,1502,329,291,270,1,-1,-1,-1
81,31,1502,329,291,270,1,-1,-1,-1
82,31,1503,329,289,270,1,-1,-1,-1
83,31,1504,330,288,268,1,-1,-1,-1
84,31,1504,330,288,268,1,-1,-1,-1
85,31,1505,330,287,268,1,-1,-1,-1
86,31,1506,331,286,266,1,-1,-1,-1
87,31,1506,331,285,266,1,-1,-1,-1
88,31,1505,332,286,264,1,-1,-1,-1
89,31,1505,332,286,264,1,-1,-1,-1
90,31,1505,332,286,264,1,-1,-1,-1
91,31,1505,332,286,265,1,-1,-1,-1
92,31,1505,332,286,265,1,-1,-1,-1
93,31,1505,332,286,265,1,-1,-1,-1
94,31,1504,332,288,266,1,-1,-1,-1
95,31,1504,331,288,267,1,-1,-1,-1
96,31,1504,331,287,267,1,-1,-1,-1
97,31,1504,331,287,267,1,-1,-1,-1
98,31,1504,330,287,267,1,-1,-1,-1
99,31,1504,330,287,267,1,-1,-1,-1
100,31,1504,330,287,267,1,-1,-1,-1
101,31,1504,330,287,267,1,-1,-1,-1
102,31,1504,331,287,267,1,-1,-1,-1
103,31,1504,331,287,267,1,-1,-1,-1
104,31,1504,331,287,268,1,-1,-1,-1
105,31,1504,331,287,267,1,-1,-1,-1
106,31,1504,331,287,267,1,-1,-1,-1
107,31,1504,331,287,267,1,-1,-1,-1
108,31,1505,330,286,268,1,-1,-1,-1
109,31,1505,330,286,267,1,-1,-1,-1
110,31,1505,331,286,266,1,-1,-1,-1
111,31,1505,331,286,266,1,-1,-1,-1
112,31,1505,331,286,267,1,-1,-1,-1
113,31,1505,332,286,266,1,-1,-1,-1
114,31,1505,332,286,266,1,-1,-1,-1
115,31,1505,332,286,267,1,-1,-1,-1
116,31,1504,332,287,267,1,-1,-1,-1
117,31,1504,332,287,267,1,-1,-1,-1
118,31,1504,332,287,267,1,-1,-1,-1
119,31,1504,332,287,267,1,-1,-1,-1
120,31,1504,332,287,267,1,-1,-1,-1
121,31,1504,332,287,267,1,-1,-1,-1
122,31,1505,332,286,267,1,-1,-1,-1
123,31,1505,332,286,267,1,-1,-1,-1
124,31,1505,332,286,267,1,-1,-1,-1
125,31,1505,332,286,267,1,-1,-1,-1
126,31,1505,332,286,267,1,-1,-1,-1
127,31,1505,332,286,267,1,-1,-1,-1
128,31,1505,332,286,267,1,-1,-1,-1
129,31,1505,332,286,267,1,-1,-1,-1
130,31,1505,332,286,267,1,-1,-1,-1
131,31,1505,331,287,267,1,-1,-1,-1
132,31,1505,331,287,267,1,-1,-1,-1
133,31,1505,331,287,267,1,-1,-1,-1
134,31,1505,330,286,267,1,-1,-1,-1
135,31,1505,330,286,267,1,-1,-1,-1
136,31,1505,330,286,267,1,-1,-1,-1
137,31,1505,330,286,267,1,-1,-1,-1
138,31,1505,330,286,267,1,-1,-1,-1
139,31,1505,330,286,267,1,-1,-1,-1
140,31,1505,330,285,266,1,-1,-1,-1
141,31,1505,330,285,266,1,-1,-1,-1
142,31,1505,331,285,265,1,-1,-1,-1
143,31,1505,331,285,265,1,-1,-1,-1
144,31,1505,331,285,265,1,-1,-1,-1
145,31,1505,331,285,265,1,-1,-1,-1
146,31,1505,330,285,266,1,-1,-1,-1
147,31,1504,330,287,265,1,-1,-1,-1
148,31,1504,329,287,266,1,-1,-1,-1
149,31,1504,329,287,266,1,-1,-1,-1
150,31,1504,329,287,266,1,-1,-1,-1
151,31,1504,329,287,266,1,-1,-1,-1
152,31,1504,329,287,266,1,-1,-1,-1
153,31,1504,329,287,266,1,-1,-1,-1
154,31,1504,329,287,266,1,-1,-1,-1
155,31,1504,329,287,266,1,-1,-1,-1
156,31,1504,329,287,266,1,-1,-1,-1
157,31,1503,329,288,267,1,-1,-1,-1
158,31,1503,329,288,267,1,-1,-1,-1
159,31,1503,329,288,267,1,-1,-1,-1
160,31,1502,329,290,268,1,-1,-1,-1
161,31,1502,329,290,268,1,-1,-1,-1
162,31,1503,329,289,269,1,-1,-1,-1
163,31,1503,329,289,269,1,-1,-1,-1
164,31,1503,329,289,269,1,-1,-1,-1
165,31,1503,329,289,269,1,-1,-1,-1
166,31,1503,329,289,269,1,-1,-1,-1
167,31,1502,329,290,269,1,-1,-1,-1
168,31,1502,329,290,269,1,-1,-1,-1
169,31,1502,329,290,269,1,-1,-1,-1
170,31,1503,329,288,268,1,-1,-1,-1
171,31,1503,329,288,268,1,-1,-1,-1
172,31,1503,329,288,268,1,-1,-1,-1
173,31,1503,329,288,267,1,-1,-1,-1
174,31,1503,329,288,267,1,-1,-1,-1
175,31,1503,329,288,266,1,-1,-1,-1
176,31,1503,329,288,266,1,-1,-1,-1
177,31,1503,329,288,266,1,-1,-1,-1
178,31,1503,329,288,266,1,-1,-1,-1
179,31,1504,330,286,265,1,-1,-1,-1
180,31,1504,330,286,265,1,-1,-1,-1
181,31,1504,331,285,264,1,-1,-1,-1
182,31,1504,331,285,264,1,-1,-1,-1
183,31,1504,332,285,263,1,-1,-1,-1
184,31,1504,332,285,263,1,-1,-1,-1
185,31,1503,332,287,264,1,-1,-1,-1
186,31,1503,332,287,264,1,-1,-1,-1
187,31,1503,332,287,264,1,-1,-1,-1
188,31,1504,332,286,265,1,-1,-1,-1
189,31,1504,332,287,265,1,-1,-1,-1
190,31,1504,332,287,265,1,-1,-1,-1
191,31,1504,331,287,266,1,-1,-1,-1
192,31,1503,331,288,266,1,-1,-1,-1
193,31,1503,331,288,266,1,-1,-1,-1
194,31,1502,330,290,267,1,-1,-1,-1
195,31,1502,330,290,267,1,-1,-1,-1
196,31,1502,329,290,269,1,-1,-1,-1
197,31,1502,329,290,269,1,-1,-1,-1
198,31,1502,329,290,269,1,-1,-1,-1
199,31,1502,329,290,269,1,-1,-1,-1
200,31,1502,329,290,269,1,-1,-1,-1
201,31,1502,329,290,269,1,-1,-1,-1
202,31,1502,329,290,269,1,-1,-1,-1
203,31,1502,330,289,268,1,-1,-1,-1
204,31,1502,330,289,268,1,-1,-1,-1
205,31,1502,330,289,268,1,-1,-1,-1
206,31,1503,331,287,267,1,-1,-1,-1
207,31,1503,331,287,267,1,-1,-1,-1
208,31,1503,332,287,266,1,-1,-1,-1
209,31,1503,332,287,266,1,-1,-1,-1
210,31,1504,332,287,266,1,-1,-1,-1
211,31,1503,332,288,266,1,-1,-1,-1
212,31,1504,332,287,266,1,-1,-1,-1
213,31,1503,332,288,266,1,-1,-1,-1
214,31,1503,332,288,266,1,-1,-1,-1
215,31,1503,332,288,266,1,-1,-1,-1
216,31,1503,332,287,266,1,-1,-1,-1
217,31,1502,332,289,266,1,-1,-1,-1
218,31,1503,332,287,266,1,-1,-1,-1
219,31,1503,332,287,266,1,-1,-1,-1
220,31,1503,332,287,265,1,-1,-1,-1
221,31,1504,332,286,265,1,-1,-1,-1
222,31,1504,332,286,265,1,-1,-1,-1
223,31,1504,332,286,264,1,-1,-1,-1
224,31,1504,332,286,264,1,-1,-1,-1
225,31,1504,332,286,264,1,-1,-1,-1
226,31,1504,332,286,264,1,-1,-1,-1
227,31,1504,331,287,265,1,-1,-1,-1
228,31,1504,331,287,265,1,-1,-1,-1
229,31,1503,330,288,266,1,-1,-1,-1
230,31,1503,330,289,266,1,-1,-1,-1
231,31,1503,329,289,267,1,-1,-1,-1
232,31,1502,329,290,267,1,-1,-1,-1
233,31,1502,329,290,267,1,-1,-1,-1
234,31,1502,329,289,267,1,-1,-1,-1
235,31,1502,329,289,268,1,-1,-1,-1
236,31,1502,329,290,268,1,-1,-1,-1
237,31,1502,329,290,268,1,-1,-1,-1
238,31,1502,329,290,269,1,-1,-1,-1
239,31,1501,329,290,269,1,-1,-1,-1
240,31,1501,329,290,269,1,-1,-1,-1
241,31,1501,329,290,269,1,-1,-1,-1
242,31,1501,329,290,269,1,-1,-1,-1
243,31,1501,329,290,269,1,-1,-1,-1
244,31,1501,329,290,269,1,-1,-1,-1
245,31,1501,329,290,269,1,-1,-1,-1
246,31,1501,329,290,269,1,-1,-1,-1
247,31,1501,329,290,269,1,-1,-1,-1
248,31,1501,329,290,269,1,-1,-1,-1
249,31,1502,330,289,268,1,-1,-1,-1
250,31,1502,330,289,268,1,-1,-1,-1
251,31,1502,330,289,268,1,-1,-1,-1
252,31,1503,331,288,267,1,-1,-1,-1
253,31,1503,331,287,266,1,-1,-1,-1
254,31,1503,331,287,266,1,-1,-1,-1
255,31,1503,331,287,266,1,-1,-1,-1
256,31,1503,330,286,266,1,-1,-1,-1
257,31,1502,330,287,266,1,-1,-1,-1
258,31,1502,330,287,266,1,-1,-1,-1
259,31,1502,330,287,266,1,-1,-1,-1
260,31,1503,331,286,265,1,-1,-1,-1
261,31,1503,331,286,266,1,-1,-1,-1
262,31,1503,332,287,265,1,-1,-1,-1
263,31,1503,332,287,265,1,-1,-1,-1
264,31,1503,332,287,266,1,-1,-1,-1
265,31,1503,332,286,265,1,-1,-1,-1
266,31,1503,332,286,265,1,-1,-1,-1
267,31,1503,332,286,265,1,-1,-1,-1
268,31,1503,332,286,264,1,-1,-1,-1
269,31,1503,332,286,264,1,-1,-1,-1
270,31,1504,332,284,264,1,-1,-1,-1
271,31,1503,332,286,264,1,-1,-1,-1
272,31,1503,332,286,264,1,-1,-1,-1
273,31,1503,332,286,264,1,-1,-1,-1
274,31,1503,332,286,264,1,-1,-1,-1
275,31,1503,332,286,264,1,-1,-1,-1
276,31,1504,332,285,264,1,-1,-1,-1
277,31,1504,332,285,265,1,-1,-1,-1
278,31,1504,332,285,265,1,-1,-1,-1
279,31,1504,333,285,264,1,-1,-1,-1
280,31,1504,333,285,265,1,-1,-1,-1
281,31,1504,333,285,265,1,-1,-1,-1
282,31,1504,333,285,265,1,-1,-1,-1
283,31,1504,333,285,264,1,-1,-1,-1
284,31,1505,333,285,264,1,-1,-1,-1
285,31,1505,333,285,264,1,-1,-1,-1
286,31,1506,333,284,263,1,-1,-1,-1
287,31,1505,331,285,265,1,-1,-1,-1
288,31,1505,331,286,264,1,-1,-1,-1
289,31,1505,331,286,264,1,-1,-1,-1
290,31,1504,330,287,265,1,-1,-1,-1
291,31,1504,330,287,265,1,-1,-1,-1
292,31,1503,329,287,266,1,-1,-1,-1
293,31,1503,329,287,266,1,-1,-1,-1
294,31,1503,329,287,266,1,-1,-1,-1
295,31,1504,329,286,266,1,-1,-1,-1
296,31,1503,329,288,267,1,-1,-1,-1
297,31,1503,329,288,267,1,-1,-1,-1
298,31,1503,329,288,267,1,-1,-1,-1
299,31,1503,329,289,268,1,-1,-1,-1
300,31,1504,329,287,268,1,-1,-1,-1
301,31,1504,329,287,268,1,-1,-1,-1
302,31,1504,329,287,268,1,-1,-1,-1
303,31,1504,329,287,267,1,-1,-1,-1
304,31,1504,329,287,267,1,-1,-1,-1
305,31,1504,329,287,267,1,-1,-1,-1
306,31,1504,329,287,267,1,-1,-1,-1
307,31,1504,329,287,268,1,-1,-1,-1
308,31,1504,329,287,268,1,-1,-1,-1
309,31,1504,329,287,268,1,-1,-1,-1
310,31,1504,329,287,268,1,-1,-1,-1
311,31,1504,329,288,268,1,-1,-1,-1
312,31,1505,329,286,267,1,-1,-1,-1
313,31,1505,329,286,267,1,-1,-1,-1
314,31,1505,329,286,267,1,-1,-1,-1
315,31,1505,330,286,265,1,-1,-1,-1
316,31,1505,330,286,265,1,-1,-1,-1
317,31,1505,330,286,265,1,-1,-1,-1
318,31,1505,331,286,264,1,-1,-1,-1
319,31,1505,331,285,264,1,-1,-1,-1
320,31,1504,331,286,264,1,-1,-1,-1
321,31,1504,331,286,264,1,-1,-1,-1
322,31,1504,331,286,264,1,-1,-1,-1
323,31,1504,330,287,265,1,-1,-1,-1
324,31,1504,330,287,265,1,-1,-1,-1
325,31,1504,330,287,265,1,-1,-1,-1
326,31,1504,329,287,266,1,-1,-1,-1
327,31,1504,329,287,266,1,-1,-1,-1
328,31,1504,329,287,266,1,-1,-1,-1
329,31,1504,329,287,267,1,-1,-1,-1
330,31,1504,330,287,266,1,-1,-1,-1
331,31,1504,330,286,266,1,-1,-1,-1
332,31,1504,330,286,267,1,-1,-1,-1
333,31,1504,331,286,266,1,-1,-1,-1
334,31,1504,331,286,265,1,-1,-1,-1
335,31,1504,330,286,266,1,-1,-1,-1
336,31,1504,330,286,266,1,-1,-1,-1
337,31,1504,330,286,265,1,-1,-1,-1
338,31,1503,329,288,266,1,-1,-1,-1
339,31,1503,329,288,266,1,-1,-1,-1
340,31,1503,328,288,267,1,-1,-1,-1
341,31,1503,328,288,267,1,-1,-1,-1
342,31,1503,328,288,267,1,-1,-1,-1
343,31,1504,329,286,266,1,-1,-1,-1
344,31,1505,330,285,265,1,-1,-1,-1
345,31,1505,330,285,265,1,-1,-1,-1
346,31,1505,330,285,265,1,-1,-1,-1
347,31,1505,331,285,264,1,-1,-1,-1
348,31,1505,331,285,264,1,-1,-1,-1
349,31,1506,331,283,264,1,-1,-1,-1
350,31,1506,331,283,264,1,-1,-1,-1
351,31,1505,332,285,264,1,-1,-1,-1
352,31,1505,332,285,264,1,-1,-1,-1
353,31,1505,332,285,264,1,-1,-1,-1
354,31,1505,332,285,265,1,-1,-1,-1
355,31,1505,332,285,265,1,-1,-1,-1
356,31,1505,332,285,265,1,-1,-1,-1
357,31,1505,332,285,265,1,-1,-1,-1
358,31,1505,332,285,265,1,-1,-1,-1
359,31,1506,332,283,264,1,-1,-1,-1
360,31,1506,332,283,264,1,-1,-1,-1
361,31,1506,332,283,264,1,-1,-1,-1
362,31,1506,332,283,263,1,-1,-1,-1
363,31,1506,332,283,263,1,-1,-1,-1
364,31,1506,333,283,263,1,-1,-1,-1
365,31,1506,333,283,263,1,-1,-1,-1
366,31,1506,333,283,263,1,-1,-1,-1
367,31,1506,333,283,264,1,-1,-1,-1
368,31,1506,333,283,264,1,-1,-1,-1
369,31,1506,332,284,264,1,-1,-1,-1
370,31,1506,332,284,264,1,-1,-1,-1
371,31,1506,332,284,264,1,-1,-1,-1
372,31,1507,331,283,264,1,-1,-1,-1
373,31,1507,331,284,264,1,-1,-1,-1
374,31,1507,332,283,263,1,-1,-1,-1
375,31,1507,332,283,264,1,-1,-1,-1
376,31,1507,332,284,264,1,-1,-1,-1
377,31,1506,333,284,263,1,-1,-1,-1
378,31,1506,333,284,264,1,-1,-1,-1
379,31,1506,333,284,264,1,-1,-1,-1
380,31,1507,333,284,264,1,-1,-1,-1
381,31,1506,333,285,264,1,-1,-1,-1
382,31,1506,333,285,264,1,-1,-1,-1
383,31,1507,333,284,264,1,-1,-1,-1
384,31,1507,333,284,264,1,-1,-1,-1
385,31,1506,333,284,264,1,-1,-1,-1
386,31,1506,333,284,264,1,-1,-1,-1
387,31,1506,333,284,264,1,-1,-1,-1
388,31,1506,333,284,263,1,-1,-1,-1
389,31,1506,333,284,263,1,-1,-1,-1
390,31,1506,333,284,263,1,-1,-1,-1
391,31,1507,333,282,262,1,-1,-1,-1
392,31,1507,333,282,262,1,-1,-1,-1
393,31,1507,331,283,263,1,-1,-1,-1
394,31,1507,330,284,264,1,-1,-1,-1
395,31,1506,330,285,265,1,-1,-1,-1
396,31,1506,330,285,265,1,-1,-1,-1
397,31,1505,330,285,265,1,-1,-1,-1
398,31,1504,330,287,266,1,-1,-1,-1
399,31,1504,330,287,266,1,-1,-1,-1
400,31,1503,330,287,267,1,-1,-1,-1
401,31,1503,329,287,268,1,-1,-1,-1
402,31,1503,329,288,268,1,-1,-1,-1
403,31,1503,329,287,268,1,-1,-1,-1
404,31,1503,329,287,268,1,-1,-1,-1
405,31,1504,330,286,267,1,-1,-1,-1
406,31,1504,330,286,267,1,-1,-1,-1
407,31,1504,330,286,267,1,-1,-1,-1
408,31,1504,330,286,267,1,-1,-1,-1
409,31,1503,330,288,268,1,-1,-1,-1
410,31,1503,331,287,267,1,-1,-1,-1
411,31,1503,331,287,267,1,-1,-1,-1
412,31,1503,331,286,266,1,-1,-1,-1
413,31,1503,331,286,266,1,-1,-1,-1
414,31,1504,331,285,266,1,-1,-1,-1
415,31,1505,331,285,266,1,-1,-1,-1
416,31,1506,332,284,265,1,-1,-1,-1
417,31,1506,332,284,265,1,-1,-1,-1
418,31,1506,332,284,265,1,-1,-1,-1
419,31,1506,332,284,265,1,-1,-1,-1
420,31,1507,332,283,264,1,-1,-1,-1
421,31,1507,332,283,264,1,-1,-1,-1
422,31,1507,333,283,263,1,-1,-1,-1
423,31,1507,333,283,263,1,-1,-1,-1
424,31,1507,333,283,263,1,-1,-1,-1
425,31,1507,333,283,263,1,-1,-1,-1
426,31,1507,333,283,263,1,-1,-1,-1
427,31,1507,333,283,263,1,-1,-1,-1
428,31,1507,333,283,263,1,-1,-1,-1
429,31,1507,333,283,263,1,-1,-1,-1
430,31,1506,333,284,263,1,-1,-1,-1
431,31,1506,333,284,263,1,-1,-1,-1
432,31,1507,333,283,263,1,-1,-1,-1
433,31,1506,332,284,264,1,-1,-1,-1
434,31,1505,332,285,264,1,-1,-1,-1
435,31,1505,332,284,264,1,-1,-1,-1
436,31,1505,331,284,265,1,-1,-1,-1
437,31,1505,331,284,264,1,-1,-1,-1
438,31,1505,330,284,265,1,-1,-1,-1
439,31,1505,330,284,265,1,-1,-1,-1
440,31,1505,330,284,265,1,-1,-1,-1
441,31,1505,330,284,265,1,-1,-1,-1
442,31,1505,330,284,265,1,-1,-1,-1
443,31,1505,331,284,264,1,-1,-1,-1
444,31,1506,331,284,264,1,-1,-1,-1
445,31,1505,331,284,264,1,-1,-1,-1
446,31,1506,332,283,263,1,-1,-1,-1
447,31,1506,332,284,263,1,-1,-1,-1
448,31,1506,333,284,262,1,-1,-1,-1
449,31,1506,333,284,262,1,-1,-1,-1
450,31,1506,333,284,262,1,-1,-1,-1
451,31,1506,333,284,262,1,-1,-1,-1
452,31,1506,333,284,262,1,-1,-1,-1
453,31,1506,333,284,262,1,-1,-1,-1
454,31,1506,333,284,262,1,-1,-1,-1
455,31,1506,333,284,262,1,-1,-1,-1
456,31,1505,333,285,262,1,-1,-1,-1
457,31,1505,333,285,262,1,-1,-1,-1
458,31,1505,333,285,262,1,-1,-1,-1
459,31,1505,333,285,262,1,-1,-1,-1
460,31,1505,333,285,262,1,-1,-1,-1
461,31,1505,333,285,262,1,-1,-1,-1
462,31,1505,333,285,262,1,-1,-1,-1
463,31,1505,333,285,262,1,-1,-1,-1
464,31,1505,333,285,262,1,-1,-1,-1
465,31,1505,333,285,262,1,-1,-1,-1
466,31,1505,333,285,262,1,-1,-1,-1
467,31,1505,333,285,262,1,-1,-1,-1
468,31,1505,333,285,262,1,-1,-1,-1
469,31,1505,333,285,262,1,-1,-1,-1
470,31,1505,333,285,262,1,-1,-1,-1
471,31,1505,333,285,262,1,-1,-1,-1
472,31,1505,333,285,262,1,-1,-1,-1
473,31,1505,333,285,262,1,-1,-1,-1
474,31,1505,333,285,262,1,-1,-1,-1
475,31,1505,333,285,262,1,-1,-1,-1
476,31,1505,333,285,262,1,-1,-1,-1
477,31,1505,333,285,262,1,-1,-1,-1
478,31,1505,333,285,262,1,-1,-1,-1
479,31,1505,333,286,262,1,-1,-1,-1
480,31,1505,333,286,262,1,-1,-1,-1
481,31,1505,333,286,262,1,-1,-1,-1
482,31,1505,333,286,262,1,-1,-1,-1
483,31,1505,333,286,262,1,-1,-1,-1
484,31,1505,333,286,262,1,-1,-1,-1
485,31,1505,333,286,262,1,-1,-1,-1
486,31,1505,333,286,262,1,-1,-1,-1
487,31,1505,333,286,262,1,-1,-1,-1
488,31,1505,333,286,262,1,-1,-1,-1
489,31,1504,333,287,262,1,-1,-1,-1
490,31,1504,333,287,262,1,-1,-1,-1
491,31,1504,333,287,262,1,-1,-1,-1
492,31,1504,333,287,262,1,-1,-1,-1
493,31,1504,333,287,262,1,-1,-1,-1
494,31,1504,333,287,262,1,-1,-1,-1
495,31,1504,333,287,262,1,-1,-1,-1
496,31,1504,333,287,262,1,-1,-1,-1
497,31,1504,333,287,262,1,-1,-1,-1
498,31,1504,333,287,262,1,-1,-1,-1
499,31,1505,333,286,262,1,-1,-1,-1
500,31,1505,333,286,262,1,-1,-1,-1
501,31,1505,333,286,262,1,-1,-1,-1
502,31,1505,333,286,262,1,-1,-1,-1
503,31,1504,331,288,264,1,-1,-1,-1
504,31,1504,331,288,264,1,-1,-1,-1
505,31,1504,330,288,265,1,-1,-1,-1
506,31,1504,330,287,265,1,-1,-1,-1
507,31,1504,330,287,265,1,-1,-1,-1
508,31,1504,330,287,265,1,-1,-1,-1
509,31,1504,330,287,265,1,-1,-1,-1
510,31,1504,330,287,265,1,-1,-1,-1
511,31,1505,330,287,265,1,-1,-1,-1
512,31,1505,330,287,265,1,-1,-1,-1
513,31,1505,330,287,266,1,-1,-1,-1
514,31,1505,330,288,266,1,-1,-1,-1
515,31,1505,330,287,267,1,-1,-1,-1
516,31,1505,330,287,267,1,-1,-1,-1
517,31,1504,330,287,267,1,-1,-1,-1
518,31,1504,330,288,267,1,-1,-1,-1
519,31,1504,329,287,267,1,-1,-1,-1
520,31,1505,329,286,267,1,-1,-1,-1
521,31,1505,329,285,267,1,-1,-1,-1
522,31,1505,329,285,266,1,-1,-1,-1
523,31,1505,329,286,266,1,-1,-1,-1
524,31,1506,329,285,266,1,-1,-1,-1
525,31,1506,329,285,266,1,-1,-1,-1
526,31,1506,329,285,266,1,-1,-1,-1
527,31,1506,329,285,266,1,-1,-1,-1
528,31,1506,329,284,266,1,-1,-1,-1
529,31,1506,329,284,266,1,-1,-1,-1
530,31,1506,329,284,266,1,-1,-1,-1
531,31,1506,329,284,266,1,-1,-1,-1
532,31,1506,329,284,266,1,-1,-1,-1
533,31,1506,329,284,266,1,-1,-1,-1
534,31,1506,329,284,267,1,-1,-1,-1
535,31,1506,329,284,267,1,-1,-1,-1
536,31,1506,329,284,267,1,-1,-1,-1
537,31,1506,329,284,268,1,-1,-1,-1
538,31,1506,329,284,268,1,-1,-1,-1
539,31,1507,330,283,267,1,-1,-1,-1
540,31,1507,330,283,266,1,-1,-1,-1
541,31,1507,330,283,266,1,-1,-1,-1
542,31,1508,331,281,265,1,-1,-1,-1
543,31,1508,331,281,264,1,-1,-1,-1
544,31,1507,330,283,265,1,-1,-1,-1
545,31,1507,330,283,265,1,-1,-1,-1
546,31,1508,330,282,265,1,-1,-1,-1
547,31,1507,329,283,267,1,-1,-1,-1
548,31,1507,329,283,267,1,-1,-1,-1
549,31,1507,329,283,267,1,-1,-1,-1
550,31,1507,329,283,267,1,-1,-1,-1
551,31,1507,329,283,266,1,-1,-1,-1
552,31,1507,329,282,266,1,-1,-1,-1
553,31,1507,329,282,266,1,-1,-1,-1
554,31,1507,329,282,265,1,-1,-1,-1
555,31,1508,329,281,265,1,-1,-1,-1
556,31,1508,329,281,265,1,-1,-1,-1
557,31,1508,329,281,265,1,-1,-1,-1
558,31,1508,329,281,265,1,-1,-1,-1
559,31,1507,330,282,265,1,-1,-1,-1
560,31,1507,330,282,265,1,-1,-1,-1
561,31,1507,330,282,265,1,-1,-1,-1
562,31,1507,331,282,265,1,-1,-1,-1
563,31,1507,331,282,265,1,-1,-1,-1
564,31,1507,331,282,265,1,-1,-1,-1
565,31,1507,331,282,265,1,-1,-1,-1
566,31,1507,331,282,265,1,-1,-1,-1
567,31,1507,331,282,265,1,-1,-1,-1
568,31,1507,331,283,265,1,-1,-1,-1
569,31,1507,331,282,265,1,-1,-1,-1
570,31,1507,331,282,265,1,-1,-1,-1
571,31,1507,331,282,265,1,-1,-1,-1
572,31,1507,331,282,265,1,-1,-1,-1
573,31,1507,331,283,265,1,-1,-1,-1
574,31,1507,331,283,265,1,-1,-1,-1
575,31,1508,332,281,264,1,-1,-1,-1
576,31,1507,332,282,264,1,-1,-1,-1
577,31,1507,332,282,264,1,-1,-1,-1
578,31,1508,332,281,264,1,-1,-1,-1
579,31,1508,332,281,263,1,-1,-1,-1
580,31,1508,332,281,263,1,-1,-1,-1
581,31,1507,332,282,263,1,-1,-1,-1
582,31,1506,330,283,265,1,-1,-1,-1
583,31,1505,330,285,266,1,-1,-1,-1
584,31,1505,330,285,266,1,-1,-1,-1
585,31,1505,329,285,267,1,-1,-1,-1
586,31,1505,329,286,268,1,-1,-1,-1
587,31,1504,325,294,275,1,-1,-1,-1
588,31,1504,323,299,280,1,-1,-1,-1
589,31,1504,322,302,283,1,-1,-1,-1
590,31,1504,325,297,277,1,-1,-1,-1
591,31,1504,324,299,280,1,-1,-1,-1
592,31,1503,322,301,283,1,-1,-1,-1
593,31,1504,325,294,276,1,-1,-1,-1
594,31,1504,327,290,273,1,-1,-1,-1
595,31,1504,328,287,270,1,-1,-1,-1
596,31,1504,328,286,270,1,-1,-1,-1
597,31,1505,329,284,268,1,-1,-1,-1
598,31,1504,329,285,268,1,-1,-1,-1
599,31,1504,326,293,274,1,-1,-1,-1
600,31,1503,323,299,281,1,-1,-1,-1
601,31,1503,322,302,283,1,-1,-1,-1
602,31,1503,321,304,285,1,-1,-1,-1
603,31,1503,320,304,287,1,-1,-1,-1
604,31,1503,320,304,287,1,-1,-1,-1
605,31,1503,320,304,287,1,-1,-1,-1
606,31,1503,324,296,279,1,-1,-1,-1
607,31,1504,326,290,274,1,-1,-1,-1
608,31,1504,327,287,271,1,-1,-1,-1
609,31,1504,328,285,269,1,-1,-1,-1
610,31,1504,325,292,275,1,-1,-1,-1
611,31,1505,326,289,274,1,-1,-1,-1
612,31,1505,327,287,271,1,-1,-1,-1
613,31,1505,327,286,271,1,-1,-1,-1
614,31,1505,328,284,269,1,-1,-1,-1
615,31,1505,328,284,268,1,-1,-1,-1
616,31,1505,329,284,267,1,-1,-1,-1
617,31,1504,329,285,268,1,-1,-1,-1
618,31,1504,329,285,268,1,-1,-1,-1
619,31,1504,329,286,268,1,-1,-1,-1
620,31,1503,329,287,268,1,-1,-1,-1
621,31,1503,329,287,268,1,-1,-1,-1
622,31,1503,329,286,268,1,-1,-1,-1
623,31,1503,329,287,268,1,-1,-1,-1
624,31,1503,329,287,268,1,-1,-1,-1
625,31,1503,329,288,268,1,-1,-1,-1
626,31,1503,329,288,268,1,-1,-1,-1
627,31,1503,329,287,268,1,-1,-1,-1
628,31,1503,329,287,268,1,-1,-1,-1
629,31,1503,329,288,267,1,-1,-1,-1
630,31,1503,329,288,267,1,-1,-1,-1
631,31,1503,329,288,267,1,-1,-1,-1
632,31,1503,329,288,267,1,-1,-1,-1
633,31,1503,329,288,267,1,-1,-1,-1
634,31,1503,329,288,267,1,-1,-1,-1
635,31,1503,329,288,267,1,-1,-1,-1
636,31,1503,329,289,267,1,-1,-1,-1
637,31,1503,329,289,267,1,-1,-1,-1
638,31,1503,329,289,267,1,-1,-1,-1
639,31,1503,329,289,267,1,-1,-1,-1
640,31,1503,329,289,267,1,-1,-1,-1
641,31,1503,329,289,267,1,-1,-1,-1
642,31,1502,329,289,267,1,-1,-1,-1
643,31,1502,329,289,267,1,-1,-1,-1
644,31,1502,329,289,267,1,-1,-1,-1
645,31,1502,329,290,267,1,-1,-1,-1
646,31,1502,329,290,267,1,-1,-1,-1
647,31,1502,329,290,267,1,-1,-1,-1
648,31,1502,329,290,267,1,-1,-1,-1
649,31,1501,329,291,268,1,-1,-1,-1
650,31,1501,329,291,268,1,-1,-1,-1
651,31,1501,329,291,268,1,-1,-1,-1
652,31,1503,330,288,267,1,-1,-1,-1
653,31,1504,330,288,267,1,-1,-1,-1
654,31,1504,331,288,266,1,-1,-1,-1
655,31,1505,331,286,265,1,-1,-1,-1
656,31,1505,331,286,265,1,-1,-1,-1
657,31,1504,331,287,264,1,-1,-1,-1
658,31,1504,331,287,264,1,-1,-1,-1
659,31,1504,331,287,264,1,-1,-1,-1
660,31,1504,331,287,264,1,-1,-1,-1
661,31,1504,331,286,264,1,-1,-1,-1
662,31,1504,331,286,264,1,-1,-1,-1
663,31,1504,331,286,264,1,-1,-1,-1
664,31,1505,331,285,264,1,-1,-1,-1
665,31,1506,331,284,264,1,-1,-1,-1
666,31,1506,331,284,263,1,-1,-1,-1
667,31,1506,332,284,262,1,-1,-1,-1
668,31,1506,332,284,262,1,-1,-1,-1
669,31,1506,332,284,262,1,-1,-1,-1
670,31,1506,332,284,262,1,-1,-1,-1
671,31,1506,331,284,263,1,-1,-1,-1
672,31,1506,331,285,263,1,-1,-1,-1
673,31,1506,331,284,263,1,-1,-1,-1
674,31,1506,330,285,264,1,-1,-1,-1
675,31,1505,330,286,264,1,-1,-1,-1
676,31,1505,329,286,265,1,-1,-1,-1
677,31,1505,329,286,266,1,-1,-1,-1
678,31,1505,329,286,266,1,-1,-1,-1
679,31,1505,330,286,265,1,-1,-1,-1
680,31,1505,330,286,266,1,-1,-1,-1
681,31,1505,330,285,266,1,-1,-1,-1
682,31,1505,330,285,266,1,-1,-1,-1
683,31,1504,330,287,266,1,-1,-1,-1
684,31,1504,330,287,266,1,-1,-1,-1
685,31,1504,330,287,267,1,-1,-1,-1
686,31,1504,329,287,268,1,-1,-1,-1
687,31,1504,329,287,268,1,-1,-1,-1
688,31,1504,329,287,268,1,-1,-1,-1
689,31,1504,329,287,268,1,-1,-1,-1
690,31,1504,329,287,268,1,-1,-1,-1
691,31,1504,329,287,268,1,-1,-1,-1
692,31,1505,329,286,268,1,-1,-1,-1
693,31,1505,329,286,268,1,-1,-1,-1
694,31,1505,329,286,268,1,-1,-1,-1
695,31,1505,329,286,266,1,-1,-1,-1
696,31,1506,329,284,266,1,-1,-1,-1
697,31,1506,328,284,267,1,-1,-1,-1
698,31,1506,328,284,266,1,-1,-1,-1
699,31,1505,329,285,266,1,-1,-1,-1
700,31,1505,329,285,266,1,-1,-1,-1
701,31,1505,329,285,266,1,-1,-1,-1
702,31,1506,329,284,266,1,-1,-1,-1
703,31,1506,329,284,266,1,-1,-1,-1
704,31,1506,329,284,265,1,-1,-1,-1
705,31,1506,328,284,266,1,-1,-1,-1
706,31,1506,328,284,266,1,-1,-1,-1
707,31,1506,328,284,266,1,-1,-1,-1
708,31,1507,328,284,266,1,-1,-1,-1
709,31,1507,328,284,266,1,-1,-1,-1
710,31,1508,328,283,266,1,-1,-1,-1
711,31,1508,328,283,266,1,-1,-1,-1
712,31,1508,328,283,266,1,-1,-1,-1
713,31,1508,330,282,265,1,-1,-1,-1
714,31,1508,331,282,264,1,-1,-1,-1
715,31,1508,331,281,264,1,-1,-1,-1
716,31,1508,332,281,264,1,-1,-1,-1
717,31,1508,333,281,263,1,-1,-1,-1
718,31,1508,332,281,265,1,-1,-1,-1
719,31,1508,331,281,265,1,-1,-1,-1
720,31,1508,330,282,266,1,-1,-1,-1
721,31,1507,329,284,267,1,-1,-1,-1
722,31,1505,327,287,270,1,-1,-1,-1
723,31,1503,326,290,273,1,-1,-1,-1
724,31,1502,326,291,275,1,-1,-1,-1
725,31,1502,327,292,275,1,-1,-1,-1
726,31,1502,328,295,278,1,-1,-1,-1
727,31,1503,330,295,279,1,-1,-1,-1
728,31,1506,332,293,278,1,-1,-1,-1
729,31,1507,333,292,278,1,-1,-1,-1
730,31,1507,334,293,278,1,-1,-1,-1
732,31,1517,338,276,262,1,-1,-1,-1
733,31,1520,339,272,258,1,-1,-1,-1
734,31,1521,338,270,257,1,-1,-1,-1
735,31,1522,337,272,260,1,-1,-1,-1
736,31,1522,336,273,261,1,-1,-1,-1
737,31,1520,336,275,263,1,-1,-1,-1
738,31,1516,333,279,268,1,-1,-1,-1
739,31,1510,332,281,270,1,-1,-1,-1
740,31,1508,331,280,269,1,-1,-1,-1
741,31,1504,328,285,274,1,-1,-1,-1
742,31,1501,325,288,278,1,-1,-1,-1
743,31,1500,325,290,279,1,-1,-1,-1
744,31,1504,328,284,273,1,-1,-1,-1
745,31,1507,330,279,269,1,-1,-1,-1
746,31,1507,331,279,268,1,-1,-1,-1
747,31,1506,331,280,269,1,-1,-1,-1
748,31,1506,332,279,268,1,-1,-1,-1
749,31,1505,331,281,270,1,-1,-1,-1
750,31,1504,331,283,271,1,-1,-1,-1
751,31,1506,332,281,268,1,-1,-1,-1
752,31,1508,332,277,266,1,-1,-1,-1
753,31,1509,332,277,265,1,-1,-1,-1
754,31,1510,333,276,263,1,-1,-1,-1
755,31,1510,332,277,263,1,-1,-1,-1
756,31,1510,332,277,263,1,-1,-1,-1
757,31,1509,332,278,263,1,-1,-1,-1
758,31,1509,331,278,264,1,-1,-1,-1
759,31,1509,331,278,264,1,-1,-1,-1
760,31,1508,330,280,265,1,-1,-1,-1
761,31,1509,330,279,265,1,-1,-1,-1
762,31,1509,330,280,265,1,-1,-1,-1
763,31,1509,330,280,265,1,-1,-1,-1
764,31,1509,330,280,265,1,-1,-1,-1
765,31,1510,330,279,265,1,-1,-1,-1
766,31,1510,330,279,264,1,-1,-1,-1
767,31,1509,330,280,265,1,-1,-1,-1
768,31,1506,328,284,269,1,-1,-1,-1
769,31,1506,328,285,269,1,-1,-1,-1
770,31,1507,329,283,268,1,-1,-1,-1
771,31,1507,329,283,268,1,-1,-1,-1
772,31,1507,329,283,268,1,-1,-1,-1
773,31,1507,330,283,267,1,-1,-1,-1
774,31,1508,330,281,267,1,-1,-1,-1
775,31,1507,330,282,267,1,-1,-1,-1
776,31,1507,331,281,266,1,-1,-1,-1
777,31,1507,330,281,266,1,-1,-1,-1
778,31,1507,330,281,266,1,-1,-1,-1
779,31,1507,330,281,266,1,-1,-1,-1
780,31,1507,329,281,266,1,-1,-1,-1
781,31,1507,329,282,266,1,-1,-1,-1
782,31,1507,329,282,266,1,-1,-1,-1
783,31,1506,329,282,266,1,-1,-1,-1
784,31,1507,329,282,266,1,-1,-1,-1
785,31,1507,330,282,266,1,-1,-1,-1
786,31,1507,330,282,266,1,-1,-1,-1
787,31,1508,330,281,266,1,-1,-1,-1
788,31,1508,331,281,265,1,-1,-1,-1
789,31,1508,331,281,264,1,-1,-1,-1
790,31,1508,331,281,264,1,-1,-1,-1
791,31,1508,331,281,264,1,-1,-1,-1
792,31,1508,331,281,264,1,-1,-1,-1
793,31,1508,330,281,265,1,-1,-1,-1
794,31,1507,330,282,264,1,-1,-1,-1
795,31,1507,330,282,264,1,-1,-1,-1
796,31,1507,329,282,265,1,-1,-1,-1
797,31,1507,329,282,265,1,-1,-1,-1
798,31,1507,329,282,265,1,-1,-1,-1
799,31,1507,329,282,265,1,-1,-1,-1
800,31,1507,329,283,265,1,-1,-1,-1
801,31,1507,329,282,265,1,-1,-1,-1
802,31,1507,329,282,265,1,-1,-1,-1
803,31,1507,329,282,265,1,-1,-1,-1
804,31,1507,329,282,265,1,-1,-1,-1
805,31,1507,329,282,265,1,-1,-1,-1
806,31,1507,329,282,265,1,-1,-1,-1
807,31,1507,329,282,265,1,-1,-1,-1
808,31,1507,329,282,265,1,-1,-1,-1
809,31,1507,329,282,265,1,-1,-1,-1
810,31,1507,329,282,265,1,-1,-1,-1
811,31,1507,329,282,265,1,-1,-1,-1
812,31,1506,329,283,265,1,-1,-1,-1
813,31,1506,329,283,265,1,-1,-1,-1
814,31,1506,329,283,265,1,-1,-1,-1
815,31,1506,330,283,265,1,-1,-1,-1
816,31,1507,330,283,265,1,-1,-1,-1
817,31,1507,330,283,265,1,-1,-1,-1
818,31,1507,331,283,265,1,-1,-1,-1
819,31,1507,331,283,265,1,-1,-1,-1
820,31,1507,330,283,265,1,-1,-1,-1
821,31,1507,330,283,265,1,-1,-1,-1
822,31,1507,330,283,265,1,-1,-1,-1
823,31,1507,329,283,265,1,-1,-1,-1
824,31,1507,329,283,265,1,-1,-1,-1
825,31,1507,329,283,265,1,-1,-1,-1
826,31,1507,329,283,265,1,-1,-1,-1
827,31,1506,329,284,266,1,-1,-1,-1
828,31,1506,329,285,266,1,-1,-1,-1
829,31,1505,329,285,266,1,-1,-1,-1
830,31,1505,329,285,267,1,-1,-1,-1
831,31,1505,329,285,267,1,-1,-1,-1
832,31,1505,329,285,267,1,-1,-1,-1
833,31,1506,330,284,266,1,-1,-1,-1
834,31,1506,330,284,266,1,-1,-1,-1
835,31,1505,331,285,266,1,-1,-1,-1
836,31,1505,331,285,266,1,-1,-1,-1
837,31,1504,332,286,266,1,-1,-1,-1
838,31,1505,331,286,267,1,-1,-1,-1
839,31,1504,331,287,268,1,-1,-1,-1
840,31,1504,331,288,268,1,-1,-1,-1
841,31,1504,330,287,269,1,-1,-1,-1
842,31,1499,324,295,277,1,-1,-1,-1
843,31,1493,323,299,280,1,-1,-1,-1
844,31,1493,323,300,281,1,-1,-1,-1
845,31,1501,328,294,276,1,-1,-1,-1
846,31,1504,330,292,275,1,-1,-1,-1
847,31,1504,330,292,275,1,-1,-1,-1
853,31,1498,322,298,281,1,-1,-1,-1
854,31,1501,325,293,276,1,-1,-1,-1
855,31,1499,325,295,278,1,-1,-1,-1
856,31,1501,326,291,276,1,-1,-1,-1
857,31,1503,328,287,272,1,-1,-1,-1
858,31,1504,328,285,270,1,-1,-1,-1
859,31,1505,329,283,268,1,-1,-1,-1
860,31,1506,329,282,267,1,-1,-1,-1
861,31,1506,330,282,266,1,-1,-1,-1
862,31,1507,330,282,266,1,-1,-1,-1
863,31,1507,330,282,266,1,-1,-1,-1
864,31,1507,330,282,266,1,-1,-1,-1
865,31,1507,330,282,266,1,-1,-1,-1
866,31,1508,330,280,266,1,-1,-1,-1
867,31,1508,331,281,265,1,-1,-1,-1
868,31,1508,331,281,265,1,-1,-1,-1
869,31,1508,331,281,265,1,-1,-1,-1
870,31,1508,331,282,265,1,-1,-1,-1
871,31,1508,331,282,265,1,-1,-1,-1
872,31,1509,331,280,265,1,-1,-1,-1
873,31,1508,331,281,264,1,-1,-1,-1
874,31,1508,331,282,264,1,-1,-1,-1
875,31,1508,331,282,264,1,-1,-1,-1
876,31,1507,331,283,264,1,-1,-1,-1
877,31,1507,331,283,264,1,-1,-1,-1
878,31,1507,331,283,264,1,-1,-1,-1
879,31,1507,331,283,264,1,-1,-1,-1
880,31,1507,331,283,264,1,-1,-1,-1
881,31,1508,331,283,264,1,-1,-1,-1
882,31,1508,331,283,264,1,-1,-1,-1
883,31,1508,331,283,264,1,-1,-1,-1
884,31,1507,331,284,264,1,-1,-1,-1
885,31,1507,331,284,264,1,-1,-1,-1
886,31,1507,331,284,264,1,-1,-1,-1
887,31,1507,331,284,264,1,-1,-1,-1
888,31,1507,331,284,264,1,-1,-1,-1
889,31,1507,331,283,264,1,-1,-1,-1
890,31,1507,331,283,264,1,-1,-1,-1
891,31,1508,331,283,263,1,-1,-1,-1
892,31,1508,331,283,264,1,-1,-1,-1
893,31,1508,331,283,264,1,-1,-1,-1
894,31,1508,331,283,264,1,-1,-1,-1
895,31,1508,331,284,264,1,-1,-1,-1
896,31,1507,331,284,265,1,-1,-1,-1
897,31,1507,331,284,265,1,-1,-1,-1
898,31,1507,331,284,265,1,-1,-1,-1
899,31,1507,331,284,265,1,-1,-1,-1
900,31,1506,330,285,266,1,-1,-1,-1
901,31,1506,330,285,266,1,-1,-1,-1
902,31,1506,329,285,267,1,-1,-1,-1
903,31,1506,329,285,267,1,-1,-1,-1
904,31,1506,328,286,268,1,-1,-1,-1
905,31,1507,328,285,267,1,-1,-1,-1
906,31,1507,328,285,267,1,-1,-1,-1
907,31,1507,328,285,267,1,-1,-1,-1
908,31,1507,328,285,266,1,-1,-1,-1
909,31,1507,328,285,266,1,-1,-1,-1
910,31,1507,329,285,266,1,-1,-1,-1
911,31,1507,329,284,266,1,-1,-1,-1
912,31,1507,329,284,266,1,-1,-1,-1
913,31,1507,330,285,266,1,-1,-1,-1
914,31,1507,330,285,266,1,-1,-1,-1
915,31,1507,331,285,266,1,-1,-1,-1
916,31,1507,331,285,266,1,-1,-1,-1
917,31,1507,331,285,266,1,-1,-1,-1
918,31,1507,331,285,266,1,-1,-1,-1
919,31,1507,331,284,266,1,-1,-1,-1
920,31,1507,331,284,266,1,-1,-1,-1
921,31,1507,331,284,266,1,-1,-1,-1
922,31,1507,331,284,266,1,-1,-1,-1
923,31,1507,331,284,266,1,-1,-1,-1
924,31,1507,331,285,266,1,-1,-1,-1
925,31,1507,331,285,266,1,-1,-1,-1
926,31,1507,331,284,266,1,-1,-1,-1
927,31,1507,331,285,266,1,-1,-1,-1
928,31,1507,331,285,266,1,-1,-1,-1
929,31,1507,331,285,266,1,-1,-1,-1
930,31,1507,331,285,266,1,-1,-1,-1
931,31,1507,331,285,266,1,-1,-1,-1
932,31,1507,331,285,266,1,-1,-1,-1
933,31,1507,331,285,266,1,-1,-1,-1
934,31,1508,331,284,266,1,-1,-1,-1
935,31,1508,331,284,266,1,-1,-1,-1
936,31,1508,331,284,266,1,-1,-1,-1
937,31,1507,331,284,266,1,-1,-1,-1
938,31,1507,331,284,266,1,-1,-1,-1
939,31,1507,331,284,266,1,-1,-1,-1
940,31,1507,331,284,266,1,-1,-1,-1
941,31,1507,329,284,266,1,-1,-1,-1
942,31,1507,329,284,266,1,-1,-1,-1
943,31,1507,328,284,266,1,-1,-1,-1
944,31,1507,328,284,266,1,-1,-1,-1
945,31,1508,327,282,266,1,-1,-1,-1
946,31,1508,327,282,266,1,-1,-1,-1
947,31,1508,328,282,265,1,-1,-1,-1
948,31,1509,328,281,265,1,-1,-1,-1
949,31,1509,328,281,265,1,-1,-1,-1
950,31,1510,328,280,265,1,-1,-1,-1
951,31,1509,328,281,265,1,-1,-1,-1
952,31,1510,328,280,265,1,-1,-1,-1
953,31,1510,328,280,265,1,-1,-1,-1
954,31,1510,328,280,265,1,-1,-1,-1
955,31,1510,330,279,264,1,-1,-1,-1
956,31,1510,330,280,264,1,-1,-1,-1
957,31,1510,330,279,264,1,-1,-1,-1
958,31,1510,330,279,265,1,-1,-1,-1
959,31,1510,331,279,264,1,-1,-1,-1
960,31,1509,331,280,264,1,-1,-1,-1
961,31,1509,331,280,264,1,-1,-1,-1
962,31,1509,331,279,265,1,-1,-1,-1
963,31,1509,331,280,265,1,-1,-1,-1
964,31,1510,331,279,265,1,-1,-1,-1
965,31,1511,330,279,265,1,-1,-1,-1
966,31,1511,330,278,265,1,-1,-1,-1
967,31,1511,330,278,265,1,-1,-1,-1
968,31,1512,332,276,263,1,-1,-1,-1
969,31,1511,332,276,263,1,-1,-1,-1
970,31,1509,333,277,262,1,-1,-1,-1
971,31,1509,332,278,264,1,-1,-1,-1
972,31,1509,330,280,265,1,-1,-1,-1
973,31,1510,330,279,265,1,-1,-1,-1
974,31,1510,330,280,265,1,-1,-1,-1
975,31,1510,329,280,266,1,-1,-1,-1
976,31,1510,329,280,265,1,-1,-1,-1
977,31,1510,329,280,265,1,-1,-1,-1
978,31,1510,329,280,265,1,-1,-1,-1
979,31,1510,329,280,265,1,-1,-1,-1
980,31,1511,329,280,265,1,-1,-1,-1
981,31,1511,329,280,265,1,-1,-1,-1
982,31,1511,329,280,265,1,-1,-1,-1
983,31,1510,329,280,266,1,-1,-1,-1
984,31,1508,329,281,267,1,-1,-1,-1
985,31,1507,329,282,267,1,-1,-1,-1
986,31,1507,329,282,267,1,-1,-1,-1
987,31,1507,329,282,267,1,-1,-1,-1
988,31,1507,329,282,268,1,-1,-1,-1
989,31,1507,329,283,268,1,-1,-1,-1
990,31,1507,329,283,268,1,-1,-1,-1
991,31,1507,328,282,268,1,-1,-1,-1
992,31,1507,328,282,268,1,-1,-1,-1
993,31,1507,330,281,266,1,-1,-1,-1
994,31,1508,331,280,265,1,-1,-1,-1
995,31,1508,331,280,265,1,-1,-1,-1
996,31,1508,331,280,265,1,-1,-1,-1
997,31,1508,331,280,265,1,-1,-1,-1
998,31,1509,330,279,265,1,-1,-1,-1
999,31,1508,330,280,265,1,-1,-1,-1
1000,31,1508,330,280,264,1,-1,-1,-1
1001,31,1508,330,280,264,1,-1,-1,-1
1002,31,1508,330,280,264,1,-1,-1,-1
1003,31,1507,329,281,265,1,-1,-1,-1
1004,31,1507,329,282,265,1,-1,-1,-1
1005,31,1507,329,281,265,1,-1,-1,-1
1006,31,1506,328,283,266,1,-1,-1,-1
1007,31,1506,328,283,266,1,-1,-1,-1
1008,31,1507,327,282,267,1,-1,-1,-1
1009,31,1507,328,282,267,1,-1,-1,-1
1010,31,1507,328,282,267,1,-1,-1,-1
1011,31,1507,328,282,267,1,-1,-1,-1
1012,31,1506,328,284,268,1,-1,-1,-1
1013,31,1506,328,284,268,1,-1,-1,-1
1014,31,1506,329,283,268,1,-1,-1,-1
1015,31,1506,329,283,268,1,-1,-1,-1
1016,31,1506,329,282,268,1,-1,-1,-1
1017,31,1506,330,282,267,1,-1,-1,-1
1018,31,1506,329,282,267,1,-1,-1,-1
1019,31,1506,329,283,267,1,-1,-1,-1
1020,31,1507,329,283,267,1,-1,-1,-1
1021,31,1507,328,283,268,1,-1,-1,-1
1022,31,1507,328,283,268,1,-1,-1,-1
1023,31,1507,329,282,267,1,-1,-1,-1
1024,31,1507,329,282,267,1,-1,-1,-1
1025,31,1506,329,283,268,1,-1,-1,-1
1026,31,1506,330,283,267,1,-1,-1,-1
1027,31,1506,330,283,267,1,-1,-1,-1
1028,31,1507,330,282,267,1,-1,-1,-1
1029,31,1507,330,282,267,1,-1,-1,-1
1030,31,1507,330,282,267,1,-1,-1,-1
1031,31,1507,330,282,266,1,-1,-1,-1
1032,31,1508,330,281,266,1,-1,-1,-1
1033,31,1508,330,281,266,1,-1,-1,-1
1034,31,1508,330,281,265,1,-1,-1,-1
1035,31,1508,330,281,265,1,-1,-1,-1
1036,31,1508,330,281,265,1,-1,-1,-1
1037,31,1508,330,281,265,1,-1,-1,-1
1038,31,1508,330,281,265,1,-1,-1,-1
1039,31,1508,330,281,265,1,-1,-1,-1
1040,31,1508,330,281,265,1,-1,-1,-1
1041,31,1509,330,280,265,1,-1,-1,-1
1042,31,1509,330,280,265,1,-1,-1,-1
1043,31,1509,330,280,264,1,-1,-1,-1
1044,31,1509,330,280,264,1,-1,-1,-1
1045,31,1509,330,280,264,1,-1,-1,-1
1046,31,1509,330,280,264,1,-1,-1,-1
1047,31,1509,330,280,264,1,-1,-1,-1
1048,31,1509,330,280,264,1,-1,-1,-1
1049,31,1509,330,280,264,1,-1,-1,-1
1050,31,1508,330,281,264,1,-1,-1,-1
1051,31,1509,330,280,264,1,-1,-1,-1
1052,31,1508,330,281,264,1,-1,-1,-1
1053,31,1508,330,280,264,1,-1,-1,-1
1054,31,1508,330,281,264,1,-1,-1,-1
1055,31,1508,330,281,265,1,-1,-1,-1
1056,31,1508,330,281,265,1,-1,-1,-1
1057,31,1508,330,281,265,1,-1,-1,-1
1058,31,1507,330,283,266,1,-1,-1,-1
1059,31,1507,330,283,266,1,-1,-1,-1
1060,31,1507,330,283,267,1,-1,-1,-1
1061,31,1507,330,283,267,1,-1,-1,-1
1062,31,1507,330,283,267,1,-1,-1,-1
1063,31,1507,330,283,267,1,-1,-1,-1
1064,31,1507,330,283,267,1,-1,-1,-1
1065,31,1507,330,283,267,1,-1,-1,-1
1066,31,1507,330,283,267,1,-1,-1,-1
1067,31,1507,330,283,267,1,-1,-1,-1
1068,31,1507,330,283,267,1,-1,-1,-1
1069,31,1507,330,283,267,1,-1,-1,-1
1070,31,1507,330,283,267,1,-1,-1,-1
1071,31,1507,330,283,267,1,-1,-1,-1
1072,31,1507,330,283,267,1,-1,-1,-1
1073,31,1507,330,282,266,1,-1,-1,-1
1074,31,1507,330,282,266,1,-1,-1,-1
1075,31,1508,330,281,266,1,-1,-1,-1
1076,31,1508,330,281,265,1,-1,-1,-1
1077,31,1508,330,281,265,1,-1,-1,-1
1078,31,1508,331,281,266,1,-1,-1,-1
1079,31,1508,330,280,266,1,-1,-1,-1
1080,31,1507,330,281,266,1,-1,-1,-1
1081,31,1507,330,281,266,1,-1,-1,-1
1082,31,1507,330,280,266,1,-1,-1,-1
1083,31,1507,330,280,266,1,-1,-1,-1
1084,31,1507,330,280,266,1,-1,-1,-1
1085,31,1507,330,280,265,1,-1,-1,-1
1086,31,1507,331,279,264,1,-1,-1,-1
1087,31,1507,331,279,264,1,-1,-1,-1
1088,31,1508,332,278,263,1,-1,-1,-1
1089,31,1508,332,279,264,1,-1,-1,-1
1090,31,1507,333,280,263,1,-1,-1,-1
1091,31,1507,331,280,265,1,-1,-1,-1
1092,31,1507,331,281,264,1,-1,-1,-1
1093,31,1507,331,280,264,1,-1,-1,-1
1094,31,1507,331,281,264,1,-1,-1,-1
1095,31,1506,330,282,265,1,-1,-1,-1
1096,31,1506,330,282,265,1,-1,-1,-1
1097,31,1506,330,282,265,1,-1,-1,-1
1098,31,1506,330,282,266,1,-1,-1,-1
1099,31,1506,331,282,265,1,-1,-1,-1
1100,31,1506,331,282,265,1,-1,-1,-1
1101,31,1506,331,282,266,1,-1,-1,-1
1102,31,1505,332,283,265,1,-1,-1,-1
1103,31,1506,332,282,265,1,-1,-1,-1
1104,31,1506,332,283,265,1,-1,-1,-1
1105,31,1506,332,283,265,1,-1,-1,-1
1106,31,1506,332,282,265,1,-1,-1,-1
1107,31,1506,332,282,265,1,-1,-1,-1
1108,31,1506,333,282,264,1,-1,-1,-1
1109,31,1506,332,283,265,1,-1,-1,-1
1110,31,1506,332,283,265,1,-1,-1,-1
1111,31,1506,332,284,265,1,-1,-1,-1
1112,31,1506,332,284,265,1,-1,-1,-1
1113,31,1506,331,283,266,1,-1,-1,-1
1114,31,1506,332,283,265,1,-1,-1,-1
1115,31,1506,331,283,265,1,-1,-1,-1
1116,31,1505,330,284,266,1,-1,-1,-1
1117,31,1505,330,284,266,1,-1,-1,-1
1118,31,1506,329,284,266,1,-1,-1,-1
1119,31,1506,329,284,266,1,-1,-1,-1
1120,31,1505,328,284,266,1,-1,-1,-1
1121,31,1505,328,284,266,1,-1,-1,-1
1122,31,1505,328,284,266,1,-1,-1,-1
1123,31,1505,328,284,266,1,-1,-1,-1
1124,31,1506,328,283,266,1,-1,-1,-1
1125,31,1506,328,284,266,1,-1,-1,-1
1126,31,1506,328,283,266,1,-1,-1,-1
1127,31,1505,330,284,266,1,-1,-1,-1
1128,31,1505,330,284,266,1,-1,-1,-1
1129,31,1505,330,284,266,1,-1,-1,-1
1130,31,1506,331,282,266,1,-1,-1,-1
1131,31,1506,331,282,266,1,-1,-1,-1
1132,31,1505,332,283,265,1,-1,-1,-1
1133,31,1505,332,283,265,1,-1,-1,-1
1134,31,1505,332,284,265,1,-1,-1,-1
1135,31,1505,331,284,266,1,-1,-1,-1
1136,31,1505,330,284,266,1,-1,-1,-1
1137,31,1506,330,283,266,1,-1,-1,-1
1138,31,1505,329,285,267,1,-1,-1,-1
1139,31,1506,329,284,266,1,-1,-1,-1
1140,31,1506,328,284,267,1,-1,-1,-1
1141,31,1507,328,283,266,1,-1,-1,-1
1142,31,1507,328,283,266,1,-1,-1,-1
1143,31,1507,328,283,266,1,-1,-1,-1
1144,31,1507,329,283,265,1,-1,-1,-1
1145,31,1507,329,283,265,1,-1,-1,-1
1146,31,1507,329,283,265,1,-1,-1,-1
1147,31,1508,330,281,264,1,-1,-1,-1
1148,31,1508,330,281,264,1,-1,-1,-1
1149,31,1507,331,282,264,1,-1,-1,-1
1150,31,1507,331,282,264,1,-1,-1,-1
1151,31,1507,332,281,263,1,-1,-1,-1
1152,31,1507,332,281,263,1,-1,-1,-1
1153,31,1508,333,280,262,1,-1,-1,-1
1154,31,1507,333,281,263,1,-1,-1,-1
1155,31,1506,332,282,264,1,-1,-1,-1
1156,31,1506,332,282,265,1,-1,-1,-1
1157,31,1506,332,282,265,1,-1,-1,-1
1158,31,1505,332,283,265,1,-1,-1,-1
1159,31,1505,332,282,265,1,-1,-1,-1
1160,31,1506,332,282,265,1,-1,-1,-1
1161,31,1506,332,282,265,1,-1,-1,-1
1162,31,1506,332,282,265,1,-1,-1,-1
1163,31,1506,332,282,264,1,-1,-1,-1
1164,31,1507,332,281,264,1,-1,-1,-1
1165,31,1506,331,283,265,1,-1,-1,-1
1166,31,1506,330,283,265,1,-1,-1,-1
1167,31,1506,330,283,265,1,-1,-1,-1
1168,31,1506,329,283,266,1,-1,-1,-1
1169,31,1506,329,283,265,1,-1,-1,-1
1170,31,1506,329,283,265,1,-1,-1,-1
1171,31,1506,329,283,265,1,-1,-1,-1
1172,31,1506,329,283,265,1,-1,-1,-1
1173,31,1506,328,283,266,1,-1,-1,-1
1174,31,1506,328,284,266,1,-1,-1,-1
1175,31,1507,329,283,265,1,-1,-1,-1
1176,31,1508,329,282,265,1,-1,-1,-1
1177,31,1508,329,282,265,1,-1,-1,-1
1178,31,1508,329,283,265,1,-1,-1,-1
1179,31,1509,329,282,265,1,-1,-1,-1
1180,31,1509,330,281,264,1,-1,-1,-1
1181,31,1509,330,281,264,1,-1,-1,-1
1182,31,1509,330,281,264,1,-1,-1,-1
1183,31,1509,331,281,263,1,-1,-1,-1
1184,31,1509,331,281,263,1,-1,-1,-1
1185,31,1509,331,281,263,1,-1,-1,-1
1186,31,1509,331,281,263,1,-1,-1,-1
1187,31,1509,331,281,263,1,-1,-1,-1
1188,31,1509,331,281,263,1,-1,-1,-1
1189,31,1509,331,281,263,1,-1,-1,-1
1190,31,1509,331,281,263,1,-1,-1,-1
1191,31,1509,331,281,263,1,-1,-1,-1
1192,31,1509,331,281,263,1,-1,-1,-1
1193,31,1509,331,281,263,1,-1,-1,-1
1194,31,1508,331,281,264,1,-1,-1,-1
1195,31,1508,331,281,264,1,-1,-1,-1
1196,31,1508,331,281,264,1,-1,-1,-1
1197,31,1508,331,281,264,1,-1,-1,-1
1198,31,1508,331,280,263,1,-1,-1,-1
1199,31,1508,330,280,264,1,-1,-1,-1
1200,31,1508,330,281,264,1,-1,-1,-1
1201,31,1508,329,282,265,1,-1,-1,-1
1202,31,1507,329,283,265,1,-1,-1,-1
1203,31,1506,328,284,267,1,-1,-1,-1
1204,31,1506,328,284,267,1,-1,-1,-1
1205,31,1506,328,284,268,1,-1,-1,-1
1206,31,1507,328,282,267,1,-1,-1,-1
1207,31,1507,329,282,266,1,-1,-1,-1
1208,31,1508,329,281,266,1,-1,-1,-1
1209,31,1508,329,281,266,1,-1,-1,-1
1210,31,1507,330,282,265,1,-1,-1,-1
1211,31,1508,330,280,265,1,-1,-1,-1
1212,31,1507,331,281,265,1,-1,-1,-1
1213,31,1507,331,281,265,1,-1,-1,-1
1214,31,1507,332,281,264,1,-1,-1,-1
1215,31,1506,332,281,264,1,-1,-1,-1
1216,31,1506,332,281,264,1,-1,-1,-1
1217,31,1506,332,282,264,1,-1,-1,-1
1218,31,1507,332,281,264,1,-1,-1,-1
1219,31,1507,332,281,264,1,-1,-1,-1
1220,31,1507,332,281,264,1,-1,-1,-1
1221,31,1507,332,281,264,1,-1,-1,-1
1222,31,1507,331,282,264,1,-1,-1,-1
1223,31,1507,330,282,265,1,-1,-1,-1
1224,31,1506,330,283,265,1,-1,-1,-1
1225,31,1506,329,283,265,1,-1,-1,-1
1226,31,1506,329,283,265,1,-1,-1,-1
1227,31,1506,328,284,266,1,-1,-1,-1
1228,31,1506,328,284,266,1,-1,-1,-1
1229,31,1507,328,283,266,1,-1,-1,-1
1230,31,1507,328,283,266,1,-1,-1,-1
1231,31,1507,328,283,266,1,-1,-1,-1
1232,31,1507,330,282,265,1,-1,-1,-1
1233,31,1507,330,282,265,1,-1,-1,-1
1234,31,1506,330,282,265,1,-1,-1,-1
1235,31,1506,331,282,265,1,-1,-1,-1
1236,31,1506,331,282,265,1,-1,-1,-1
1237,31,1507,332,281,265,1,-1,-1,-1
1238,31,1507,332,281,265,1,-1,-1,-1
1239,31,1507,332,282,264,1,-1,-1,-1
1240,31,1507,332,282,264,1,-1,-1,-1
1241,31,1508,332,281,264,1,-1,-1,-1
1242,31,1508,332,281,264,1,-1,-1,-1
1243,31,1508,332,282,264,1,-1,-1,-1
1244,31,1507,333,283,263,1,-1,-1,-1
1245,31,1507,333,283,263,1,-1,-1,-1
1246,31,1507,333,283,264,1,-1,-1,-1
1247,31,1507,333,283,264,1,-1,-1,-1
1248,31,1506,333,283,264,1,-1,-1,-1
1249,31,1506,333,283,264,1,-1,-1,-1
1250,31,1505,333,284,264,1,-1,-1,-1
1251,31,1505,333,283,264,1,-1,-1,-1
1252,31,1505,333,283,264,1,-1,-1,-1
1253,31,1504,333,284,264,1,-1,-1,-1
1254,31,1505,333,284,264,1,-1,-1,-1
1255,31,1504,331,286,265,1,-1,-1,-1
1256,31,1504,331,286,265,1,-1,-1,-1
1257,31,1504,331,286,265,1,-1,-1,-1
1258,31,1504,330,286,265,1,-1,-1,-1
1259,31,1504,331,286,265,1,-1,-1,-1
1260,31,1504,331,286,265,1,-1,-1,-1
1261,31,1504,331,286,265,1,-1,-1,-1
1262,31,1504,331,286,266,1,-1,-1,-1
1263,31,1504,332,286,265,1,-1,-1,-1
1264,31,1504,332,286,266,1,-1,-1,-1
1265,31,1504,333,286,265,1,-1,-1,-1
1266,31,1504,333,286,265,1,-1,-1,-1
1267,31,1504,333,286,265,1,-1,-1,-1
1268,31,1504,333,286,265,1,-1,-1,-1
1269,31,1503,332,288,266,1,-1,-1,-1
1270,31,1503,332,288,266,1,-1,-1,-1
1271,31,1504,330,287,266,1,-1,-1,-1
1272,31,1505,330,287,266,1,-1,-1,-1
1273,31,1505,329,287,267,1,-1,-1,-1
1274,31,1505,329,287,266,1,-1,-1,-1
1275,31,1505,328,287,267,1,-1,-1,-1
1276,31,1505,328,287,266,1,-1,-1,-1
1277,31,1505,328,286,266,1,-1,-1,-1
1278,31,1505,328,286,266,1,-1,-1,-1
1279,31,1505,328,286,266,1,-1,-1,-1
1280,31,1506,328,285,266,1,-1,-1,-1
1281,31,1506,328,285,266,1,-1,-1,-1
1282,31,1506,328,286,266,1,-1,-1,-1
1283,31,1506,329,285,265,1,-1,-1,-1
1284,31,1507,329,284,265,1,-1,-1,-1
1285,31,1507,329,283,265,1,-1,-1,-1
1286,31,1507,330,283,264,1,-1,-1,-1
1287,31,1507,330,283,264,1,-1,-1,-1
1288,31,1507,331,283,263,1,-1,-1,-1
1289,31,1507,331,282,263,1,-1,-1,-1
1290,31,1507,331,282,263,1,-1,-1,-1
1291,31,1506,331,283,263,1,-1,-1,-1
1292,31,1506,331,283,263,1,-1,-1,-1
1293,31,1507,331,282,263,1,-1,-1,-1
1294,31,1507,331,282,263,1,-1,-1,-1
1295,31,1507,331,282,263,1,-1,-1,-1
1296,31,1507,331,282,263,1,-1,-1,-1
1297,31,1507,331,282,263,1,-1,-1,-1
1298,31,1507,331,281,263,1,-1,-1,-1
1299,31,1507,331,282,263,1,-1,-1,-1
1300,31,1507,331,282,263,1,-1,-1,-1
1301,31,1507,331,282,263,1,-1,-1,-1
1302,31,1508,331,281,263,1,-1,-1,-1
1303,31,1508,331,281,263,1,-1,-1,-1
1304,31,1508,331,281,263,1,-1,-1,-1
1305,31,1507,331,282,263,1,-1,-1,-1
1306,31,1507,331,282,263,1,-1,-1,-1
1307,31,1507,331,282,263,1,-1,-1,-1
1308,31,1507,331,282,263,1,-1,-1,-1
1309,31,1508,331,281,263,1,-1,-1,-1
1310,31,1508,331,282,263,1,-1,-1,-1
1311,31,1508,331,282,263,1,-1,-1,-1
1312,31,1508,331,281,263,1,-1,-1,-1
1313,31,1508,331,282,263,1,-1,-1,-1
1314,31,1508,331,282,263,1,-1,-1,-1
1315,31,1509,331,281,263,1,-1,-1,-1
1316,31,1509,331,281,263,1,-1,-1,-1
1317,31,1509,331,281,263,1,-1,-1,-1
1318,31,1509,331,281,263,1,-1,-1,-1
1319,31,1508,331,282,265,1,-1,-1,-1
1320,31,1508,331,282,265,1,-1,-1,-1
1321,31,1508,331,282,266,1,-1,-1,-1
1322,31,1509,332,280,264,1,-1,-1,-1
1323,31,1509,332,279,263,1,-1,-1,-1
1324,31,1509,332,279,263,1,-1,-1,-1
1325,31,1509,332,279,263,1,-1,-1,-1
1326,31,1509,332,278,262,1,-1,-1,-1
1327,31,1509,332,278,262,1,-1,-1,-1
1328,31,1509,332,278,262,1,-1,-1,-1
1329,31,1508,332,279,262,1,-1,-1,-1
1330,31,1508,332,279,262,1,-1,-1,-1
1331,31,1509,332,279,262,1,-1,-1,-1
1332,31,1509,332,279,262,1,-1,-1,-1
1333,31,1509,332,279,262,1,-1,-1,-1
1334,31,1509,332,279,263,1,-1,-1,-1
1335,31,1509,332,279,263,1,-1,-1,-1
1336,31,1509,333,279,263,1,-1,-1,-1
1337,31,1508,333,279,263,1,-1,-1,-1
1338,31,1508,334,279,263,1,-1,-1,-1
1339,31,1507,334,279,263,1,-1,-1,-1
1340,31,1507,335,279,263,1,-1,-1,-1
1341,31,1506,335,280,263,1,-1,-1,-1
1342,31,1505,333,281,265,1,-1,-1,-1
1343,31,1505,331,282,266,1,-1,-1,-1
1344,31,1505,331,283,266,1,-1,-1,-1
1345,31,1505,331,283,266,1,-1,-1,-1
1346,31,1505,330,284,267,1,-1,-1,-1
1347,31,1505,329,284,267,1,-1,-1,-1
1348,31,1505,329,284,267,1,-1,-1,-1
1349,31,1505,329,284,267,1,-1,-1,-1
1350,31,1505,329,284,266,1,-1,-1,-1
1351,31,1505,329,284,266,1,-1,-1,-1
1352,31,1505,330,282,265,1,-1,-1,-1
1353,31,1505,330,282,265,1,-1,-1,-1
1354,31,1504,330,283,266,1,-1,-1,-1
1355,31,1504,331,283,265,1,-1,-1,-1
1356,31,1505,331,282,265,1,-1,-1,-1
1357,31,1505,331,282,266,1,-1,-1,-1
1358,31,1506,332,282,265,1,-1,-1,-1
1359,31,1506,332,282,265,1,-1,-1,-1
1360,31,1505,332,283,265,1,-1,-1,-1
1361,31,1505,331,283,266,1,-1,-1,-1
1362,31,1504,331,284,266,1,-1,-1,-1
1363,31,1505,331,283,266,1,-1,-1,-1
1364,31,1505,331,283,266,1,-1,-1,-1
1365,31,1505,331,282,266,1,-1,-1,-1
1366,31,1505,332,282,265,1,-1,-1,-1
1367,31,1505,332,282,265,1,-1,-1,-1
1368,31,1505,332,282,265,1,-1,-1,-1
1369,31,1505,332,283,265,1,-1,-1,-1
1370,31,1505,332,284,265,1,-1,-1,-1
1371,31,1504,331,285,267,1,-1,-1,-1
1372,31,1504,331,285,267,1,-1,-1,-1
1373,31,1504,331,285,267,1,-1,-1,-1
1374,31,1504,330,285,268,1,-1,-1,-1
1375,31,1504,330,285,268,1,-1,-1,-1
1376,31,1504,330,285,268,1,-1,-1,-1
1377,31,1504,330,285,268,1,-1,-1,-1
1378,31,1504,330,285,268,1,-1,-1,-1
1379,31,1505,331,284,267,1,-1,-1,-1
1380,31,1504,331,284,267,1,-1,-1,-1
1381,31,1504,331,284,267,1,-1,-1,-1
1382,31,1505,332,282,266,1,-1,-1,-1
1383,31,1505,332,282,266,1,-1,-1,-1
1384,31,1505,333,282,265,1,-1,-1,-1
1385,31,1505,333,282,265,1,-1,-1,-1
1386,31,1505,333,282,265,1,-1,-1,-1
1387,31,1505,333,282,265,1,-1,-1,-1
1388,31,1505,333,282,265,1,-1,-1,-1
1389,31,1505,333,282,265,1,-1,-1,-1
1390,31,1505,332,282,265,1,-1,-1,-1
1391,31,1505,332,282,265,1,-1,-1,-1
1392,31,1505,332,282,265,1,-1,-1,-1
1393,31,1505,331,282,265,1,-1,-1,-1
1394,31,1504,331,284,265,1,-1,-1,-1
1395,31,1504,330,284,266,1,-1,-1,-1
1396,31,1504,331,283,265,1,-1,-1,-1
1397,31,1504,331,283,265,1,-1,-1,-1
1398,31,1504,331,284,266,1,-1,-1,-1
1399,31,1504,332,284,265,1,-1,-1,-1
1400,31,1504,332,284,265,1,-1,-1,-1
1401,31,1504,333,284,265,1,-1,-1,-1
1402,31,1505,333,282,265,1,-1,-1,-1
1403,31,1505,332,283,265,1,-1,-1,-1
1404,31,1505,332,283,265,1,-1,-1,-1
1405,31,1505,332,284,265,1,-1,-1,-1
1406,31,1505,331,284,265,1,-1,-1,-1
1407,31,1505,331,284,265,1,-1,-1,-1
1408,31,1504,330,286,267,1,-1,-1,-1
1409,31,1505,331,284,266,1,-1,-1,-1
1410,31,1504,331,285,266,1,-1,-1,-1
1411,31,1504,331,285,267,1,-1,-1,-1
1412,31,1504,331,285,267,1,-1,-1,-1
1413,31,1504,331,285,267,1,-1,-1,-1
1414,31,1504,332,285,266,1,-1,-1,-1
1415,31,1505,332,283,265,1,-1,-1,-1
1416,31,1505,332,283,265,1,-1,-1,-1
1417,31,1505,332,283,265,1,-1,-1,-1
1418,31,1505,331,283,265,1,-1,-1,-1
1419,31,1504,331,285,265,1,-1,-1,-1
1420,31,1505,331,284,265,1,-1,-1,-1
1421,31,1505,330,284,266,1,-1,-1,-1
1422,31,1504,330,286,267,1,-1,-1,-1
1423,31,1505,330,284,267,1,-1,-1,-1
1424,31,1505,330,284,267,1,-1,-1,-1
1425,31,1505,330,284,267,1,-1,-1,-1
1426,31,1505,330,284,266,1,-1,-1,-1
1427,31,1506,330,283,266,1,-1,-1,-1
1428,31,1506,330,283,265,1,-1,-1,-1
1429,31,1506,330,283,265,1,-1,-1,-1
1430,31,1506,330,283,265,1,-1,-1,-1
1431,31,1506,330,283,265,1,-1,-1,-1
1432,31,1506,330,284,265,1,-1,-1,-1
1433,31,1506,330,284,265,1,-1,-1,-1
1434,31,1506,330,283,265,1,-1,-1,-1
1435,31,1506,330,283,265,1,-1,-1,-1
1436,31,1505,330,284,265,1,-1,-1,-1
1437,31,1505,330,284,265,1,-1,-1,-1
1438,31,1506,330,283,265,1,-1,-1,-1
1439,31,1505,330,283,265,1,-1,-1,-1
1440,31,1505,330,283,265,1,-1,-1,-1
1441,31,1505,331,283,265,1,-1,-1,-1
1442,31,1505,331,283,265,1,-1,-1,-1
1443,31,1505,331,283,265,1,-1,-1,-1
1444,31,1504,332,284,265,1,-1,-1,-1
1445,31,1504,332,283,265,1,-1,-1,-1
1446,31,1504,331,284,266,1,-1,-1,-1
1447,31,1505,331,284,266,1,-1,-1,-1
1448,31,1505,331,284,266,1,-1,-1,-1
1449,31,1505,331,284,266,1,-1,-1,-1
1450,31,1505,331,284,266,1,-1,-1,-1
1451,31,1505,330,285,267,1,-1,-1,-1
1452,31,1505,330,286,267,1,-1,-1,-1
1453,31,1506,330,285,268,1,-1,-1,-1
1454,31,1505,330,287,268,1,-1,-1,-1
1455,31,1505,330,287,268,1,-1,-1,-1
1456,31,1505,330,287,269,1,-1,-1,-1
1457,31,1506,331,286,268,1,-1,-1,-1
1458,31,1506,331,285,268,1,-1,-1,-1
1459,31,1506,331,285,268,1,-1,-1,-1
1460,31,1505,332,286,267,1,-1,-1,-1
1461,31,1505,332,285,265,1,-1,-1,-1
1462,31,1505,330,290,271,1,-1,-1,-1
1463,31,1505,330,288,270,1,-1,-1,-1
1464,31,1505,330,286,268,1,-1,-1,-1
1465,31,1504,330,286,267,1,-1,-1,-1
1466,31,1504,330,286,267,1,-1,-1,-1
1467,31,1505,329,285,268,1,-1,-1,-1
1468,31,1505,330,285,267,1,-1,-1,-1
1469,31,1505,331,285,266,1,-1,-1,-1
1470,31,1505,331,285,266,1,-1,-1,-1
1471,31,1506,332,283,265,1,-1,-1,-1
1472,31,1507,332,282,265,1,-1,-1,-1
1473,31,1507,333,282,264,1,-1,-1,-1
1474,31,1507,333,283,264,1,-1,-1,-1
1475,31,1507,332,284,265,1,-1,-1,-1
1476,31,1506,332,285,265,1,-1,-1,-1
1477,31,1506,332,284,265,1,-1,-1,-1
1478,31,1506,331,285,266,1,-1,-1,-1
1479,31,1506,331,284,266,1,-1,-1,-1
1480,31,1506,331,285,266,1,-1,-1,-1
1481,31,1507,331,284,266,1,-1,-1,-1
1482,31,1507,331,284,266,1,-1,-1,-1
1483,31,1508,332,283,265,1,-1,-1,-1
1484,31,1507,330,290,270,1,-1,-1,-1
1485,31,1507,331,288,269,1,-1,-1,-1
1486,31,1507,333,286,266,1,-1,-1,-1
1487,31,1508,333,284,265,1,-1,-1,-1
1488,31,1508,334,283,264,1,-1,-1,-1
1489,31,1507,332,289,269,1,-1,-1,-1
1490,31,1506,330,293,273,1,-1,-1,-1
1491,31,1506,330,295,275,1,-1,-1,-1
1492,31,1506,329,297,277,1,-1,-1,-1
1493,31,1506,329,298,277,1,-1,-1,-1
1494,31,1505,328,298,279,1,-1,-1,-1
1495,31,1505,328,298,279,1,-1,-1,-1
1496,31,1506,328,297,279,1,-1,-1,-1
1497,31,1506,328,297,279,1,-1,-1,-1
1498,31,1506,328,297,279,1,-1,-1,-1
1499,31,1505,330,290,272,1,-1,-1,-1
1500,31,1505,329,290,272,1,-1,-1,-1
1501,31,1505,329,290,272,1,-1,-1,-1
1502,31,1506,328,289,272,1,-1,-1,-1
1503,31,1505,328,290,272,1,-1,-1,-1
1504,31,1506,330,286,269,1,-1,-1,-1
1505,31,1506,332,284,267,1,-1,-1,-1
1506,31,1506,332,283,266,1,-1,-1,-1
1507,31,1506,331,285,268,1,-1,-1,-1
1508,31,1506,329,287,271,1,-1,-1,-1
1509,31,1506,329,291,274,1,-1,-1,-1
1510,31,1507,329,293,276,1,-1,-1,-1
1511,31,1507,328,294,277,1,-1,-1,-1
1512,31,1506,328,295,278,1,-1,-1,-1
1513,31,1507,328,294,279,1,-1,-1,-1
1514,31,1507,331,289,272,1,-1,-1,-1
1515,31,1507,331,290,273,1,-1,-1,-1
1516,31,1507,332,286,270,1,-1,-1,-1
1517,31,1507,333,283,267,1,-1,-1,-1
1518,31,1507,334,281,265,1,-1,-1,-1
1519,31,1507,334,281,264,1,-1,-1,-1
1520,31,1507,334,281,264,1,-1,-1,-1
1521,31,1506,334,282,264,1,-1,-1,-1
1522,31,1506,333,283,265,1,-1,-1,-1
1523,31,1506,333,283,265,1,-1,-1,-1
1524,31,1506,333,283,264,1,-1,-1,-1
1525,31,1505,333,284,264,1,-1,-1,-1
1526,31,1505,333,284,264,1,-1,-1,-1
1527,31,1505,333,284,264,1,-1,-1,-1
1528,31,1504,333,285,264,1,-1,-1,-1
1529,31,1504,330,292,271,1,-1,-1,-1
1530,31,1504,328,296,276,1,-1,-1,-1
1531,31,1502,330,292,271,1,-1,-1,-1
1532,31,1501,331,288,268,1,-1,-1,-1
1533,31,1500,332,286,265,1,-1,-1,-1
1534,31,1500,332,285,265,1,-1,-1,-1
1535,31,1502,331,291,269,1,-1,-1,-1
1536,31,1502,328,297,275,1,-1,-1,-1
1537,31,1504,328,298,276,1,-1,-1,-1
1538,31,1504,327,300,278,1,-1,-1,-1
1539,31,1505,327,300,279,1,-1,-1,-1
1540,31,1505,327,301,279,1,-1,-1,-1
1541,31,1504,327,301,279,1,-1,-1,-1
1542,31,1504,327,301,280,1,-1,-1,-1
1543,31,1505,327,300,280,1,-1,-1,-1
1544,31,1505,327,300,280,1,-1,-1,-1
1545,31,1505,327,300,280,1,-1,-1,-1
1546,31,1506,327,298,279,1,-1,-1,-1
1547,31,1505,329,293,273,1,-1,-1,-1
1548,31,1506,331,287,268,1,-1,-1,-1
1549,31,1506,332,284,266,1,-1,-1,-1
1550,31,1506,332,283,265,1,-1,-1,-1
1551,31,1506,333,282,263,1,-1,-1,-1
1552,31,1507,334,281,262,1,-1,-1,-1
1553,31,1507,334,281,262,1,-1,-1,-1
1554,31,1507,334,281,262,1,-1,-1,-1
1555,31,1507,334,282,262,1,-1,-1,-1
1556,31,1507,334,282,262,1,-1,-1,-1
1557,31,1507,334,282,262,1,-1,-1,-1
1558,31,1507,334,282,262,1,-1,-1,-1
1559,31,1506,334,283,262,1,-1,-1,-1
1560,31,1506,332,289,268,1,-1,-1,-1
1561,31,1506,331,293,272,1,-1,-1,-1
1562,31,1506,330,296,275,1,-1,-1,-1
1563,31,1503,330,296,276,1,-1,-1,-1
1564,31,1501,330,297,276,1,-1,-1,-1
1565,31,1499,330,297,276,1,-1,-1,-1
1566,31,1502,330,296,276,1,-1,-1,-1
1567,31,1504,332,291,270,1,-1,-1,-1
1568,31,1506,331,292,272,1,-1,-1,-1
1569,31,1504,328,294,275,1,-1,-1,-1
1570,31,1502,326,296,277,1,-1,-1,-1
1571,31,1502,326,295,276,1,-1,-1,-1
1572,31,1503,329,291,271,1,-1,-1,-1
1573,31,1505,332,286,268,1,-1,-1,-1
1574,31,1506,333,284,266,1,-1,-1,-1
1575,31,1507,333,283,266,1,-1,-1,-1
1576,31,1507,333,284,266,1,-1,-1,-1
1577,31,1505,333,285,266,1,-1,-1,-1
1578,31,1504,333,285,266,1,-1,-1,-1
1579,31,1505,333,284,265,1,-1,-1,-1
1580,31,1505,333,284,265,1,-1,-1,-1
1581,31,1504,333,286,266,1,-1,-1,-1
1582,31,1505,333,285,266,1,-1,-1,-1
1583,31,1503,329,290,272,1,-1,-1,-1
1584,31,1501,327,295,275,1,-1,-1,-1
1585,31,1500,325,297,277,1,-1,-1,-1
1586,31,1500,324,297,279,1,-1,-1,-1
1587,31,1500,324,297,279,1,-1,-1,-1
1588,31,1503,328,291,273,1,-1,-1,-1
1589,31,1506,331,286,268,1,-1,-1,-1
1590,31,1507,332,284,267,1,-1,-1,-1
1591,31,1508,333,282,265,1,-1,-1,-1
1592,31,1508,333,282,265,1,-1,-1,-1
1593,31,1508,334,282,264,1,-1,-1,-1
1594,31,1508,334,282,264,1,-1,-1,-1
1595,31,1508,334,282,264,1,-1,-1,-1
1596,31,1509,334,281,264,1,-1,-1,-1
1597,31,1508,331,286,269,1,-1,-1,-1
1598,31,1508,331,285,268,1,-1,-1,-1
1599,31,1506,329,292,273,1,-1,-1,-1
1600,31,1507,330,290,271,1,-1,-1,-1
1601,31,1507,331,287,268,1,-1,-1,-1
1602,31,1508,331,284,266,1,-1,-1,-1
1603,31,1508,331,284,266,1,-1,-1,-1
1604,31,1507,329,290,271,1,-1,-1,-1
1605,31,1509,330,287,269,1,-1,-1,-1
1606,31,1508,329,291,273,1,-1,-1,-1
1607,31,1508,328,294,276,1,-1,-1,-1
1608,31,1510,330,289,271,1,-1,-1,-1
1609,31,1511,331,284,268,1,-1,-1,-1
1610,31,1510,330,288,271,1,-1,-1,-1
1611,31,1508,329,292,274,1,-1,-1,-1
1612,31,1507,328,294,277,1,-1,-1,-1
1613,31,1507,328,295,278,1,-1,-1,-1
1614,31,1507,328,295,279,1,-1,-1,-1
1615,31,1507,328,295,279,1,-1,-1,-1
1616,31,1507,328,292,277,1,-1,-1,-1
1617,31,1506,331,287,271,1,-1,-1,-1
1618,31,1507,331,288,273,1,-1,-1,-1
1619,31,1507,331,288,272,1,-1,-1,-1
1620,31,1507,331,287,272,1,-1,-1,-1
1621,31,1508,332,284,269,1,-1,-1,-1
1622,31,1507,332,282,267,1,-1,-1,-1
1623,31,1504,329,287,272,1,-1,-1,-1
1624,31,1506,329,288,273,1,-1,-1,-1
1625,31,1508,330,287,271,1,-1,-1,-1
1626,31,1510,330,284,269,1,-1,-1,-1
1627,31,1510,332,282,267,1,-1,-1,-1
1628,31,1509,332,283,268,1,-1,-1,-1
1629,31,1510,332,283,268,1,-1,-1,-1
1630,31,1511,332,281,267,1,-1,-1,-1
1631,31,1511,333,282,268,1,-1,-1,-1
1632,31,1513,333,282,268,1,-1,-1,-1
1633,31,1518,335,279,266,1,-1,-1,-1
1634,31,1518,334,280,267,1,-1,-1,-1
1635,31,1517,334,281,270,1,-1,-1,-1
1636,31,1517,334,281,270,1,-1,-1,-1
1637,31,1518,334,279,270,1,-1,-1,-1
1638,31,1518,335,279,269,1,-1,-1,-1
1639,31,1519,334,278,270,1,-1,-1,-1
1640,31,1519,334,277,269,1,-1,-1,-1
1641,31,1518,334,275,268,1,-1,-1,-1
1642,31,1517,334,274,268,1,-1,-1,-1
1643,31,1517,334,273,266,1,-1,-1,-1
1644,31,1517,334,271,266,1,-1,-1,-1
1645,31,1517,334,271,266,1,-1,-1,-1
1646,31,1519,334,271,268,1,-1,-1,-1
1647,31,1520,335,270,267,1,-1,-1,-1
1648,31,1520,335,270,267,1,-1,-1,-1
1649,31,1519,334,271,268,1,-1,-1,-1
1650,31,1519,334,271,268,1,-1,-1,-1
1651,31,1520,334,270,268,1,-1,-1,-1
1652,31,1520,333,270,270,1,-1,-1,-1
1653,31,1519,333,271,270,1,-1,-1,-1
1654,31,1519,332,271,271,1,-1,-1,-1
1655,31,1520,333,269,270,1,-1,-1,-1
1656,31,1520,333,269,270,1,-1,-1,-1
1657,31,1521,333,267,270,1,-1,-1,-1
1658,31,1521,334,267,269,1,-1,-1,-1
1659,31,1522,334,265,268,1,-1,-1,-1
1660,31,1522,335,265,267,1,-1,-1,-1
1661,31,1523,335,264,266,1,-1,-1,-1
1662,31,1523,335,264,266,1,-1,-1,-1
1663,31,1523,335,264,266,1,-1,-1,-1
1664,31,1522,335,264,266,1,-1,-1,-1
1665,31,1522,335,264,266,1,-1,-1,-1
1666,31,1523,335,264,266,1,-1,-1,-1
1667,31,1525,335,263,266,1,-1,-1,-1
1668,31,1526,335,263,266,1,-1,-1,-1
1669,31,1527,335,262,266,1,-1,-1,-1
1670,31,1526,335,263,265,1,-1,-1,-1
1671,31,1525,335,262,265,1,-1,-1,-1
1672,31,1524,335,262,265,1,-1,-1,-1
1673,31,1526,336,260,264,1,-1,-1,-1
1674,31,1526,336,259,264,1,-1,-1,-1
1675,31,1525,336,259,263,1,-1,-1,-1
1676,31,1525,337,258,262,1,-1,-1,-1
1677,31,1524,337,258,261,1,-1,-1,-1
1678,31,1523,337,258,260,1,-1,-1,-1
1679,31,1522,337,259,261,1,-1,-1,-1
1680,31,1522,336,260,262,1,-1,-1,-1
1681,31,1522,337,259,260,1,-1,-1,-1
1682,31,1521,337,259,260,1,-1,-1,-1
1683,31,1519,338,261,259,1,-1,-1,-1
1684,31,1518,338,261,259,1,-1,-1,-1
1685,31,1518,338,261,259,1,-1,-1,-1
1686,31,1518,339,262,258,1,-1,-1,-1
1687,31,1517,338,264,259,1,-1,-1,-1
1688,31,1516,336,267,261,1,-1,-1,-1
1689,31,1515,335,268,262,1,-1,-1,-1
1690,31,1514,335,270,262,1,-1,-1,-1
1691,31,1513,334,271,263,1,-1,-1,-1
1692,31,1511,334,276,267,1,-1,-1,-1
1693,31,1510,334,279,270,1,-1,-1,-1
1694,31,1509,334,281,271,1,-1,-1,-1
1695,31,1509,335,281,271,1,-1,-1,-1
1696,31,1511,336,277,266,1,-1,-1,-1
1697,31,1510,336,278,267,1,-1,-1,-1
1698,31,1509,336,280,269,1,-1,-1,-1
1699,31,1508,335,283,270,1,-1,-1,-1
1700,31,1508,335,284,271,1,-1,-1,-1
1701,31,1507,335,285,272,1,-1,-1,-1
1702,31,1507,334,285,273,1,-1,-1,-1
1703,31,1507,334,286,273,1,-1,-1,-1
1704,31,1507,334,286,273,1,-1,-1,-1
1705,31,1507,333,286,274,1,-1,-1,-1
1706,31,1506,333,286,274,1,-1,-1,-1
1707,31,1504,333,288,274,1,-1,-1,-1
1708,31,1506,334,283,270,1,-1,-1,-1
1709,31,1508,335,279,266,1,-1,-1,-1
1710,31,1509,335,278,265,1,-1,-1,-1
1711,31,1510,335,277,264,1,-1,-1,-1
1712,31,1510,335,277,263,1,-1,-1,-1
1713,31,1509,335,278,262,1,-1,-1,-1
1714,31,1509,335,278,262,1,-1,-1,-1
1715,31,1508,334,280,264,1,-1,-1,-1
1716,31,1508,334,280,264,1,-1,-1,-1
1717,31,1507,333,281,265,1,-1,-1,-1
1718,31,1507,333,281,265,1,-1,-1,-1
1719,31,1507,333,282,265,1,-1,-1,-1
1720,31,1507,333,281,265,1,-1,-1,-1
1721,31,1507,333,281,265,1,-1,-1,-1
1722,31,1507,333,282,265,1,-1,-1,-1
1723,31,1507,333,281,264,1,-1,-1,-1
1724,31,1507,333,282,265,1,-1,-1,-1
1725,31,1506,333,283,265,1,-1,-1,-1
1726,31,1506,333,284,265,1,-1,-1,-1
1727,31,1507,333,283,265,1,-1,-1,-1
1728,31,1507,333,284,265,1,-1,-1,-1
1729,31,1507,334,284,264,1,-1,-1,-1
1730,31,1507,334,284,264,1,-1,-1,-1
1731,31,1507,334,284,264,1,-1,-1,-1
1732,31,1508,335,282,263,1,-1,-1,-1
1733,31,1508,335,282,263,1,-1,-1,-1
1734,31,1507,336,284,263,1,-1,-1,-1
1735,31,1507,336,284,263,1,-1,-1,-1
1736,31,1506,335,284,264,1,-1,-1,-1
1737,31,1506,335,285,264,1,-1,-1,-1
1738,31,1507,335,284,264,1,-1,-1,-1
1739,31,1506,335,285,264,1,-1,-1,-1
1740,31,1504,334,289,268,1,-1,-1,-1
1741,31,1502,333,293,272,1,-1,-1,-1
1742,31,1500,333,296,274,1,-1,-1,-1
1743,31,1502,333,292,271,1,-1,-1,-1
1744,31,1505,334,288,268,1,-1,-1,-1
1745,31,1506,334,286,266,1,-1,-1,-1
1746,31,1504,334,290,269,1,-1,-1,-1
1747,31,1505,334,287,267,1,-1,-1,-1
1748,31,1503,333,291,270,1,-1,-1,-1
1749,31,1502,333,293,272,1,-1,-1,-1
1750,31,1502,333,293,273,1,-1,-1,-1
1751,31,1501,332,295,275,1,-1,-1,-1
1752,31,1500,332,296,276,1,-1,-1,-1
1753,31,1500,331,296,277,1,-1,-1,-1
1754,31,1501,331,295,277,1,-1,-1,-1
1755,31,1500,331,296,277,1,-1,-1,-1
1756,31,1500,331,295,277,1,-1,-1,-1
1757,31,1501,331,295,277,1,-1,-1,-1
1758,31,1501,331,295,277,1,-1,-1,-1
1759,31,1501,331,295,277,1,-1,-1,-1
1760,31,1501,331,294,277,1,-1,-1,-1
1761,31,1501,331,294,277,1,-1,-1,-1
1762,31,1501,331,294,277,1,-1,-1,-1
1763,31,1501,331,294,277,1,-1,-1,-1
1764,31,1502,331,292,277,1,-1,-1,-1
1765,31,1502,331,292,277,1,-1,-1,-1
1766,31,1502,332,292,276,1,-1,-1,-1
1767,31,1502,332,292,276,1,-1,-1,-1
1768,31,1502,332,292,276,1,-1,-1,-1
1769,31,1503,333,290,275,1,-1,-1,-1
1770,31,1503,333,290,275,1,-1,-1,-1
1771,31,1503,334,290,274,1,-1,-1,-1
1772,31,1503,334,290,274,1,-1,-1,-1
1773,31,1503,334,290,274,1,-1,-1,-1
1774,31,1503,334,290,274,1,-1,-1,-1
1775,31,1503,334,290,274,1,-1,-1,-1
1776,31,1503,334,290,274,1,-1,-1,-1
1777,31,1503,334,290,273,1,-1,-1,-1
1778,31,1503,334,289,273,1,-1,-1,-1
1779,31,1503,334,289,273,1,-1,-1,-1
1780,31,1504,334,288,272,1,-1,-1,-1
1781,31,1504,334,288,272,1,-1,-1,-1
1782,31,1503,334,290,273,1,-1,-1,-1
1783,31,1503,334,290,273,1,-1,-1,-1
1784,31,1503,334,290,273,1,-1,-1,-1
1785,31,1503,334,290,274,1,-1,-1,-1
1786,31,1503,334,290,274,1,-1,-1,-1
1787,31,1505,334,285,270,1,-1,-1,-1
1788,31,1507,335,281,266,1,-1,-1,-1
1789,31,1509,336,278,263,1,-1,-1,-1
1790,31,1506,335,283,267,1,-1,-1,-1
1791,31,1507,335,282,266,1,-1,-1,-1
1792,31,1508,336,280,264,1,-1,-1,-1
1793,31,1509,336,278,263,1,-1,-1,-1
1794,31,1509,336,278,262,1,-1,-1,-1
1795,31,1509,337,278,261,1,-1,-1,-1
1796,31,1509,337,278,261,1,-1,-1,-1
1797,31,1509,337,278,261,1,-1,-1,-1
1798,31,1506,335,284,266,1,-1,-1,-1
1799,31,1505,335,286,268,1,-1,-1,-1
1800,31,1505,335,287,269,1,-1,-1,-1
1801,31,1504,334,289,271,1,-1,-1,-1
1802,31,1504,334,289,271,1,-1,-1,-1
1803,31,1504,334,288,272,1,-1,-1,-1
1804,31,1504,334,288,271,1,-1,-1,-1
1805,31,1504,334,288,271,1,-1,-1,-1
1806,31,1505,335,286,270,1,-1,-1,-1
1807,31,1505,335,286,270,1,-1,-1,-1
1808,31,1505,335,286,270,1,-1,-1,-1
1809,31,1505,336,286,269,1,-1,-1,-1
1810,31,1505,336,286,270,1,-1,-1,-1
1811,31,1505,336,286,270,1,-1,-1,-1
1812,31,1505,336,286,270,1,-1,-1,-1
1813,31,1505,335,286,271,1,-1,-1,-1
1814,31,1505,335,286,271,1,-1,-1,-1
1815,31,1505,335,286,271,1,-1,-1,-1
1816,31,1505,334,286,272,1,-1,-1,-1
1817,31,1505,334,286,272,1,-1,-1,-1
1818,31,1505,334,286,272,1,-1,-1,-1
1819,31,1505,334,286,272,1,-1,-1,-1
1820,31,1505,334,286,272,1,-1,-1,-1
1821,31,1505,334,286,272,1,-1,-1,-1
1822,31,1505,334,286,272,1,-1,-1,-1
1823,31,1505,334,286,272,1,-1,-1,-1
1824,31,1506,334,285,272,1,-1,-1,-1
1825,31,1505,334,286,272,1,-1,-1,-1
1826,31,1505,334,286,272,1,-1,-1,-1
1827,31,1505,333,286,273,1,-1,-1,-1
1828,31,1506,334,285,272,1,-1,-1,-1
1829,31,1506,334,285,272,1,-1,-1,-1
1830,31,1506,334,285,272,1,-1,-1,-1
1831,31,1506,334,284,272,1,-1,-1,-1
1832,31,1506,335,285,271,1,-1,-1,-1
1833,31,1506,334,285,272,1,-1,-1,-1
1834,31,1506,334,285,271,1,-1,-1,-1
1835,31,1506,334,284,271,1,-1,-1,-1
1836,31,1505,334,285,271,1,-1,-1,-1
1837,31,1505,334,285,271,1,-1,-1,-1
1838,31,1504,334,286,271,1,-1,-1,-1
1839,31,1504,334,286,272,1,-1,-1,-1
1840,31,1504,333,286,273,1,-1,-1,-1
1841,31,1504,333,286,272,1,-1,-1,-1
1842,31,1504,332,286,273,1,-1,-1,-1
1843,31,1504,332,286,273,1,-1,-1,-1
1844,31,1504,332,286,272,1,-1,-1,-1
1845,31,1505,332,285,272,1,-1,-1,-1
1846,31,1505,332,285,272,1,-1,-1,-1
1847,31,1506,333,282,269,1,-1,-1,-1
1848,31,1507,333,279,266,1,-1,-1,-1
1849,31,1508,333,277,265,1,-1,-1,-1
1850,31,1508,334,277,263,1,-1,-1,-1
1851,31,1508,334,276,263,1,-1,-1,-1
1852,31,1508,335,276,262,1,-1,-1,-1
1853,31,1508,335,277,262,1,-1,-1,-1
1854,31,1506,334,281,267,1,-1,-1,-1
1855,31,1505,334,284,269,1,-1,-1,-1
1856,31,1505,334,284,270,1,-1,-1,-1
1857,31,1504,333,287,272,1,-1,-1,-1
1858,31,1504,333,287,273,1,-1,-1,-1
1859,31,1504,332,287,274,1,-1,-1,-1
1860,31,1503,332,288,274,1,-1,-1,-1
1861,31,1503,332,288,274,1,-1,-1,-1
1862,31,1503,332,288,274,1,-1,-1,-1
1863,31,1502,331,289,275,1,-1,-1,-1
1864,31,1502,332,288,274,1,-1,-1,-1
1865,31,1503,332,286,273,1,-1,-1,-1
1866,31,1503,332,286,273,1,-1,-1,-1
1867,31,1503,332,286,273,1,-1,-1,-1
1868,31,1503,332,286,273,1,-1,-1,-1
1869,31,1503,332,286,273,1,-1,-1,-1
1870,31,1503,332,287,273,1,-1,-1,-1
1871,31,1505,333,283,268,1,-1,-1,-1
1872,31,1508,334,279,265,1,-1,-1,-1
1873,31,1509,334,277,264,1,-1,-1,-1
1874,31,1509,335,276,262,1,-1,-1,-1
1875,31,1508,334,278,263,1,-1,-1,-1
1876,31,1507,334,278,263,1,-1,-1,-1
1877,31,1507,334,279,263,1,-1,-1,-1
1878,31,1506,334,280,263,1,-1,-1,-1
1879,31,1505,333,282,265,1,-1,-1,-1
1880,31,1505,333,282,265,1,-1,-1,-1
1881,31,1506,333,281,265,1,-1,-1,-1
1882,31,1506,333,281,264,1,-1,-1,-1
1883,31,1506,333,282,266,1,-1,-1,-1
1884,31,1505,335,281,263,1,-1,-1,-1
1885,31,1507,335,281,264,1,-1,-1,-1
1886,31,1508,336,284,265,1,-1,-1,-1
1887,31,1510,335,285,267,1,-1,-1,-1
1888,31,1510,335,287,268,1,-1,-1,-1
1889,31,1509,335,290,270,1,-1,-1,-1
1890,31,1509,335,290,270,1,-1,-1,-1
1891,31,1511,337,289,269,1,-1,-1,-1
1892,31,1511,338,291,270,1,-1,-1,-1
1893,31,1512,338,294,273,1,-1,-1,-1
1894,31,1513,339,295,273,1,-1,-1,-1
1895,31,1515,340,295,273,1,-1,-1,-1
1896,31,1518,343,292,269,1,-1,-1,-1
1897,31,1520,347,288,266,1,-1,-1,-1
1898,31,1519,349,289,265,1,-1,-1,-1
1899,31,1520,352,289,263,1,-1,-1,-1
1900,31,1523,353,295,268,1,-1,-1,-1
1901,31,1526,355,298,270,1,-1,-1,-1
1902,31,1530,357,302,272,1,-1,-1,-1
1903,31,1535,358,303,272,1,-1,-1,-1
1904,31,1538,360,306,272,1,-1,-1,-1
1905,31,1547,363,304,269,1,-1,-1,-1
1906,31,1553,364,306,270,1,-1,-1,-1
1907,31,1559,364,311,273,1,-1,-1,-1
1908,31,1564,364,313,272,1,-1,-1,-1
1909,31,1574,364,318,274,1,-1,-1,-1
1910,31,1582,363,324,277,1,-1,-1,-1
1911,31,1591,364,331,280,1,-1,-1,-1
1912,31,1601,366,338,284,1,-1,-1,-1
1913,31,1608,366,347,288,1,-1,-1,-1
1914,31,1617,367,353,290,1,-1,-1,-1
1915,31,1626,369,356,290,1,-1,-1,-1
1916,31,1633,370,362,292,1,-1,-1,-1
1917,31,1641,371,369,296,1,-1,-1,-1
1918,31,1649,373,379,298,1,-1,-1,-1
1919,31,1662,374,384,300,1,-1,-1,-1
1920,31,1679,376,388,300,1,-1,-1,-1
1921,31,1698,377,397,304,1,-1,-1,-1
1922,31,1716,378,406,307,1,-1,-1,-1
1923,31,1731,378,416,310,1,-1,-1,-1
1924,31,1747,382,420,310,1,-1,-1,-1
1925,31,1765,385,426,311,1,-1,-1,-1
1926,31,1782,386,434,313,1,-1,-1,-1
1927,31,1798,386,445,317,1,-1,-1,-1
1928,31,1815,387,451,318,1,-1,-1,-1
1929,31,1839,390,458,320,1,-1,-1,-1
1930,31,1859,393,466,321,1,-1,-1,-1
1931,31,1874,395,471,321,1,-1,-1,-1
1932,31,1885,395,475,322,1,-1,-1,-1
1933,31,1912,399,478,320,1,-1,-1,-1
1934,31,1936,402,481,320,1,-1,-1,-1
1935,31,1964,410,478,315,1,-1,-1,-1
1936,31,1989,409,485,316,1,-1,-1,-1
1937,31,2014,411,489,317,1,-1,-1,-1
1938,31,2038,415,489,315,1,-1,-1,-1
1939,31,2057,419,492,315,1,-1,-1,-1
1940,31,2070,422,494,314,1,-1,-1,-1
1941,31,2076,421,501,318,1,-1,-1,-1
1942,31,2086,423,506,319,1,-1,-1,-1
1943,31,2096,425,506,319,1,-1,-1,-1
1944,31,2105,425,509,322,1,-1,-1,-1
1945,31,2118,426,511,323,1,-1,-1,-1
1946,31,2134,428,512,323,1,-1,-1,-1
1959,31,2283,432,300,190,1,-1,-1,-1
1960,31,2284,433,290,184,1,-1,-1,-1
1961,31,2289,433,282,180,1,-1,-1,-1
1962,31,2292,433,277,179,1,-1,-1,-1
1963,31,2292,433,276,178,1,-1,-1,-1
1964,31,2293,433,274,179,1,-1,-1,-1
1965,31,2293,434,273,178,1,-1,-1,-1
1966,31,2293,434,272,178,1,-1,-1,-1
1967,31,2293,433,272,179,1,-1,-1,-1
1968,31,2291,432,275,182,1,-1,-1,-1
1969,31,2290,432,275,182,1,-1,-1,-1
1970,31,2290,432,275,183,1,-1,-1,-1
1971,31,2290,431,276,184,1,-1,-1,-1
1972,31,2290,431,275,184,1,-1,-1,-1
1973,31,2290,430,275,185,1,-1,-1,-1
1974,31,2291,430,274,185,1,-1,-1,-1
1975,31,2292,431,272,184,1,-1,-1,-1
1976,31,2292,431,271,184,1,-1,-1,-1
1977,31,2292,431,270,184,1,-1,-1,-1
1978,31,2292,431,270,184,1,-1,-1,-1
1979,31,2292,432,270,183,1,-1,-1,-1
1980,31,2293,432,268,183,1,-1,-1,-1
1981,31,2293,432,268,182,1,-1,-1,-1
1982,31,2294,432,266,182,1,-1,-1,-1
1983,31,2294,432,266,182,1,-1,-1,-1
1984,31,2295,433,265,181,1,-1,-1,-1
1985,31,2295,433,265,182,1,-1,-1,-1
1986,31,2295,433,265,182,1,-1,-1,-1
1987,31,2295,433,265,182,1,-1,-1,-1
1988,31,2295,433,265,182,1,-1,-1,-1
1989,31,2294,433,266,182,1,-1,-1,-1
1990,31,2295,433,264,182,1,-1,-1,-1
1991,31,2295,433,264,182,1,-1,-1,-1
1992,31,2295,433,264,181,1,-1,-1,-1
1993,31,2295,433,264,181,1,-1,-1,-1
1994,31,2295,433,264,182,1,-1,-1,-1
1995,31,2295,433,264,182,1,-1,-1,-1
1996,31,2295,433,264,182,1,-1,-1,-1
1997,31,2295,433,264,182,1,-1,-1,-1
1998,31,2295,433,264,182,1,-1,-1,-1
1999,31,2295,433,265,183,1,-1,-1,-1
2000,31,2295,433,265,183,1,-1,-1,-1
2001,31,2295,433,265,183,1,-1,-1,-1
2002,31,2296,433,263,183,1,-1,-1,-1
2003,31,2296,433,264,183,1,-1,-1,-1
2004,31,2296,434,264,183,1,-1,-1,-1
2005,31,2296,434,264,183,1,-1,-1,-1
2006,31,2296,434,264,183,1,-1,-1,-1
2007,31,2296,434,264,183,1,-1,-1,-1
2008,31,2296,433,265,184,1,-1,-1,-1
2009,31,2296,433,264,184,1,-1,-1,-1
2010,31,2296,433,265,184,1,-1,-1,-1
2011,31,2296,432,264,184,1,-1,-1,-1
2012,31,2296,432,264,184,1,-1,-1,-1
2013,31,2296,431,264,185,1,-1,-1,-1
2014,31,2296,431,264,185,1,-1,-1,-1
2015,31,2295,431,265,185,1,-1,-1,-1
2016,31,2296,431,264,186,1,-1,-1,-1
2017,31,2295,431,265,186,1,-1,-1,-1
2018,31,2294,431,267,186,1,-1,-1,-1
2019,31,2294,431,267,186,1,-1,-1,-1
2020,31,2294,430,267,188,1,-1,-1,-1
2021,31,2294,430,267,188,1,-1,-1,-1
2022,31,2294,430,267,189,1,-1,-1,-1
2023,31,2294,430,267,189,1,-1,-1,-1
2024,31,2295,430,265,188,1,-1,-1,-1
2025,31,2295,430,265,188,1,-1,-1,-1
2026,31,2295,430,265,188,1,-1,-1,-1
2027,31,2296,431,263,186,1,-1,-1,-1
2028,31,2296,431,263,186,1,-1,-1,-1
2029,31,2297,431,261,185,1,-1,-1,-1
2030,31,2298,432,259,184,1,-1,-1,-1
2031,31,2298,432,259,183,1,-1,-1,-1
2032,31,2298,433,259,182,1,-1,-1,-1
2033,31,2298,433,259,182,1,-1,-1,-1
2034,31,2298,433,259,182,1,-1,-1,-1
2035,31,2298,433,259,182,1,-1,-1,-1
2036,31,2298,433,259,182,1,-1,-1,-1
2037,31,2298,433,259,182,1,-1,-1,-1
2038,31,2298,433,259,182,1,-1,-1,-1
2039,31,2297,433,261,183,1,-1,-1,-1
2040,31,2297,433,261,183,1,-1,-1,-1
2041,31,2297,433,261,183,1,-1,-1,-1
2042,31,2297,433,261,184,1,-1,-1,-1
2043,31,2297,434,261,183,1,-1,-1,-1
2044,31,2297,434,261,184,1,-1,-1,-1
2045,31,2297,434,261,184,1,-1,-1,-1
2046,31,2297,434,261,184,1,-1,-1,-1
2047,31,2297,434,261,184,1,-1,-1,-1
2048,31,2296,432,263,186,1,-1,-1,-1
2049,31,2295,432,264,186,1,-1,-1,-1
2050,31,2295,432,264,186,1,-1,-1,-1
2051,31,2294,431,266,187,1,-1,-1,-1
2052,31,2294,431,266,187,1,-1,-1,-1
2053,31,2294,430,266,188,1,-1,-1,-1
2054,31,2294,430,266,188,1,-1,-1,-1
2055,31,2294,430,265,188,1,-1,-1,-1
2056,31,2295,430,264,188,1,-1,-1,-1
2057,31,2295,430,264,188,1,-1,-1,-1
2058,31,2295,430,264,187,1,-1,-1,-1
2059,31,2295,430,264,187,1,-1,-1,-1
2060,31,2295,430,264,187,1,-1,-1,-1
2061,31,2295,430,264,186,1,-1,-1,-1
2062,31,2295,430,264,186,1,-1,-1,-1
2063,31,2296,432,262,185,1,-1,-1,-1
2064,31,2296,432,262,185,1,-1,-1,-1
2065,31,2297,432,261,185,1,-1,-1,-1
2066,31,2297,433,261,185,1,-1,-1,-1
2067,31,2297,433,261,185,1,-1,-1,-1
2068,31,2297,432,262,186,1,-1,-1,-1
2069,31,2296,432,263,186,1,-1,-1,-1
2070,31,2296,432,263,186,1,-1,-1,-1
2071,31,2295,431,264,187,1,-1,-1,-1
2072,31,2295,431,264,187,1,-1,-1,-1
2073,31,2295,430,264,188,1,-1,-1,-1
2074,31,2295,430,264,188,1,-1,-1,-1
2075,31,2295,431,264,187,1,-1,-1,-1
2076,31,2296,431,263,187,1,-1,-1,-1
2077,31,2296,431,263,187,1,-1,-1,-1
2078,31,2296,431,263,186,1,-1,-1,-1
2079,31,2296,432,262,185,1,-1,-1,-1
2080,31,2296,432,262,185,1,-1,-1,-1
2081,31,2296,431,262,185,1,-1,-1,-1
2082,31,2296,431,262,185,1,-1,-1,-1
2083,31,2296,431,262,184,1,-1,-1,-1
2084,31,2296,430,262,185,1,-1,-1,-1
2085,31,2296,430,262,185,1,-1,-1,-1
2086,31,2296,430,262,185,1,-1,-1,-1
2087,31,2296,431,261,185,1,-1,-1,-1
2088,31,2296,432,260,184,1,-1,-1,-1
2089,31,2296,432,260,184,1,-1,-1,-1
2090,31,2296,433,260,183,1,-1,-1,-1
2091,31,2297,433,258,183,1,-1,-1,-1
2092,31,2297,434,258,182,1,-1,-1,-1
2093,31,2297,434,258,182,1,-1,-1,-1
2094,31,2297,434,258,181,1,-1,-1,-1
2095,31,2296,434,259,181,1,-1,-1,-1
2096,31,2296,434,260,181,1,-1,-1,-1
2097,31,2296,434,260,181,1,-1,-1,-1
2098,31,2295,434,261,182,1,-1,-1,-1
2099,31,2294,434,263,183,1,-1,-1,-1
2100,31,2294,434,264,183,1,-1,-1,-1
2101,31,2294,434,264,184,1,-1,-1,-1
2102,31,2293,434,265,184,1,-1,-1,-1
2103,31,2293,434,266,185,1,-1,-1,-1
2104,31,2293,434,266,185,1,-1,-1,-1
2105,31,2293,434,266,185,1,-1,-1,-1
2106,31,2293,434,266,185,1,-1,-1,-1
2107,31,2293,434,266,185,1,-1,-1,-1
2108,31,2293,434,266,185,1,-1,-1,-1
2109,31,2294,433,265,185,1,-1,-1,-1
2110,31,2294,432,266,186,1,-1,-1,-1
2111,31,2294,432,266,186,1,-1,-1,-1
2112,31,2294,431,266,187,1,-1,-1,-1
2113,31,2294,431,266,187,1,-1,-1,-1
2114,31,2294,431,266,186,1,-1,-1,-1
2115,31,2294,431,265,186,1,-1,-1,-1
2116,31,2294,431,264,185,1,-1,-1,-1
2117,31,2293,431,265,185,1,-1,-1,-1
2118,31,2294,431,264,185,1,-1,-1,-1
2119,31,2293,431,265,185,1,-1,-1,-1
2120,31,2293,431,266,186,1,-1,-1,-1
2121,31,2293,431,267,187,1,-1,-1,-1
2122,31,2293,431,268,187,1,-1,-1,-1
2123,31,2293,431,268,188,1,-1,-1,-1
2124,31,2293,431,270,188,1,-1,-1,-1
2125,31,2294,430,268,189,1,-1,-1,-1
2126,31,2294,432,266,187,1,-1,-1,-1
2127,31,2294,432,265,186,1,-1,-1,-1
2128,31,2294,432,264,186,1,-1,-1,-1
2129,31,2295,433,264,185,1,-1,-1,-1
2130,31,2296,433,263,184,1,-1,-1,-1
2131,31,2296,433,263,184,1,-1,-1,-1
2132,31,2296,433,263,184,1,-1,-1,-1
2133,31,2296,433,264,184,1,-1,-1,-1
2134,31,2296,433,264,185,1,-1,-1,-1
2135,31,2295,433,265,185,1,-1,-1,-1
2136,31,2295,433,265,185,1,-1,-1,-1
2137,31,2295,432,264,186,1,-1,-1,-1
2138,31,2295,432,265,186,1,-1,-1,-1
2139,31,2295,432,264,186,1,-1,-1,-1
2140,31,2295,431,265,187,1,-1,-1,-1
2141,31,2294,431,266,186,1,-1,-1,-1
2142,31,2294,430,266,187,1,-1,-1,-1
2143,31,2294,430,265,187,1,-1,-1,-1
2144,31,2295,430,264,187,1,-1,-1,-1
2145,31,2295,430,264,187,1,-1,-1,-1
2146,31,2294,430,266,188,1,-1,-1,-1
2147,31,2295,432,264,186,1,-1,-1,-1
2148,31,2295,432,263,186,1,-1,-1,-1
2149,31,2295,432,262,187,1,-1,-1,-1
2150,31,2295,433,262,186,1,-1,-1,-1
2151,31,2295,433,261,186,1,-1,-1,-1
2152,31,2295,434,262,185,1,-1,-1,-1
2153,31,2295,434,262,185,1,-1,-1,-1
2154,31,2295,434,262,185,1,-1,-1,-1
2155,31,2295,434,262,185,1,-1,-1,-1
2156,31,2295,434,262,185,1,-1,-1,-1
2157,31,2295,434,262,185,1,-1,-1,-1
2158,31,2294,434,263,185,1,-1,-1,-1
2159,31,2295,434,262,185,1,-1,-1,-1
2160,31,2295,434,262,185,1,-1,-1,-1
2161,31,2295,434,262,185,1,-1,-1,-1
2162,31,2295,434,262,185,1,-1,-1,-1
2163,31,2295,434,262,185,1,-1,-1,-1
2164,31,2295,434,262,185,1,-1,-1,-1
2165,31,2295,434,262,185,1,-1,-1,-1
2166,31,2294,434,264,185,1,-1,-1,-1
2167,31,2294,434,263,185,1,-1,-1,-1
2168,31,2294,434,264,185,1,-1,-1,-1
2169,31,2294,434,264,185,1,-1,-1,-1
2170,31,2294,434,263,185,1,-1,-1,-1
2171,31,2293,433,265,186,1,-1,-1,-1
2172,31,2293,433,265,185,1,-1,-1,-1
2173,31,2293,433,265,185,1,-1,-1,-1
2174,31,2293,432,264,186,1,-1,-1,-1
2175,31,2293,432,264,185,1,-1,-1,-1
2176,31,2294,432,264,185,1,-1,-1,-1
2177,31,2294,433,264,185,1,-1,-1,-1
2178,31,2294,433,264,185,1,-1,-1,-1
2179,31,2294,433,264,185,1,-1,-1,-1
2180,31,2294,434,264,185,1,-1,-1,-1
2181,31,2293,434,266,185,1,-1,-1,-1
2182,31,2293,434,266,185,1,-1,-1,-1
2183,31,2293,434,266,186,1,-1,-1,-1
2184,31,2293,434,266,186,1,-1,-1,-1
2185,31,2293,434,266,186,1,-1,-1,-1
2186,31,2293,434,266,186,1,-1,-1,-1
2187,31,2293,434,266,186,1,-1,-1,-1
2188,31,2293,434,266,186,1,-1,-1,-1
2189,31,2293,434,266,186,1,-1,-1,-1
2190,31,2293,434,266,186,1,-1,-1,-1
2191,31,2294,434,264,185,1,-1,-1,-1
2192,31,2294,434,264,185,1,-1,-1,-1
2193,31,2294,434,264,185,1,-1,-1,-1
2194,31,2294,434,264,184,1,-1,-1,-1
2195,31,2294,434,264,184,1,-1,-1,-1
2196,31,2294,434,264,184,1,-1,-1,-1
2197,31,2294,434,265,184,1,-1,-1,-1
2198,31,2295,434,263,184,1,-1,-1,-1
2199,31,2294,432,265,186,1,-1,-1,-1
2200,31,2294,432,266,185,1,-1,-1,-1
2201,31,2294,431,267,186,1,-1,-1,-1
2202,31,2294,432,265,185,1,-1,-1,-1
2203,31,2294,432,265,185,1,-1,-1,-1
2204,31,2295,432,263,185,1,-1,-1,-1
2205,31,2295,432,263,185,1,-1,-1,-1
2206,31,2295,433,262,183,1,-1,-1,-1
2207,31,2294,432,265,185,1,-1,-1,-1
2208,31,2294,432,265,185,1,-1,-1,-1
2209,31,2294,432,266,185,1,-1,-1,-1
2210,31,2294,431,266,186,1,-1,-1,-1
2211,31,2293,431,268,187,1,-1,-1,-1
2212,31,2293,430,268,188,1,-1,-1,-1
2213,31,2293,430,268,188,1,-1,-1,-1
2214,31,2293,430,268,189,1,-1,-1,-1
2215,31,2293,430,268,189,1,-1,-1,-1
2216,31,2294,430,267,189,1,-1,-1,-1
2217,31,2294,430,266,189,1,-1,-1,-1
2218,31,2294,430,266,189,1,-1,-1,-1
2219,31,2295,432,263,186,1,-1,-1,-1
2220,31,2295,432,262,186,1,-1,-1,-1
2221,31,2295,432,262,186,1,-1,-1,-1
2222,31,2296,433,260,184,1,-1,-1,-1
2223,31,2296,433,260,184,1,-1,-1,-1
2224,31,2296,434,260,183,1,-1,-1,-1
2225,31,2295,434,261,183,1,-1,-1,-1
2226,31,2295,434,261,183,1,-1,-1,-1
2227,31,2294,434,263,184,1,-1,-1,-1
2228,31,2294,434,263,184,1,-1,-1,-1
2229,31,2294,434,263,184,1,-1,-1,-1
2230,31,2294,434,263,185,1,-1,-1,-1
2231,31,2293,432,266,187,1,-1,-1,-1
2232,31,2293,432,266,187,1,-1,-1,-1
2233,31,2294,432,266,187,1,-1,-1,-1
2234,31,2293,431,268,188,1,-1,-1,-1
2235,31,2293,431,268,188,1,-1,-1,-1
2236,31,2293,430,268,189,1,-1,-1,-1
2237,31,2293,430,268,189,1,-1,-1,-1
2238,31,2294,430,267,189,1,-1,-1,-1
2239,31,2295,432,264,186,1,-1,-1,-1
2240,31,2295,433,262,185,1,-1,-1,-1
2241,31,2296,433,260,184,1,-1,-1,-1
2242,31,2296,434,260,183,1,-1,-1,-1
2243,31,2296,434,260,182,1,-1,-1,-1
2244,31,2296,434,260,182,1,-1,-1,-1
2245,31,2296,434,260,182,1,-1,-1,-1
2246,31,2296,435,260,181,1,-1,-1,-1
2247,31,2296,435,259,181,1,-1,-1,-1
2248,31,2296,435,260,181,1,-1,-1,-1
2249,31,2296,435,260,181,1,-1,-1,-1
2250,31,2296,435,260,181,1,-1,-1,-1
2251,31,2296,435,260,181,1,-1,-1,-1
2252,31,2295,435,262,181,1,-1,-1,-1
2253,31,2295,435,262,181,1,-1,-1,-1
2254,31,2295,435,262,181,1,-1,-1,-1
2255,31,2295,435,262,181,1,-1,-1,-1
2256,31,2295,435,262,181,1,-1,-1,-1
2257,31,2295,435,262,181,1,-1,-1,-1
2258,31,2295,435,262,181,1,-1,-1,-1
2259,31,2295,435,262,181,1,-1,-1,-1
2260,31,2295,435,262,181,1,-1,-1,-1
2261,31,2295,435,262,181,1,-1,-1,-1
2262,31,2295,435,262,181,1,-1,-1,-1
2263,31,2295,435,262,181,1,-1,-1,-1
2264,31,2295,435,262,181,1,-1,-1,-1
2265,31,2294,435,264,181,1,-1,-1,-1
2266,31,2294,435,264,181,1,-1,-1,-1
2267,31,2294,435,264,181,1,-1,-1,-1
2268,31,2294,435,264,181,1,-1,-1,-1
2269,31,2293,433,267,184,1,-1,-1,-1
2270,31,2293,433,268,184,1,-1,-1,-1
2271,31,2293,433,268,184,1,-1,-1,-1
2272,31,2292,432,268,186,1,-1,-1,-1
2273,31,2292,432,268,186,1,-1,-1,-1
2274,31,2292,432,268,186,1,-1,-1,-1
2275,31,2293,432,266,185,1,-1,-1,-1
2276,31,2293,432,266,185,1,-1,-1,-1
2277,31,2293,432,266,185,1,-1,-1,-1
2278,31,2293,432,266,184,1,-1,-1,-1
2279,31,2293,432,266,184,1,-1,-1,-1
2280,31,2293,432,266,184,1,-1,-1,-1
2281,31,2293,432,266,184,1,-1,-1,-1
2282,31,2293,432,266,184,1,-1,-1,-1
2283,31,2293,431,266,184,1,-1,-1,-1
2284,31,2293,431,266,184,1,-1,-1,-1
2285,31,2293,431,266,184,1,-1,-1,-1
2286,31,2293,431,266,184,1,-1,-1,-1
2287,31,2293,431,266,184,1,-1,-1,-1
2288,31,2293,431,266,184,1,-1,-1,-1
2289,31,2293,431,266,184,1,-1,-1,-1
2290,31,2293,431,266,184,1,-1,-1,-1
2291,31,2294,432,265,183,1,-1,-1,-1
2292,31,2294,432,265,183,1,-1,-1,-1
2293,31,2294,432,265,183,1,-1,-1,-1
2294,31,2295,433,263,182,1,-1,-1,-1
2295,31,2295,433,263,182,1,-1,-1,-1
2296,31,2295,434,263,181,1,-1,-1,-1
2297,31,2295,434,263,181,1,-1,-1,-1
2298,31,2294,434,264,181,1,-1,-1,-1
2299,31,2294,434,264,181,1,-1,-1,-1
2300,31,2294,434,264,181,1,-1,-1,-1
2301,31,2294,434,264,181,1,-1,-1,-1
2302,31,2294,434,264,181,1,-1,-1,-1
2303,31,2294,434,264,182,1,-1,-1,-1
2304,31,2294,434,264,182,1,-1,-1,-1
2305,31,2294,434,264,182,1,-1,-1,-1
2306,31,2293,434,266,183,1,-1,-1,-1
2307,31,2293,434,266,183,1,-1,-1,-1
2308,31,2293,434,266,184,1,-1,-1,-1
2309,31,2293,434,266,184,1,-1,-1,-1
2310,31,2293,434,266,184,1,-1,-1,-1
2311,31,2294,434,265,184,1,-1,-1,-1
2312,31,2293,432,268,186,1,-1,-1,-1
2313,31,2294,432,268,186,1,-1,-1,-1
2314,31,2294,432,268,186,1,-1,-1,-1
2315,31,2294,431,268,187,1,-1,-1,-1
2316,31,2294,431,268,187,1,-1,-1,-1
2317,31,2294,430,268,188,1,-1,-1,-1
2318,31,2294,430,268,188,1,-1,-1,-1
2319,31,2294,430,268,188,1,-1,-1,-1
2320,31,2294,430,268,188,1,-1,-1,-1
2321,31,2295,431,266,187,1,-1,-1,-1
2322,31,2296,433,263,185,1,-1,-1,-1
2323,31,2295,433,263,185,1,-1,-1,-1
2324,31,2295,433,262,185,1,-1,-1,-1
2325,31,2295,434,262,184,1,-1,-1,-1
2326,31,2296,434,260,184,1,-1,-1,-1
2327,31,2295,434,261,183,1,-1,-1,-1
2328,31,2295,434,261,183,1,-1,-1,-1
2329,31,2295,434,262,183,1,-1,-1,-1
2330,31,2295,434,262,182,1,-1,-1,-1
2331,31,2295,434,262,182,1,-1,-1,-1
2332,31,2295,434,262,182,1,-1,-1,-1
2333,31,2295,434,262,182,1,-1,-1,-1
2334,31,2295,434,262,182,1,-1,-1,-1
2335,31,2295,434,262,182,1,-1,-1,-1
2336,31,2295,434,262,182,1,-1,-1,-1
2337,31,2295,434,262,182,1,-1,-1,-1
2338,31,2295,434,262,182,1,-1,-1,-1
2339,31,2295,434,262,182,1,-1,-1,-1
2340,31,2295,434,262,182,1,-1,-1,-1
2341,31,2294,434,264,183,1,-1,-1,-1
2342,31,2294,434,264,183,1,-1,-1,-1
2343,31,2294,434,264,183,1,-1,-1,-1
2344,31,2293,434,266,184,1,-1,-1,-1
2345,31,2293,434,266,184,1,-1,-1,-1
2346,31,2293,434,266,185,1,-1,-1,-1
2347,31,2293,434,266,185,1,-1,-1,-1
2348,31,2293,434,266,185,1,-1,-1,-1
2349,31,2293,434,266,185,1,-1,-1,-1
2350,31,2293,434,266,185,1,-1,-1,-1
2351,31,2293,432,268,187,1,-1,-1,-1
2352,31,2293,432,268,187,1,-1,-1,-1
2353,31,2294,432,268,187,1,-1,-1,-1
2354,31,2294,431,268,188,1,-1,-1,-1
2355,31,2294,431,268,188,1,-1,-1,-1
2356,31,2294,430,268,189,1,-1,-1,-1
2357,31,2294,430,268,189,1,-1,-1,-1
2358,31,2294,430,268,189,1,-1,-1,-1
2359,31,2294,430,268,189,1,-1,-1,-1
2360,31,2295,430,267,189,1,-1,-1,-1
2361,31,2295,430,266,189,1,-1,-1,-1
2362,31,2295,430,266,189,1,-1,-1,-1
2363,31,2295,432,264,186,1,-1,-1,-1
2364,31,2296,432,262,186,1,-1,-1,-1
2365,31,2295,432,262,186,1,-1,-1,-1
2366,31,2296,433,260,184,1,-1,-1,-1
2367,31,2296,433,260,184,1,-1,-1,-1
2368,31,2296,434,260,182,1,-1,-1,-1
2369,31,2296,434,260,182,1,-1,-1,-1
2370,31,2296,434,260,182,1,-1,-1,-1
2371,31,2296,433,260,183,1,-1,-1,-1
2372,31,2295,432,264,186,1,-1,-1,-1
2373,31,2295,432,265,186,1,-1,-1,-1
2374,31,2294,431,267,187,1,-1,-1,-1
2375,31,2294,431,265,187,1,-1,-1,-1
2376,31,2295,431,265,187,1,-1,-1,-1
2377,31,2294,431,265,187,1,-1,-1,-1
2378,31,2294,431,265,187,1,-1,-1,-1
2379,31,2294,431,265,187,1,-1,-1,-1
2380,31,2294,431,264,187,1,-1,-1,-1
2381,31,2294,431,264,187,1,-1,-1,-1
2382,31,2294,431,264,186,1,-1,-1,-1
2383,31,2295,432,262,185,1,-1,-1,-1
2384,31,2295,432,262,184,1,-1,-1,-1
2385,31,2296,433,260,183,1,-1,-1,-1
2386,31,2296,433,260,183,1,-1,-1,-1
2387,31,2296,434,260,182,1,-1,-1,-1
2388,31,2296,434,260,182,1,-1,-1,-1
2389,31,2296,434,260,182,1,-1,-1,-1
2390,31,2295,434,262,182,1,-1,-1,-1
2391,31,2295,434,262,182,1,-1,-1,-1
2392,31,2295,434,261,182,1,-1,-1,-1
2393,31,2295,434,261,182,1,-1,-1,-1
2394,31,2294,434,263,182,1,-1,-1,-1
2395,31,2294,434,263,182,1,-1,-1,-1
2396,31,2294,434,263,182,1,-1,-1,-1
2397,31,2294,434,263,182,1,-1,-1,-1
2398,31,2293,432,266,185,1,-1,-1,-1
2399,31,2293,432,266,185,1,-1,-1,-1
2400,31,2293,432,265,185,1,-1,-1,-1
2401,31,2293,432,265,186,1,-1,-1,-1
2402,31,2293,432,265,186,1,-1,-1,-1
2403,31,2294,433,263,184,1,-1,-1,-1
2404,31,2294,433,263,184,1,-1,-1,-1
2405,31,2294,433,263,184,1,-1,-1,-1
2406,31,2294,434,263,182,1,-1,-1,-1
2407,31,2294,434,263,182,1,-1,-1,-1
2408,31,2294,434,263,182,1,-1,-1,-1
2409,31,2294,434,263,182,1,-1,-1,-1
2410,31,2294,434,263,182,1,-1,-1,-1
2411,31,2294,434,264,182,1,-1,-1,-1
2412,31,2294,434,264,182,1,-1,-1,-1
2413,31,2294,434,264,182,1,-1,-1,-1
2414,31,2294,434,264,182,1,-1,-1,-1
2415,31,2294,434,264,182,1,-1,-1,-1
2416,31,2294,434,264,182,1,-1,-1,-1
2417,31,2294,434,264,182,1,-1,-1,-1
2418,31,2294,434,264,182,1,-1,-1,-1
2419,31,2294,434,264,182,1,-1,-1,-1
2420,31,2294,434,264,182,1,-1,-1,-1
