214,1,1097,797,423,279,1,-1,-1,-1
215,1,1106,762,406,310,1,-1,-1,-1
216,1,1113,731,382,326,1,-1,-1,-1
217,1,1108,711,381,318,1,-1,-1,-1
218,1,1105,683,374,309,1,-1,-1,-1
219,1,1103,652,363,301,1,-1,-1,-1
220,1,1098,623,352,299,1,-1,-1,-1
221,1,1083,601,357,290,1,-1,-1,-1
222,1,1076,583,347,286,1,-1,-1,-1
223,1,1060,555,345,282,1,-1,-1,-1
224,1,1063,541,329,269,1,-1,-1,-1
225,1,1040,516,332,269,1,-1,-1,-1
226,1,1032,501,325,269,1,-1,-1,-1
227,1,1020,484,326,261,1,-1,-1,-1
228,1,1012,472,310,246,1,-1,-1,-1
229,1,998,452,311,247,1,-1,-1,-1
230,1,989,437,306,245,1,-1,-1,-1
231,1,984,425,299,238,1,-1,-1,-1
232,1,971,411,293,235,1,-1,-1,-1
233,1,966,398,282,232,1,-1,-1,-1
234,1,962,385,274,225,1,-1,-1,-1
235,1,950,370,275,230,1,-1,-1,-1
236,1,945,360,270,222,1,-1,-1,-1
237,1,938,351,269,222,1,-1,-1,-1
238,1,931,338,263,215,1,-1,-1,-1
239,1,926,325,257,216,1,-1,-1,-1
240,1,924,318,253,208,1,-1,-1,-1
241,1,923,308,249,207,1,-1,-1,-1
242,1,920,300,245,204,1,-1,-1,-1
243,1,918,293,240,203,1,-1,-1,-1
244,1,915,281,240,204,1,-1,-1,-1
245,1,914,279,236,195,1,-1,-1,-1
246,1,912,271,234,197,1,-1,-1,-1
247,1,910,265,232,194,1,-1,-1,-1
248,1,912,263,225,187,1,-1,-1,-1
249,1,910,254,221,187,1,-1,-1,-1
250,1,908,248,218,187,1,-1,-1,-1
251,1,907,241,216,186,1,-1,-1,-1
252,1,905,240,212,180,1,-1,-1,-1
253,1,903,235,211,179,1,-1,-1,-1
254,1,905,231,205,174,1,-1,-1,-1
255,1,899,226,210,171,1,-1,-1,-1
256,1,896,224,205,168,1,-1,-1,-1
257,1,895,220,200,164,1,-1,-1,-1
258,1,892,215,199,163,1,-1,-1,-1
259,1,891,211,198,162,1,-1,-1,-1
260,1,888,205,198,163,1,-1,-1,-1
261,1,885,203,195,155,1,-1,-1,-1
262,1,885,197,192,156,1,-1,-1,-1
263,1,883,191,190,157,1,-1,-1,-1
264,1,880,187,187,159,1,-1,-1,-1
265,1,882,184,183,152,1,-1,-1,-1
266,1,878,180,183,150,1,-1,-1,-1
267,1,877,180,183,144,1,-1,-1,-1
268,1,875,174,179,146,1,-1,-1,-1
269,1,874,171,176,145,1,-1,-1,-1
270,1,872,166,173,145,1,-1,-1,-1
271,1,873,162,171,143,1,-1,-1,-1
272,1,874,160,169,140,1,-1,-1,-1
273,1,871,159,171,139,1,-1,-1,-1
274,1,871,157,166,138,1,-1,-1,-1
275,1,871,151,162,138,1,-1,-1,-1
276,1,870,153,166,134,1,-1,-1,-1
277,1,868,148,162,134,1,-1,-1,-1
278,1,868,145,159,134,1,-1,-1,-1
279,1,867,144,158,131,1,-1,-1,-1
280,1,865,143,158,131,1,-1,-1,-1
281,1,865,139,156,129,1,-1,-1,-1
282,1,865,137,155,128,1,-1,-1,-1
283,1,863,137,154,124,1,-1,-1,-1
284,1,863,134,156,123,1,-1,-1,-1
285,1,860,131,158,124,1,-1,-1,-1
286,1,862,130,151,122,1,-1,-1,-1
287,1,862,129,147,119,1,-1,-1,-1
288,1,859,125,149,121,1,-1,-1,-1
289,1,858,121,149,121,1,-1,-1,-1
290,1,855,120,150,122,1,-1,-1,-1
291,1,855,118,149,120,1,-1,-1,-1
292,1,852,117,149,117,1,-1,-1,-1
293,1,852,114,150,118,1,-1,-1,-1
294,1,851,114,146,115,1,-1,-1,-1
295,1,850,113,147,114,1,-1,-1,-1
296,1,849,110,146,112,1,-1,-1,-1
297,1,849,110,146,110,1,-1,-1,-1
298,1,845,107,147,110,1,-1,-1,-1
299,1,850,108,140,108,1,-1,-1,-1
300,1,845,106,144,109,1,-1,-1,-1
301,1,844,104,143,108,1,-1,-1,-1
302,1,846,100,137,110,1,-1,-1,-1
303,1,842,96,141,111,1,-1,-1,-1
304,1,844,95,135,108,1,-1,-1,-1
305,1,843,94,135,107,1,-1,-1,-1
306,1,840,92,138,103,1,-1,-1,-1
307,1,836,90,138,107,1,-1,-1,-1
308,1,837,90,136,102,1,-1,-1,-1
309,1,837,89,136,102,1,-1,-1,-1
310,1,833,90,140,100,1,-1,-1,-1
311,1,832,88,143,100,1,-1,-1,-1
312,1,833,86,131,101,1,-1,-1,-1
313,1,831,84,135,102,1,-1,-1,-1
314,1,831,81,133,103,1,-1,-1,-1
315,1,828,80,133,104,1,-1,-1,-1
316,1,828,77,133,102,1,-1,-1,-1
317,1,828,76,132,100,1,-1,-1,-1
318,1,829,75,131,99,1,-1,-1,-1
319,1,826,76,132,97,1,-1,-1,-1
320,1,825,75,132,96,1,-1,-1,-1
321,1,826,73,129,96,1,-1,-1,-1
322,1,826,75,130,94,1,-1,-1,-1
323,1,826,69,127,99,1,-1,-1,-1
324,1,827,71,125,96,1,-1,-1,-1
325,1,827,72,126,91,1,-1,-1,-1
326,1,827,68,125,97,1,-1,-1,-1
327,1,827,71,127,91,1,-1,-1,-1
406,2,1438,102,161,155,1,-1,-1,-1
407,2,1423,96,172,170,1,-1,-1,-1
408,2,1411,101,189,164,1,-1,-1,-1
409,2,1389,105,205,162,1,-1,-1,-1
410,2,1381,105,220,162,1,-1,-1,-1
411,2,1372,112,227,159,1,-1,-1,-1
412,2,1359,114,234,154,1,-1,-1,-1
413,2,1344,115,249,155,1,-1,-1,-1
414,2,1332,116,267,158,1,-1,-1,-1
415,2,1331,117,267,156,1,-1,-1,-1
416,2,1326,119,278,156,1,-1,-1,-1
417,2,1317,119,292,159,1,-1,-1,-1
418,2,1313,119,292,154,1,-1,-1,-1
419,2,1310,120,292,154,1,-1,-1,-1
420,2,1313,121,285,154,1,-1,-1,-1
421,2,1308,120,291,154,1,-1,-1,-1
422,2,1294,122,296,155,1,-1,-1,-1
423,2,1283,122,305,157,1,-1,-1,-1
424,2,1264,123,316,158,1,-1,-1,-1
425,2,1258,123,320,159,1,-1,-1,-1
426,2,1256,124,320,158,1,-1,-1,-1
427,2,1254,123,324,158,1,-1,-1,-1
428,2,1252,123,325,159,1,-1,-1,-1
429,2,1251,123,325,158,1,-1,-1,-1
430,2,1252,124,324,158,1,-1,-1,-1
431,2,1252,125,322,157,1,-1,-1,-1
432,2,1253,124,323,157,1,-1,-1,-1
433,2,1252,124,324,157,1,-1,-1,-1
434,2,1251,124,325,158,1,-1,-1,-1
435,2,1253,125,323,157,1,-1,-1,-1
436,2,1253,125,323,157,1,-1,-1,-1
437,2,1252,125,324,157,1,-1,-1,-1
438,2,1252,124,325,158,1,-1,-1,-1
439,2,1252,125,325,158,1,-1,-1,-1
440,2,1252,125,324,157,1,-1,-1,-1
441,2,1251,125,325,157,1,-1,-1,-1
442,2,1250,123,327,158,1,-1,-1,-1
443,2,1251,123,326,158,1,-1,-1,-1
444,2,1252,124,325,158,1,-1,-1,-1
445,2,1252,124,325,158,1,-1,-1,-1
446,2,1252,123,325,157,1,-1,-1,-1
447,2,1251,124,325,157,1,-1,-1,-1
448,2,1250,124,326,158,1,-1,-1,-1
449,2,1250,124,326,158,1,-1,-1,-1
450,2,1250,124,325,158,1,-1,-1,-1
451,2,1250,124,325,158,1,-1,-1,-1
452,2,1250,124,325,157,1,-1,-1,-1
453,2,1250,125,324,157,1,-1,-1,-1
454,2,1250,124,325,157,1,-1,-1,-1
455,2,1251,123,325,158,1,-1,-1,-1
456,2,1250,123,327,158,1,-1,-1,-1
457,2,1248,123,329,159,1,-1,-1,-1
458,2,1248,123,330,159,1,-1,-1,-1
459,2,1249,123,329,158,1,-1,-1,-1
460,2,1249,123,328,158,1,-1,-1,-1
461,2,1250,123,328,158,1,-1,-1,-1
462,2,1250,124,328,158,1,-1,-1,-1
463,2,1248,124,329,158,1,-1,-1,-1
464,2,1248,124,329,158,1,-1,-1,-1
465,2,1249,124,328,158,1,-1,-1,-1
466,2,1249,124,328,158,1,-1,-1,-1
467,2,1250,125,325,157,1,-1,-1,-1
468,2,1251,125,325,157,1,-1,-1,-1
469,2,1252,125,324,157,1,-1,-1,-1
470,2,1252,124,324,157,1,-1,-1,-1
471,2,1251,124,325,158,1,-1,-1,-1
472,2,1250,124,325,158,1,-1,-1,-1
473,2,1250,124,325,158,1,-1,-1,-1
474,2,1252,124,323,157,1,-1,-1,-1
475,2,1253,124,322,157,1,-1,-1,-1
476,2,1251,125,324,157,1,-1,-1,-1
477,2,1251,125,324,157,1,-1,-1,-1
478,2,1251,124,324,157,1,-1,-1,-1
479,2,1250,123,328,159,1,-1,-1,-1
480,2,1249,124,328,159,1,-1,-1,-1
481,2,1249,124,328,159,1,-1,-1,-1
482,2,1249,124,328,159,1,-1,-1,-1
483,2,1250,124,328,159,1,-1,-1,-1
484,2,1251,124,327,159,1,-1,-1,-1
485,2,1250,124,326,159,1,-1,-1,-1
486,2,1249,124,327,159,1,-1,-1,-1
487,2,1250,124,327,158,1,-1,-1,-1
488,2,1250,124,327,159,1,-1,-1,-1
489,2,1250,124,327,159,1,-1,-1,-1
490,2,1249,124,327,159,1,-1,-1,-1
491,2,1251,124,326,158,1,-1,-1,-1
492,2,1252,124,326,158,1,-1,-1,-1
493,2,1252,123,325,158,1,-1,-1,-1
494,2,1252,124,325,158,1,-1,-1,-1
495,2,1252,123,325,158,1,-1,-1,-1
496,2,1251,123,326,159,1,-1,-1,-1
497,2,1252,123,325,159,1,-1,-1,-1
498,2,1252,123,326,159,1,-1,-1,-1
499,2,1251,123,326,159,1,-1,-1,-1
500,2,1252,123,326,158,1,-1,-1,-1
501,2,1251,123,327,159,1,-1,-1,-1
502,2,1250,122,328,159,1,-1,-1,-1
503,2,1251,123,327,160,1,-1,-1,-1
504,2,1252,124,324,158,1,-1,-1,-1
505,2,1252,124,324,158,1,-1,-1,-1
506,2,1252,124,325,158,1,-1,-1,-1
507,2,1253,125,324,157,1,-1,-1,-1
508,2,1254,125,323,157,1,-1,-1,-1
509,2,1252,124,325,158,1,-1,-1,-1
510,2,1252,123,325,158,1,-1,-1,-1
511,2,1252,123,325,158,1,-1,-1,-1
512,2,1252,123,325,159,1,-1,-1,-1
513,2,1253,123,324,159,1,-1,-1,-1
514,2,1253,123,324,159,1,-1,-1,-1
515,2,1253,123,323,158,1,-1,-1,-1
516,2,1253,123,323,158,1,-1,-1,-1
517,2,1253,123,323,158,1,-1,-1,-1
518,2,1254,123,323,158,1,-1,-1,-1
519,2,1253,122,325,159,1,-1,-1,-1
520,2,1252,122,325,159,1,-1,-1,-1
521,2,1254,123,323,158,1,-1,-1,-1
522,2,1253,124,323,157,1,-1,-1,-1
523,2,1254,123,323,157,1,-1,-1,-1
524,2,1252,124,323,157,1,-1,-1,-1
525,2,1252,124,323,157,1,-1,-1,-1
526,2,1253,124,323,158,1,-1,-1,-1
527,2,1254,125,321,157,1,-1,-1,-1
528,2,1253,124,321,157,1,-1,-1,-1
529,2,1253,125,321,156,1,-1,-1,-1
530,2,1251,126,323,156,1,-1,-1,-1
531,2,1253,126,321,154,1,-1,-1,-1
532,2,1254,127,320,154,1,-1,-1,-1
533,2,1248,126,326,155,1,-1,-1,-1
534,2,1241,128,327,153,1,-1,-1,-1
535,2,1235,128,326,153,1,-1,-1,-1
536,2,1230,130,322,153,1,-1,-1,-1
537,2,1227,132,315,152,1,-1,-1,-1
538,2,1219,133,317,155,1,-1,-1,-1
539,2,1217,130,314,154,1,-1,-1,-1
540,2,1204,130,322,156,1,-1,-1,-1
541,2,1200,133,315,153,1,-1,-1,-1
542,2,1192,134,312,153,1,-1,-1,-1
543,2,1177,140,313,152,1,-1,-1,-1
544,2,1160,139,320,154,1,-1,-1,-1
545,2,1148,143,314,150,1,-1,-1,-1
546,2,1127,144,318,153,1,-1,-1,-1
547,2,1118,147,311,152,1,-1,-1,-1
548,2,1099,144,316,153,1,-1,-1,-1
549,2,1072,148,323,154,1,-1,-1,-1
550,2,1061,152,306,150,1,-1,-1,-1
551,2,1060,149,324,151,1,-1,-1,-1
552,2,1027,151,331,155,1,-1,-1,-1
553,2,1009,152,329,157,1,-1,-1,-1
554,2,993,152,330,155,1,-1,-1,-1
555,2,979,153,326,157,1,-1,-1,-1
556,2,968,156,326,154,1,-1,-1,-1
557,2,952,156,324,157,1,-1,-1,-1
558,2,935,160,317,155,1,-1,-1,-1
559,2,926,161,311,155,1,-1,-1,-1
560,2,916,160,289,158,1,-1,-1,-1
561,2,892,164,297,155,1,-1,-1,-1
562,2,882,164,277,157,1,-1,-1,-1
563,2,871,167,278,156,1,-1,-1,-1
564,2,851,170,280,155,1,-1,-1,-1
565,2,837,170,273,159,1,-1,-1,-1
566,2,823,172,268,157,1,-1,-1,-1
567,2,812,174,263,160,1,-1,-1,-1
568,2,797,177,262,159,1,-1,-1,-1
569,2,786,178,255,160,1,-1,-1,-1
570,2,770,183,253,160,1,-1,-1,-1
571,2,759,186,245,160,1,-1,-1,-1
572,2,744,189,250,161,1,-1,-1,-1
573,2,735,187,239,166,1,-1,-1,-1
574,2,717,192,244,165,1,-1,-1,-1
575,2,705,191,244,169,1,-1,-1,-1
576,2,698,195,239,171,1,-1,-1,-1
577,2,690,198,237,171,1,-1,-1,-1
578,2,677,203,235,172,1,-1,-1,-1
579,2,673,203,230,175,1,-1,-1,-1
580,2,660,209,232,173,1,-1,-1,-1
581,2,654,213,231,171,1,-1,-1,-1
582,2,645,217,235,172,1,-1,-1,-1
583,2,640,217,232,178,1,-1,-1,-1
584,2,632,224,234,175,1,-1,-1,-1
585,2,626,225,232,175,1,-1,-1,-1
586,2,622,230,231,176,1,-1,-1,-1
587,2,615,230,232,182,1,-1,-1,-1
588,2,609,233,233,182,1,-1,-1,-1
589,2,605,232,236,192,1,-1,-1,-1
590,2,602,236,235,194,1,-1,-1,-1
591,2,600,240,236,195,1,-1,-1,-1
592,2,599,243,236,197,1,-1,-1,-1
593,2,593,246,240,202,1,-1,-1,-1
594,2,589,258,245,199,1,-1,-1,-1
595,2,583,262,252,204,1,-1,-1,-1
596,2,585,260,249,210,1,-1,-1,-1
597,2,582,270,251,215,1,-1,-1,-1
598,2,578,275,257,216,1,-1,-1,-1
599,2,577,281,259,225,1,-1,-1,-1
600,2,571,292,263,220,1,-1,-1,-1
601,2,571,297,263,230,1,-1,-1,-1
602,2,566,304,267,228,1,-1,-1,-1
603,2,561,312,271,231,1,-1,-1,-1
604,2,557,320,275,238,1,-1,-1,-1
605,2,551,332,277,239,1,-1,-1,-1
606,2,552,340,282,245,1,-1,-1,-1
607,2,547,351,286,241,1,-1,-1,-1
608,2,539,361,291,248,1,-1,-1,-1
609,2,533,369,298,249,1,-1,-1,-1
610,2,530,378,301,254,1,-1,-1,-1
611,2,523,393,306,253,1,-1,-1,-1
612,2,522,402,306,257,1,-1,-1,-1
613,2,510,411,316,266,1,-1,-1,-1
614,2,503,430,322,264,1,-1,-1,-1
615,2,504,433,317,278,1,-1,-1,-1
616,2,491,450,328,278,1,-1,-1,-1
617,2,486,463,330,283,1,-1,-1,-1
618,2,483,468,333,297,1,-1,-1,-1
619,2,470,485,338,302,1,-1,-1,-1
620,2,466,500,341,300,1,-1,-1,-1
621,2,456,516,351,309,1,-1,-1,-1
622,2,444,529,352,325,1,-1,-1,-1
623,2,428,547,364,333,1,-1,-1,-1
624,2,420,568,369,329,1,-1,-1,-1
625,2,409,584,380,340,1,-1,-1,-1
626,2,392,608,389,338,1,-1,-1,-1
627,2,379,623,397,352,1,-1,-1,-1
628,2,361,652,413,353,1,-1,-1,-1
629,2,345,674,415,362,1,-1,-1,-1
630,2,314,700,433,361,1,-1,-1,-1
631,2,289,717,445,362,1,-1,-1,-1
632,2,280,737,445,342,1,-1,-1,-1
416,3,683,68,141,95,1,-1,-1,-1
417,3,690,69,134,94,1,-1,-1,-1
418,3,689,69,135,94,1,-1,-1,-1
419,3,683,68,141,96,1,-1,-1,-1
420,3,680,66,147,99,1,-1,-1,-1
421,3,683,67,145,100,1,-1,-1,-1
422,3,686,67,140,102,1,-1,-1,-1
423,3,688,69,140,102,1,-1,-1,-1
424,3,687,68,140,102,1,-1,-1,-1
425,3,690,69,137,103,1,-1,-1,-1
426,3,687,69,142,106,1,-1,-1,-1
427,3,689,71,139,106,1,-1,-1,-1
428,3,691,71,135,107,1,-1,-1,-1
429,3,691,71,134,109,1,-1,-1,-1
430,3,688,71,138,110,1,-1,-1,-1
431,3,688,71,139,111,1,-1,-1,-1
432,3,690,73,136,112,1,-1,-1,-1
433,3,690,73,135,113,1,-1,-1,-1
434,3,689,73,136,114,1,-1,-1,-1
435,3,687,74,139,115,1,-1,-1,-1
436,3,688,75,137,115,1,-1,-1,-1
437,3,688,77,135,113,1,-1,-1,-1
438,3,688,78,137,114,1,-1,-1,-1
439,3,687,79,134,113,1,-1,-1,-1
440,3,687,80,134,114,1,-1,-1,-1
441,3,686,80,135,115,1,-1,-1,-1
442,3,685,81,135,115,1,-1,-1,-1
443,3,684,81,135,120,1,-1,-1,-1
444,3,683,81,136,120,1,-1,-1,-1
445,3,680,86,137,118,1,-1,-1,-1
446,3,679,87,140,119,1,-1,-1,-1
447,3,677,88,138,121,1,-1,-1,-1
448,3,676,86,137,124,1,-1,-1,-1
449,3,676,85,138,126,1,-1,-1,-1
450,3,674,89,141,124,1,-1,-1,-1
451,3,672,83,143,132,1,-1,-1,-1
452,3,670,92,142,126,1,-1,-1,-1
453,3,669,95,141,125,1,-1,-1,-1
454,3,670,98,141,123,1,-1,-1,-1
455,3,666,101,145,122,1,-1,-1,-1
456,3,665,104,146,122,1,-1,-1,-1
457,3,666,106,145,124,1,-1,-1,-1
458,3,666,107,144,125,1,-1,-1,-1
459,3,665,111,144,122,1,-1,-1,-1
460,3,662,115,148,120,1,-1,-1,-1
461,3,660,116,150,121,1,-1,-1,-1
462,3,661,116,150,124,1,-1,-1,-1
463,3,658,119,154,123,1,-1,-1,-1
464,3,657,121,154,125,1,-1,-1,-1
465,3,657,121,154,125,1,-1,-1,-1
466,3,658,123,153,128,1,-1,-1,-1
467,3,660,123,152,131,1,-1,-1,-1
468,3,657,124,153,132,1,-1,-1,-1
469,3,659,128,154,130,1,-1,-1,-1
470,3,654,130,156,130,1,-1,-1,-1
471,3,656,129,156,134,1,-1,-1,-1
472,3,657,132,155,132,1,-1,-1,-1
473,3,658,136,152,129,1,-1,-1,-1
474,3,656,134,155,138,1,-1,-1,-1
475,3,655,136,156,139,1,-1,-1,-1
476,3,654,140,159,138,1,-1,-1,-1
477,3,653,143,164,140,1,-1,-1,-1
478,3,653,146,164,140,1,-1,-1,-1
479,3,652,149,164,142,1,-1,-1,-1
480,3,651,152,165,141,1,-1,-1,-1
481,3,649,155,170,139,1,-1,-1,-1
482,3,648,155,169,142,1,-1,-1,-1
483,3,647,158,170,142,1,-1,-1,-1
484,3,647,159,171,145,1,-1,-1,-1
485,3,645,162,174,145,1,-1,-1,-1
486,3,644,164,175,148,1,-1,-1,-1
487,3,643,166,173,150,1,-1,-1,-1
488,3,642,170,177,150,1,-1,-1,-1
489,3,641,173,179,151,1,-1,-1,-1
490,3,641,176,179,153,1,-1,-1,-1
491,3,642,178,179,156,1,-1,-1,-1
492,3,638,179,182,158,1,-1,-1,-1
493,3,637,182,184,160,1,-1,-1,-1
494,3,637,185,185,161,1,-1,-1,-1
495,3,635,189,189,160,1,-1,-1,-1
496,3,632,195,190,159,1,-1,-1,-1
497,3,636,198,188,160,1,-1,-1,-1
498,3,633,199,188,162,1,-1,-1,-1
499,3,631,204,193,163,1,-1,-1,-1
500,3,631,206,192,168,1,-1,-1,-1
501,3,630,211,197,167,1,-1,-1,-1
502,3,628,215,201,168,1,-1,-1,-1
503,3,627,216,201,173,1,-1,-1,-1
504,3,627,221,203,172,1,-1,-1,-1
505,3,626,226,204,171,1,-1,-1,-1
506,3,626,228,207,174,1,-1,-1,-1
507,3,626,230,207,175,1,-1,-1,-1
508,3,624,232,210,179,1,-1,-1,-1
509,3,619,233,216,185,1,-1,-1,-1
510,3,618,236,217,185,1,-1,-1,-1
511,3,618,239,217,190,1,-1,-1,-1
512,3,618,244,219,187,1,-1,-1,-1
513,3,615,250,223,188,1,-1,-1,-1
514,3,613,252,228,191,1,-1,-1,-1
515,3,612,253,228,202,1,-1,-1,-1
516,3,611,261,235,201,1,-1,-1,-1
517,3,609,266,237,206,1,-1,-1,-1
518,3,607,268,240,213,1,-1,-1,-1
519,3,606,274,241,213,1,-1,-1,-1
520,3,603,281,244,218,1,-1,-1,-1
521,3,601,289,246,224,1,-1,-1,-1
522,3,600,297,248,223,1,-1,-1,-1
523,3,597,306,252,222,1,-1,-1,-1
524,3,598,309,252,228,1,-1,-1,-1
525,3,595,317,253,230,1,-1,-1,-1
526,3,593,326,258,236,1,-1,-1,-1
527,3,589,333,262,237,1,-1,-1,-1
528,3,587,341,265,242,1,-1,-1,-1
529,3,587,354,263,236,1,-1,-1,-1
530,3,582,361,267,247,1,-1,-1,-1
531,3,579,371,269,250,1,-1,-1,-1
532,3,571,381,284,250,1,-1,-1,-1
533,3,567,393,283,246,1,-1,-1,-1
534,3,564,399,285,255,1,-1,-1,-1
535,3,558,411,294,257,1,-1,-1,-1
536,3,558,423,294,261,1,-1,-1,-1
537,3,555,432,295,270,1,-1,-1,-1
538,3,550,447,306,270,1,-1,-1,-1
539,3,543,452,311,283,1,-1,-1,-1
540,3,538,467,311,285,1,-1,-1,-1
541,3,533,482,311,291,1,-1,-1,-1
542,3,523,496,324,294,1,-1,-1,-1
543,3,514,510,330,300,1,-1,-1,-1
544,3,507,525,335,305,1,-1,-1,-1
545,3,494,541,348,311,1,-1,-1,-1
546,3,488,556,345,322,1,-1,-1,-1
547,3,475,574,355,328,1,-1,-1,-1
548,3,460,590,365,339,1,-1,-1,-1
549,3,452,612,365,341,1,-1,-1,-1
550,3,434,632,370,349,1,-1,-1,-1
551,3,414,659,385,341,1,-1,-1,-1
552,3,412,677,380,353,1,-1,-1,-1
553,3,385,703,396,353,1,-1,-1,-1
554,3,364,728,401,351,1,-1,-1,-1
555,3,340,745,408,334,1,-1,-1,-1
468,4,687,64,126,102,1,-1,-1,-1
469,4,690,67,121,96,1,-1,-1,-1
470,4,688,66,124,99,1,-1,-1,-1
471,4,689,66,123,100,1,-1,-1,-1
472,4,689,68,123,99,1,-1,-1,-1
473,4,689,68,123,101,1,-1,-1,-1
474,4,689,71,123,102,1,-1,-1,-1
475,4,687,69,127,104,1,-1,-1,-1
476,4,687,70,127,104,1,-1,-1,-1
477,4,688,71,126,107,1,-1,-1,-1
478,4,689,71,126,108,1,-1,-1,-1
479,4,688,71,130,110,1,-1,-1,-1
480,4,687,71,132,112,1,-1,-1,-1
481,4,686,70,133,116,1,-1,-1,-1
482,4,686,72,134,116,1,-1,-1,-1
483,4,685,74,135,116,1,-1,-1,-1
484,4,686,72,135,120,1,-1,-1,-1
485,4,685,73,136,119,1,-1,-1,-1
486,4,684,75,137,119,1,-1,-1,-1
487,4,685,77,136,115,1,-1,-1,-1
488,4,685,79,136,116,1,-1,-1,-1
489,4,684,79,138,119,1,-1,-1,-1
490,4,683,80,140,119,1,-1,-1,-1
491,4,679,82,143,120,1,-1,-1,-1
492,4,679,83,142,119,1,-1,-1,-1
493,4,677,82,146,123,1,-1,-1,-1
494,4,676,85,145,124,1,-1,-1,-1
495,4,676,87,146,122,1,-1,-1,-1
496,4,672,89,149,122,1,-1,-1,-1
497,4,669,90,150,123,1,-1,-1,-1
498,4,667,92,153,123,1,-1,-1,-1
499,4,667,94,151,122,1,-1,-1,-1
500,4,670,97,146,123,1,-1,-1,-1
501,4,669,98,146,123,1,-1,-1,-1
502,4,666,101,151,126,1,-1,-1,-1
503,4,663,104,152,123,1,-1,-1,-1
504,4,665,108,148,122,1,-1,-1,-1
505,4,662,111,150,123,1,-1,-1,-1
506,4,662,112,150,124,1,-1,-1,-1
507,4,660,113,152,126,1,-1,-1,-1
508,4,659,114,152,128,1,-1,-1,-1
509,4,658,115,154,130,1,-1,-1,-1
510,4,656,117,155,130,1,-1,-1,-1
511,4,656,119,156,130,1,-1,-1,-1
512,4,654,120,156,132,1,-1,-1,-1
513,4,653,122,159,134,1,-1,-1,-1
514,4,652,124,158,134,1,-1,-1,-1
515,4,649,125,160,137,1,-1,-1,-1
516,4,652,127,161,137,1,-1,-1,-1
517,4,650,130,162,136,1,-1,-1,-1
518,4,650,132,164,136,1,-1,-1,-1
519,4,649,135,164,137,1,-1,-1,-1
520,4,647,136,167,138,1,-1,-1,-1
521,4,647,139,168,139,1,-1,-1,-1
522,4,648,143,165,139,1,-1,-1,-1
523,4,646,145,167,140,1,-1,-1,-1
524,4,645,148,168,141,1,-1,-1,-1
525,4,645,152,170,139,1,-1,-1,-1
526,4,643,153,174,141,1,-1,-1,-1
527,4,643,156,175,141,1,-1,-1,-1
528,4,643,158,176,144,1,-1,-1,-1
529,4,643,161,177,145,1,-1,-1,-1
530,4,642,164,177,144,1,-1,-1,-1
531,4,642,166,176,145,1,-1,-1,-1
532,4,642,168,182,147,1,-1,-1,-1
533,4,641,169,182,150,1,-1,-1,-1
534,4,641,173,184,151,1,-1,-1,-1
535,4,641,178,186,152,1,-1,-1,-1
536,4,640,181,190,153,1,-1,-1,-1
537,4,642,184,190,154,1,-1,-1,-1
538,4,641,185,193,158,1,-1,-1,-1
539,4,640,190,195,159,1,-1,-1,-1
540,4,641,194,197,157,1,-1,-1,-1
541,4,639,196,200,159,1,-1,-1,-1
542,4,640,200,201,163,1,-1,-1,-1
543,4,639,205,202,163,1,-1,-1,-1
544,4,641,207,201,167,1,-1,-1,-1
545,4,640,211,202,167,1,-1,-1,-1
546,4,638,214,204,170,1,-1,-1,-1
547,4,638,221,208,167,1,-1,-1,-1
548,4,638,225,208,167,1,-1,-1,-1
549,4,638,230,213,167,1,-1,-1,-1
550,4,636,232,214,170,1,-1,-1,-1
551,4,635,233,218,173,1,-1,-1,-1
552,4,633,232,221,183,1,-1,-1,-1
553,4,630,234,226,189,1,-1,-1,-1
554,4,631,238,227,191,1,-1,-1,-1
555,4,629,245,232,191,1,-1,-1,-1
556,4,628,253,231,187,1,-1,-1,-1
557,4,624,257,237,193,1,-1,-1,-1
558,4,625,260,241,196,1,-1,-1,-1
559,4,626,264,238,203,1,-1,-1,-1
560,4,623,273,244,206,1,-1,-1,-1
561,4,619,279,249,208,1,-1,-1,-1
562,4,616,288,252,209,1,-1,-1,-1
563,4,615,294,254,213,1,-1,-1,-1
564,4,613,305,258,211,1,-1,-1,-1
565,4,610,313,262,215,1,-1,-1,-1
566,4,607,322,267,220,1,-1,-1,-1
567,4,609,328,270,229,1,-1,-1,-1
568,4,604,342,271,227,1,-1,-1,-1
569,4,601,350,276,236,1,-1,-1,-1
570,4,599,362,285,233,1,-1,-1,-1
571,4,595,371,287,238,1,-1,-1,-1
572,4,589,382,293,241,1,-1,-1,-1
573,4,587,392,296,244,1,-1,-1,-1
574,4,579,403,302,249,1,-1,-1,-1
575,4,578,416,302,253,1,-1,-1,-1
576,4,567,432,310,250,1,-1,-1,-1
577,4,563,441,316,258,1,-1,-1,-1
578,4,553,454,324,267,1,-1,-1,-1
579,4,546,468,325,270,1,-1,-1,-1
580,4,540,481,322,283,1,-1,-1,-1
581,4,530,499,337,283,1,-1,-1,-1
582,4,515,512,347,290,1,-1,-1,-1
583,4,501,530,353,294,1,-1,-1,-1
584,4,492,544,355,301,1,-1,-1,-1
585,4,475,563,370,308,1,-1,-1,-1
586,4,466,581,368,315,1,-1,-1,-1
587,4,451,601,375,324,1,-1,-1,-1
588,4,440,623,379,327,1,-1,-1,-1
589,4,423,649,386,332,1,-1,-1,-1
590,4,404,677,393,333,1,-1,-1,-1
591,4,374,702,414,338,1,-1,-1,-1
592,4,362,716,420,355,1,-1,-1,-1
593,4,340,750,426,329,1,-1,-1,-1
702,5,965,715,478,346,1,-1,-1,-1
703,5,968,695,479,354,1,-1,-1,-1
704,5,985,672,459,388,1,-1,-1,-1
705,5,999,652,440,400,1,-1,-1,-1
706,5,1011,636,417,411,1,-1,-1,-1
707,5,1007,623,422,450,1,-1,-1,-1
708,5,1012,607,415,444,1,-1,-1,-1
709,5,1004,591,423,436,1,-1,-1,-1
710,5,1005,582,413,428,1,-1,-1,-1
711,5,1008,563,409,424,1,-1,-1,-1
712,5,1013,551,399,412,1,-1,-1,-1
713,5,1021,541,386,420,1,-1,-1,-1
714,5,1008,520,394,402,1,-1,-1,-1
715,5,1002,503,390,403,1,-1,-1,-1
716,5,1000,496,386,392,1,-1,-1,-1
717,5,992,483,388,390,1,-1,-1,-1
718,5,984,466,383,382,1,-1,-1,-1
719,5,979,455,381,375,1,-1,-1,-1
720,5,980,449,375,368,1,-1,-1,-1
721,5,975,435,378,365,1,-1,-1,-1
722,5,970,423,371,360,1,-1,-1,-1
723,5,962,416,373,350,1,-1,-1,-1
724,5,961,406,359,347,1,-1,-1,-1
725,5,949,392,370,345,1,-1,-1,-1
726,5,948,387,354,338,1,-1,-1,-1
727,5,946,376,346,331,1,-1,-1,-1
728,5,929,368,360,328,1,-1,-1,-1
729,5,934,358,342,324,1,-1,-1,-1
730,5,924,349,346,321,1,-1,-1,-1
731,5,924,345,343,317,1,-1,-1,-1
732,5,915,333,338,318,1,-1,-1,-1
733,5,913,330,329,310,1,-1,-1,-1
734,5,910,319,329,308,1,-1,-1,-1
735,5,909,313,321,303,1,-1,-1,-1
736,5,906,305,318,303,1,-1,-1,-1
737,5,894,298,323,300,1,-1,-1,-1
738,5,894,291,315,293,1,-1,-1,-1
739,5,897,284,304,296,1,-1,-1,-1
740,5,882,278,305,292,1,-1,-1,-1
741,5,882,274,297,285,1,-1,-1,-1
742,5,890,268,292,279,1,-1,-1,-1
743,5,894,263,286,278,1,-1,-1,-1
744,5,888,254,288,275,1,-1,-1,-1
745,5,882,249,280,279,1,-1,-1,-1
746,5,886,243,287,270,1,-1,-1,-1
747,5,880,241,285,266,1,-1,-1,-1
748,5,878,235,283,264,1,-1,-1,-1
749,5,875,230,279,265,1,-1,-1,-1
750,5,869,227,281,257,1,-1,-1,-1
751,5,866,225,280,258,1,-1,-1,-1
752,5,867,222,273,255,1,-1,-1,-1
753,5,866,220,268,252,1,-1,-1,-1
754,5,867,212,265,247,1,-1,-1,-1
755,5,864,209,266,249,1,-1,-1,-1
756,5,860,209,267,242,1,-1,-1,-1
757,5,863,205,259,238,1,-1,-1,-1
758,5,857,205,259,234,1,-1,-1,-1
759,5,853,201,259,233,1,-1,-1,-1
760,5,849,196,256,234,1,-1,-1,-1
761,5,845,190,259,231,1,-1,-1,-1
762,5,841,188,255,230,1,-1,-1,-1
763,5,840,186,251,227,1,-1,-1,-1
764,5,838,183,248,223,1,-1,-1,-1
765,5,837,181,247,222,1,-1,-1,-1
766,5,835,178,246,219,1,-1,-1,-1
767,5,835,175,245,219,1,-1,-1,-1
768,5,831,172,245,215,1,-1,-1,-1
769,5,832,169,239,213,1,-1,-1,-1
770,5,831,168,236,211,1,-1,-1,-1
771,5,832,166,235,209,1,-1,-1,-1
772,5,832,164,232,206,1,-1,-1,-1
773,5,832,161,232,204,1,-1,-1,-1
774,5,831,155,232,206,1,-1,-1,-1
775,5,834,154,229,205,1,-1,-1,-1
776,5,832,151,227,206,1,-1,-1,-1
777,5,835,148,223,206,1,-1,-1,-1
778,5,839,149,214,200,1,-1,-1,-1
779,5,839,147,211,198,1,-1,-1,-1
780,5,839,147,213,195,1,-1,-1,-1
781,5,838,142,210,196,1,-1,-1,-1
782,5,839,140,207,197,1,-1,-1,-1
783,5,836,136,207,197,1,-1,-1,-1
784,5,834,132,209,190,1,-1,-1,-1
785,5,838,132,205,191,1,-1,-1,-1
786,5,839,130,201,187,1,-1,-1,-1
787,5,841,129,199,187,1,-1,-1,-1
788,5,842,127,196,185,1,-1,-1,-1
789,5,841,124,197,184,1,-1,-1,-1
790,5,841,123,195,183,1,-1,-1,-1
791,5,840,124,195,177,1,-1,-1,-1
792,5,839,121,193,176,1,-1,-1,-1
793,5,841,119,190,172,1,-1,-1,-1
794,5,840,116,191,174,1,-1,-1,-1
795,5,841,113,191,175,1,-1,-1,-1
796,5,841,112,189,173,1,-1,-1,-1
797,5,842,111,187,172,1,-1,-1,-1
798,5,840,110,187,172,1,-1,-1,-1
799,5,840,110,186,168,1,-1,-1,-1
800,5,842,108,182,169,1,-1,-1,-1
801,5,842,109,183,164,1,-1,-1,-1
802,5,843,107,180,163,1,-1,-1,-1
803,5,842,106,182,161,1,-1,-1,-1
804,5,843,104,180,161,1,-1,-1,-1
805,5,844,103,175,160,1,-1,-1,-1
806,5,844,101,173,160,1,-1,-1,-1
807,5,843,102,174,158,1,-1,-1,-1
808,5,845,102,169,156,1,-1,-1,-1
809,5,846,100,168,153,1,-1,-1,-1
810,5,845,98,169,153,1,-1,-1,-1
811,5,843,94,170,155,1,-1,-1,-1
812,5,843,91,170,156,1,-1,-1,-1
813,5,843,90,170,155,1,-1,-1,-1
814,5,842,90,171,152,1,-1,-1,-1
815,5,841,89,171,154,1,-1,-1,-1
816,5,841,87,168,154,1,-1,-1,-1
817,5,842,86,167,152,1,-1,-1,-1
818,5,842,86,166,151,1,-1,-1,-1
819,5,841,84,163,150,1,-1,-1,-1
820,5,840,82,164,148,1,-1,-1,-1
821,5,838,80,164,149,1,-1,-1,-1
822,5,837,77,163,153,1,-1,-1,-1
823,5,838,75,160,153,1,-1,-1,-1
824,5,839,71,158,149,1,-1,-1,-1
825,5,839,73,156,145,1,-1,-1,-1
826,5,834,70,159,146,1,-1,-1,-1
827,5,835,67,157,151,1,-1,-1,-1
828,5,833,66,157,151,1,-1,-1,-1
829,5,832,64,155,150,1,-1,-1,-1
830,5,831,65,156,146,1,-1,-1,-1
831,5,830,66,155,143,1,-1,-1,-1
832,5,829,65,152,145,1,-1,-1,-1
833,5,828,62,151,146,1,-1,-1,-1
834,5,828,60,149,145,1,-1,-1,-1
835,5,827,59,149,141,1,-1,-1,-1
836,5,827,57,150,143,1,-1,-1,-1
837,5,825,57,150,140,1,-1,-1,-1
838,5,823,54,148,140,1,-1,-1,-1
839,5,823,52,146,142,1,-1,-1,-1
840,5,822,48,144,145,1,-1,-1,-1
841,5,821,49,144,141,1,-1,-1,-1
842,5,819,49,148,140,1,-1,-1,-1
843,5,822,48,141,138,1,-1,-1,-1
844,5,820,48,142,139,1,-1,-1,-1
845,5,818,45,142,138,1,-1,-1,-1
846,5,817,45,143,137,1,-1,-1,-1
847,5,817,46,142,135,1,-1,-1,-1
828,6,0,217,314,258,1,-1,-1,-1
829,6,0,212,353,266,1,-1,-1,-1
830,6,0,214,356,258,1,-1,-1,-1
831,6,4,216,358,261,1,-1,-1,-1
832,6,0,207,389,276,1,-1,-1,-1
833,6,2,208,414,266,1,-1,-1,-1
834,6,4,205,422,275,1,-1,-1,-1
835,6,21,212,432,273,1,-1,-1,-1
836,6,29,212,431,272,1,-1,-1,-1
837,6,21,218,453,274,1,-1,-1,-1
838,6,47,220,463,266,1,-1,-1,-1
839,6,50,218,464,274,1,-1,-1,-1
840,6,34,220,501,275,1,-1,-1,-1
841,6,22,221,536,276,1,-1,-1,-1
842,6,21,220,538,275,1,-1,-1,-1
843,6,27,223,558,275,1,-1,-1,-1
844,6,44,226,561,273,1,-1,-1,-1
845,6,43,224,590,279,1,-1,-1,-1
846,6,72,227,578,277,1,-1,-1,-1
847,6,106,225,563,281,1,-1,-1,-1
848,6,119,230,566,274,1,-1,-1,-1
849,6,140,229,565,282,1,-1,-1,-1
850,6,164,234,551,275,1,-1,-1,-1
851,6,177,230,542,280,1,-1,-1,-1
852,6,198,237,560,280,1,-1,-1,-1
853,6,229,238,532,280,1,-1,-1,-1
854,6,254,240,535,284,1,-1,-1,-1
855,6,275,233,509,294,1,-1,-1,-1
856,6,297,237,495,289,1,-1,-1,-1
857,6,316,237,498,297,1,-1,-1,-1
858,6,340,238,489,291,1,-1,-1,-1
859,6,352,244,489,292,1,-1,-1,-1
860,6,376,246,478,293,1,-1,-1,-1
861,6,387,250,483,295,1,-1,-1,-1
862,6,404,254,471,295,1,-1,-1,-1
863,6,425,259,452,293,1,-1,-1,-1
864,6,440,261,445,296,1,-1,-1,-1
865,6,453,264,437,296,1,-1,-1,-1
866,6,469,263,426,298,1,-1,-1,-1
867,6,483,272,424,301,1,-1,-1,-1
868,6,497,275,419,306,1,-1,-1,-1
869,6,508,280,414,305,1,-1,-1,-1
870,6,519,283,398,299,1,-1,-1,-1
871,6,530,284,397,298,1,-1,-1,-1
872,6,540,292,391,293,1,-1,-1,-1
873,6,546,294,392,296,1,-1,-1,-1
874,6,556,294,382,303,1,-1,-1,-1
875,6,563,294,378,306,1,-1,-1,-1
876,6,574,298,371,309,1,-1,-1,-1
877,6,587,307,364,312,1,-1,-1,-1
878,6,592,307,357,308,1,-1,-1,-1
879,6,593,310,362,310,1,-1,-1,-1
880,6,598,313,361,314,1,-1,-1,-1
881,6,602,319,360,314,1,-1,-1,-1
882,6,612,324,348,316,1,-1,-1,-1
883,6,618,329,349,320,1,-1,-1,-1
884,6,618,333,351,321,1,-1,-1,-1
885,6,620,336,352,323,1,-1,-1,-1
886,6,622,342,352,322,1,-1,-1,-1
887,6,626,344,352,325,1,-1,-1,-1
888,6,627,350,354,325,1,-1,-1,-1
889,6,628,356,355,327,1,-1,-1,-1
890,6,627,355,356,336,1,-1,-1,-1
891,6,631,361,355,335,1,-1,-1,-1
892,6,632,373,355,344,1,-1,-1,-1
893,6,628,377,356,342,1,-1,-1,-1
894,6,630,380,363,355,1,-1,-1,-1
895,6,625,387,361,349,1,-1,-1,-1
896,6,623,392,367,356,1,-1,-1,-1
897,6,624,395,365,352,1,-1,-1,-1
898,6,612,403,372,354,1,-1,-1,-1
899,6,614,407,372,360,1,-1,-1,-1
900,6,608,419,380,368,1,-1,-1,-1
901,6,605,423,382,372,1,-1,-1,-1
902,6,599,431,384,365,1,-1,-1,-1
903,6,589,441,389,371,1,-1,-1,-1
904,6,584,443,391,374,1,-1,-1,-1
905,6,571,452,400,377,1,-1,-1,-1
906,6,569,456,400,380,1,-1,-1,-1
907,6,557,462,407,396,1,-1,-1,-1
908,6,555,474,416,401,1,-1,-1,-1
909,6,546,485,417,406,1,-1,-1,-1
910,6,537,489,423,415,1,-1,-1,-1
911,6,530,504,420,415,1,-1,-1,-1
912,6,515,512,433,422,1,-1,-1,-1
913,6,509,525,430,427,1,-1,-1,-1
914,6,491,528,448,426,1,-1,-1,-1
915,6,488,540,444,423,1,-1,-1,-1
916,6,470,555,456,424,1,-1,-1,-1
917,6,457,565,462,428,1,-1,-1,-1
918,6,443,575,469,439,1,-1,-1,-1
919,6,437,589,469,441,1,-1,-1,-1
920,6,419,597,480,450,1,-1,-1,-1
921,6,396,609,491,459,1,-1,-1,-1
922,6,383,626,495,453,1,-1,-1,-1
923,6,361,634,515,445,1,-1,-1,-1
924,6,346,649,509,430,1,-1,-1,-1
935,7,485,355,104,101,1,-1,-1,-1
936,7,498,350,114,105,1,-1,-1,-1
937,7,517,350,121,102,1,-1,-1,-1
938,7,542,348,124,101,1,-1,-1,-1
939,7,567,343,120,103,1,-1,-1,-1
940,7,594,340,121,103,1,-1,-1,-1
941,7,619,337,118,102,1,-1,-1,-1
942,7,641,335,118,100,1,-1,-1,-1
943,7,667,335,110,98,1,-1,-1,-1
944,7,689,330,104,103,1,-1,-1,-1
945,7,709,328,103,104,1,-1,-1,-1
946,7,726,327,105,103,1,-1,-1,-1
947,7,744,323,107,105,1,-1,-1,-1
948,7,763,323,102,102,1,-1,-1,-1
949,7,787,323,100,99,1,-1,-1,-1
950,7,806,321,99,100,1,-1,-1,-1
951,7,824,319,99,99,1,-1,-1,-1
952,7,837,319,102,98,1,-1,-1,-1
953,7,858,320,97,96,1,-1,-1,-1
954,7,877,313,97,100,1,-1,-1,-1
955,7,900,310,92,103,1,-1,-1,-1
956,7,916,317,86,94,1,-1,-1,-1
1110,8,705,67,130,99,1,-1,-1,-1
1111,8,705,66,131,101,1,-1,-1,-1
1112,8,705,67,130,102,1,-1,-1,-1
1113,8,703,67,130,103,1,-1,-1,-1
1114,8,703,68,130,104,1,-1,-1,-1
1115,8,702,71,133,106,1,-1,-1,-1
1116,8,700,70,136,109,1,-1,-1,-1
1117,8,699,71,136,111,1,-1,-1,-1
1118,8,697,71,139,113,1,-1,-1,-1
1119,8,699,74,139,110,1,-1,-1,-1
1120,8,697,76,140,110,1,-1,-1,-1
1121,8,697,75,142,112,1,-1,-1,-1
1122,8,697,78,141,112,1,-1,-1,-1
1123,8,697,79,142,112,1,-1,-1,-1
1124,8,696,81,144,112,1,-1,-1,-1
1125,8,696,83,144,112,1,-1,-1,-1
1126,8,697,86,146,115,1,-1,-1,-1
1127,8,698,90,148,115,1,-1,-1,-1
1128,8,695,90,148,117,1,-1,-1,-1
1129,8,696,93,151,121,1,-1,-1,-1
1130,8,695,95,149,121,1,-1,-1,-1
1131,8,694,99,151,122,1,-1,-1,-1
1132,8,692,101,152,122,1,-1,-1,-1
1133,8,695,104,153,125,1,-1,-1,-1
1134,8,693,107,152,127,1,-1,-1,-1
1135,8,693,109,151,125,1,-1,-1,-1
1136,8,690,113,155,124,1,-1,-1,-1
1137,8,691,113,154,127,1,-1,-1,-1
1138,8,689,114,158,130,1,-1,-1,-1
1139,8,689,117,156,128,1,-1,-1,-1
1140,8,686,117,159,131,1,-1,-1,-1
1141,8,685,121,161,133,1,-1,-1,-1
1142,8,685,125,161,131,1,-1,-1,-1
1143,8,683,128,160,130,1,-1,-1,-1
1144,8,682,134,163,126,1,-1,-1,-1
1145,8,680,136,166,130,1,-1,-1,-1
1146,8,678,139,164,130,1,-1,-1,-1
1147,8,677,139,165,135,1,-1,-1,-1
1148,8,675,141,168,136,1,-1,-1,-1
1149,8,672,146,169,138,1,-1,-1,-1
1150,8,670,150,170,139,1,-1,-1,-1
1151,8,668,155,172,138,1,-1,-1,-1
1152,8,666,155,175,142,1,-1,-1,-1
1153,8,665,158,177,143,1,-1,-1,-1
1154,8,662,161,179,144,1,-1,-1,-1
1155,8,661,164,181,146,1,-1,-1,-1
1156,8,658,167,183,148,1,-1,-1,-1
1157,8,656,171,186,150,1,-1,-1,-1
1158,8,651,174,190,152,1,-1,-1,-1
1159,8,652,179,185,150,1,-1,-1,-1
1160,8,650,183,187,153,1,-1,-1,-1
1161,8,647,187,193,159,1,-1,-1,-1
1162,8,645,193,195,157,1,-1,-1,-1
1163,8,641,194,195,159,1,-1,-1,-1
1164,8,640,200,199,162,1,-1,-1,-1
1165,8,638,204,202,168,1,-1,-1,-1
1166,8,632,210,203,167,1,-1,-1,-1
1167,8,632,215,204,166,1,-1,-1,-1
1168,8,626,221,211,168,1,-1,-1,-1
1169,8,624,224,214,173,1,-1,-1,-1
1170,8,621,227,212,175,1,-1,-1,-1
1171,8,617,231,217,177,1,-1,-1,-1
1172,8,613,237,224,175,1,-1,-1,-1
1173,8,609,237,224,186,1,-1,-1,-1
1174,8,605,243,231,187,1,-1,-1,-1
1175,8,604,248,232,191,1,-1,-1,-1
1176,8,601,253,236,194,1,-1,-1,-1
1177,8,599,261,240,199,1,-1,-1,-1
1178,8,593,264,243,205,1,-1,-1,-1
1179,8,590,271,246,210,1,-1,-1,-1
1180,8,584,283,251,215,1,-1,-1,-1
1181,8,581,292,255,219,1,-1,-1,-1
1182,8,578,303,259,220,1,-1,-1,-1
1183,8,577,312,262,222,1,-1,-1,-1
1184,8,573,323,263,230,1,-1,-1,-1
1185,8,569,338,269,235,1,-1,-1,-1
1186,8,564,350,276,234,1,-1,-1,-1
1187,8,556,363,280,234,1,-1,-1,-1
1188,8,556,376,282,244,1,-1,-1,-1
1189,8,547,387,293,246,1,-1,-1,-1
1190,8,549,398,289,253,1,-1,-1,-1
1191,8,535,412,302,265,1,-1,-1,-1
1192,8,531,430,306,264,1,-1,-1,-1
1193,8,525,446,316,271,1,-1,-1,-1
1194,8,523,462,317,279,1,-1,-1,-1
1195,8,510,478,328,289,1,-1,-1,-1
1196,8,508,497,328,295,1,-1,-1,-1
1197,8,503,515,329,299,1,-1,-1,-1
1198,8,492,532,340,315,1,-1,-1,-1
1199,8,484,561,340,314,1,-1,-1,-1
1200,8,466,578,360,333,1,-1,-1,-1
1201,8,452,608,370,328,1,-1,-1,-1
1202,8,448,631,364,341,1,-1,-1,-1
1203,8,418,664,384,343,1,-1,-1,-1
1204,8,404,695,391,351,1,-1,-1,-1
1205,8,378,722,413,355,1,-1,-1,-1
1206,8,360,753,405,326,1,-1,-1,-1
1144,9,924,734,452,345,1,-1,-1,-1
1145,9,923,709,449,366,1,-1,-1,-1
1146,9,927,686,442,387,1,-1,-1,-1
1147,9,934,664,427,403,1,-1,-1,-1
1148,9,936,647,413,396,1,-1,-1,-1
1149,9,939,627,412,388,1,-1,-1,-1
1150,9,938,609,400,380,1,-1,-1,-1
1151,9,939,592,395,371,1,-1,-1,-1
1152,9,942,569,392,367,1,-1,-1,-1
1153,9,948,552,378,360,1,-1,-1,-1
1154,9,937,535,384,354,1,-1,-1,-1
1155,9,937,516,377,352,1,-1,-1,-1
1156,9,941,499,365,347,1,-1,-1,-1
1157,9,940,488,364,338,1,-1,-1,-1
1158,9,935,479,362,331,1,-1,-1,-1
1159,9,935,467,357,326,1,-1,-1,-1
1160,9,929,454,364,314,1,-1,-1,-1
1161,9,925,438,355,328,1,-1,-1,-1
1162,9,937,429,338,307,1,-1,-1,-1
1163,9,927,414,344,307,1,-1,-1,-1
1164,9,934,405,322,302,1,-1,-1,-1
1165,9,922,389,333,307,1,-1,-1,-1
1166,9,921,379,326,304,1,-1,-1,-1
1167,9,921,373,319,292,1,-1,-1,-1
1168,9,917,361,319,295,1,-1,-1,-1
1169,9,916,354,318,280,1,-1,-1,-1
1170,9,924,343,304,281,1,-1,-1,-1
1171,9,914,335,313,276,1,-1,-1,-1
1172,9,914,326,305,277,1,-1,-1,-1
1173,9,922,323,292,267,1,-1,-1,-1
1174,9,915,315,296,265,1,-1,-1,-1
1175,9,917,304,293,267,1,-1,-1,-1
1176,9,919,299,294,263,1,-1,-1,-1
1177,9,921,293,286,257,1,-1,-1,-1
1178,9,919,285,286,253,1,-1,-1,-1
1179,9,921,278,278,256,1,-1,-1,-1
1180,9,922,271,277,251,1,-1,-1,-1
1181,9,925,265,272,248,1,-1,-1,-1
1182,9,925,256,269,248,1,-1,-1,-1
1183,9,922,255,266,240,1,-1,-1,-1
1184,9,928,250,261,240,1,-1,-1,-1
1185,9,928,245,259,237,1,-1,-1,-1
1186,9,924,241,259,233,1,-1,-1,-1
1187,9,922,236,261,233,1,-1,-1,-1
1188,9,923,232,257,227,1,-1,-1,-1
1189,9,927,230,253,222,1,-1,-1,-1
1190,9,926,225,251,222,1,-1,-1,-1
1191,9,929,220,250,221,1,-1,-1,-1
1192,9,925,218,250,217,1,-1,-1,-1
1193,9,925,215,247,213,1,-1,-1,-1
1194,9,930,212,240,212,1,-1,-1,-1
1195,9,929,209,237,210,1,-1,-1,-1
1196,9,926,205,238,210,1,-1,-1,-1
1197,9,926,202,235,206,1,-1,-1,-1
1198,9,924,199,234,204,1,-1,-1,-1
1199,9,929,196,229,203,1,-1,-1,-1
1200,9,922,193,232,203,1,-1,-1,-1
1201,9,920,189,233,199,1,-1,-1,-1
1202,9,921,185,226,197,1,-1,-1,-1
1203,9,922,182,220,196,1,-1,-1,-1
1204,9,919,180,223,196,1,-1,-1,-1
1205,9,918,180,221,191,1,-1,-1,-1
1206,9,919,178,218,188,1,-1,-1,-1
1207,9,922,175,212,183,1,-1,-1,-1
1208,9,916,171,214,182,1,-1,-1,-1
1209,9,918,170,211,182,1,-1,-1,-1
1210,9,916,168,208,180,1,-1,-1,-1
1211,9,914,164,208,181,1,-1,-1,-1
1212,9,913,162,206,177,1,-1,-1,-1
1213,9,911,158,205,174,1,-1,-1,-1
1214,9,910,157,204,175,1,-1,-1,-1
1215,9,908,155,201,171,1,-1,-1,-1
1216,9,907,152,202,171,1,-1,-1,-1
1217,9,906,148,200,173,1,-1,-1,-1
1218,9,905,144,197,173,1,-1,-1,-1
1219,9,904,143,196,169,1,-1,-1,-1
1220,9,902,140,193,169,1,-1,-1,-1
1221,9,902,138,192,169,1,-1,-1,-1
1222,9,899,137,192,166,1,-1,-1,-1
1223,9,897,135,189,166,1,-1,-1,-1
1224,9,895,133,190,164,1,-1,-1,-1
1225,9,895,133,188,160,1,-1,-1,-1
1226,9,893,131,187,159,1,-1,-1,-1
1227,9,892,128,184,160,1,-1,-1,-1
1228,9,890,129,183,156,1,-1,-1,-1
1229,9,888,125,182,159,1,-1,-1,-1
1230,9,888,123,181,159,1,-1,-1,-1
1231,9,887,121,180,158,1,-1,-1,-1
1232,9,886,119,177,158,1,-1,-1,-1
1233,9,885,118,178,155,1,-1,-1,-1
1234,9,885,115,176,154,1,-1,-1,-1
1235,9,883,114,175,150,1,-1,-1,-1
1236,9,880,113,176,151,1,-1,-1,-1
1237,9,879,111,174,150,1,-1,-1,-1
1238,9,879,109,171,151,1,-1,-1,-1
1239,9,877,110,170,147,1,-1,-1,-1
1240,9,877,108,167,148,1,-1,-1,-1
1241,9,875,105,168,149,1,-1,-1,-1
1242,9,874,105,166,146,1,-1,-1,-1
1243,9,872,104,166,146,1,-1,-1,-1
1244,9,870,102,166,145,1,-1,-1,-1
1245,9,868,100,168,144,1,-1,-1,-1
1246,9,865,98,167,143,1,-1,-1,-1
1247,9,866,97,162,142,1,-1,-1,-1
1248,9,865,95,160,144,1,-1,-1,-1
1249,9,862,95,160,141,1,-1,-1,-1
1250,9,860,94,159,139,1,-1,-1,-1
1251,9,860,93,158,139,1,-1,-1,-1
1252,9,859,89,157,141,1,-1,-1,-1
1253,9,858,86,156,145,1,-1,-1,-1
1254,9,857,83,154,144,1,-1,-1,-1
1255,9,856,86,155,136,1,-1,-1,-1
1256,9,857,85,155,134,1,-1,-1,-1
1257,9,852,81,158,137,1,-1,-1,-1
1258,9,851,82,157,133,1,-1,-1,-1
1259,9,851,81,157,132,1,-1,-1,-1
1260,9,847,83,158,129,1,-1,-1,-1
1261,9,849,79,155,131,1,-1,-1,-1
1262,9,847,78,154,133,1,-1,-1,-1
1263,9,840,78,159,132,1,-1,-1,-1
1264,9,844,77,154,130,1,-1,-1,-1
1265,9,840,75,154,133,1,-1,-1,-1
1266,9,838,73,154,133,1,-1,-1,-1
1267,9,840,71,150,131,1,-1,-1,-1
1268,9,838,69,151,130,1,-1,-1,-1
1269,9,837,67,150,130,1,-1,-1,-1
1270,9,835,66,149,131,1,-1,-1,-1
1271,9,836,65,145,128,1,-1,-1,-1
1272,9,835,64,145,129,1,-1,-1,-1
1273,9,832,63,146,127,1,-1,-1,-1
1274,9,834,62,142,129,1,-1,-1,-1
1275,9,834,62,143,128,1,-1,-1,-1
1276,9,833,61,141,128,1,-1,-1,-1
1277,9,830,61,143,127,1,-1,-1,-1
1278,9,828,60,143,127,1,-1,-1,-1
1279,9,827,58,143,128,1,-1,-1,-1
1280,9,830,58,138,126,1,-1,-1,-1
1281,9,831,57,135,126,1,-1,-1,-1
1282,9,830,57,134,124,1,-1,-1,-1
1283,9,829,57,133,122,1,-1,-1,-1
1284,9,829,58,132,119,1,-1,-1,-1
1285,9,825,56,137,119,1,-1,-1,-1
1286,9,825,55,134,121,1,-1,-1,-1
1287,9,826,53,133,120,1,-1,-1,-1
1288,9,822,52,138,122,1,-1,-1,-1
1417,10,947,790,445,289,1,-1,-1,-1
1418,10,957,756,431,323,1,-1,-1,-1
1419,10,972,726,405,345,1,-1,-1,-1
1420,10,982,702,386,347,1,-1,-1,-1
1421,10,986,673,377,346,1,-1,-1,-1
1422,10,988,650,372,337,1,-1,-1,-1
1423,10,989,626,363,328,1,-1,-1,-1
1424,10,990,600,360,322,1,-1,-1,-1
1425,10,990,581,354,311,1,-1,-1,-1
1426,10,988,561,338,305,1,-1,-1,-1
1427,10,992,548,330,289,1,-1,-1,-1
1428,10,988,523,334,291,1,-1,-1,-1
1429,10,990,505,322,287,1,-1,-1,-1
1430,10,992,494,320,283,1,-1,-1,-1
1431,10,989,473,316,277,1,-1,-1,-1
1432,10,990,460,305,275,1,-1,-1,-1
1433,10,988,446,306,264,1,-1,-1,-1
1434,10,984,430,308,259,1,-1,-1,-1
1435,10,980,420,305,260,1,-1,-1,-1
1436,10,977,408,295,253,1,-1,-1,-1
1437,10,978,388,287,257,1,-1,-1,-1
1438,10,968,380,292,248,1,-1,-1,-1
1439,10,967,365,281,253,1,-1,-1,-1
1440,10,965,358,281,242,1,-1,-1,-1
1441,10,960,339,278,249,1,-1,-1,-1
1442,10,955,328,277,249,1,-1,-1,-1
1443,10,955,322,273,240,1,-1,-1,-1
1444,10,955,314,268,233,1,-1,-1,-1
1445,10,952,307,263,229,1,-1,-1,-1
1446,10,950,300,266,224,1,-1,-1,-1
1447,10,944,290,261,227,1,-1,-1,-1
1448,10,942,285,256,222,1,-1,-1,-1
1449,10,938,279,254,216,1,-1,-1,-1
1450,10,933,273,250,214,1,-1,-1,-1
1451,10,934,269,246,207,1,-1,-1,-1
1452,10,933,262,244,207,1,-1,-1,-1
1453,10,934,255,239,203,1,-1,-1,-1
1454,10,936,250,230,200,1,-1,-1,-1
1455,10,933,243,226,202,1,-1,-1,-1
1456,10,926,242,231,198,1,-1,-1,-1
1457,10,926,234,224,199,1,-1,-1,-1
1458,10,926,228,221,199,1,-1,-1,-1
1459,10,924,226,216,192,1,-1,-1,-1
1460,10,922,223,215,186,1,-1,-1,-1
1461,10,924,221,209,185,1,-1,-1,-1
1462,10,921,216,209,183,1,-1,-1,-1
1463,10,918,212,205,182,1,-1,-1,-1
1464,10,916,207,203,180,1,-1,-1,-1
1465,10,912,204,200,178,1,-1,-1,-1
1466,10,911,200,200,177,1,-1,-1,-1
1467,10,910,197,197,175,1,-1,-1,-1
1468,10,908,192,195,174,1,-1,-1,-1
1469,10,904,186,195,172,1,-1,-1,-1
1470,10,901,183,194,171,1,-1,-1,-1
1471,10,902,182,190,168,1,-1,-1,-1
1472,10,900,179,189,165,1,-1,-1,-1
1473,10,899,178,183,161,1,-1,-1,-1
1474,10,899,174,182,160,1,-1,-1,-1
1475,10,896,169,182,161,1,-1,-1,-1
1476,10,894,168,181,158,1,-1,-1,-1
1477,10,892,164,182,153,1,-1,-1,-1
1478,10,893,162,175,151,1,-1,-1,-1
1479,10,890,159,175,149,1,-1,-1,-1
1480,10,888,157,176,148,1,-1,-1,-1
1481,10,887,152,173,148,1,-1,-1,-1
1482,10,887,147,170,148,1,-1,-1,-1
1483,10,886,145,169,146,1,-1,-1,-1
1484,10,885,141,166,147,1,-1,-1,-1
1485,10,884,141,162,143,1,-1,-1,-1
1486,10,880,141,162,141,1,-1,-1,-1
1487,10,882,138,161,142,1,-1,-1,-1
1488,10,879,136,161,142,1,-1,-1,-1
1489,10,876,135,163,140,1,-1,-1,-1
1490,10,870,132,163,137,1,-1,-1,-1
1491,10,874,131,158,134,1,-1,-1,-1
1492,10,874,128,157,134,1,-1,-1,-1
1493,10,869,122,157,136,1,-1,-1,-1
1494,10,869,121,153,137,1,-1,-1,-1
1495,10,866,119,155,133,1,-1,-1,-1
1496,10,861,118,158,133,1,-1,-1,-1
1497,10,863,117,152,131,1,-1,-1,-1
1498,10,862,115,149,129,1,-1,-1,-1
1499,10,860,114,148,127,1,-1,-1,-1
1500,10,856,113,149,124,1,-1,-1,-1
1501,10,853,112,152,124,1,-1,-1,-1
1502,10,853,111,150,123,1,-1,-1,-1
1503,10,854,107,147,125,1,-1,-1,-1
1504,10,854,105,144,124,1,-1,-1,-1
1505,10,854,104,142,121,1,-1,-1,-1
1506,10,851,103,146,119,1,-1,-1,-1
1507,10,851,100,143,119,1,-1,-1,-1
1508,10,850,96,139,120,1,-1,-1,-1
1509,10,848,94,139,120,1,-1,-1,-1
1510,10,844,93,142,119,1,-1,-1,-1
1511,10,845,92,138,118,1,-1,-1,-1
1512,10,844,88,138,121,1,-1,-1,-1
1513,10,843,88,139,118,1,-1,-1,-1
1514,10,841,88,137,116,1,-1,-1,-1
1515,10,841,87,136,115,1,-1,-1,-1
1516,10,840,84,135,114,1,-1,-1,-1
1517,10,837,81,137,115,1,-1,-1,-1
1518,10,837,79,137,113,1,-1,-1,-1
1519,10,835,76,138,115,1,-1,-1,-1
1520,10,833,75,139,115,1,-1,-1,-1
1521,10,833,73,134,114,1,-1,-1,-1
1522,10,833,72,133,117,1,-1,-1,-1
1523,10,828,70,142,116,1,-1,-1,-1
1524,10,828,68,134,116,1,-1,-1,-1
1525,10,829,68,133,114,1,-1,-1,-1
1526,10,828,68,133,112,1,-1,-1,-1
1527,10,827,66,134,112,1,-1,-1,-1
1528,10,828,66,130,109,1,-1,-1,-1
1529,10,827,67,130,105,1,-1,-1,-1
1530,10,826,66,129,103,1,-1,-1,-1
1531,10,825,65,129,103,1,-1,-1,-1
1532,10,824,64,129,104,1,-1,-1,-1
1533,10,824,62,130,104,1,-1,-1,-1
1534,10,824,64,129,101,1,-1,-1,-1
1568,11,942,780,489,299,1,-1,-1,-1
1569,11,977,746,451,333,1,-1,-1,-1
1570,11,986,720,415,355,1,-1,-1,-1
1571,11,994,692,412,375,1,-1,-1,-1
1572,11,991,656,406,403,1,-1,-1,-1
1573,11,982,636,405,393,1,-1,-1,-1
1574,11,988,603,398,389,1,-1,-1,-1
1575,11,982,582,402,378,1,-1,-1,-1
1576,11,986,561,375,374,1,-1,-1,-1
1577,11,985,541,370,360,1,-1,-1,-1
1578,11,983,519,368,355,1,-1,-1,-1
1579,11,975,500,367,355,1,-1,-1,-1
1580,11,972,484,353,346,1,-1,-1,-1
1581,11,975,471,341,327,1,-1,-1,-1
1582,11,956,453,348,326,1,-1,-1,-1
1583,11,959,440,332,320,1,-1,-1,-1
1584,11,959,425,332,311,1,-1,-1,-1
1585,11,950,415,334,301,1,-1,-1,-1
1586,11,951,402,315,295,1,-1,-1,-1
1587,11,944,385,315,301,1,-1,-1,-1
1588,11,943,374,301,294,1,-1,-1,-1
1589,11,938,360,306,290,1,-1,-1,-1
1590,11,935,351,298,283,1,-1,-1,-1
1591,11,927,337,303,282,1,-1,-1,-1
1592,11,927,329,295,274,1,-1,-1,-1
1593,11,928,315,285,280,1,-1,-1,-1
1594,11,924,309,282,272,1,-1,-1,-1
1595,11,922,299,286,268,1,-1,-1,-1
1596,11,923,296,281,254,1,-1,-1,-1
1597,11,924,284,268,257,1,-1,-1,-1
1598,11,919,278,270,249,1,-1,-1,-1
1599,11,914,269,271,250,1,-1,-1,-1
1600,11,914,262,267,248,1,-1,-1,-1
1601,11,914,256,266,243,1,-1,-1,-1
1602,11,917,247,258,238,1,-1,-1,-1
1603,11,918,243,251,234,1,-1,-1,-1
1604,11,919,238,241,228,1,-1,-1,-1
1605,11,918,232,242,228,1,-1,-1,-1
1606,11,915,227,243,227,1,-1,-1,-1
1607,11,921,226,235,219,1,-1,-1,-1
1608,11,916,221,240,216,1,-1,-1,-1
1609,11,916,217,238,216,1,-1,-1,-1
1610,11,918,211,236,215,1,-1,-1,-1
1611,11,919,207,227,210,1,-1,-1,-1
1612,11,919,203,225,208,1,-1,-1,-1
1613,11,919,201,222,205,1,-1,-1,-1
1614,11,920,196,217,203,1,-1,-1,-1
1615,11,923,193,213,201,1,-1,-1,-1
1616,11,922,191,209,195,1,-1,-1,-1
1617,11,922,187,207,195,1,-1,-1,-1
1618,11,922,182,207,196,1,-1,-1,-1
1619,11,923,179,206,194,1,-1,-1,-1
1620,11,921,177,201,188,1,-1,-1,-1
1621,11,921,173,198,188,1,-1,-1,-1
1622,11,920,171,196,183,1,-1,-1,-1
1623,11,918,168,195,180,1,-1,-1,-1
1624,11,917,165,192,176,1,-1,-1,-1
1625,11,916,161,191,175,1,-1,-1,-1
1626,11,913,157,187,176,1,-1,-1,-1
1627,11,913,154,185,174,1,-1,-1,-1
1628,11,913,151,183,173,1,-1,-1,-1
1629,11,911,148,183,168,1,-1,-1,-1
1630,11,910,144,182,168,1,-1,-1,-1
1631,11,906,140,180,170,1,-1,-1,-1
1632,11,904,136,178,168,1,-1,-1,-1
1633,11,901,135,178,164,1,-1,-1,-1
1634,11,898,134,178,159,1,-1,-1,-1
1635,11,897,133,175,158,1,-1,-1,-1
1636,11,897,129,171,160,1,-1,-1,-1
1637,11,896,129,169,157,1,-1,-1,-1
1638,11,895,127,170,156,1,-1,-1,-1
1639,11,894,124,166,156,1,-1,-1,-1
1640,11,894,121,164,155,1,-1,-1,-1
1641,11,891,119,165,152,1,-1,-1,-1
1642,11,889,116,163,150,1,-1,-1,-1
1643,11,886,114,164,149,1,-1,-1,-1
1644,11,884,113,162,149,1,-1,-1,-1
1645,11,886,109,158,150,1,-1,-1,-1
1646,11,886,108,154,146,1,-1,-1,-1
1647,11,884,107,156,146,1,-1,-1,-1
1648,11,880,105,156,145,1,-1,-1,-1
1649,11,875,101,156,143,1,-1,-1,-1
1650,11,875,103,153,141,1,-1,-1,-1
1651,11,872,101,153,141,1,-1,-1,-1
1652,11,873,98,151,142,1,-1,-1,-1
1653,11,871,96,149,142,1,-1,-1,-1
1654,11,873,94,145,141,1,-1,-1,-1
1655,11,867,94,146,137,1,-1,-1,-1
1656,11,867,94,143,135,1,-1,-1,-1
1657,11,866,91,145,134,1,-1,-1,-1
1658,11,863,88,145,133,1,-1,-1,-1
1659,11,862,87,146,131,1,-1,-1,-1
1660,11,861,84,144,133,1,-1,-1,-1
1661,11,858,85,143,130,1,-1,-1,-1
1662,11,858,84,142,129,1,-1,-1,-1
1663,11,856,82,144,128,1,-1,-1,-1
1664,11,854,82,144,126,1,-1,-1,-1
1665,11,855,79,139,129,1,-1,-1,-1
1666,11,852,75,142,129,1,-1,-1,-1
1667,11,852,74,135,127,1,-1,-1,-1
1668,11,851,72,134,126,1,-1,-1,-1
1669,11,852,68,132,128,1,-1,-1,-1
1670,11,850,68,133,126,1,-1,-1,-1
1671,11,848,67,132,126,1,-1,-1,-1
1672,11,845,65,133,126,1,-1,-1,-1
1673,11,844,64,136,125,1,-1,-1,-1
1674,11,843,62,133,127,1,-1,-1,-1
1675,11,843,63,132,126,1,-1,-1,-1
1676,11,842,63,130,125,1,-1,-1,-1
1677,11,839,59,133,123,1,-1,-1,-1
1678,11,839,60,134,122,1,-1,-1,-1
1679,11,840,61,128,122,1,-1,-1,-1
1680,11,836,58,133,120,1,-1,-1,-1
1681,11,834,58,135,117,1,-1,-1,-1
1682,11,835,56,135,116,1,-1,-1,-1
1683,11,833,55,134,116,1,-1,-1,-1
1601,12,702,57,138,120,1,-1,-1,-1
1602,12,701,58,139,121,1,-1,-1,-1
1603,12,700,58,140,121,1,-1,-1,-1
1604,12,699,59,141,121,1,-1,-1,-1
1605,12,700,59,141,122,1,-1,-1,-1
1606,12,698,61,143,123,1,-1,-1,-1
1607,12,696,61,144,125,1,-1,-1,-1
1608,12,695,63,149,125,1,-1,-1,-1
1609,12,695,64,143,124,1,-1,-1,-1
1610,12,695,65,143,124,1,-1,-1,-1
1611,12,693,63,147,125,1,-1,-1,-1
1612,12,692,66,144,126,1,-1,-1,-1
1613,12,689,67,147,127,1,-1,-1,-1
1614,12,689,67,146,127,1,-1,-1,-1
1615,12,688,67,145,128,1,-1,-1,-1
1616,12,687,69,148,128,1,-1,-1,-1
1617,12,685,70,149,128,1,-1,-1,-1
1618,12,683,70,149,130,1,-1,-1,-1
1619,12,684,71,146,132,1,-1,-1,-1
1620,12,681,71,148,134,1,-1,-1,-1
1621,12,678,73,148,134,1,-1,-1,-1
1622,12,676,74,152,134,1,-1,-1,-1
1623,12,672,77,153,134,1,-1,-1,-1
1624,12,672,77,152,137,1,-1,-1,-1
1625,12,671,79,153,134,1,-1,-1,-1
1626,12,668,83,156,131,1,-1,-1,-1
1627,12,666,83,154,134,1,-1,-1,-1
1628,12,664,85,159,134,1,-1,-1,-1
1629,12,661,85,159,135,1,-1,-1,-1
1630,12,659,86,157,135,1,-1,-1,-1
1631,12,655,86,162,138,1,-1,-1,-1
1632,12,656,87,158,138,1,-1,-1,-1
1633,12,655,88,157,140,1,-1,-1,-1
1634,12,654,90,158,139,1,-1,-1,-1
1635,12,650,90,160,141,1,-1,-1,-1
1636,12,647,92,162,143,1,-1,-1,-1
1637,12,644,93,162,145,1,-1,-1,-1
1638,12,642,95,164,144,1,-1,-1,-1
1639,12,644,97,162,145,1,-1,-1,-1
1640,12,642,99,163,144,1,-1,-1,-1
1641,12,642,101,162,144,1,-1,-1,-1
1642,12,640,104,162,142,1,-1,-1,-1
1643,12,638,102,164,146,1,-1,-1,-1
1644,12,636,105,166,145,1,-1,-1,-1
1645,12,636,108,167,144,1,-1,-1,-1
1646,12,638,108,166,148,1,-1,-1,-1
1647,12,635,110,169,148,1,-1,-1,-1
1648,12,634,109,171,150,1,-1,-1,-1
1649,12,633,110,172,151,1,-1,-1,-1
1650,12,632,111,175,152,1,-1,-1,-1
1651,12,633,112,176,152,1,-1,-1,-1
1652,12,631,113,178,153,1,-1,-1,-1
1653,12,631,115,179,156,1,-1,-1,-1
1654,12,631,118,178,156,1,-1,-1,-1
1655,12,630,121,179,157,1,-1,-1,-1
1656,12,629,124,180,156,1,-1,-1,-1
1657,12,630,127,179,156,1,-1,-1,-1
1658,12,629,127,179,158,1,-1,-1,-1
1659,12,629,130,181,159,1,-1,-1,-1
1660,12,629,132,183,160,1,-1,-1,-1
1661,12,627,130,186,164,1,-1,-1,-1
1662,12,629,133,186,164,1,-1,-1,-1
1663,12,628,133,186,168,1,-1,-1,-1
1664,12,627,134,187,170,1,-1,-1,-1
1665,12,626,136,189,171,1,-1,-1,-1
1666,12,626,137,190,173,1,-1,-1,-1
1667,12,625,140,191,170,1,-1,-1,-1
1668,12,623,142,193,170,1,-1,-1,-1
1669,12,621,144,195,172,1,-1,-1,-1
1670,12,620,146,197,174,1,-1,-1,-1
1671,12,619,147,199,176,1,-1,-1,-1
1672,12,618,148,200,179,1,-1,-1,-1
1673,12,617,150,198,180,1,-1,-1,-1
1674,12,618,152,196,180,1,-1,-1,-1
1675,12,617,154,199,182,1,-1,-1,-1
1676,12,618,156,200,183,1,-1,-1,-1
1677,12,615,158,203,186,1,-1,-1,-1
1678,12,618,162,203,185,1,-1,-1,-1
1679,12,614,164,208,185,1,-1,-1,-1
1680,12,614,166,207,188,1,-1,-1,-1
1681,12,613,169,210,189,1,-1,-1,-1
1682,12,612,169,211,194,1,-1,-1,-1
1683,12,611,173,214,192,1,-1,-1,-1
1684,12,611,174,212,197,1,-1,-1,-1
1685,12,611,176,214,199,1,-1,-1,-1
1686,12,610,177,218,203,1,-1,-1,-1
1687,12,609,178,216,203,1,-1,-1,-1
1688,12,610,182,216,203,1,-1,-1,-1
1689,12,608,186,223,203,1,-1,-1,-1
1690,12,607,186,224,205,1,-1,-1,-1
1691,12,608,189,225,207,1,-1,-1,-1
1692,12,608,191,227,209,1,-1,-1,-1
1693,12,607,195,229,208,1,-1,-1,-1
1694,12,605,200,231,203,1,-1,-1,-1
1695,12,604,202,233,206,1,-1,-1,-1
1696,12,605,204,235,208,1,-1,-1,-1
1697,12,606,206,236,211,1,-1,-1,-1
1698,12,606,207,237,215,1,-1,-1,-1
1699,12,606,209,239,217,1,-1,-1,-1
1700,12,610,207,239,223,1,-1,-1,-1
1701,12,610,210,242,224,1,-1,-1,-1
1702,12,611,213,242,228,1,-1,-1,-1
1703,12,611,219,243,224,1,-1,-1,-1
1704,12,613,220,248,231,1,-1,-1,-1
1705,12,610,224,253,229,1,-1,-1,-1
1706,12,611,225,256,234,1,-1,-1,-1
1707,12,617,225,252,242,1,-1,-1,-1
1708,12,614,233,257,246,1,-1,-1,-1
1709,12,616,236,257,247,1,-1,-1,-1
1710,12,618,241,264,248,1,-1,-1,-1
1711,12,619,247,263,246,1,-1,-1,-1
1712,12,617,249,272,255,1,-1,-1,-1
1713,12,617,251,274,259,1,-1,-1,-1
1714,12,618,259,272,259,1,-1,-1,-1
1715,12,615,262,279,266,1,-1,-1,-1
1716,12,617,271,275,270,1,-1,-1,-1
1717,12,615,277,282,265,1,-1,-1,-1
1718,12,610,283,286,267,1,-1,-1,-1
1719,12,612,286,283,272,1,-1,-1,-1
1720,12,610,291,285,274,1,-1,-1,-1
1721,12,613,302,282,274,1,-1,-1,-1
1722,12,606,304,293,284,1,-1,-1,-1
1723,12,602,310,299,286,1,-1,-1,-1
1724,12,601,322,301,284,1,-1,-1,-1
1725,12,602,329,294,293,1,-1,-1,-1
1726,12,599,335,303,288,1,-1,-1,-1
1727,12,599,340,302,298,1,-1,-1,-1
1728,12,595,358,310,283,1,-1,-1,-1
1729,12,590,354,315,302,1,-1,-1,-1
1730,12,591,363,313,309,1,-1,-1,-1
1731,12,591,371,319,308,1,-1,-1,-1
1732,12,588,383,322,311,1,-1,-1,-1
1733,12,580,387,331,314,1,-1,-1,-1
1734,12,579,393,330,326,1,-1,-1,-1
1735,12,577,407,341,331,1,-1,-1,-1
1736,12,577,411,342,341,1,-1,-1,-1
1737,12,569,424,342,335,1,-1,-1,-1
1738,12,566,421,353,350,1,-1,-1,-1
1739,12,566,446,349,331,1,-1,-1,-1
1740,12,562,447,354,342,1,-1,-1,-1
1741,12,561,465,362,347,1,-1,-1,-1
1742,12,555,461,363,369,1,-1,-1,-1
1743,12,552,473,363,372,1,-1,-1,-1
1744,12,547,490,370,373,1,-1,-1,-1
1745,12,543,501,366,375,1,-1,-1,-1
1746,12,537,513,371,384,1,-1,-1,-1
1747,12,533,535,386,381,1,-1,-1,-1
1748,12,521,541,389,392,1,-1,-1,-1
1749,12,520,551,390,397,1,-1,-1,-1
1750,12,512,572,403,396,1,-1,-1,-1
1751,12,503,577,408,411,1,-1,-1,-1
1752,12,492,595,412,409,1,-1,-1,-1
1753,12,487,617,421,411,1,-1,-1,-1
1754,12,483,626,426,426,1,-1,-1,-1
1755,12,459,639,439,428,1,-1,-1,-1
1756,12,461,660,436,416,1,-1,-1,-1
1757,12,442,668,446,411,1,-1,-1,-1
1763,13,1138,582,492,474,1,-1,-1,-1
1764,13,1133,585,476,476,1,-1,-1,-1
1765,13,1118,565,464,472,1,-1,-1,-1
1766,13,1105,548,462,468,1,-1,-1,-1
1767,13,1103,536,440,453,1,-1,-1,-1
1768,13,1097,516,425,457,1,-1,-1,-1
1769,13,1081,493,434,447,1,-1,-1,-1
1770,13,1077,486,419,436,1,-1,-1,-1
1771,13,1064,469,410,429,1,-1,-1,-1
1772,13,1053,455,407,420,1,-1,-1,-1
1773,13,1036,445,406,411,1,-1,-1,-1
1774,13,1029,437,394,401,1,-1,-1,-1
1775,13,1016,425,394,392,1,-1,-1,-1
1776,13,1008,407,393,394,1,-1,-1,-1
1777,13,1001,402,383,380,1,-1,-1,-1
1778,13,1000,379,371,391,1,-1,-1,-1
1779,13,992,370,365,380,1,-1,-1,-1
1780,13,988,355,363,378,1,-1,-1,-1
1781,13,980,342,358,375,1,-1,-1,-1
1782,13,977,329,351,373,1,-1,-1,-1
1783,13,971,320,356,356,1,-1,-1,-1
1784,13,968,311,344,355,1,-1,-1,-1
1785,13,958,310,345,344,1,-1,-1,-1
1786,13,959,301,332,346,1,-1,-1,-1
1787,13,960,293,323,335,1,-1,-1,-1
1788,13,959,290,320,325,1,-1,-1,-1
1789,13,958,276,308,329,1,-1,-1,-1
1790,13,943,270,320,318,1,-1,-1,-1
1791,13,948,265,307,315,1,-1,-1,-1
1792,13,950,263,302,305,1,-1,-1,-1
1793,13,946,255,297,303,1,-1,-1,-1
1794,13,944,249,290,306,1,-1,-1,-1
1795,13,948,239,290,306,1,-1,-1,-1
1796,13,941,238,296,295,1,-1,-1,-1
1797,13,942,228,283,292,1,-1,-1,-1
1798,13,940,228,282,286,1,-1,-1,-1
1799,13,943,223,277,284,1,-1,-1,-1
1800,13,948,216,274,284,1,-1,-1,-1
1801,13,944,206,272,287,1,-1,-1,-1
1802,13,947,203,266,279,1,-1,-1,-1
1803,13,939,199,268,285,1,-1,-1,-1
1804,13,950,203,256,262,1,-1,-1,-1
1805,13,946,195,265,270,1,-1,-1,-1
1806,13,949,193,266,266,1,-1,-1,-1
1807,13,948,192,259,266,1,-1,-1,-1
1808,13,950,183,251,265,1,-1,-1,-1
1809,13,954,182,255,261,1,-1,-1,-1
1810,13,954,183,252,256,1,-1,-1,-1
1811,13,950,179,253,258,1,-1,-1,-1
1812,13,958,177,246,254,1,-1,-1,-1
1813,13,953,177,249,252,1,-1,-1,-1
1814,13,952,173,247,252,1,-1,-1,-1
1815,13,953,170,244,252,1,-1,-1,-1
1816,13,955,165,243,253,1,-1,-1,-1
1817,13,956,163,242,249,1,-1,-1,-1
1818,13,957,162,241,244,1,-1,-1,-1
1819,13,963,160,234,238,1,-1,-1,-1
1820,13,966,158,232,237,1,-1,-1,-1
1821,13,966,156,235,237,1,-1,-1,-1
1822,13,965,155,242,235,1,-1,-1,-1
1823,13,968,156,242,231,1,-1,-1,-1
1824,13,976,154,242,228,1,-1,-1,-1
1825,13,989,152,240,225,1,-1,-1,-1
1826,13,995,147,237,226,1,-1,-1,-1
1827,13,1002,144,245,226,1,-1,-1,-1
1828,13,1015,141,247,229,1,-1,-1,-1
1829,13,1025,141,250,224,1,-1,-1,-1
1830,13,1042,140,249,222,1,-1,-1,-1
1831,13,1054,139,253,221,1,-1,-1,-1
1832,13,1066,137,249,222,1,-1,-1,-1
1833,13,1084,136,250,218,1,-1,-1,-1
1834,13,1099,136,255,214,1,-1,-1,-1
1835,13,1113,136,258,211,1,-1,-1,-1
1836,13,1134,137,246,209,1,-1,-1,-1
1837,13,1150,134,241,206,1,-1,-1,-1
1838,13,1165,128,247,211,1,-1,-1,-1
1839,13,1183,125,254,212,1,-1,-1,-1
1840,13,1200,118,259,219,1,-1,-1,-1
1841,13,1222,111,256,218,1,-1,-1,-1
1842,13,1240,109,260,221,1,-1,-1,-1
1843,13,1262,105,254,214,1,-1,-1,-1
1844,13,1283,109,249,205,1,-1,-1,-1
1845,13,1311,107,244,199,1,-1,-1,-1
1846,13,1332,106,240,198,1,-1,-1,-1
1847,13,1345,101,249,201,1,-1,-1,-1
1848,13,1361,97,249,205,1,-1,-1,-1
1849,13,1384,84,226,210,1,-1,-1,-1
1905,14,698,64,132,102,1,-1,-1,-1
1906,14,699,65,131,102,1,-1,-1,-1
1907,14,701,65,130,102,1,-1,-1,-1
1908,14,700,64,132,105,1,-1,-1,-1
1909,14,700,64,134,107,1,-1,-1,-1
1910,14,700,65,134,108,1,-1,-1,-1
1911,14,700,67,134,108,1,-1,-1,-1
1912,14,701,69,133,108,1,-1,-1,-1
1913,14,700,69,134,108,1,-1,-1,-1
1914,14,699,69,136,111,1,-1,-1,-1
1915,14,699,71,138,112,1,-1,-1,-1
1916,14,699,71,138,113,1,-1,-1,-1
1917,14,698,72,138,114,1,-1,-1,-1
1918,14,697,73,139,115,1,-1,-1,-1
1919,14,696,73,141,115,1,-1,-1,-1
1920,14,696,75,142,115,1,-1,-1,-1
1921,14,696,75,143,116,1,-1,-1,-1
1922,14,696,78,142,115,1,-1,-1,-1
1923,14,695,80,143,113,1,-1,-1,-1
1924,14,694,80,143,114,1,-1,-1,-1
1925,14,693,84,140,114,1,-1,-1,-1
1926,14,694,84,142,116,1,-1,-1,-1
1927,14,691,85,147,119,1,-1,-1,-1
1928,14,691,90,145,115,1,-1,-1,-1
1929,14,691,92,145,115,1,-1,-1,-1
1930,14,690,91,147,120,1,-1,-1,-1
1931,14,689,95,147,118,1,-1,-1,-1
1932,14,688,94,149,122,1,-1,-1,-1
1933,14,685,97,151,122,1,-1,-1,-1
1934,14,685,98,151,122,1,-1,-1,-1
1935,14,685,102,150,122,1,-1,-1,-1
1936,14,683,101,151,125,1,-1,-1,-1
1937,14,685,104,149,123,1,-1,-1,-1
1938,14,682,107,150,123,1,-1,-1,-1
1939,14,680,110,152,122,1,-1,-1,-1
1940,14,676,110,156,127,1,-1,-1,-1
1941,14,675,112,156,126,1,-1,-1,-1
1942,14,674,114,155,126,1,-1,-1,-1
1943,14,673,116,153,126,1,-1,-1,-1
1944,14,670,118,155,127,1,-1,-1,-1
1945,14,669,119,156,132,1,-1,-1,-1
1946,14,667,122,158,132,1,-1,-1,-1
1947,14,666,124,161,131,1,-1,-1,-1
1948,14,664,125,160,134,1,-1,-1,-1
1949,14,661,129,162,132,1,-1,-1,-1
1950,14,659,131,164,132,1,-1,-1,-1
1951,14,657,134,164,131,1,-1,-1,-1
1952,14,653,134,166,136,1,-1,-1,-1
1953,14,650,140,167,134,1,-1,-1,-1
1954,14,646,143,169,135,1,-1,-1,-1
1955,14,645,143,170,139,1,-1,-1,-1
1956,14,642,145,171,141,1,-1,-1,-1
1957,14,637,148,174,142,1,-1,-1,-1
1958,14,635,151,173,143,1,-1,-1,-1
1959,14,631,154,177,145,1,-1,-1,-1
1960,14,628,156,175,145,1,-1,-1,-1
1961,14,625,159,178,145,1,-1,-1,-1
1962,14,623,163,176,143,1,-1,-1,-1
1963,14,619,166,180,145,1,-1,-1,-1
1964,14,616,167,183,147,1,-1,-1,-1
1965,14,616,170,182,150,1,-1,-1,-1
1966,14,615,172,185,155,1,-1,-1,-1
1967,14,614,177,186,154,1,-1,-1,-1
1968,14,611,179,188,155,1,-1,-1,-1
1969,14,611,182,189,155,1,-1,-1,-1
1970,14,609,185,191,157,1,-1,-1,-1
1971,14,604,188,200,161,1,-1,-1,-1
1972,14,604,193,200,163,1,-1,-1,-1
1973,14,603,197,202,162,1,-1,-1,-1
1974,14,603,199,205,166,1,-1,-1,-1
1975,14,601,205,207,168,1,-1,-1,-1
1976,14,598,210,210,168,1,-1,-1,-1
1977,14,596,215,214,168,1,-1,-1,-1
1978,14,595,218,216,170,1,-1,-1,-1
1979,14,594,220,217,174,1,-1,-1,-1
1980,14,593,222,219,180,1,-1,-1,-1
1981,14,590,227,223,175,1,-1,-1,-1
1982,14,589,229,225,177,1,-1,-1,-1
1983,14,588,231,228,181,1,-1,-1,-1
1984,14,585,232,229,190,1,-1,-1,-1
1985,14,583,236,230,191,1,-1,-1,-1
1986,14,583,240,234,193,1,-1,-1,-1
1987,14,578,247,242,194,1,-1,-1,-1
1988,14,578,251,240,195,1,-1,-1,-1
1989,14,571,259,247,198,1,-1,-1,-1
1990,14,569,263,249,204,1,-1,-1,-1
1991,14,568,267,251,208,1,-1,-1,-1
1992,14,566,274,255,215,1,-1,-1,-1
1993,14,561,283,258,215,1,-1,-1,-1
1994,14,556,294,263,216,1,-1,-1,-1
1995,14,553,304,266,218,1,-1,-1,-1
1996,14,553,310,266,223,1,-1,-1,-1
1997,14,548,321,271,226,1,-1,-1,-1
1998,14,542,329,279,232,1,-1,-1,-1
1999,14,536,341,283,232,1,-1,-1,-1
2000,14,533,354,289,234,1,-1,-1,-1
2001,14,529,364,287,237,1,-1,-1,-1
2002,14,526,372,291,250,1,-1,-1,-1
2003,14,519,384,300,247,1,-1,-1,-1
2004,14,514,400,308,250,1,-1,-1,-1
2005,14,511,412,305,253,1,-1,-1,-1
2006,14,512,422,305,257,1,-1,-1,-1
2007,14,505,443,315,255,1,-1,-1,-1
2008,14,501,452,323,270,1,-1,-1,-1
2009,14,493,457,331,285,1,-1,-1,-1
2010,14,486,476,333,292,1,-1,-1,-1
2011,14,482,489,343,293,1,-1,-1,-1
2012,14,477,512,348,302,1,-1,-1,-1
2013,14,471,527,362,300,1,-1,-1,-1
2014,14,464,548,356,312,1,-1,-1,-1
2015,14,464,564,359,320,1,-1,-1,-1
2016,14,449,586,369,330,1,-1,-1,-1
2017,14,443,612,369,331,1,-1,-1,-1
2018,14,423,633,394,339,1,-1,-1,-1
2019,14,415,661,392,353,1,-1,-1,-1
2020,14,395,681,414,353,1,-1,-1,-1
2021,14,369,717,430,352,1,-1,-1,-1
2022,14,346,740,440,339,1,-1,-1,-1
2045,15,1128,820,425,259,1,-1,-1,-1
2046,15,1143,786,409,293,1,-1,-1,-1
2047,15,1138,757,403,317,1,-1,-1,-1
2048,15,1143,726,376,338,1,-1,-1,-1
2049,15,1142,699,369,351,1,-1,-1,-1
2050,15,1130,677,378,339,1,-1,-1,-1
2051,15,1134,653,359,331,1,-1,-1,-1
2052,15,1125,630,358,322,1,-1,-1,-1
2053,15,1116,604,360,325,1,-1,-1,-1
2054,15,1113,585,351,308,1,-1,-1,-1
2055,15,1105,566,343,304,1,-1,-1,-1
2056,15,1092,553,347,294,1,-1,-1,-1
2057,15,1088,529,329,295,1,-1,-1,-1
2058,15,1076,514,328,286,1,-1,-1,-1
2059,15,1063,495,330,288,1,-1,-1,-1
2060,15,1059,470,315,290,1,-1,-1,-1
2061,15,1041,466,328,278,1,-1,-1,-1
2062,15,1037,448,310,272,1,-1,-1,-1
2063,15,1030,441,304,259,1,-1,-1,-1
2064,15,1021,424,301,265,1,-1,-1,-1
2065,15,1012,413,298,255,1,-1,-1,-1
2066,15,1012,405,285,245,1,-1,-1,-1
2067,15,998,387,288,252,1,-1,-1,-1
2068,15,991,378,282,245,1,-1,-1,-1
2069,15,985,363,280,246,1,-1,-1,-1
2070,15,981,359,273,234,1,-1,-1,-1
2071,15,975,348,270,234,1,-1,-1,-1
2072,15,970,340,266,227,1,-1,-1,-1
2073,15,968,328,263,228,1,-1,-1,-1
2074,15,967,320,257,225,1,-1,-1,-1
2075,15,965,311,251,224,1,-1,-1,-1
2076,15,962,302,248,220,1,-1,-1,-1
2077,15,961,298,246,215,1,-1,-1,-1
2078,15,961,292,245,210,1,-1,-1,-1
2079,15,957,284,242,210,1,-1,-1,-1
2080,15,962,277,230,206,1,-1,-1,-1
2081,15,960,272,226,201,1,-1,-1,-1
2082,15,961,263,223,204,1,-1,-1,-1
2083,15,957,257,227,199,1,-1,-1,-1
2084,15,961,254,216,195,1,-1,-1,-1
2085,15,961,250,216,196,1,-1,-1,-1
2086,15,959,243,214,193,1,-1,-1,-1
2087,15,962,239,213,189,1,-1,-1,-1
2088,15,961,235,211,189,1,-1,-1,-1
2089,15,963,230,201,188,1,-1,-1,-1
2090,15,966,224,198,186,1,-1,-1,-1
2091,15,964,220,199,183,1,-1,-1,-1
2092,15,963,217,199,182,1,-1,-1,-1
2093,15,962,213,193,179,1,-1,-1,-1
2094,15,963,210,194,174,1,-1,-1,-1
2095,15,960,205,195,174,1,-1,-1,-1
2096,15,960,201,192,174,1,-1,-1,-1
2097,15,961,200,190,171,1,-1,-1,-1
2098,15,962,197,187,166,1,-1,-1,-1
2099,15,962,193,182,163,1,-1,-1,-1
2100,15,960,189,184,162,1,-1,-1,-1
2101,15,957,186,181,162,1,-1,-1,-1
2102,15,955,182,180,158,1,-1,-1,-1
2103,15,956,180,176,156,1,-1,-1,-1
2104,15,955,177,175,154,1,-1,-1,-1
2105,15,954,172,173,156,1,-1,-1,-1
2106,15,951,170,174,154,1,-1,-1,-1
2107,15,952,168,172,149,1,-1,-1,-1
2108,15,949,165,172,147,1,-1,-1,-1
2109,15,946,162,166,147,1,-1,-1,-1
2110,15,945,158,166,147,1,-1,-1,-1
2111,15,942,156,167,147,1,-1,-1,-1
2112,15,942,153,162,146,1,-1,-1,-1
2113,15,940,150,160,144,1,-1,-1,-1
2114,15,936,148,162,141,1,-1,-1,-1
2115,15,933,145,158,142,1,-1,-1,-1
2116,15,932,143,157,142,1,-1,-1,-1
2117,15,928,142,157,140,1,-1,-1,-1
2118,15,924,139,160,142,1,-1,-1,-1
2119,15,924,138,155,138,1,-1,-1,-1
2120,15,921,137,154,133,1,-1,-1,-1
2121,15,921,136,152,133,1,-1,-1,-1
2122,15,921,135,150,130,1,-1,-1,-1
2123,15,915,129,153,134,1,-1,-1,-1
2124,15,914,124,151,135,1,-1,-1,-1
2125,15,916,124,147,133,1,-1,-1,-1
2126,15,914,122,149,133,1,-1,-1,-1
2127,15,908,120,150,129,1,-1,-1,-1
2128,15,905,119,151,127,1,-1,-1,-1
2129,15,902,117,151,127,1,-1,-1,-1
2130,15,904,116,147,124,1,-1,-1,-1
2131,15,905,116,145,123,1,-1,-1,-1
2132,15,902,112,145,125,1,-1,-1,-1
2133,15,902,110,142,124,1,-1,-1,-1
2134,15,900,108,140,125,1,-1,-1,-1
2135,15,899,103,140,128,1,-1,-1,-1
2136,15,901,100,138,125,1,-1,-1,-1
2137,15,899,97,138,125,1,-1,-1,-1
2138,15,899,93,138,127,1,-1,-1,-1
2139,15,896,91,138,129,1,-1,-1,-1
