1,50,943,198,142,136,1,-1,-1,-1
2,50,943,191,144,137,1,-1,-1,-1
3,50,943,189,143,137,1,-1,-1,-1
4,50,945,188,142,135,1,-1,-1,-1
5,50,947,185,141,134,1,-1,-1,-1
6,50,949,183,140,132,1,-1,-1,-1
7,50,949,181,140,132,1,-1,-1,-1
8,50,949,179,140,131,1,-1,-1,-1
9,50,950,177,140,131,1,-1,-1,-1
10,50,952,175,140,130,1,-1,-1,-1
11,50,953,173,140,130,1,-1,-1,-1
12,50,953,171,140,129,1,-1,-1,-1
13,50,954,169,140,129,1,-1,-1,-1
14,50,956,167,139,128,1,-1,-1,-1
15,50,959,163,139,127,1,-1,-1,-1
16,50,960,161,139,126,1,-1,-1,-1
17,50,962,159,138,125,1,-1,-1,-1
18,50,964,157,138,125,1,-1,-1,-1
19,50,966,155,138,124,1,-1,-1,-1
20,50,970,153,137,123,1,-1,-1,-1
21,50,974,151,137,123,1,-1,-1,-1
22,50,977,150,137,122,1,-1,-1,-1
23,50,981,148,137,121,1,-1,-1,-1
24,50,985,146,137,120,1,-1,-1,-1
25,50,990,144,137,120,1,-1,-1,-1
26,50,995,142,136,119,1,-1,-1,-1
27,50,1001,140,136,118,1,-1,-1,-1
28,50,1006,137,136,118,1,-1,-1,-1
29,50,1011,136,135,118,1,-1,-1,-1
30,50,1017,134,135,118,1,-1,-1,-1
31,50,1024,132,135,117,1,-1,-1,-1
32,50,1030,130,135,117,1,-1,-1,-1
33,50,1036,128,135,117,1,-1,-1,-1
34,50,1043,126,135,117,1,-1,-1,-1
35,50,1050,125,135,116,1,-1,-1,-1
36,50,1057,123,135,116,1,-1,-1,-1
37,50,1065,121,136,115,1,-1,-1,-1
38,50,1072,120,136,115,1,-1,-1,-1
39,50,1079,119,136,114,1,-1,-1,-1
40,50,1087,118,137,114,1,-1,-1,-1
41,50,1094,116,137,113,1,-1,-1,-1
42,50,1103,114,137,113,1,-1,-1,-1
43,50,1111,113,136,112,1,-1,-1,-1
44,50,1120,111,136,112,1,-1,-1,-1
45,50,1128,110,136,112,1,-1,-1,-1
46,50,1137,108,135,111,1,-1,-1,-1
47,50,1147,108,135,110,1,-1,-1,-1
48,50,1155,106,134,109,1,-1,-1,-1
49,50,1162,105,133,108,1,-1,-1,-1
50,50,1169,105,133,107,1,-1,-1,-1
51,50,1175,104,132,107,1,-1,-1,-1
52,50,1182,104,132,106,1,-1,-1,-1
53,50,1189,103,131,106,1,-1,-1,-1
54,50,1197,103,131,105,1,-1,-1,-1
55,50,1206,101,130,105,1,-1,-1,-1
56,50,1214,100,130,104,1,-1,-1,-1
57,50,1221,99,130,103,1,-1,-1,-1
58,50,1230,97,131,102,1,-1,-1,-1
59,50,1237,96,131,101,1,-1,-1,-1
67,51,1534,664,349,289,1,-1,-1,-1
68,51,1521,655,349,285,1,-1,-1,-1
69,51,1509,646,347,280,1,-1,-1,-1
70,51,1494,637,343,273,1,-1,-1,-1
71,51,1480,630,340,268,1,-1,-1,-1
72,51,1465,623,337,262,1,-1,-1,-1
73,51,1451,615,332,257,1,-1,-1,-1
74,51,1440,607,327,252,1,-1,-1,-1
75,51,1428,601,322,247,1,-1,-1,-1
76,51,1417,593,316,242,1,-1,-1,-1
77,51,1408,586,311,237,1,-1,-1,-1
78,51,1398,579,306,233,1,-1,-1,-1
79,51,1386,572,301,230,1,-1,-1,-1
80,51,1377,564,296,227,1,-1,-1,-1
81,51,1368,558,291,224,1,-1,-1,-1
82,51,1359,551,285,220,1,-1,-1,-1
83,51,1350,544,280,216,1,-1,-1,-1
84,51,1343,537,273,212,1,-1,-1,-1
85,51,1333,529,268,208,1,-1,-1,-1
86,51,1325,523,263,205,1,-1,-1,-1
87,51,1317,515,258,202,1,-1,-1,-1
88,51,1309,509,253,200,1,-1,-1,-1
89,51,1301,503,248,197,1,-1,-1,-1
90,51,1294,496,244,194,1,-1,-1,-1
91,51,1289,491,240,191,1,-1,-1,-1
92,51,1284,485,236,187,1,-1,-1,-1
93,51,1277,478,231,183,1,-1,-1,-1
94,51,1271,473,226,179,1,-1,-1,-1
95,51,1264,467,222,176,1,-1,-1,-1
96,51,1258,461,218,172,1,-1,-1,-1
97,51,1255,455,214,170,1,-1,-1,-1
98,51,1250,447,210,167,1,-1,-1,-1
99,51,1246,440,206,165,1,-1,-1,-1
100,51,1239,431,202,162,1,-1,-1,-1
101,51,1236,424,198,160,1,-1,-1,-1
102,51,1230,417,194,158,1,-1,-1,-1
103,51,1224,409,191,156,1,-1,-1,-1
104,51,1216,402,188,154,1,-1,-1,-1
105,51,1209,393,186,152,1,-1,-1,-1
106,51,1198,384,184,150,1,-1,-1,-1
107,51,1188,377,182,148,1,-1,-1,-1
108,51,1175,368,180,146,1,-1,-1,-1
109,51,1164,359,178,145,1,-1,-1,-1
110,52,1331,582,453,350,1,-1,-1,-1
110,51,1150,352,176,143,1,-1,-1,-1
111,52,1321,575,441,341,1,-1,-1,-1
111,51,1138,345,175,142,1,-1,-1,-1
112,52,1311,569,429,332,1,-1,-1,-1
112,51,1125,339,174,141,1,-1,-1,-1
113,52,1308,561,415,323,1,-1,-1,-1
113,51,1113,333,173,140,1,-1,-1,-1
114,52,1301,552,403,314,1,-1,-1,-1
114,51,1102,326,172,139,1,-1,-1,-1
115,52,1294,545,391,306,1,-1,-1,-1
115,51,1088,318,171,138,1,-1,-1,-1
116,52,1289,537,379,298,1,-1,-1,-1
116,51,1079,313,169,137,1,-1,-1,-1
117,52,1283,529,369,292,1,-1,-1,-1
117,51,1071,309,168,136,1,-1,-1,-1
118,52,1275,523,358,284,1,-1,-1,-1
118,51,1062,305,166,134,1,-1,-1,-1
119,52,1272,518,348,277,1,-1,-1,-1
119,51,1052,298,165,133,1,-1,-1,-1
120,52,1270,511,338,271,1,-1,-1,-1
120,51,1043,294,162,131,1,-1,-1,-1
121,52,1268,506,328,265,1,-1,-1,-1
121,51,1034,289,160,130,1,-1,-1,-1
122,52,1261,499,319,259,1,-1,-1,-1
122,51,1026,284,158,128,1,-1,-1,-1
123,52,1256,493,311,253,1,-1,-1,-1
123,51,1018,279,156,126,1,-1,-1,-1
124,52,1251,488,304,247,1,-1,-1,-1
124,51,1011,276,154,125,1,-1,-1,-1
125,52,1251,482,297,243,1,-1,-1,-1
125,51,1004,271,152,124,1,-1,-1,-1
126,52,1246,475,290,238,1,-1,-1,-1
126,51,997,267,150,122,1,-1,-1,-1
127,52,1242,470,283,234,1,-1,-1,-1
127,51,991,262,148,121,1,-1,-1,-1
128,52,1240,464,276,229,1,-1,-1,-1
128,51,986,258,146,120,1,-1,-1,-1
129,52,1238,460,269,224,1,-1,-1,-1
129,51,982,255,144,119,1,-1,-1,-1
130,52,1238,454,263,220,1,-1,-1,-1
130,51,979,250,142,118,1,-1,-1,-1
131,52,1238,449,258,216,1,-1,-1,-1
131,51,977,247,140,116,1,-1,-1,-1
132,52,1237,443,252,212,1,-1,-1,-1
132,51,975,242,138,115,1,-1,-1,-1
133,52,1233,437,247,208,1,-1,-1,-1
133,51,975,238,135,115,1,-1,-1,-1
134,52,1230,430,242,204,1,-1,-1,-1
134,51,975,233,133,114,1,-1,-1,-1
135,52,1230,424,237,201,1,-1,-1,-1
135,51,974,229,131,113,1,-1,-1,-1
136,52,1223,416,232,197,1,-1,-1,-1
136,51,974,226,129,112,1,-1,-1,-1
137,52,1218,408,228,194,1,-1,-1,-1
137,51,975,222,127,112,1,-1,-1,-1
138,52,1214,402,223,191,1,-1,-1,-1
138,51,976,219,125,111,1,-1,-1,-1
139,52,1212,395,219,188,1,-1,-1,-1
139,51,976,217,124,110,1,-1,-1,-1
140,52,1211,388,215,185,1,-1,-1,-1
140,51,977,214,123,110,1,-1,-1,-1
141,52,1208,382,212,183,1,-1,-1,-1
141,51,978,211,121,109,1,-1,-1,-1
142,52,1205,375,209,181,1,-1,-1,-1
142,51,977,207,120,108,1,-1,-1,-1
143,52,1201,367,206,179,1,-1,-1,-1
143,51,977,205,118,107,1,-1,-1,-1
144,52,1195,360,204,178,1,-1,-1,-1
144,51,979,203,117,106,1,-1,-1,-1
145,52,1191,352,202,176,1,-1,-1,-1
145,51,978,200,116,104,1,-1,-1,-1
146,52,1186,346,199,174,1,-1,-1,-1
146,51,978,197,115,103,1,-1,-1,-1
147,52,1182,340,196,171,1,-1,-1,-1
147,51,978,195,114,102,1,-1,-1,-1
148,52,1179,334,193,169,1,-1,-1,-1
148,51,979,192,113,100,1,-1,-1,-1
149,52,1176,327,190,166,1,-1,-1,-1
149,51,980,189,113,99,1,-1,-1,-1
150,52,1175,318,187,163,1,-1,-1,-1
150,51,981,187,112,98,1,-1,-1,-1
151,52,1175,312,184,160,1,-1,-1,-1
151,51,984,184,111,98,1,-1,-1,-1
152,52,1173,307,181,157,1,-1,-1,-1
152,51,987,182,111,97,1,-1,-1,-1
153,52,1166,302,179,155,1,-1,-1,-1
153,51,989,179,111,97,1,-1,-1,-1
154,52,1163,295,176,152,1,-1,-1,-1
154,51,992,176,110,96,1,-1,-1,-1
155,52,1161,290,174,149,1,-1,-1,-1
155,51,995,173,110,95,1,-1,-1,-1
156,52,1158,285,171,146,1,-1,-1,-1
156,51,999,170,110,95,1,-1,-1,-1
157,52,1156,278,168,144,1,-1,-1,-1
157,51,1003,167,109,94,1,-1,-1,-1
158,52,1154,272,166,142,1,-1,-1,-1
158,51,1009,165,109,94,1,-1,-1,-1
159,52,1151,266,163,141,1,-1,-1,-1
159,51,1013,163,109,93,1,-1,-1,-1
160,52,1147,262,162,139,1,-1,-1,-1
160,51,1017,160,109,93,1,-1,-1,-1
161,52,1143,258,160,138,1,-1,-1,-1
161,51,1022,158,108,92,1,-1,-1,-1
162,52,1137,254,159,137,1,-1,-1,-1
162,51,1028,156,108,91,1,-1,-1,-1
163,52,1134,249,158,135,1,-1,-1,-1
163,51,1034,155,108,90,1,-1,-1,-1
164,52,1132,245,156,134,1,-1,-1,-1
164,51,1041,153,108,90,1,-1,-1,-1
165,52,1130,240,154,132,1,-1,-1,-1
165,51,1048,151,108,89,1,-1,-1,-1
166,52,1128,236,152,130,1,-1,-1,-1
166,51,1056,149,108,89,1,-1,-1,-1
167,52,1126,232,150,128,1,-1,-1,-1
167,51,1064,145,108,89,1,-1,-1,-1
168,52,1124,229,148,127,1,-1,-1,-1
168,51,1071,142,108,89,1,-1,-1,-1
169,52,1124,225,146,125,1,-1,-1,-1
169,51,1079,140,108,89,1,-1,-1,-1
170,52,1124,220,143,124,1,-1,-1,-1
170,51,1086,137,108,89,1,-1,-1,-1
171,52,1121,218,141,123,1,-1,-1,-1
171,51,1094,135,109,89,1,-1,-1,-1
172,52,1121,213,139,121,1,-1,-1,-1
172,51,1102,134,108,89,1,-1,-1,-1
173,52,1121,209,138,120,1,-1,-1,-1
173,51,1110,131,108,88,1,-1,-1,-1
174,52,1120,206,135,119,1,-1,-1,-1
174,51,1117,131,108,88,1,-1,-1,-1
175,52,1120,202,133,117,1,-1,-1,-1
175,51,1125,130,108,87,1,-1,-1,-1
176,52,1119,200,130,115,1,-1,-1,-1
176,51,1133,128,108,87,1,-1,-1,-1
177,52,1117,198,128,113,1,-1,-1,-1
177,51,1140,126,108,86,1,-1,-1,-1
178,52,1118,195,125,111,1,-1,-1,-1
178,51,1147,126,108,86,1,-1,-1,-1
179,52,1118,194,122,110,1,-1,-1,-1
179,51,1154,125,108,85,1,-1,-1,-1
180,52,1119,190,120,108,1,-1,-1,-1
180,51,1162,123,108,84,1,-1,-1,-1
181,52,1118,188,118,106,1,-1,-1,-1
181,51,1169,122,108,83,1,-1,-1,-1
182,52,1120,185,116,104,1,-1,-1,-1
182,51,1176,121,108,82,1,-1,-1,-1
183,52,1121,182,114,103,1,-1,-1,-1
183,51,1185,120,108,81,1,-1,-1,-1
184,52,1120,177,113,102,1,-1,-1,-1
184,51,1195,117,108,81,1,-1,-1,-1
185,52,1120,174,112,102,1,-1,-1,-1
186,52,1124,170,113,102,1,-1,-1,-1
187,52,1127,167,113,102,1,-1,-1,-1
188,52,1129,165,113,101,1,-1,-1,-1
189,52,1131,164,112,100,1,-1,-1,-1
190,53,1516,642,388,350,1,-1,-1,-1
190,52,1137,162,112,100,1,-1,-1,-1
191,53,1508,632,392,349,1,-1,-1,-1
191,52,1142,158,112,100,1,-1,-1,-1
192,53,1499,623,396,347,1,-1,-1,-1
192,52,1146,157,113,100,1,-1,-1,-1
193,53,1489,613,396,342,1,-1,-1,-1
194,53,1479,607,394,335,1,-1,-1,-1
195,53,1467,600,392,328,1,-1,-1,-1
196,53,1456,594,388,322,1,-1,-1,-1
197,53,1446,585,385,316,1,-1,-1,-1
198,53,1436,575,381,310,1,-1,-1,-1
199,53,1428,567,376,304,1,-1,-1,-1
200,53,1421,560,370,299,1,-1,-1,-1
201,53,1415,553,364,293,1,-1,-1,-1
202,53,1409,546,357,288,1,-1,-1,-1
203,53,1401,541,350,282,1,-1,-1,-1
204,53,1392,536,342,276,1,-1,-1,-1
205,53,1385,532,335,271,1,-1,-1,-1
206,53,1380,525,328,265,1,-1,-1,-1
207,53,1372,518,321,260,1,-1,-1,-1
208,53,1363,512,314,255,1,-1,-1,-1
209,53,1356,506,307,250,1,-1,-1,-1
210,53,1349,501,300,245,1,-1,-1,-1
211,53,1344,495,293,241,1,-1,-1,-1
212,53,1336,490,287,236,1,-1,-1,-1
213,53,1330,484,282,231,1,-1,-1,-1
214,53,1322,479,276,227,1,-1,-1,-1
215,53,1314,473,270,223,1,-1,-1,-1
216,53,1307,467,265,219,1,-1,-1,-1
217,53,1298,461,259,215,1,-1,-1,-1
218,53,1291,455,255,212,1,-1,-1,-1
219,53,1281,449,251,208,1,-1,-1,-1
220,53,1276,444,247,205,1,-1,-1,-1
221,53,1271,439,243,202,1,-1,-1,-1
222,53,1266,434,238,199,1,-1,-1,-1
223,53,1261,427,234,196,1,-1,-1,-1
224,53,1255,419,230,193,1,-1,-1,-1
225,53,1251,413,226,190,1,-1,-1,-1
226,53,1248,408,222,187,1,-1,-1,-1
227,53,1243,402,218,184,1,-1,-1,-1
228,53,1239,396,214,181,1,-1,-1,-1
229,53,1235,390,210,177,1,-1,-1,-1
230,53,1232,384,206,174,1,-1,-1,-1
231,53,1229,378,202,171,1,-1,-1,-1
232,53,1225,372,198,168,1,-1,-1,-1
233,53,1223,367,195,166,1,-1,-1,-1
234,53,1220,361,191,163,1,-1,-1,-1
235,53,1215,355,189,161,1,-1,-1,-1
236,53,1211,346,186,159,1,-1,-1,-1
237,53,1207,339,183,157,1,-1,-1,-1
238,53,1204,334,180,154,1,-1,-1,-1
239,53,1201,328,178,152,1,-1,-1,-1
240,53,1200,323,175,150,1,-1,-1,-1
241,53,1198,318,172,148,1,-1,-1,-1
242,53,1197,313,170,145,1,-1,-1,-1
243,53,1195,307,167,143,1,-1,-1,-1
244,53,1190,302,165,141,1,-1,-1,-1
245,53,1188,298,163,139,1,-1,-1,-1
246,53,1187,294,161,138,1,-1,-1,-1
247,53,1184,289,158,136,1,-1,-1,-1
248,53,1181,285,156,134,1,-1,-1,-1
249,53,1179,280,154,132,1,-1,-1,-1
250,53,1175,276,152,130,1,-1,-1,-1
251,55,547,129,210,220,1,-1,-1,-1
251,53,1172,271,150,129,1,-1,-1,-1
252,55,544,132,212,222,1,-1,-1,-1
252,53,1169,266,149,128,1,-1,-1,-1
253,55,540,134,214,224,1,-1,-1,-1
253,53,1168,262,147,126,1,-1,-1,-1
254,55,538,136,216,226,1,-1,-1,-1
254,53,1164,257,145,125,1,-1,-1,-1
255,55,535,136,218,228,1,-1,-1,-1
255,53,1162,253,143,124,1,-1,-1,-1
256,55,533,138,219,229,1,-1,-1,-1
256,53,1160,249,141,123,1,-1,-1,-1
257,56,1055,704,415,302,1,-1,-1,-1
257,55,530,142,219,231,1,-1,-1,-1
257,53,1157,244,139,121,1,-1,-1,-1
258,56,1058,695,403,297,1,-1,-1,-1
258,53,1154,241,138,119,1,-1,-1,-1
259,56,1064,683,394,292,1,-1,-1,-1
259,53,1151,238,136,118,1,-1,-1,-1
260,56,1068,671,387,289,1,-1,-1,-1
260,53,1150,235,135,117,1,-1,-1,-1
261,56,1067,662,379,284,1,-1,-1,-1
261,53,1147,231,134,116,1,-1,-1,-1
262,56,1069,654,370,279,1,-1,-1,-1
262,53,1144,226,133,115,1,-1,-1,-1
263,56,1066,648,361,274,1,-1,-1,-1
263,53,1140,222,131,115,1,-1,-1,-1
264,57,517,158,227,245,1,-1,-1,-1
264,56,1068,642,353,267,1,-1,-1,-1
264,53,1137,219,130,114,1,-1,-1,-1
265,57,511,158,231,250,1,-1,-1,-1
265,56,1067,634,345,262,1,-1,-1,-1
265,53,1135,217,129,113,1,-1,-1,-1
266,57,502,160,235,254,1,-1,-1,-1
266,56,1069,626,339,258,1,-1,-1,-1
266,53,1134,213,128,112,1,-1,-1,-1
267,57,495,162,239,257,1,-1,-1,-1
267,56,1067,614,333,253,1,-1,-1,-1
267,53,1132,208,127,112,1,-1,-1,-1
268,57,491,167,243,260,1,-1,-1,-1
268,56,1060,606,327,249,1,-1,-1,-1
268,53,1129,204,127,112,1,-1,-1,-1
269,57,485,171,246,261,1,-1,-1,-1
269,56,1059,597,320,244,1,-1,-1,-1
269,53,1127,200,126,111,1,-1,-1,-1
270,57,481,174,250,261,1,-1,-1,-1
270,56,1051,590,314,239,1,-1,-1,-1
270,53,1126,198,124,110,1,-1,-1,-1
271,57,473,177,253,262,1,-1,-1,-1
271,56,1046,583,309,235,1,-1,-1,-1
271,53,1124,194,123,110,1,-1,-1,-1
272,57,469,182,255,264,1,-1,-1,-1
272,56,1045,574,303,231,1,-1,-1,-1
272,53,1123,192,122,109,1,-1,-1,-1
273,57,466,187,256,266,1,-1,-1,-1
273,56,1043,567,297,226,1,-1,-1,-1
273,53,1122,189,120,108,1,-1,-1,-1
274,57,461,191,258,268,1,-1,-1,-1
274,56,1037,563,290,221,1,-1,-1,-1
274,53,1122,186,119,107,1,-1,-1,-1
275,57,457,195,261,272,1,-1,-1,-1
275,56,1035,556,283,217,1,-1,-1,-1
275,53,1121,182,117,106,1,-1,-1,-1
276,57,453,199,262,275,1,-1,-1,-1
276,56,1034,549,277,214,1,-1,-1,-1
276,53,1121,179,116,105,1,-1,-1,-1
277,57,451,201,263,278,1,-1,-1,-1
277,56,1031,543,269,209,1,-1,-1,-1
277,53,1124,177,115,105,1,-1,-1,-1
278,57,448,203,264,280,1,-1,-1,-1
278,56,1030,534,264,206,1,-1,-1,-1
278,53,1125,174,115,104,1,-1,-1,-1
279,57,443,207,266,281,1,-1,-1,-1
279,56,1030,527,259,202,1,-1,-1,-1
279,53,1127,172,114,103,1,-1,-1,-1
280,57,435,212,268,283,1,-1,-1,-1
280,56,1027,522,254,199,1,-1,-1,-1
280,53,1129,168,114,102,1,-1,-1,-1
281,57,426,219,271,286,1,-1,-1,-1
281,53,1132,166,113,102,1,-1,-1,-1
282,57,421,224,274,291,1,-1,-1,-1
282,53,1136,164,113,101,1,-1,-1,-1
283,57,416,227,278,295,1,-1,-1,-1
283,53,1140,161,113,101,1,-1,-1,-1
284,57,409,226,282,298,1,-1,-1,-1
284,53,1143,158,113,100,1,-1,-1,-1
285,57,405,230,286,302,1,-1,-1,-1
285,53,1149,156,113,100,1,-1,-1,-1
286,57,399,234,289,307,1,-1,-1,-1
286,53,1154,154,114,100,1,-1,-1,-1
287,57,392,236,293,310,1,-1,-1,-1
287,53,1160,153,114,100,1,-1,-1,-1
288,57,385,240,297,314,1,-1,-1,-1
288,53,1166,150,114,99,1,-1,-1,-1
289,57,381,245,300,319,1,-1,-1,-1
289,53,1174,148,114,98,1,-1,-1,-1
290,58,1096,79,132,101,1,-1,-1,-1
290,57,377,250,303,323,1,-1,-1,-1
290,53,1183,145,115,97,1,-1,-1,-1
291,58,1083,82,130,99,1,-1,-1,-1
291,57,372,252,306,327,1,-1,-1,-1
291,53,1191,144,115,96,1,-1,-1,-1
292,58,1067,85,131,99,1,-1,-1,-1
292,57,365,255,310,332,1,-1,-1,-1
292,53,1199,142,115,96,1,-1,-1,-1
293,58,1051,85,132,100,1,-1,-1,-1
293,57,358,258,314,337,1,-1,-1,-1
293,53,1208,139,116,95,1,-1,-1,-1
294,58,1036,86,134,102,1,-1,-1,-1
294,57,351,263,317,341,1,-1,-1,-1
295,58,1019,88,135,103,1,-1,-1,-1
295,57,349,266,319,347,1,-1,-1,-1
296,58,1003,91,136,103,1,-1,-1,-1
296,57,346,269,321,351,1,-1,-1,-1
297,58,989,95,137,103,1,-1,-1,-1
297,57,341,276,323,355,1,-1,-1,-1
298,58,974,96,138,104,1,-1,-1,-1
298,57,336,280,326,358,1,-1,-1,-1
299,58,959,99,139,104,1,-1,-1,-1
299,57,326,283,330,360,1,-1,-1,-1
300,58,944,101,139,104,1,-1,-1,-1
300,57,323,290,334,363,1,-1,-1,-1
301,58,930,103,139,104,1,-1,-1,-1
301,57,318,300,338,366,1,-1,-1,-1
302,59,1291,112,128,102,1,-1,-1,-1
302,58,916,105,140,104,1,-1,-1,-1
302,57,315,306,343,370,1,-1,-1,-1
303,58,901,107,140,105,1,-1,-1,-1
303,57,308,310,348,372,1,-1,-1,-1
304,58,886,108,139,105,1,-1,-1,-1
304,57,299,314,354,375,1,-1,-1,-1
305,58,872,110,139,105,1,-1,-1,-1
305,57,290,321,361,377,1,-1,-1,-1
306,58,859,113,140,106,1,-1,-1,-1
306,57,282,326,367,380,1,-1,-1,-1
307,58,844,114,140,106,1,-1,-1,-1
307,57,276,332,374,383,1,-1,-1,-1
308,58,827,115,141,107,1,-1,-1,-1
308,57,268,335,381,386,1,-1,-1,-1
309,58,813,117,141,108,1,-1,-1,-1
309,57,257,338,388,390,1,-1,-1,-1
