96,157,2079,1257,234,170,1,-1,-1,-1
97,157,2053,1250,242,173,1,-1,-1,-1
98,157,2028,1244,247,174,1,-1,-1,-1
99,157,2002,1239,248,173,1,-1,-1,-1
100,157,1979,1234,251,174,1,-1,-1,-1
101,157,1957,1229,256,176,1,-1,-1,-1
102,157,1923,1221,261,178,1,-1,-1,-1
103,157,1887,1213,268,181,1,-1,-1,-1
104,157,1852,1206,275,184,1,-1,-1,-1
105,157,1814,1196,284,189,1,-1,-1,-1
106,157,1781,1184,293,193,1,-1,-1,-1
107,157,1744,1172,303,199,1,-1,-1,-1
108,157,1707,1164,312,205,1,-1,-1,-1
109,157,1654,1155,326,211,1,-1,-1,-1
110,157,1612,1146,339,216,1,-1,-1,-1
111,157,1581,1137,352,221,1,-1,-1,-1
112,157,1555,1130,369,225,1,-1,-1,-1
113,158,1060,1280,561,318,1,-1,-1,-1
113,157,1522,1123,390,230,1,-1,-1,-1
114,158,1197,1294,447,258,1,-1,-1,-1
114,157,1463,1114,414,235,1,-1,-1,-1
115,157,1385,1103,429,240,1,-1,-1,-1
116,157,1309,1093,442,244,1,-1,-1,-1
117,157,1238,1082,453,247,1,-1,-1,-1
118,157,1171,1075,466,252,1,-1,-1,-1
119,157,1100,1071,482,259,1,-1,-1,-1
120,157,1017,1064,500,268,1,-1,-1,-1
121,157,927,1056,521,278,1,-1,-1,-1
122,157,829,1048,548,291,1,-1,-1,-1
123,157,721,1040,580,307,1,-1,-1,-1
124,157,593,1029,619,326,1,-1,-1,-1
125,157,455,1019,661,347,1,-1,-1,-1
126,157,295,1009,712,371,1,-1,-1,-1
127,157,141,1000,764,397,1,-1,-1,-1
128,160,1887,1300,262,177,1,-1,-1,-1
129,160,1921,1304,252,173,1,-1,-1,-1
130,160,1960,1306,253,174,1,-1,-1,-1
131,160,1993,1307,254,174,1,-1,-1,-1
132,160,2020,1308,251,171,1,-1,-1,-1
139,161,2192,1340,196,148,1,-1,-1,-1
140,161,2215,1346,191,143,1,-1,-1,-1
141,161,2239,1352,185,138,1,-1,-1,-1
142,161,2262,1357,178,132,1,-1,-1,-1
143,161,2285,1363,173,128,1,-1,-1,-1
144,161,2308,1369,170,125,1,-1,-1,-1
145,161,2329,1372,168,124,1,-1,-1,-1
146,161,2347,1376,166,122,1,-1,-1,-1
147,161,2361,1378,164,121,1,-1,-1,-1
190,162,2240,1312,163,120,1,-1,-1,-1
191,162,2225,1308,166,123,1,-1,-1,-1
192,162,2207,1302,171,129,1,-1,-1,-1
193,162,2191,1296,175,133,1,-1,-1,-1
194,162,2166,1293,180,137,1,-1,-1,-1
195,162,2144,1287,187,141,1,-1,-1,-1
196,162,2124,1280,193,144,1,-1,-1,-1
197,162,2102,1274,198,147,1,-1,-1,-1
198,162,2078,1268,204,151,1,-1,-1,-1
199,162,2050,1262,207,153,1,-1,-1,-1
200,162,2029,1256,212,155,1,-1,-1,-1
201,162,2013,1252,218,159,1,-1,-1,-1
202,162,1989,1246,226,162,1,-1,-1,-1
203,162,1964,1241,232,164,1,-1,-1,-1
204,162,1931,1235,237,167,1,-1,-1,-1
205,162,1898,1228,243,169,1,-1,-1,-1
206,162,1864,1221,249,172,1,-1,-1,-1
207,162,1834,1214,255,175,1,-1,-1,-1
208,162,1801,1207,261,179,1,-1,-1,-1
209,162,1766,1199,267,183,1,-1,-1,-1
210,162,1732,1189,273,187,1,-1,-1,-1
211,162,1688,1175,282,192,1,-1,-1,-1
212,162,1640,1163,294,198,1,-1,-1,-1
213,162,1599,1156,310,204,1,-1,-1,-1
214,162,1559,1150,329,210,1,-1,-1,-1
215,162,1504,1141,346,214,1,-1,-1,-1
216,162,1441,1133,359,217,1,-1,-1,-1
217,162,1379,1124,369,219,1,-1,-1,-1
218,162,1325,1118,376,222,1,-1,-1,-1
219,162,1268,1110,385,225,1,-1,-1,-1
220,162,1198,1103,398,230,1,-1,-1,-1
221,162,1127,1095,412,235,1,-1,-1,-1
222,162,1059,1088,428,242,1,-1,-1,-1
223,162,993,1081,444,249,1,-1,-1,-1
224,162,904,1072,464,258,1,-1,-1,-1
225,162,809,1063,487,269,1,-1,-1,-1
226,162,697,1056,513,281,1,-1,-1,-1
227,162,566,1047,548,297,1,-1,-1,-1
228,162,424,1039,587,314,1,-1,-1,-1
229,162,260,1030,630,333,1,-1,-1,-1
230,162,115,1020,672,354,1,-1,-1,-1
231,162,7,1001,703,375,1,-1,-1,-1
280,163,2238,1322,162,116,1,-1,-1,-1
281,163,2222,1318,166,120,1,-1,-1,-1
282,163,2207,1314,170,123,1,-1,-1,-1
283,163,2194,1310,171,125,1,-1,-1,-1
284,163,2167,1304,177,129,1,-1,-1,-1
285,163,2140,1297,183,134,1,-1,-1,-1
286,163,2114,1290,190,138,1,-1,-1,-1
287,163,2089,1284,195,141,1,-1,-1,-1
288,163,2057,1276,197,141,1,-1,-1,-1
289,163,2035,1271,200,142,1,-1,-1,-1
290,163,2016,1266,205,144,1,-1,-1,-1
291,163,1994,1260,212,146,1,-1,-1,-1
292,163,1969,1254,217,149,1,-1,-1,-1
293,163,1943,1249,223,151,1,-1,-1,-1
294,163,1915,1242,230,154,1,-1,-1,-1
295,163,1883,1236,237,158,1,-1,-1,-1
296,163,1851,1229,244,161,1,-1,-1,-1
297,163,1821,1221,252,165,1,-1,-1,-1
298,163,1785,1212,259,168,1,-1,-1,-1
299,163,1753,1205,267,171,1,-1,-1,-1
300,164,1067,1268,513,302,1,-1,-1,-1
300,163,1721,1198,273,173,1,-1,-1,-1
301,164,1200,1284,412,246,1,-1,-1,-1
301,163,1669,1186,282,177,1,-1,-1,-1
302,163,1619,1178,292,180,1,-1,-1,-1
303,163,1574,1172,301,182,1,-1,-1,-1
304,163,1531,1167,310,183,1,-1,-1,-1
305,163,1490,1157,317,186,1,-1,-1,-1
306,163,1443,1146,324,187,1,-1,-1,-1
307,163,1395,1137,330,188,1,-1,-1,-1
308,163,1340,1131,338,191,1,-1,-1,-1
309,163,1278,1126,349,195,1,-1,-1,-1
310,163,1222,1121,360,199,1,-1,-1,-1
311,163,1153,1115,373,205,1,-1,-1,-1
312,163,1081,1108,388,210,1,-1,-1,-1
313,163,1013,1103,405,216,1,-1,-1,-1
314,163,932,1097,425,224,1,-1,-1,-1
315,165,1876,1299,276,193,1,-1,-1,-1
315,163,842,1089,450,233,1,-1,-1,-1
316,165,1910,1303,266,189,1,-1,-1,-1
316,163,743,1081,479,244,1,-1,-1,-1
317,165,1946,1306,261,187,1,-1,-1,-1
317,163,635,1074,510,256,1,-1,-1,-1
318,165,1986,1305,266,188,1,-1,-1,-1
318,163,522,1070,543,268,1,-1,-1,-1
319,165,2013,1301,273,190,1,-1,-1,-1
319,163,382,1065,580,283,1,-1,-1,-1
320,163,234,1057,624,298,1,-1,-1,-1
321,163,99,1053,664,315,1,-1,-1,-1
326,166,2146,1338,236,171,1,-1,-1,-1
327,166,2180,1346,222,162,1,-1,-1,-1
328,166,2206,1352,210,155,1,-1,-1,-1
329,166,2232,1358,198,148,1,-1,-1,-1
330,167,1756,1208,256,168,1,-1,-1,-1
330,166,2249,1362,189,143,1,-1,-1,-1
331,167,1717,1200,261,171,1,-1,-1,-1
332,167,1676,1190,269,175,1,-1,-1,-1
333,167,1622,1179,282,182,1,-1,-1,-1
334,167,1559,1169,296,188,1,-1,-1,-1
335,167,1507,1162,307,193,1,-1,-1,-1
336,167,1459,1155,316,196,1,-1,-1,-1
337,167,1411,1148,325,200,1,-1,-1,-1
338,167,1355,1140,334,204,1,-1,-1,-1
339,167,1297,1134,344,207,1,-1,-1,-1
340,167,1229,1128,357,212,1,-1,-1,-1
341,167,1153,1122,371,218,1,-1,-1,-1
342,167,1072,1115,388,226,1,-1,-1,-1
343,167,986,1109,411,236,1,-1,-1,-1
344,167,882,1103,439,249,1,-1,-1,-1
345,167,759,1097,471,263,1,-1,-1,-1
346,167,624,1090,507,278,1,-1,-1,-1
347,167,478,1084,550,296,1,-1,-1,-1
348,167,298,1074,599,315,1,-1,-1,-1
349,167,126,1066,646,337,1,-1,-1,-1
387,169,295,897,960,498,1,-1,-1,-1
388,169,372,923,925,477,1,-1,-1,-1
389,169,461,950,887,455,1,-1,-1,-1
390,169,547,979,839,430,1,-1,-1,-1
391,169,637,998,791,407,1,-1,-1,-1
392,169,722,1016,745,385,1,-1,-1,-1
393,169,798,1035,703,365,1,-1,-1,-1
394,169,874,1050,663,346,1,-1,-1,-1
395,169,947,1066,626,328,1,-1,-1,-1
396,169,1023,1081,591,311,1,-1,-1,-1
397,169,1097,1095,556,295,1,-1,-1,-1
398,169,1164,1109,524,280,1,-1,-1,-1
399,169,1229,1122,491,265,1,-1,-1,-1
400,169,1296,1137,457,251,1,-1,-1,-1
401,169,1350,1151,422,236,1,-1,-1,-1
402,169,1407,1164,389,221,1,-1,-1,-1
403,169,1473,1175,358,208,1,-1,-1,-1
404,169,1540,1185,331,194,1,-1,-1,-1
405,169,1593,1195,306,182,1,-1,-1,-1
406,169,1640,1206,283,171,1,-1,-1,-1
407,169,1682,1216,263,162,1,-1,-1,-1
408,169,1727,1229,244,153,1,-1,-1,-1
412,170,1824,1222,294,208,1,-1,-1,-1
413,170,1861,1234,278,198,1,-1,-1,-1
414,170,1898,1244,264,188,1,-1,-1,-1
415,170,1936,1256,248,177,1,-1,-1,-1
416,170,1982,1265,239,171,1,-1,-1,-1
417,170,2020,1274,231,164,1,-1,-1,-1
