81,201,1551,349,304,145,1,-1,-1,-1
82,201,1542,347,304,145,1,-1,-1,-1
83,201,1533,347,303,144,1,-1,-1,-1
84,201,1526,347,303,144,1,-1,-1,-1
85,201,1512,346,302,144,1,-1,-1,-1
86,201,1499,344,302,144,1,-1,-1,-1
87,201,1495,344,303,144,1,-1,-1,-1
88,201,1487,342,306,145,1,-1,-1,-1
89,201,1486,342,308,146,1,-1,-1,-1
90,201,1478,342,309,146,1,-1,-1,-1
91,201,1467,341,309,147,1,-1,-1,-1
92,201,1461,340,311,147,1,-1,-1,-1
93,201,1449,340,312,148,1,-1,-1,-1
94,201,1434,340,313,149,1,-1,-1,-1
95,201,1422,341,313,149,1,-1,-1,-1
96,201,1410,341,313,150,1,-1,-1,-1
97,201,1403,341,313,152,1,-1,-1,-1
98,201,1395,341,313,153,1,-1,-1,-1
99,201,1388,342,312,154,1,-1,-1,-1
100,201,1383,341,311,155,1,-1,-1,-1
101,201,1376,342,311,156,1,-1,-1,-1
102,201,1373,341,310,157,1,-1,-1,-1
103,201,1369,341,309,158,1,-1,-1,-1
104,201,1360,342,308,159,1,-1,-1,-1
105,201,1351,343,308,159,1,-1,-1,-1
106,201,1343,342,308,160,1,-1,-1,-1
107,201,1334,342,307,161,1,-1,-1,-1
108,201,1329,343,305,161,1,-1,-1,-1
109,201,1329,345,303,161,1,-1,-1,-1
110,201,1325,347,301,161,1,-1,-1,-1
111,201,1319,346,297,162,1,-1,-1,-1
112,201,1314,347,293,162,1,-1,-1,-1
113,201,1311,348,288,162,1,-1,-1,-1
114,201,1310,350,283,162,1,-1,-1,-1
115,201,1308,352,279,162,1,-1,-1,-1
116,201,1305,354,273,162,1,-1,-1,-1
117,201,1307,356,268,162,1,-1,-1,-1
118,201,1309,358,262,163,1,-1,-1,-1
119,201,1309,360,257,164,1,-1,-1,-1
120,201,1309,361,252,164,1,-1,-1,-1
121,201,1310,364,247,165,1,-1,-1,-1
122,201,1311,366,241,166,1,-1,-1,-1
123,201,1311,369,235,167,1,-1,-1,-1
124,201,1314,371,229,168,1,-1,-1,-1
125,201,1317,373,223,169,1,-1,-1,-1
126,201,1319,376,217,170,1,-1,-1,-1
127,201,1323,379,213,170,1,-1,-1,-1
128,201,1328,381,209,170,1,-1,-1,-1
129,201,1332,384,205,171,1,-1,-1,-1
130,201,1336,387,203,172,1,-1,-1,-1
131,201,1340,389,201,173,1,-1,-1,-1
132,201,1344,391,200,174,1,-1,-1,-1
133,201,1348,394,200,176,1,-1,-1,-1
134,201,1351,396,200,178,1,-1,-1,-1
135,201,1354,398,201,180,1,-1,-1,-1
136,201,1357,400,202,182,1,-1,-1,-1
137,201,1359,402,203,184,1,-1,-1,-1
138,201,1361,405,204,186,1,-1,-1,-1
139,201,1364,406,206,188,1,-1,-1,-1
140,201,1364,408,208,190,1,-1,-1,-1
141,201,1365,410,210,192,1,-1,-1,-1
142,201,1365,414,212,194,1,-1,-1,-1
143,201,1366,417,214,197,1,-1,-1,-1
144,201,1368,421,217,200,1,-1,-1,-1
145,201,1369,423,220,202,1,-1,-1,-1
146,201,1371,426,223,205,1,-1,-1,-1
147,201,1372,429,225,208,1,-1,-1,-1
148,201,1373,430,227,210,1,-1,-1,-1
149,201,1374,433,229,213,1,-1,-1,-1
150,201,1375,435,232,217,1,-1,-1,-1
151,201,1378,439,235,220,1,-1,-1,-1
152,201,1379,442,238,223,1,-1,-1,-1
153,201,1381,447,241,227,1,-1,-1,-1
154,201,1382,450,243,230,1,-1,-1,-1
155,201,1384,453,245,234,1,-1,-1,-1
156,201,1386,457,247,238,1,-1,-1,-1
157,201,1388,461,250,242,1,-1,-1,-1
158,201,1391,465,252,245,1,-1,-1,-1
159,201,1395,468,255,249,1,-1,-1,-1
160,201,1399,472,258,252,1,-1,-1,-1
161,201,1401,477,261,256,1,-1,-1,-1
162,201,1401,478,265,260,1,-1,-1,-1
163,201,1403,480,269,264,1,-1,-1,-1
164,201,1405,483,273,268,1,-1,-1,-1
165,201,1409,486,277,272,1,-1,-1,-1
166,202,-248,662,1640,756,1,-1,-1,-1
166,201,1410,488,281,276,1,-1,-1,-1
167,201,1413,490,285,279,1,-1,-1,-1
168,201,1416,493,290,281,1,-1,-1,-1
169,201,1418,498,294,285,1,-1,-1,-1
170,201,1419,504,299,289,1,-1,-1,-1
171,201,1422,509,304,293,1,-1,-1,-1
172,201,1424,513,308,297,1,-1,-1,-1
173,201,1429,517,313,301,1,-1,-1,-1
174,201,1431,520,318,306,1,-1,-1,-1
175,201,1436,524,323,311,1,-1,-1,-1
176,201,1441,529,328,316,1,-1,-1,-1
177,201,1444,533,333,321,1,-1,-1,-1
178,201,1444,535,338,325,1,-1,-1,-1
179,201,1444,537,343,328,1,-1,-1,-1
180,201,1445,541,347,331,1,-1,-1,-1
181,201,1448,545,353,335,1,-1,-1,-1
182,201,1451,548,358,339,1,-1,-1,-1
183,201,1456,552,363,343,1,-1,-1,-1
184,201,1461,556,369,347,1,-1,-1,-1
185,201,1464,557,374,351,1,-1,-1,-1
186,201,1466,559,379,355,1,-1,-1,-1
187,201,1470,563,385,360,1,-1,-1,-1
188,201,1471,565,391,364,1,-1,-1,-1
189,201,1472,568,397,368,1,-1,-1,-1
190,201,1474,572,403,372,1,-1,-1,-1
191,201,1476,576,409,376,1,-1,-1,-1
192,201,1478,580,414,380,1,-1,-1,-1
193,201,1480,584,419,383,1,-1,-1,-1
194,201,1487,586,424,386,1,-1,-1,-1
195,201,1492,588,430,389,1,-1,-1,-1
196,203,-42,887,1327,680,1,-1,-1,-1
196,201,1496,590,435,393,1,-1,-1,-1
197,203,-115,880,1197,623,1,-1,-1,-1
197,201,1494,592,439,396,1,-1,-1,-1
198,203,-141,865,1062,568,1,-1,-1,-1
198,201,1493,591,445,398,1,-1,-1,-1
199,201,1494,592,449,402,1,-1,-1,-1
200,201,1499,593,453,405,1,-1,-1,-1
201,201,1503,594,457,409,1,-1,-1,-1
202,201,1505,595,461,413,1,-1,-1,-1
203,201,1504,596,465,416,1,-1,-1,-1
204,201,1504,594,469,419,1,-1,-1,-1
205,201,1504,593,474,421,1,-1,-1,-1
206,201,1505,592,479,423,1,-1,-1,-1
207,201,1504,593,484,425,1,-1,-1,-1
208,201,1506,597,486,425,1,-1,-1,-1
209,201,1508,599,487,426,1,-1,-1,-1
210,201,1505,596,489,426,1,-1,-1,-1
211,201,1501,593,491,427,1,-1,-1,-1
212,201,1498,590,493,427,1,-1,-1,-1
213,201,1497,589,495,428,1,-1,-1,-1
214,201,1494,588,497,428,1,-1,-1,-1
215,201,1493,587,499,428,1,-1,-1,-1
216,201,1492,587,499,428,1,-1,-1,-1
217,201,1492,586,500,428,1,-1,-1,-1
218,201,1492,586,501,428,1,-1,-1,-1
219,201,1492,587,502,428,1,-1,-1,-1
220,201,1496,591,501,428,1,-1,-1,-1
221,201,1496,591,500,427,1,-1,-1,-1
222,201,1494,590,500,427,1,-1,-1,-1
223,201,1494,589,500,427,1,-1,-1,-1
224,201,1493,590,500,427,1,-1,-1,-1
225,201,1493,590,500,426,1,-1,-1,-1
226,201,1493,590,499,426,1,-1,-1,-1
227,201,1497,593,498,425,1,-1,-1,-1
228,201,1500,595,496,425,1,-1,-1,-1
229,201,1502,597,494,424,1,-1,-1,-1
230,201,1504,598,492,424,1,-1,-1,-1
231,201,1505,599,490,423,1,-1,-1,-1
232,201,1506,600,488,423,1,-1,-1,-1
233,201,1507,600,487,422,1,-1,-1,-1
234,201,1508,600,486,422,1,-1,-1,-1
235,201,1508,600,485,422,1,-1,-1,-1
236,201,1508,600,485,422,1,-1,-1,-1
237,201,1508,600,484,421,1,-1,-1,-1
238,201,1508,600,484,421,1,-1,-1,-1
239,201,1508,600,484,421,1,-1,-1,-1
240,201,1509,601,483,421,1,-1,-1,-1
241,201,1509,601,483,421,1,-1,-1,-1
242,201,1509,601,483,421,1,-1,-1,-1
243,201,1509,601,483,420,1,-1,-1,-1
244,201,1509,601,483,420,1,-1,-1,-1
245,201,1509,601,483,420,1,-1,-1,-1
246,201,1509,601,483,420,1,-1,-1,-1
247,201,1509,600,483,420,1,-1,-1,-1
248,201,1509,600,483,420,1,-1,-1,-1
249,201,1509,600,483,420,1,-1,-1,-1
250,201,1509,600,483,420,1,-1,-1,-1
251,201,1509,600,483,420,1,-1,-1,-1
252,201,1509,600,483,420,1,-1,-1,-1
253,201,1505,597,484,420,1,-1,-1,-1
254,201,1506,598,485,421,1,-1,-1,-1
255,201,1507,599,485,421,1,-1,-1,-1
256,201,1504,596,486,421,1,-1,-1,-1
257,201,1504,598,486,421,1,-1,-1,-1
258,201,1505,599,486,421,1,-1,-1,-1
259,201,1506,599,486,421,1,-1,-1,-1
260,201,1507,600,486,421,1,-1,-1,-1
261,201,1507,600,485,421,1,-1,-1,-1
262,201,1504,596,486,421,1,-1,-1,-1
263,201,1499,593,487,421,1,-1,-1,-1
264,201,1497,586,488,418,1,-1,-1,-1
268,204,-44,734,1267,606,1,-1,-1,-1
269,204,-177,715,1243,594,1,-1,-1,-1
270,204,-270,695,1174,574,1,-1,-1,-1
273,205,1512,604,478,415,1,-1,-1,-1
274,205,1511,604,479,415,1,-1,-1,-1
275,205,1511,603,479,415,1,-1,-1,-1
276,205,1505,598,481,417,1,-1,-1,-1
277,205,1500,595,485,419,1,-1,-1,-1
278,205,1497,593,488,420,1,-1,-1,-1
279,205,1495,591,491,421,1,-1,-1,-1
280,205,1494,590,493,422,1,-1,-1,-1
281,205,1493,590,495,423,1,-1,-1,-1
282,205,1494,589,496,423,1,-1,-1,-1
283,205,1493,589,497,423,1,-1,-1,-1
284,205,1493,589,497,423,1,-1,-1,-1
285,205,1493,589,497,423,1,-1,-1,-1
286,205,1493,589,497,423,1,-1,-1,-1
287,205,1493,590,497,423,1,-1,-1,-1
288,205,1494,590,497,422,1,-1,-1,-1
289,205,1494,590,497,422,1,-1,-1,-1
290,205,1494,590,496,422,1,-1,-1,-1
291,205,1494,591,496,422,1,-1,-1,-1
292,205,1494,591,496,422,1,-1,-1,-1
293,205,1494,591,495,422,1,-1,-1,-1
294,205,1495,591,495,422,1,-1,-1,-1
295,205,1495,591,495,422,1,-1,-1,-1
296,205,1495,591,495,421,1,-1,-1,-1
297,205,1495,591,495,421,1,-1,-1,-1
298,205,1495,591,495,421,1,-1,-1,-1
299,205,1495,591,495,421,1,-1,-1,-1
300,205,1495,591,494,421,1,-1,-1,-1
301,205,1495,591,494,421,1,-1,-1,-1
302,205,1495,591,494,421,1,-1,-1,-1
303,205,1495,591,494,421,1,-1,-1,-1
304,205,1495,591,494,421,1,-1,-1,-1
305,205,1495,591,494,421,1,-1,-1,-1
306,205,1495,591,494,421,1,-1,-1,-1
307,205,1495,591,494,421,1,-1,-1,-1
308,205,1495,591,494,421,1,-1,-1,-1
309,205,1495,591,493,421,1,-1,-1,-1
310,205,1495,591,493,421,1,-1,-1,-1
311,205,1495,591,493,420,1,-1,-1,-1
312,205,1495,591,493,420,1,-1,-1,-1
313,205,1495,591,493,420,1,-1,-1,-1
314,205,1495,590,493,421,1,-1,-1,-1
315,205,1495,591,493,421,1,-1,-1,-1
316,205,1495,591,494,421,1,-1,-1,-1
317,205,1495,591,494,421,1,-1,-1,-1
318,205,1494,591,494,421,1,-1,-1,-1
319,205,1495,590,494,422,1,-1,-1,-1
320,205,1498,594,492,421,1,-1,-1,-1
321,205,1498,594,491,421,1,-1,-1,-1
322,205,1498,593,491,422,1,-1,-1,-1
323,205,1498,592,490,422,1,-1,-1,-1
324,205,1497,592,490,422,1,-1,-1,-1
325,205,1497,591,489,422,1,-1,-1,-1
326,205,1502,595,488,421,1,-1,-1,-1
327,205,1506,598,486,420,1,-1,-1,-1
328,205,1509,600,485,419,1,-1,-1,-1
329,205,1510,601,483,418,1,-1,-1,-1
330,205,1511,601,482,418,1,-1,-1,-1
331,205,1507,598,482,417,1,-1,-1,-1
332,205,1504,596,482,417,1,-1,-1,-1
333,205,1502,595,483,417,1,-1,-1,-1
334,205,1504,598,483,417,1,-1,-1,-1
335,205,1503,596,484,417,1,-1,-1,-1
336,205,1501,595,485,417,1,-1,-1,-1
337,205,1500,593,487,418,1,-1,-1,-1
338,205,1498,593,488,418,1,-1,-1,-1
339,205,1497,593,489,418,1,-1,-1,-1
340,205,1497,592,490,419,1,-1,-1,-1
341,205,1496,592,491,419,1,-1,-1,-1
342,205,1496,592,492,419,1,-1,-1,-1
343,205,1496,591,492,419,1,-1,-1,-1
344,205,1496,592,493,420,1,-1,-1,-1
345,205,1496,592,493,420,1,-1,-1,-1
346,205,1499,595,492,419,1,-1,-1,-1
347,205,1503,598,490,419,1,-1,-1,-1
348,205,1501,595,490,419,1,-1,-1,-1
349,205,1499,593,490,419,1,-1,-1,-1
350,205,1498,591,491,419,1,-1,-1,-1
351,205,1497,591,492,419,1,-1,-1,-1
352,205,1496,591,492,419,1,-1,-1,-1
353,205,1495,590,493,420,1,-1,-1,-1
354,205,1494,589,493,420,1,-1,-1,-1
355,205,1493,589,493,420,1,-1,-1,-1
356,205,1493,586,493,418,1,-1,-1,-1
357,205,1495,585,492,416,1,-1,-1,-1
358,205,1495,589,491,415,1,-1,-1,-1
359,205,1496,591,491,414,1,-1,-1,-1
360,205,1496,593,491,414,1,-1,-1,-1
361,205,1497,594,492,414,1,-1,-1,-1
362,205,1497,595,492,415,1,-1,-1,-1
363,205,1497,595,492,415,1,-1,-1,-1
364,205,1497,595,493,415,1,-1,-1,-1
365,205,1497,595,493,415,1,-1,-1,-1
366,205,1501,598,492,415,1,-1,-1,-1
367,205,1500,597,492,416,1,-1,-1,-1
368,205,1498,595,492,416,1,-1,-1,-1
369,205,1497,594,492,416,1,-1,-1,-1
370,205,1500,598,491,416,1,-1,-1,-1
371,205,1503,600,489,416,1,-1,-1,-1
372,205,1505,602,487,416,1,-1,-1,-1
373,205,1506,602,486,416,1,-1,-1,-1
374,205,1507,602,484,415,1,-1,-1,-1
375,205,1508,603,483,415,1,-1,-1,-1
376,205,1505,599,483,415,1,-1,-1,-1
377,205,1502,595,484,416,1,-1,-1,-1
378,205,1500,593,486,417,1,-1,-1,-1
379,205,1498,592,487,417,1,-1,-1,-1
380,205,1497,591,488,418,1,-1,-1,-1
381,205,1497,591,490,418,1,-1,-1,-1
382,205,1495,590,490,418,1,-1,-1,-1
383,205,1494,590,491,418,1,-1,-1,-1
384,205,1492,589,491,418,1,-1,-1,-1
385,205,1498,592,491,418,1,-1,-1,-1
386,205,1506,596,490,418,1,-1,-1,-1
387,206,-114,806,1108,510,1,-1,-1,-1
387,205,1507,600,490,420,1,-1,-1,-1
388,205,1509,602,492,421,1,-1,-1,-1
389,205,1510,603,494,423,1,-1,-1,-1
390,205,1511,605,499,426,1,-1,-1,-1
391,205,1516,605,505,429,1,-1,-1,-1
392,205,1529,610,512,432,1,-1,-1,-1
393,205,1540,613,521,435,1,-1,-1,-1
394,205,1554,619,533,439,1,-1,-1,-1
395,205,1560,623,548,443,1,-1,-1,-1
396,205,1579,630,565,446,1,-1,-1,-1
397,205,1595,635,585,448,1,-1,-1,-1
398,205,1611,643,606,452,1,-1,-1,-1
399,205,1630,653,629,456,1,-1,-1,-1
400,205,1654,660,654,461,1,-1,-1,-1
401,205,1678,666,682,467,1,-1,-1,-1
402,205,1712,675,711,473,1,-1,-1,-1
403,205,1734,684,740,479,1,-1,-1,-1
404,205,1747,694,765,485,1,-1,-1,-1
405,205,1762,705,782,492,1,-1,-1,-1
406,205,1773,714,793,499,1,-1,-1,-1
