28,354,938,55,199,123,1,-1,-1,-1
29,354,926,55,204,123,1,-1,-1,-1
30,354,911,55,210,123,1,-1,-1,-1
31,354,897,56,217,123,1,-1,-1,-1
32,354,882,55,222,123,1,-1,-1,-1
33,354,868,56,227,123,1,-1,-1,-1
34,354,851,56,233,124,1,-1,-1,-1
35,354,832,55,238,124,1,-1,-1,-1
36,354,814,55,242,125,1,-1,-1,-1
37,354,797,54,245,125,1,-1,-1,-1
38,354,782,53,245,125,1,-1,-1,-1
39,354,774,53,244,126,1,-1,-1,-1
40,354,769,53,242,126,1,-1,-1,-1
41,354,764,54,239,125,1,-1,-1,-1
42,354,756,55,235,125,1,-1,-1,-1
43,354,750,56,231,124,1,-1,-1,-1
44,354,746,56,227,124,1,-1,-1,-1
45,354,739,56,223,124,1,-1,-1,-1
46,354,734,56,218,123,1,-1,-1,-1
47,354,733,56,214,122,1,-1,-1,-1
48,354,728,57,209,122,1,-1,-1,-1
49,354,725,58,204,121,1,-1,-1,-1
50,354,721,59,200,121,1,-1,-1,-1
51,354,715,60,196,122,1,-1,-1,-1
52,354,711,61,193,122,1,-1,-1,-1
53,354,707,61,189,122,1,-1,-1,-1
54,354,703,62,187,123,1,-1,-1,-1
55,354,698,63,184,124,1,-1,-1,-1
56,354,694,62,181,124,1,-1,-1,-1
57,354,688,62,179,124,1,-1,-1,-1
58,354,683,62,177,124,1,-1,-1,-1
59,354,681,62,176,125,1,-1,-1,-1
60,354,677,63,175,125,1,-1,-1,-1
61,354,672,64,174,125,1,-1,-1,-1
62,354,668,63,174,125,1,-1,-1,-1
63,355,1302,264,543,473,1,-1,-1,-1
63,354,663,63,173,126,1,-1,-1,-1
64,355,1267,252,540,454,1,-1,-1,-1
64,354,659,64,173,126,1,-1,-1,-1
65,355,1229,238,535,439,1,-1,-1,-1
65,354,653,64,173,127,1,-1,-1,-1
66,355,1204,231,525,422,1,-1,-1,-1
66,354,647,64,173,127,1,-1,-1,-1
67,355,1179,219,512,406,1,-1,-1,-1
67,354,641,65,174,128,1,-1,-1,-1
68,355,1150,212,497,388,1,-1,-1,-1
68,354,637,66,174,128,1,-1,-1,-1
69,355,1126,207,481,371,1,-1,-1,-1
69,354,632,67,174,128,1,-1,-1,-1
70,355,1107,201,463,354,1,-1,-1,-1
70,354,627,68,173,128,1,-1,-1,-1
71,355,1092,194,446,338,1,-1,-1,-1
71,354,623,67,173,128,1,-1,-1,-1
72,355,1075,186,428,324,1,-1,-1,-1
72,354,619,68,172,129,1,-1,-1,-1
73,355,1060,178,413,312,1,-1,-1,-1
73,354,615,68,173,129,1,-1,-1,-1
74,355,1043,171,399,302,1,-1,-1,-1
74,354,610,68,173,130,1,-1,-1,-1
75,355,1027,161,387,294,1,-1,-1,-1
75,354,607,69,173,130,1,-1,-1,-1
76,355,1008,151,375,286,1,-1,-1,-1
76,354,603,70,173,130,1,-1,-1,-1
77,355,988,145,364,279,1,-1,-1,-1
77,354,598,70,173,130,1,-1,-1,-1
78,355,974,142,352,270,1,-1,-1,-1
78,354,592,71,173,131,1,-1,-1,-1
79,355,964,138,339,261,1,-1,-1,-1
79,354,589,71,174,132,1,-1,-1,-1
80,355,948,137,326,250,1,-1,-1,-1
80,354,586,72,175,132,1,-1,-1,-1
81,355,934,135,315,240,1,-1,-1,-1
81,354,583,73,175,132,1,-1,-1,-1
82,355,925,134,304,231,1,-1,-1,-1
82,354,580,74,176,133,1,-1,-1,-1
83,355,921,133,292,222,1,-1,-1,-1
83,354,577,75,176,134,1,-1,-1,-1
84,355,916,132,280,213,1,-1,-1,-1
84,354,572,75,177,135,1,-1,-1,-1
85,355,910,130,269,205,1,-1,-1,-1
85,354,567,76,178,136,1,-1,-1,-1
86,355,906,130,259,197,1,-1,-1,-1
86,354,563,78,179,137,1,-1,-1,-1
87,355,901,127,249,191,1,-1,-1,-1
87,354,558,80,180,139,1,-1,-1,-1
88,355,893,124,240,184,1,-1,-1,-1
88,354,555,82,180,140,1,-1,-1,-1
89,355,890,121,231,179,1,-1,-1,-1
89,354,552,84,181,142,1,-1,-1,-1
90,355,884,118,223,173,1,-1,-1,-1
90,354,550,86,181,143,1,-1,-1,-1
91,355,880,115,216,168,1,-1,-1,-1
91,354,548,87,181,144,1,-1,-1,-1
92,355,874,110,209,164,1,-1,-1,-1
92,354,547,89,181,145,1,-1,-1,-1
93,355,868,107,205,162,1,-1,-1,-1
93,354,544,92,180,146,1,-1,-1,-1
94,355,865,100,201,160,1,-1,-1,-1
94,354,542,94,181,147,1,-1,-1,-1
95,355,860,94,197,158,1,-1,-1,-1
95,354,541,97,181,148,1,-1,-1,-1
96,355,856,91,194,156,1,-1,-1,-1
96,354,540,99,182,149,1,-1,-1,-1
97,355,850,85,191,155,1,-1,-1,-1
97,354,539,102,183,151,1,-1,-1,-1
98,355,846,81,189,154,1,-1,-1,-1
98,354,538,105,184,152,1,-1,-1,-1
99,355,844,78,185,153,1,-1,-1,-1
99,354,537,107,185,153,1,-1,-1,-1
100,355,842,76,181,151,1,-1,-1,-1
100,354,537,109,185,154,1,-1,-1,-1
101,355,840,75,177,150,1,-1,-1,-1
101,354,538,112,186,154,1,-1,-1,-1
102,354,538,115,188,155,1,-1,-1,-1
103,354,539,117,189,156,1,-1,-1,-1
104,354,541,121,190,157,1,-1,-1,-1
105,354,541,124,192,159,1,-1,-1,-1
106,354,542,127,195,161,1,-1,-1,-1
107,354,542,129,197,163,1,-1,-1,-1
108,354,544,132,200,164,1,-1,-1,-1
109,354,545,134,203,165,1,-1,-1,-1
110,354,546,137,205,166,1,-1,-1,-1
111,354,547,141,208,168,1,-1,-1,-1
112,354,549,144,211,169,1,-1,-1,-1
113,356,1452,365,402,336,1,-1,-1,-1
113,354,550,147,214,171,1,-1,-1,-1
114,356,1418,349,411,332,1,-1,-1,-1
114,354,553,151,217,173,1,-1,-1,-1
115,356,1389,340,412,324,1,-1,-1,-1
115,354,555,154,219,175,1,-1,-1,-1
116,356,1367,330,410,314,1,-1,-1,-1
116,354,558,157,222,177,1,-1,-1,-1
117,356,1341,320,408,304,1,-1,-1,-1
117,354,561,161,225,179,1,-1,-1,-1
118,356,1317,311,403,295,1,-1,-1,-1
118,354,564,164,227,182,1,-1,-1,-1
119,356,1291,301,396,287,1,-1,-1,-1
119,354,567,169,230,184,1,-1,-1,-1
120,356,1270,292,389,278,1,-1,-1,-1
120,354,570,172,233,186,1,-1,-1,-1
121,356,1247,284,381,271,1,-1,-1,-1
121,354,572,177,237,189,1,-1,-1,-1
122,356,1232,276,372,264,1,-1,-1,-1
122,354,577,182,241,191,1,-1,-1,-1
123,356,1214,270,363,256,1,-1,-1,-1
123,354,582,186,244,193,1,-1,-1,-1
124,356,1198,262,353,249,1,-1,-1,-1
124,354,588,189,248,195,1,-1,-1,-1
125,356,1180,256,343,242,1,-1,-1,-1
125,354,594,193,252,197,1,-1,-1,-1
126,356,1165,249,333,236,1,-1,-1,-1
126,354,597,198,256,200,1,-1,-1,-1
127,356,1152,244,323,229,1,-1,-1,-1
127,354,603,203,261,203,1,-1,-1,-1
128,356,1138,238,314,224,1,-1,-1,-1
128,354,610,209,264,206,1,-1,-1,-1
129,356,1126,233,306,218,1,-1,-1,-1
129,354,619,215,269,209,1,-1,-1,-1
130,356,1114,228,297,213,1,-1,-1,-1
130,354,628,220,273,212,1,-1,-1,-1
131,356,1102,219,289,208,1,-1,-1,-1
131,354,635,226,278,215,1,-1,-1,-1
132,356,1089,213,282,203,1,-1,-1,-1
132,354,642,231,282,219,1,-1,-1,-1
133,356,1076,206,275,199,1,-1,-1,-1
133,354,652,237,287,222,1,-1,-1,-1
134,356,1060,199,270,196,1,-1,-1,-1
134,354,661,243,293,226,1,-1,-1,-1
135,356,1047,195,265,193,1,-1,-1,-1
135,354,670,252,298,230,1,-1,-1,-1
136,356,1035,192,259,189,1,-1,-1,-1
136,354,681,259,303,234,1,-1,-1,-1
137,356,1023,188,254,186,1,-1,-1,-1
137,354,692,267,308,238,1,-1,-1,-1
138,356,1010,184,249,183,1,-1,-1,-1
138,354,701,275,313,242,1,-1,-1,-1
139,356,999,179,245,179,1,-1,-1,-1
139,354,713,283,319,247,1,-1,-1,-1
140,356,988,175,240,176,1,-1,-1,-1
140,354,725,292,326,253,1,-1,-1,-1
141,356,978,171,236,173,1,-1,-1,-1
141,354,735,302,333,258,1,-1,-1,-1
142,356,967,166,232,169,1,-1,-1,-1
142,354,747,310,339,264,1,-1,-1,-1
143,356,955,162,229,166,1,-1,-1,-1
143,354,759,321,346,269,1,-1,-1,-1
144,356,943,158,225,163,1,-1,-1,-1
144,354,771,331,353,275,1,-1,-1,-1
145,356,932,153,221,160,1,-1,-1,-1
145,354,783,340,360,280,1,-1,-1,-1
146,356,921,148,217,157,1,-1,-1,-1
146,354,794,352,367,285,1,-1,-1,-1
147,356,913,144,213,155,1,-1,-1,-1
147,354,805,363,375,291,1,-1,-1,-1
148,356,906,141,209,153,1,-1,-1,-1
148,354,816,377,383,297,1,-1,-1,-1
149,356,898,138,205,152,1,-1,-1,-1
149,354,829,393,392,304,1,-1,-1,-1
150,356,891,136,201,150,1,-1,-1,-1
150,354,845,405,402,311,1,-1,-1,-1
151,356,885,131,197,149,1,-1,-1,-1
151,354,860,419,411,319,1,-1,-1,-1
152,356,880,127,194,147,1,-1,-1,-1
152,354,878,433,421,327,1,-1,-1,-1
153,356,876,125,189,145,1,-1,-1,-1
153,354,894,449,432,335,1,-1,-1,-1
154,356,873,123,185,143,1,-1,-1,-1
154,354,912,470,444,344,1,-1,-1,-1
155,356,869,120,182,141,1,-1,-1,-1
155,354,930,490,458,353,1,-1,-1,-1
156,356,866,117,178,139,1,-1,-1,-1
156,354,950,512,472,364,1,-1,-1,-1
157,356,864,114,175,136,1,-1,-1,-1
157,354,969,533,486,374,1,-1,-1,-1
158,356,864,113,171,134,1,-1,-1,-1
158,354,994,558,503,386,1,-1,-1,-1
159,356,863,110,167,131,1,-1,-1,-1
159,354,1017,582,520,398,1,-1,-1,-1
160,356,862,109,163,128,1,-1,-1,-1
160,354,1036,608,537,410,1,-1,-1,-1
161,356,863,107,160,125,1,-1,-1,-1
161,354,1066,633,557,420,1,-1,-1,-1
162,356,865,105,155,122,1,-1,-1,-1
163,356,867,103,151,120,1,-1,-1,-1
164,356,869,100,147,117,1,-1,-1,-1
165,356,871,98,144,115,1,-1,-1,-1
166,356,874,95,141,113,1,-1,-1,-1
167,356,879,93,138,112,1,-1,-1,-1
168,356,882,91,135,110,1,-1,-1,-1
169,357,1370,279,483,432,1,-1,-1,-1
169,356,886,90,132,108,1,-1,-1,-1
170,357,1335,275,482,413,1,-1,-1,-1
170,356,890,89,130,106,1,-1,-1,-1
171,357,1297,271,477,395,1,-1,-1,-1
171,356,895,88,128,105,1,-1,-1,-1
172,357,1269,264,470,378,1,-1,-1,-1
172,356,898,88,126,103,1,-1,-1,-1
173,357,1237,259,460,362,1,-1,-1,-1
173,356,903,86,125,102,1,-1,-1,-1
174,357,1210,252,447,347,1,-1,-1,-1
174,356,906,86,125,101,1,-1,-1,-1
175,357,1187,245,433,332,1,-1,-1,-1
175,356,911,84,124,101,1,-1,-1,-1
176,357,1167,238,419,318,1,-1,-1,-1
176,356,916,83,125,100,1,-1,-1,-1
177,357,1152,234,403,304,1,-1,-1,-1
177,356,923,80,125,100,1,-1,-1,-1
178,357,1134,226,388,292,1,-1,-1,-1
178,356,929,80,125,99,1,-1,-1,-1
179,357,1119,221,372,280,1,-1,-1,-1
179,356,936,78,124,98,1,-1,-1,-1
180,357,1107,215,358,269,1,-1,-1,-1
180,356,943,78,124,98,1,-1,-1,-1
181,357,1094,207,345,259,1,-1,-1,-1
181,356,951,77,123,97,1,-1,-1,-1
182,357,1081,202,332,250,1,-1,-1,-1
182,356,958,77,122,96,1,-1,-1,-1
183,357,1068,194,319,243,1,-1,-1,-1
183,356,964,75,121,96,1,-1,-1,-1
184,357,1053,189,307,235,1,-1,-1,-1
184,356,970,74,121,96,1,-1,-1,-1
185,357,1040,186,295,228,1,-1,-1,-1
185,356,977,73,120,95,1,-1,-1,-1
186,357,1029,182,286,221,1,-1,-1,-1
186,356,984,73,118,94,1,-1,-1,-1
187,357,1018,178,277,215,1,-1,-1,-1
187,356,992,72,117,94,1,-1,-1,-1
188,357,1010,173,269,209,1,-1,-1,-1
188,356,999,71,116,93,1,-1,-1,-1
189,357,1001,170,262,203,1,-1,-1,-1
189,356,1005,71,115,92,1,-1,-1,-1
190,357,988,166,256,199,1,-1,-1,-1
190,356,1011,71,114,91,1,-1,-1,-1
191,357,978,161,250,194,1,-1,-1,-1
191,356,1017,71,113,90,1,-1,-1,-1
192,357,967,158,245,190,1,-1,-1,-1
192,356,1021,71,112,89,1,-1,-1,-1
193,357,955,153,241,187,1,-1,-1,-1
193,356,1028,71,110,88,1,-1,-1,-1
194,357,944,148,238,183,1,-1,-1,-1
194,356,1035,70,109,88,1,-1,-1,-1
195,357,933,144,234,180,1,-1,-1,-1
195,356,1042,69,107,87,1,-1,-1,-1
196,357,927,142,230,177,1,-1,-1,-1
197,357,920,139,224,173,1,-1,-1,-1
198,357,912,136,218,168,1,-1,-1,-1
199,357,904,134,212,164,1,-1,-1,-1
200,357,899,131,206,160,1,-1,-1,-1
201,357,894,128,201,157,1,-1,-1,-1
202,357,888,124,195,153,1,-1,-1,-1
203,357,882,121,190,149,1,-1,-1,-1
204,357,877,118,185,146,1,-1,-1,-1
205,357,872,115,181,142,1,-1,-1,-1
206,357,867,114,177,139,1,-1,-1,-1
207,357,862,111,173,136,1,-1,-1,-1
208,357,858,107,169,134,1,-1,-1,-1
209,357,853,104,165,131,1,-1,-1,-1
210,357,849,102,162,128,1,-1,-1,-1
211,357,846,100,159,126,1,-1,-1,-1
212,357,843,98,155,124,1,-1,-1,-1
213,357,841,96,153,122,1,-1,-1,-1
214,357,838,92,150,121,1,-1,-1,-1
215,357,835,88,148,120,1,-1,-1,-1
216,357,833,84,145,119,1,-1,-1,-1
217,357,831,81,142,118,1,-1,-1,-1
218,357,832,79,139,116,1,-1,-1,-1
219,357,835,78,136,114,1,-1,-1,-1
220,357,838,76,132,112,1,-1,-1,-1
221,357,840,75,129,110,1,-1,-1,-1
222,357,843,74,127,108,1,-1,-1,-1
223,357,847,72,124,106,1,-1,-1,-1
224,357,850,72,122,105,1,-1,-1,-1
225,357,855,71,121,104,1,-1,-1,-1
226,357,859,69,120,103,1,-1,-1,-1
227,357,864,68,119,102,1,-1,-1,-1
228,357,871,66,118,102,1,-1,-1,-1
229,357,878,65,117,102,1,-1,-1,-1
230,357,884,65,117,101,1,-1,-1,-1
231,357,891,63,117,101,1,-1,-1,-1
232,357,899,62,117,101,1,-1,-1,-1
233,357,907,61,117,101,1,-1,-1,-1
234,357,916,61,118,101,1,-1,-1,-1
235,357,924,60,119,101,1,-1,-1,-1
236,357,933,60,119,100,1,-1,-1,-1
237,357,941,60,119,99,1,-1,-1,-1
238,357,950,60,119,98,1,-1,-1,-1
239,357,960,61,119,97,1,-1,-1,-1
240,357,969,62,118,96,1,-1,-1,-1
262,358,1341,352,449,329,1,-1,-1,-1
263,358,1319,335,447,321,1,-1,-1,-1
264,358,1293,323,439,312,1,-1,-1,-1
265,358,1261,310,433,306,1,-1,-1,-1
266,358,1234,297,424,298,1,-1,-1,-1
267,358,1210,286,414,290,1,-1,-1,-1
268,358,1182,275,402,282,1,-1,-1,-1
269,358,1160,268,389,273,1,-1,-1,-1
270,358,1141,259,375,265,1,-1,-1,-1
271,358,1121,250,361,256,1,-1,-1,-1
272,358,1109,244,348,248,1,-1,-1,-1
273,358,1098,238,336,240,1,-1,-1,-1
274,358,1086,228,325,233,1,-1,-1,-1
275,358,1077,220,314,225,1,-1,-1,-1
276,358,1066,214,304,217,1,-1,-1,-1
277,358,1049,207,296,211,1,-1,-1,-1
278,358,1036,201,288,205,1,-1,-1,-1
279,358,1024,194,281,200,1,-1,-1,-1
280,358,1010,190,273,194,1,-1,-1,-1
281,358,998,189,265,188,1,-1,-1,-1
283,359,1403,376,425,362,1,-1,-1,-1
284,359,1360,360,431,352,1,-1,-1,-1
285,359,1320,346,431,340,1,-1,-1,-1
286,359,1284,329,428,330,1,-1,-1,-1
287,359,1251,315,421,318,1,-1,-1,-1
288,359,1222,301,412,308,1,-1,-1,-1
289,359,1195,291,402,297,1,-1,-1,-1
290,359,1170,282,389,286,1,-1,-1,-1
291,359,1147,273,375,275,1,-1,-1,-1
292,359,1128,263,362,265,1,-1,-1,-1
293,359,1111,253,349,256,1,-1,-1,-1
294,359,1096,246,337,247,1,-1,-1,-1
295,359,1081,237,326,238,1,-1,-1,-1
296,359,1068,230,315,230,1,-1,-1,-1
297,359,1053,224,306,223,1,-1,-1,-1
298,359,1040,217,297,217,1,-1,-1,-1
299,359,1025,211,288,210,1,-1,-1,-1
300,359,1014,205,279,205,1,-1,-1,-1
301,359,1001,199,271,200,1,-1,-1,-1
302,359,990,195,262,194,1,-1,-1,-1
303,359,978,190,253,189,1,-1,-1,-1
304,359,970,186,246,184,1,-1,-1,-1
305,359,961,182,239,179,1,-1,-1,-1
306,359,953,177,232,174,1,-1,-1,-1
307,359,943,174,227,170,1,-1,-1,-1
308,359,935,171,221,166,1,-1,-1,-1
309,359,928,167,216,162,1,-1,-1,-1
