92,865,1016,619,361,329,1,-1,-1,-1
93,865,1018,605,350,319,1,-1,-1,-1
94,865,1022,591,339,311,1,-1,-1,-1
95,865,1028,576,330,303,1,-1,-1,-1
96,865,1034,563,321,296,1,-1,-1,-1
97,865,1035,549,313,289,1,-1,-1,-1
98,865,1040,536,304,281,1,-1,-1,-1
99,865,1044,522,298,275,1,-1,-1,-1
100,865,1045,508,292,269,1,-1,-1,-1
101,865,1046,496,286,262,1,-1,-1,-1
102,865,1049,484,281,258,1,-1,-1,-1
103,865,1054,469,275,253,1,-1,-1,-1
104,865,1056,457,270,248,1,-1,-1,-1
105,865,1057,447,263,242,1,-1,-1,-1
106,865,1061,437,257,235,1,-1,-1,-1
107,865,1062,426,251,230,1,-1,-1,-1
108,865,1065,416,245,224,1,-1,-1,-1
109,865,1068,406,240,220,1,-1,-1,-1
110,865,1069,397,236,216,1,-1,-1,-1
111,865,1071,386,231,213,1,-1,-1,-1
112,865,1073,377,226,209,1,-1,-1,-1
113,865,1076,368,222,207,1,-1,-1,-1
114,865,1078,359,217,204,1,-1,-1,-1
115,865,1079,349,212,201,1,-1,-1,-1
116,865,1079,339,209,198,1,-1,-1,-1
117,865,1078,328,205,196,1,-1,-1,-1
118,865,1081,318,201,193,1,-1,-1,-1
119,865,1083,309,198,190,1,-1,-1,-1
120,865,1086,301,196,188,1,-1,-1,-1
121,865,1086,292,193,185,1,-1,-1,-1
122,865,1086,284,190,182,1,-1,-1,-1
123,865,1088,276,188,180,1,-1,-1,-1
124,865,1087,268,186,177,1,-1,-1,-1
125,865,1089,263,184,175,1,-1,-1,-1
126,865,1090,257,182,172,1,-1,-1,-1
127,865,1090,249,180,170,1,-1,-1,-1
128,865,1090,243,177,166,1,-1,-1,-1
129,865,1089,238,175,164,1,-1,-1,-1
130,865,1090,233,173,161,1,-1,-1,-1
131,865,1089,228,170,159,1,-1,-1,-1
132,865,1092,224,168,156,1,-1,-1,-1
133,865,1092,221,165,153,1,-1,-1,-1
134,865,1094,216,162,150,1,-1,-1,-1
135,865,1096,212,159,148,1,-1,-1,-1
136,865,1098,208,157,146,1,-1,-1,-1
137,865,1100,204,154,143,1,-1,-1,-1
138,865,1099,201,153,141,1,-1,-1,-1
139,865,1101,196,151,139,1,-1,-1,-1
140,865,1101,191,149,137,1,-1,-1,-1
141,865,1102,186,148,135,1,-1,-1,-1
142,865,1102,183,146,134,1,-1,-1,-1
143,865,1103,178,145,132,1,-1,-1,-1
144,865,1104,174,145,132,1,-1,-1,-1
145,865,1105,170,144,131,1,-1,-1,-1
146,865,1105,166,143,129,1,-1,-1,-1
147,865,1106,163,141,128,1,-1,-1,-1
148,865,1107,159,139,127,1,-1,-1,-1
149,865,1108,155,137,126,1,-1,-1,-1
150,865,1109,152,136,125,1,-1,-1,-1
151,865,1111,149,134,124,1,-1,-1,-1
152,865,1111,145,132,123,1,-1,-1,-1
153,865,1111,143,131,121,1,-1,-1,-1
154,865,1111,139,130,120,1,-1,-1,-1
155,865,1112,136,129,119,1,-1,-1,-1
156,865,1112,134,128,118,1,-1,-1,-1
157,865,1112,132,126,117,1,-1,-1,-1
158,865,1111,128,125,116,1,-1,-1,-1
159,865,1111,125,125,115,1,-1,-1,-1
160,865,1113,122,124,114,1,-1,-1,-1
161,865,1115,120,123,113,1,-1,-1,-1
162,865,1115,118,122,111,1,-1,-1,-1
163,865,1115,116,121,110,1,-1,-1,-1
164,865,1115,113,120,109,1,-1,-1,-1
165,865,1118,110,118,108,1,-1,-1,-1
166,865,1119,108,117,108,1,-1,-1,-1
167,865,1120,106,116,107,1,-1,-1,-1
168,865,1121,104,115,106,1,-1,-1,-1
169,865,1121,103,113,104,1,-1,-1,-1
170,865,1121,101,112,103,1,-1,-1,-1
171,865,1123,99,111,102,1,-1,-1,-1
172,865,1125,99,110,101,1,-1,-1,-1
173,865,1125,97,109,99,1,-1,-1,-1
174,865,1125,96,108,98,1,-1,-1,-1
175,865,1126,94,107,96,1,-1,-1,-1
176,865,1127,93,106,95,1,-1,-1,-1
177,865,1128,91,105,94,1,-1,-1,-1
178,865,1129,89,104,93,1,-1,-1,-1
179,865,1129,88,103,91,1,-1,-1,-1
188,866,971,64,123,103,1,-1,-1,-1
189,866,971,66,121,102,1,-1,-1,-1
190,866,971,68,121,101,1,-1,-1,-1
191,866,969,69,121,101,1,-1,-1,-1
192,866,968,70,121,101,1,-1,-1,-1
193,866,967,71,122,101,1,-1,-1,-1
194,866,967,72,122,101,1,-1,-1,-1
195,866,966,74,122,102,1,-1,-1,-1
196,866,965,74,122,102,1,-1,-1,-1
197,867,1057,742,345,259,1,-1,-1,-1
197,866,964,76,123,103,1,-1,-1,-1
198,867,1059,726,339,257,1,-1,-1,-1
198,866,963,78,123,103,1,-1,-1,-1
199,867,1061,707,333,255,1,-1,-1,-1
199,866,964,79,123,104,1,-1,-1,-1
200,867,1064,691,326,253,1,-1,-1,-1
200,866,964,81,123,104,1,-1,-1,-1
201,867,1067,677,319,249,1,-1,-1,-1
201,866,963,82,123,105,1,-1,-1,-1
202,867,1069,664,311,245,1,-1,-1,-1
202,866,961,82,124,105,1,-1,-1,-1
203,867,1071,648,304,241,1,-1,-1,-1
203,866,958,83,124,106,1,-1,-1,-1
204,867,1075,636,296,237,1,-1,-1,-1
204,866,958,85,124,106,1,-1,-1,-1
205,867,1079,626,289,233,1,-1,-1,-1
205,866,958,87,125,106,1,-1,-1,-1
206,867,1083,616,282,229,1,-1,-1,-1
206,866,958,88,126,106,1,-1,-1,-1
207,867,1086,604,275,224,1,-1,-1,-1
207,866,956,90,126,106,1,-1,-1,-1
208,867,1088,593,269,220,1,-1,-1,-1
208,866,954,91,127,106,1,-1,-1,-1
209,867,1090,581,262,215,1,-1,-1,-1
209,866,954,94,127,106,1,-1,-1,-1
210,867,1093,569,257,211,1,-1,-1,-1
210,866,954,97,127,106,1,-1,-1,-1
211,867,1096,558,251,208,1,-1,-1,-1
211,866,954,98,127,107,1,-1,-1,-1
212,867,1097,547,246,205,1,-1,-1,-1
212,866,953,99,128,107,1,-1,-1,-1
213,867,1099,536,241,202,1,-1,-1,-1
213,866,952,100,128,107,1,-1,-1,-1
214,867,1101,526,237,199,1,-1,-1,-1
214,866,951,101,128,108,1,-1,-1,-1
215,867,1103,517,233,196,1,-1,-1,-1
215,866,951,102,129,108,1,-1,-1,-1
216,867,1104,507,229,193,1,-1,-1,-1
216,866,951,105,128,108,1,-1,-1,-1
217,867,1103,495,225,191,1,-1,-1,-1
217,866,951,108,129,108,1,-1,-1,-1
218,867,1103,486,222,189,1,-1,-1,-1
218,866,949,108,130,109,1,-1,-1,-1
219,867,1104,476,218,186,1,-1,-1,-1
219,866,947,110,130,110,1,-1,-1,-1
220,867,1106,468,215,183,1,-1,-1,-1
220,866,947,111,131,110,1,-1,-1,-1
221,867,1109,459,211,180,1,-1,-1,-1
221,866,946,114,131,110,1,-1,-1,-1
222,867,1110,450,207,177,1,-1,-1,-1
222,866,945,116,133,110,1,-1,-1,-1
223,867,1111,443,203,174,1,-1,-1,-1
223,866,943,118,134,111,1,-1,-1,-1
224,867,1111,434,199,171,1,-1,-1,-1
224,866,942,120,135,111,1,-1,-1,-1
225,867,1113,427,196,169,1,-1,-1,-1
225,866,941,122,136,112,1,-1,-1,-1
226,867,1115,417,192,167,1,-1,-1,-1
226,866,939,123,137,112,1,-1,-1,-1
227,867,1117,409,189,165,1,-1,-1,-1
227,866,938,125,138,113,1,-1,-1,-1
228,867,1118,401,186,163,1,-1,-1,-1
228,866,938,126,139,113,1,-1,-1,-1
229,867,1116,393,184,161,1,-1,-1,-1
229,866,936,128,139,114,1,-1,-1,-1
230,867,1115,385,181,160,1,-1,-1,-1
230,866,935,130,140,115,1,-1,-1,-1
231,867,1115,376,179,158,1,-1,-1,-1
231,866,934,132,141,116,1,-1,-1,-1
232,867,1116,369,177,157,1,-1,-1,-1
232,866,933,135,142,116,1,-1,-1,-1
233,867,1118,361,176,155,1,-1,-1,-1
233,866,932,137,143,117,1,-1,-1,-1
234,868,1048,642,322,283,1,-1,-1,-1
234,867,1118,355,174,153,1,-1,-1,-1
234,866,930,139,144,118,1,-1,-1,-1
235,868,1053,632,312,276,1,-1,-1,-1
235,867,1118,347,172,152,1,-1,-1,-1
235,866,928,141,144,118,1,-1,-1,-1
236,868,1055,621,304,269,1,-1,-1,-1
236,867,1118,340,171,150,1,-1,-1,-1
236,866,926,142,145,119,1,-1,-1,-1
237,868,1058,607,296,263,1,-1,-1,-1
237,867,1118,334,169,149,1,-1,-1,-1
237,866,925,145,145,120,1,-1,-1,-1
238,868,1059,594,291,258,1,-1,-1,-1
238,867,1118,328,167,147,1,-1,-1,-1
238,866,923,147,146,122,1,-1,-1,-1
239,868,1058,583,284,252,1,-1,-1,-1
239,867,1118,322,165,146,1,-1,-1,-1
239,866,922,149,146,123,1,-1,-1,-1
240,868,1061,572,278,247,1,-1,-1,-1
240,867,1118,315,164,144,1,-1,-1,-1
240,866,920,152,146,124,1,-1,-1,-1
241,868,1063,561,273,243,1,-1,-1,-1
241,867,1119,310,162,143,1,-1,-1,-1
241,866,918,155,147,124,1,-1,-1,-1
242,868,1065,550,268,239,1,-1,-1,-1
242,867,1120,304,161,142,1,-1,-1,-1
242,866,916,157,147,125,1,-1,-1,-1
243,868,1067,538,263,236,1,-1,-1,-1
243,867,1121,296,159,141,1,-1,-1,-1
243,866,914,160,148,126,1,-1,-1,-1
244,868,1068,526,259,233,1,-1,-1,-1
244,867,1122,291,158,140,1,-1,-1,-1
244,866,911,162,149,126,1,-1,-1,-1
245,868,1069,515,256,230,1,-1,-1,-1
245,867,1122,285,156,139,1,-1,-1,-1
245,866,908,164,150,127,1,-1,-1,-1
246,868,1068,504,251,227,1,-1,-1,-1
246,867,1122,279,155,138,1,-1,-1,-1
246,866,907,166,150,128,1,-1,-1,-1
247,868,1069,493,247,223,1,-1,-1,-1
247,867,1122,274,153,137,1,-1,-1,-1
247,866,905,167,151,128,1,-1,-1,-1
248,868,1069,481,243,220,1,-1,-1,-1
248,867,1122,269,151,136,1,-1,-1,-1
248,866,904,170,152,130,1,-1,-1,-1
249,868,1070,470,239,217,1,-1,-1,-1
249,867,1122,264,150,135,1,-1,-1,-1
249,866,903,173,152,131,1,-1,-1,-1
250,868,1072,462,235,213,1,-1,-1,-1
250,867,1122,258,148,134,1,-1,-1,-1
250,866,901,176,153,132,1,-1,-1,-1
251,868,1073,453,232,210,1,-1,-1,-1
251,867,1123,253,147,133,1,-1,-1,-1
251,866,897,178,154,133,1,-1,-1,-1
252,868,1075,444,228,206,1,-1,-1,-1
252,867,1123,248,146,133,1,-1,-1,-1
252,866,895,181,155,135,1,-1,-1,-1
253,868,1076,435,224,203,1,-1,-1,-1
253,867,1123,243,145,132,1,-1,-1,-1
253,866,892,184,157,136,1,-1,-1,-1
254,868,1078,427,220,199,1,-1,-1,-1
254,867,1123,239,144,132,1,-1,-1,-1
254,866,891,187,158,137,1,-1,-1,-1
255,868,1081,420,217,195,1,-1,-1,-1
255,867,1123,234,143,131,1,-1,-1,-1
255,866,889,191,159,138,1,-1,-1,-1
256,868,1084,410,212,192,1,-1,-1,-1
256,867,1124,229,141,130,1,-1,-1,-1
256,866,886,193,160,139,1,-1,-1,-1
257,868,1084,402,208,188,1,-1,-1,-1
257,867,1124,225,140,128,1,-1,-1,-1
257,866,885,197,161,140,1,-1,-1,-1
258,868,1087,394,203,184,1,-1,-1,-1
258,867,1124,222,138,127,1,-1,-1,-1
258,866,883,200,162,141,1,-1,-1,-1
259,868,1090,387,198,180,1,-1,-1,-1
259,867,1125,218,136,125,1,-1,-1,-1
259,866,882,203,163,143,1,-1,-1,-1
260,868,1092,378,194,177,1,-1,-1,-1
260,867,1126,215,135,124,1,-1,-1,-1
260,866,881,206,164,145,1,-1,-1,-1
261,868,1094,371,190,173,1,-1,-1,-1
261,867,1127,212,133,122,1,-1,-1,-1
261,866,879,208,165,146,1,-1,-1,-1
262,868,1094,364,187,170,1,-1,-1,-1
262,867,1126,207,132,120,1,-1,-1,-1
262,866,876,210,166,147,1,-1,-1,-1
263,868,1094,357,184,167,1,-1,-1,-1
263,867,1127,204,130,119,1,-1,-1,-1
263,866,874,213,166,149,1,-1,-1,-1
264,868,1095,349,181,165,1,-1,-1,-1
264,867,1128,200,129,118,1,-1,-1,-1
264,866,872,215,168,150,1,-1,-1,-1
265,868,1096,342,179,162,1,-1,-1,-1
265,867,1129,196,127,116,1,-1,-1,-1
265,866,870,218,169,152,1,-1,-1,-1
266,868,1097,334,177,160,1,-1,-1,-1
266,867,1130,194,126,114,1,-1,-1,-1
266,866,867,223,171,153,1,-1,-1,-1
267,868,1097,326,175,158,1,-1,-1,-1
267,867,1129,191,125,113,1,-1,-1,-1
267,866,864,226,172,155,1,-1,-1,-1
268,868,1097,320,173,156,1,-1,-1,-1
268,867,1130,188,123,112,1,-1,-1,-1
268,866,862,230,173,156,1,-1,-1,-1
269,868,1098,314,171,154,1,-1,-1,-1
269,867,1132,184,122,111,1,-1,-1,-1
269,866,861,235,174,158,1,-1,-1,-1
270,868,1099,308,169,152,1,-1,-1,-1
270,867,1132,181,122,110,1,-1,-1,-1
270,866,859,241,175,159,1,-1,-1,-1
271,868,1100,302,167,150,1,-1,-1,-1
271,867,1132,178,121,109,1,-1,-1,-1
271,866,856,245,177,160,1,-1,-1,-1
272,868,1101,296,166,148,1,-1,-1,-1
272,867,1132,175,120,108,1,-1,-1,-1
272,866,852,248,178,161,1,-1,-1,-1
273,868,1100,289,164,147,1,-1,-1,-1
273,867,1133,172,119,107,1,-1,-1,-1
273,866,849,252,179,162,1,-1,-1,-1
274,868,1101,283,162,146,1,-1,-1,-1
274,867,1134,168,118,106,1,-1,-1,-1
274,866,847,256,181,163,1,-1,-1,-1
275,868,1102,278,160,144,1,-1,-1,-1
275,867,1135,165,117,106,1,-1,-1,-1
275,866,843,261,183,164,1,-1,-1,-1
276,868,1103,272,158,143,1,-1,-1,-1
276,867,1137,162,118,105,1,-1,-1,-1
276,866,841,265,184,166,1,-1,-1,-1
277,868,1104,267,157,141,1,-1,-1,-1
277,867,1137,159,118,105,1,-1,-1,-1
277,866,839,270,186,167,1,-1,-1,-1
278,868,1104,261,155,140,1,-1,-1,-1
278,867,1136,156,118,105,1,-1,-1,-1
278,866,835,276,188,168,1,-1,-1,-1
279,868,1104,256,153,139,1,-1,-1,-1
279,867,1136,153,118,104,1,-1,-1,-1
279,866,832,280,189,169,1,-1,-1,-1
280,868,1105,251,152,137,1,-1,-1,-1
280,867,1136,151,118,104,1,-1,-1,-1
280,866,829,287,190,169,1,-1,-1,-1
281,868,1107,246,150,135,1,-1,-1,-1
281,867,1137,148,118,104,1,-1,-1,-1
281,866,826,291,192,170,1,-1,-1,-1
282,868,1109,242,147,134,1,-1,-1,-1
282,867,1137,145,118,103,1,-1,-1,-1
282,866,822,297,193,171,1,-1,-1,-1
283,868,1110,237,145,132,1,-1,-1,-1
283,867,1136,142,118,104,1,-1,-1,-1
283,866,819,301,195,173,1,-1,-1,-1
284,868,1110,232,144,131,1,-1,-1,-1
284,867,1136,139,118,103,1,-1,-1,-1
284,866,815,306,196,174,1,-1,-1,-1
285,868,1111,228,143,130,1,-1,-1,-1
285,867,1136,137,118,103,1,-1,-1,-1
285,866,813,311,198,176,1,-1,-1,-1
286,868,1113,224,141,129,1,-1,-1,-1
286,867,1137,135,118,103,1,-1,-1,-1
286,866,811,316,199,178,1,-1,-1,-1
287,868,1114,221,140,128,1,-1,-1,-1
287,867,1138,133,118,103,1,-1,-1,-1
287,866,809,322,200,179,1,-1,-1,-1
288,868,1114,218,139,127,1,-1,-1,-1
288,867,1139,131,118,102,1,-1,-1,-1
288,866,806,327,202,181,1,-1,-1,-1
289,869,903,199,160,146,1,-1,-1,-1
289,868,1114,214,138,126,1,-1,-1,-1
289,867,1138,129,117,101,1,-1,-1,-1
289,866,803,333,203,183,1,-1,-1,-1
290,869,899,202,161,147,1,-1,-1,-1
290,868,1115,210,137,125,1,-1,-1,-1
290,867,1138,127,116,100,1,-1,-1,-1
290,866,799,339,205,185,1,-1,-1,-1
291,869,897,204,162,148,1,-1,-1,-1
291,868,1116,206,136,124,1,-1,-1,-1
291,867,1138,124,116,99,1,-1,-1,-1
291,866,795,345,207,187,1,-1,-1,-1
292,869,897,206,163,149,1,-1,-1,-1
292,868,1117,201,134,123,1,-1,-1,-1
292,867,1139,122,115,98,1,-1,-1,-1
292,866,791,352,209,189,1,-1,-1,-1
293,869,897,209,164,150,1,-1,-1,-1
293,868,1117,198,132,121,1,-1,-1,-1
293,867,1139,118,115,97,1,-1,-1,-1
293,866,788,358,211,191,1,-1,-1,-1
294,869,894,214,166,152,1,-1,-1,-1
294,868,1117,194,131,120,1,-1,-1,-1
294,867,1138,117,114,96,1,-1,-1,-1
294,866,785,365,213,193,1,-1,-1,-1
295,868,1117,191,129,119,1,-1,-1,-1
295,867,1138,115,114,95,1,-1,-1,-1
295,866,780,372,215,195,1,-1,-1,-1
296,868,1118,188,128,117,1,-1,-1,-1
296,867,1138,113,113,95,1,-1,-1,-1
296,866,776,378,218,197,1,-1,-1,-1
297,868,1119,185,127,116,1,-1,-1,-1
297,867,1138,112,113,94,1,-1,-1,-1
297,866,771,385,220,199,1,-1,-1,-1
298,868,1119,182,126,115,1,-1,-1,-1
298,867,1139,109,113,93,1,-1,-1,-1
298,866,766,392,223,202,1,-1,-1,-1
299,868,1118,179,125,114,1,-1,-1,-1
299,867,1139,108,112,92,1,-1,-1,-1
299,866,762,398,225,204,1,-1,-1,-1
300,868,1118,176,124,113,1,-1,-1,-1
300,867,1138,107,112,91,1,-1,-1,-1
300,866,757,404,227,207,1,-1,-1,-1
301,870,880,238,175,161,1,-1,-1,-1
301,868,1119,173,124,112,1,-1,-1,-1
301,867,1138,104,112,90,1,-1,-1,-1
301,866,751,410,229,210,1,-1,-1,-1
302,870,878,242,176,161,1,-1,-1,-1
302,868,1120,171,123,111,1,-1,-1,-1
302,867,1139,103,112,88,1,-1,-1,-1
302,866,745,417,232,213,1,-1,-1,-1
303,870,876,246,177,162,1,-1,-1,-1
303,868,1120,168,122,110,1,-1,-1,-1
303,867,1138,103,112,87,1,-1,-1,-1
303,866,741,424,234,215,1,-1,-1,-1
304,870,874,250,178,163,1,-1,-1,-1
304,868,1121,165,121,108,1,-1,-1,-1
304,867,1139,101,112,87,1,-1,-1,-1
304,866,736,432,236,217,1,-1,-1,-1
305,870,872,255,180,165,1,-1,-1,-1
305,868,1121,163,120,107,1,-1,-1,-1
305,867,1140,100,111,86,1,-1,-1,-1
305,866,731,440,239,218,1,-1,-1,-1
306,870,869,259,182,167,1,-1,-1,-1
306,868,1121,161,119,106,1,-1,-1,-1
306,867,1139,98,111,86,1,-1,-1,-1
306,866,725,446,241,220,1,-1,-1,-1
307,870,865,264,183,169,1,-1,-1,-1
307,868,1122,159,118,104,1,-1,-1,-1
307,867,1139,96,111,85,1,-1,-1,-1
307,866,720,453,244,222,1,-1,-1,-1
308,870,862,269,185,171,1,-1,-1,-1
308,868,1121,156,118,104,1,-1,-1,-1
308,866,714,460,246,224,1,-1,-1,-1
309,870,860,273,187,172,1,-1,-1,-1
309,868,1120,153,117,103,1,-1,-1,-1
309,866,707,468,249,226,1,-1,-1,-1
310,870,858,277,188,174,1,-1,-1,-1
310,868,1120,150,117,102,1,-1,-1,-1
310,866,701,476,251,229,1,-1,-1,-1
311,870,855,282,189,175,1,-1,-1,-1
311,868,1119,147,116,101,1,-1,-1,-1
311,866,693,484,254,231,1,-1,-1,-1
312,870,851,286,191,177,1,-1,-1,-1
312,868,1119,144,115,100,1,-1,-1,-1
312,866,685,492,257,235,1,-1,-1,-1
313,870,848,291,192,178,1,-1,-1,-1
313,868,1120,142,115,100,1,-1,-1,-1
313,866,679,501,260,238,1,-1,-1,-1
314,870,845,296,193,179,1,-1,-1,-1
314,868,1121,140,114,99,1,-1,-1,-1
314,866,673,508,264,241,1,-1,-1,-1
315,870,841,300,195,181,1,-1,-1,-1
315,868,1120,137,114,98,1,-1,-1,-1
315,866,667,517,267,245,1,-1,-1,-1
316,870,836,306,197,181,1,-1,-1,-1
316,868,1121,134,113,98,1,-1,-1,-1
316,866,659,525,271,248,1,-1,-1,-1
317,870,832,312,199,182,1,-1,-1,-1
317,868,1121,130,113,98,1,-1,-1,-1
317,866,650,533,274,252,1,-1,-1,-1
318,870,829,319,200,183,1,-1,-1,-1
318,868,1122,127,113,99,1,-1,-1,-1
318,866,642,539,278,256,1,-1,-1,-1
319,870,825,325,203,185,1,-1,-1,-1
319,868,1123,124,113,99,1,-1,-1,-1
319,866,635,547,281,259,1,-1,-1,-1
320,870,821,330,205,186,1,-1,-1,-1
320,868,1124,122,112,99,1,-1,-1,-1
320,866,629,555,284,262,1,-1,-1,-1
321,870,816,336,207,188,1,-1,-1,-1
321,868,1124,120,112,99,1,-1,-1,-1
321,866,621,565,287,265,1,-1,-1,-1
322,870,811,341,208,190,1,-1,-1,-1
322,868,1125,118,112,99,1,-1,-1,-1
322,866,615,573,291,268,1,-1,-1,-1
323,870,807,348,211,191,1,-1,-1,-1
323,868,1125,115,111,98,1,-1,-1,-1
323,866,605,584,294,271,1,-1,-1,-1
324,870,802,354,213,193,1,-1,-1,-1
324,868,1124,114,111,97,1,-1,-1,-1
324,866,597,592,297,274,1,-1,-1,-1
325,870,796,362,215,195,1,-1,-1,-1
325,868,1125,112,111,96,1,-1,-1,-1
325,866,589,601,302,278,1,-1,-1,-1
326,870,791,368,217,196,1,-1,-1,-1
326,868,1125,110,110,96,1,-1,-1,-1
326,866,580,611,306,283,1,-1,-1,-1
327,870,785,375,219,197,1,-1,-1,-1
327,868,1125,108,110,96,1,-1,-1,-1
327,866,571,622,311,288,1,-1,-1,-1
328,870,781,382,222,199,1,-1,-1,-1
328,868,1124,106,109,95,1,-1,-1,-1
328,866,561,631,315,292,1,-1,-1,-1
329,870,777,389,224,201,1,-1,-1,-1
329,868,1124,104,109,95,1,-1,-1,-1
329,866,552,639,320,297,1,-1,-1,-1
330,870,770,396,226,203,1,-1,-1,-1
330,868,1125,103,108,94,1,-1,-1,-1
330,866,541,646,325,302,1,-1,-1,-1
331,870,764,403,229,205,1,-1,-1,-1
331,868,1125,102,108,94,1,-1,-1,-1
331,866,531,658,329,307,1,-1,-1,-1
332,870,759,410,232,208,1,-1,-1,-1
332,868,1125,100,107,93,1,-1,-1,-1
332,866,519,669,334,312,1,-1,-1,-1
333,870,752,417,234,210,1,-1,-1,-1
333,868,1124,98,107,92,1,-1,-1,-1
333,866,508,679,339,317,1,-1,-1,-1
334,870,747,424,237,211,1,-1,-1,-1
334,868,1124,97,106,92,1,-1,-1,-1
334,866,495,690,345,322,1,-1,-1,-1
335,870,741,431,239,213,1,-1,-1,-1
335,868,1124,96,106,91,1,-1,-1,-1
335,866,482,701,349,327,1,-1,-1,-1
336,870,735,439,242,215,1,-1,-1,-1
336,868,1125,95,106,90,1,-1,-1,-1
336,866,469,714,354,332,1,-1,-1,-1
337,870,730,446,244,217,1,-1,-1,-1
337,868,1125,93,106,90,1,-1,-1,-1
337,866,456,726,358,338,1,-1,-1,-1
338,870,723,455,247,218,1,-1,-1,-1
338,868,1125,90,106,89,1,-1,-1,-1
338,866,441,734,364,342,1,-1,-1,-1
339,870,719,462,249,220,1,-1,-1,-1
339,868,1125,88,105,89,1,-1,-1,-1
339,866,427,740,369,345,1,-1,-1,-1
340,870,713,469,251,222,1,-1,-1,-1
340,868,1124,87,105,89,1,-1,-1,-1
341,870,707,476,253,225,1,-1,-1,-1
341,868,1125,85,105,89,1,-1,-1,-1
342,870,703,482,255,227,1,-1,-1,-1
342,868,1126,82,105,89,1,-1,-1,-1
343,870,698,491,256,229,1,-1,-1,-1
343,868,1127,80,105,90,1,-1,-1,-1
344,870,692,499,259,232,1,-1,-1,-1
344,868,1127,78,105,90,1,-1,-1,-1
345,870,684,508,261,236,1,-1,-1,-1
345,868,1127,76,105,90,1,-1,-1,-1
346,870,679,515,265,239,1,-1,-1,-1
346,868,1128,75,105,90,1,-1,-1,-1
347,870,675,522,268,243,1,-1,-1,-1
347,868,1127,74,104,90,1,-1,-1,-1
348,870,669,530,271,248,1,-1,-1,-1
348,868,1127,72,104,90,1,-1,-1,-1
349,870,664,539,274,251,1,-1,-1,-1
349,868,1126,71,104,89,1,-1,-1,-1
350,870,661,548,277,255,1,-1,-1,-1
350,868,1126,70,103,89,1,-1,-1,-1
351,870,658,557,280,258,1,-1,-1,-1
351,868,1128,70,103,88,1,-1,-1,-1
352,870,653,565,284,261,1,-1,-1,-1
352,868,1128,70,102,87,1,-1,-1,-1
353,870,650,572,286,264,1,-1,-1,-1
353,868,1129,68,102,86,1,-1,-1,-1
354,870,643,580,289,268,1,-1,-1,-1
354,868,1129,68,102,86,1,-1,-1,-1
355,870,637,592,293,271,1,-1,-1,-1
356,870,630,600,296,275,1,-1,-1,-1
357,870,625,611,299,277,1,-1,-1,-1
358,870,619,620,303,280,1,-1,-1,-1
359,870,613,631,307,284,1,-1,-1,-1
360,871,1065,709,320,263,1,-1,-1,-1
360,870,606,640,311,288,1,-1,-1,-1
361,871,1065,696,317,260,1,-1,-1,-1
361,870,599,647,316,292,1,-1,-1,-1
362,871,1070,682,311,255,1,-1,-1,-1
362,870,591,655,321,296,1,-1,-1,-1
363,871,1073,669,305,250,1,-1,-1,-1
363,870,582,665,326,301,1,-1,-1,-1
364,871,1076,657,298,244,1,-1,-1,-1
364,870,574,675,330,306,1,-1,-1,-1
365,871,1080,646,290,239,1,-1,-1,-1
365,870,567,688,335,311,1,-1,-1,-1
366,871,1082,634,283,235,1,-1,-1,-1
366,870,556,699,340,316,1,-1,-1,-1
367,871,1083,623,277,231,1,-1,-1,-1
367,870,546,711,346,321,1,-1,-1,-1
368,871,1086,612,271,227,1,-1,-1,-1
368,870,535,724,351,326,1,-1,-1,-1
369,871,1088,600,266,223,1,-1,-1,-1
369,870,526,735,356,331,1,-1,-1,-1
370,871,1088,588,262,220,1,-1,-1,-1
370,870,519,744,361,335,1,-1,-1,-1
371,871,1087,576,259,217,1,-1,-1,-1
372,871,1086,565,255,214,1,-1,-1,-1
373,871,1085,553,251,211,1,-1,-1,-1
374,871,1085,542,247,208,1,-1,-1,-1
375,871,1085,532,244,205,1,-1,-1,-1
376,871,1085,522,239,201,1,-1,-1,-1
377,871,1083,512,235,198,1,-1,-1,-1
378,871,1084,503,230,195,1,-1,-1,-1
379,871,1084,494,226,192,1,-1,-1,-1
380,871,1083,486,222,189,1,-1,-1,-1
381,871,1083,475,218,186,1,-1,-1,-1
382,871,1084,466,214,183,1,-1,-1,-1
383,871,1084,458,211,180,1,-1,-1,-1
384,871,1084,450,207,178,1,-1,-1,-1
385,871,1086,441,204,175,1,-1,-1,-1
386,871,1087,432,201,172,1,-1,-1,-1
387,871,1088,425,197,170,1,-1,-1,-1
388,871,1089,417,194,167,1,-1,-1,-1
389,871,1089,410,191,164,1,-1,-1,-1
390,871,1090,402,189,162,1,-1,-1,-1
391,871,1090,394,186,159,1,-1,-1,-1
392,871,1091,385,184,157,1,-1,-1,-1
393,871,1091,377,182,156,1,-1,-1,-1
394,871,1091,369,180,155,1,-1,-1,-1
395,871,1091,361,178,153,1,-1,-1,-1
396,871,1092,354,176,151,1,-1,-1,-1
397,871,1093,347,174,150,1,-1,-1,-1
398,871,1094,339,173,148,1,-1,-1,-1
399,871,1094,333,171,147,1,-1,-1,-1
400,871,1095,327,169,145,1,-1,-1,-1
401,871,1095,321,168,143,1,-1,-1,-1
402,871,1097,316,165,142,1,-1,-1,-1
403,871,1098,311,164,140,1,-1,-1,-1
404,872,978,87,120,99,1,-1,-1,-1
404,871,1098,306,162,139,1,-1,-1,-1
405,872,976,88,120,100,1,-1,-1,-1
405,871,1098,299,160,137,1,-1,-1,-1
406,872,976,89,121,101,1,-1,-1,-1
406,871,1100,294,158,136,1,-1,-1,-1
407,872,975,90,121,101,1,-1,-1,-1
407,871,1102,289,157,134,1,-1,-1,-1
408,872,974,92,121,102,1,-1,-1,-1
408,871,1102,284,154,133,1,-1,-1,-1
409,872,974,93,121,102,1,-1,-1,-1
409,871,1102,279,153,132,1,-1,-1,-1
410,872,973,94,122,103,1,-1,-1,-1
410,871,1104,272,151,131,1,-1,-1,-1
411,872,972,96,122,103,1,-1,-1,-1
411,871,1105,268,150,130,1,-1,-1,-1
412,872,971,97,123,104,1,-1,-1,-1
412,871,1106,264,148,128,1,-1,-1,-1
413,872,970,99,123,104,1,-1,-1,-1
413,871,1106,258,147,126,1,-1,-1,-1
414,872,968,101,123,104,1,-1,-1,-1
414,871,1106,252,146,125,1,-1,-1,-1
415,872,966,104,123,104,1,-1,-1,-1
415,871,1105,247,145,124,1,-1,-1,-1
416,872,965,105,124,105,1,-1,-1,-1
416,871,1107,244,144,123,1,-1,-1,-1
417,872,963,108,123,104,1,-1,-1,-1
417,871,1108,240,142,122,1,-1,-1,-1
418,872,963,109,123,105,1,-1,-1,-1
418,871,1109,236,141,121,1,-1,-1,-1
419,872,962,111,123,105,1,-1,-1,-1
419,871,1110,232,140,120,1,-1,-1,-1
420,872,960,113,124,105,1,-1,-1,-1
420,871,1110,227,140,120,1,-1,-1,-1
421,872,958,115,124,106,1,-1,-1,-1
421,871,1109,224,138,120,1,-1,-1,-1
422,872,958,116,125,107,1,-1,-1,-1
422,871,1110,219,137,119,1,-1,-1,-1
423,872,957,118,125,107,1,-1,-1,-1
423,871,1111,215,136,118,1,-1,-1,-1
424,872,956,119,126,108,1,-1,-1,-1
424,871,1112,209,135,118,1,-1,-1,-1
425,872,955,121,126,109,1,-1,-1,-1
425,871,1113,204,134,117,1,-1,-1,-1
426,872,954,124,126,110,1,-1,-1,-1
426,871,1115,201,133,117,1,-1,-1,-1
427,872,953,127,127,111,1,-1,-1,-1
427,871,1117,197,133,116,1,-1,-1,-1
428,872,951,129,127,111,1,-1,-1,-1
428,871,1119,193,132,115,1,-1,-1,-1
429,872,950,131,128,112,1,-1,-1,-1
429,871,1121,191,130,114,1,-1,-1,-1
430,872,948,134,128,112,1,-1,-1,-1
430,871,1123,188,129,113,1,-1,-1,-1
431,872,945,136,129,113,1,-1,-1,-1
431,871,1125,184,129,113,1,-1,-1,-1
432,872,943,138,130,114,1,-1,-1,-1
432,871,1127,181,128,112,1,-1,-1,-1
433,872,943,140,131,115,1,-1,-1,-1
433,871,1130,178,127,111,1,-1,-1,-1
434,872,942,142,132,116,1,-1,-1,-1
434,871,1133,175,127,111,1,-1,-1,-1
435,872,941,143,133,117,1,-1,-1,-1
435,871,1134,172,126,109,1,-1,-1,-1
436,872,939,146,134,117,1,-1,-1,-1
436,871,1136,170,124,108,1,-1,-1,-1
437,872,938,148,134,118,1,-1,-1,-1
437,871,1138,166,124,107,1,-1,-1,-1
438,872,936,151,134,118,1,-1,-1,-1
438,871,1139,164,123,106,1,-1,-1,-1
439,872,935,155,135,119,1,-1,-1,-1
439,871,1141,162,122,105,1,-1,-1,-1
440,872,935,158,136,120,1,-1,-1,-1
440,871,1142,158,121,103,1,-1,-1,-1
441,872,933,161,136,121,1,-1,-1,-1
441,871,1142,156,120,102,1,-1,-1,-1
442,872,931,163,137,121,1,-1,-1,-1
442,871,1144,154,119,101,1,-1,-1,-1
443,872,931,165,137,123,1,-1,-1,-1
443,871,1145,151,118,99,1,-1,-1,-1
444,872,930,168,137,124,1,-1,-1,-1
444,871,1145,149,117,98,1,-1,-1,-1
445,872,928,170,138,125,1,-1,-1,-1
445,871,1145,148,116,96,1,-1,-1,-1
446,872,927,174,138,125,1,-1,-1,-1
446,871,1146,145,115,96,1,-1,-1,-1
447,872,926,178,139,126,1,-1,-1,-1
447,871,1146,143,115,95,1,-1,-1,-1
448,872,925,180,140,126,1,-1,-1,-1
448,871,1145,141,115,94,1,-1,-1,-1
449,872,924,184,141,126,1,-1,-1,-1
449,871,1144,138,115,93,1,-1,-1,-1
450,872,922,188,141,128,1,-1,-1,-1
450,871,1142,136,115,93,1,-1,-1,-1
451,872,921,191,142,129,1,-1,-1,-1
451,871,1140,133,115,92,1,-1,-1,-1
452,872,919,194,143,130,1,-1,-1,-1
452,871,1138,131,115,92,1,-1,-1,-1
453,872,917,198,144,130,1,-1,-1,-1
453,871,1138,128,115,91,1,-1,-1,-1
454,872,915,202,145,130,1,-1,-1,-1
454,871,1137,126,115,91,1,-1,-1,-1
455,872,915,206,146,131,1,-1,-1,-1
455,871,1137,123,114,90,1,-1,-1,-1
456,872,913,210,146,132,1,-1,-1,-1
456,871,1137,120,114,90,1,-1,-1,-1
457,872,912,212,147,133,1,-1,-1,-1
457,871,1137,117,113,90,1,-1,-1,-1
458,873,988,93,123,98,1,-1,-1,-1
458,872,910,215,147,134,1,-1,-1,-1
458,871,1137,115,112,89,1,-1,-1,-1
459,873,986,94,123,99,1,-1,-1,-1
459,872,909,218,147,135,1,-1,-1,-1
459,871,1138,114,111,89,1,-1,-1,-1
460,873,984,95,123,99,1,-1,-1,-1
460,872,908,222,147,136,1,-1,-1,-1
460,871,1138,112,110,88,1,-1,-1,-1
461,873,983,97,124,99,1,-1,-1,-1
461,872,906,226,148,137,1,-1,-1,-1
461,871,1138,110,109,88,1,-1,-1,-1
462,873,982,99,124,100,1,-1,-1,-1
462,872,904,230,149,138,1,-1,-1,-1
462,871,1139,107,109,88,1,-1,-1,-1
463,873,979,101,126,101,1,-1,-1,-1
463,872,902,234,149,139,1,-1,-1,-1
463,871,1139,105,108,88,1,-1,-1,-1
464,873,977,103,127,102,1,-1,-1,-1
464,872,899,238,150,140,1,-1,-1,-1
464,871,1140,104,108,87,1,-1,-1,-1
465,873,976,104,128,104,1,-1,-1,-1
465,872,896,242,151,141,1,-1,-1,-1
465,871,1141,102,108,87,1,-1,-1,-1
466,873,976,106,129,105,1,-1,-1,-1
466,872,894,247,152,142,1,-1,-1,-1
466,871,1141,100,108,87,1,-1,-1,-1
467,873,973,107,130,106,1,-1,-1,-1
467,872,892,252,153,143,1,-1,-1,-1
467,871,1141,98,107,86,1,-1,-1,-1
468,873,970,108,130,107,1,-1,-1,-1
468,872,889,256,154,144,1,-1,-1,-1
468,871,1141,97,107,85,1,-1,-1,-1
469,873,968,109,131,108,1,-1,-1,-1
469,872,886,260,156,144,1,-1,-1,-1
469,871,1140,95,107,85,1,-1,-1,-1
470,873,966,111,131,109,1,-1,-1,-1
470,872,884,265,157,145,1,-1,-1,-1
470,871,1140,92,106,85,1,-1,-1,-1
471,873,965,113,132,110,1,-1,-1,-1
471,872,881,270,159,146,1,-1,-1,-1
471,871,1140,91,106,85,1,-1,-1,-1
472,873,964,116,132,111,1,-1,-1,-1
472,872,877,276,160,148,1,-1,-1,-1
472,871,1140,90,106,86,1,-1,-1,-1
473,873,962,118,133,112,1,-1,-1,-1
473,872,874,281,162,149,1,-1,-1,-1
473,871,1140,89,106,86,1,-1,-1,-1
474,873,960,120,134,114,1,-1,-1,-1
474,872,870,285,164,151,1,-1,-1,-1
474,871,1140,85,105,87,1,-1,-1,-1
475,873,958,122,135,114,1,-1,-1,-1
475,872,866,290,165,153,1,-1,-1,-1
475,871,1139,82,105,87,1,-1,-1,-1
476,873,956,125,136,115,1,-1,-1,-1
476,872,863,295,167,154,1,-1,-1,-1
476,871,1138,80,105,88,1,-1,-1,-1
477,873,952,128,137,116,1,-1,-1,-1
477,872,858,301,168,156,1,-1,-1,-1
477,871,1138,77,105,88,1,-1,-1,-1
478,873,951,131,138,116,1,-1,-1,-1
478,872,855,306,170,157,1,-1,-1,-1
478,871,1138,75,105,88,1,-1,-1,-1
479,873,949,134,140,118,1,-1,-1,-1
479,872,851,313,172,159,1,-1,-1,-1
479,871,1136,72,104,88,1,-1,-1,-1
480,873,947,137,141,119,1,-1,-1,-1
480,872,847,318,173,160,1,-1,-1,-1
481,873,945,139,143,120,1,-1,-1,-1
481,872,843,324,175,162,1,-1,-1,-1
482,873,943,141,144,121,1,-1,-1,-1
482,872,839,329,176,163,1,-1,-1,-1
483,873,941,144,145,122,1,-1,-1,-1
483,872,836,336,178,165,1,-1,-1,-1
484,873,941,147,145,123,1,-1,-1,-1
484,872,832,342,180,166,1,-1,-1,-1
485,873,938,150,146,124,1,-1,-1,-1
485,872,826,349,182,168,1,-1,-1,-1
486,873,935,153,146,125,1,-1,-1,-1
486,872,823,356,184,169,1,-1,-1,-1
487,873,932,156,147,126,1,-1,-1,-1
487,872,818,363,186,171,1,-1,-1,-1
488,873,929,160,148,127,1,-1,-1,-1
488,872,814,370,188,173,1,-1,-1,-1
489,873,927,164,148,128,1,-1,-1,-1
489,872,808,376,191,174,1,-1,-1,-1
490,873,926,168,148,129,1,-1,-1,-1
490,872,804,384,193,176,1,-1,-1,-1
491,873,924,172,149,129,1,-1,-1,-1
491,872,799,391,195,178,1,-1,-1,-1
492,873,921,176,150,129,1,-1,-1,-1
492,872,794,399,197,180,1,-1,-1,-1
493,873,919,181,151,130,1,-1,-1,-1
493,872,789,408,199,182,1,-1,-1,-1
494,873,917,184,152,131,1,-1,-1,-1
494,872,783,415,201,183,1,-1,-1,-1
495,873,913,187,153,131,1,-1,-1,-1
495,872,778,422,203,185,1,-1,-1,-1
496,873,910,191,154,132,1,-1,-1,-1
496,872,771,431,205,187,1,-1,-1,-1
497,873,907,196,156,134,1,-1,-1,-1
497,872,766,440,208,189,1,-1,-1,-1
498,873,904,200,157,135,1,-1,-1,-1
498,872,760,448,210,190,1,-1,-1,-1
499,873,903,204,159,136,1,-1,-1,-1
499,872,755,455,212,191,1,-1,-1,-1
500,873,901,208,160,137,1,-1,-1,-1
500,872,747,464,215,194,1,-1,-1,-1
501,873,897,213,161,138,1,-1,-1,-1
501,872,740,471,217,196,1,-1,-1,-1
502,873,892,217,163,139,1,-1,-1,-1
502,872,734,479,219,198,1,-1,-1,-1
503,873,890,222,164,141,1,-1,-1,-1
503,872,729,486,222,201,1,-1,-1,-1
504,873,887,228,165,142,1,-1,-1,-1
504,872,723,495,224,203,1,-1,-1,-1
505,873,884,234,166,144,1,-1,-1,-1
505,872,717,504,226,206,1,-1,-1,-1
506,873,881,238,168,145,1,-1,-1,-1
506,872,711,512,229,208,1,-1,-1,-1
507,873,877,243,169,146,1,-1,-1,-1
507,872,707,522,231,211,1,-1,-1,-1
508,873,874,249,171,148,1,-1,-1,-1
508,872,701,532,233,214,1,-1,-1,-1
509,873,868,255,173,149,1,-1,-1,-1
509,872,695,544,236,216,1,-1,-1,-1
510,873,864,261,175,150,1,-1,-1,-1
510,872,690,554,238,219,1,-1,-1,-1
511,873,862,267,177,151,1,-1,-1,-1
511,872,684,563,241,223,1,-1,-1,-1
512,873,857,273,179,152,1,-1,-1,-1
512,872,678,573,245,226,1,-1,-1,-1
513,873,853,281,181,153,1,-1,-1,-1
513,872,670,581,248,230,1,-1,-1,-1
514,873,849,288,183,155,1,-1,-1,-1
514,872,665,592,251,233,1,-1,-1,-1
515,873,845,295,185,156,1,-1,-1,-1
515,872,659,602,254,236,1,-1,-1,-1
516,873,841,302,187,158,1,-1,-1,-1
516,872,653,613,256,239,1,-1,-1,-1
517,873,835,309,188,159,1,-1,-1,-1
517,872,646,623,259,242,1,-1,-1,-1
518,873,831,317,190,161,1,-1,-1,-1
518,872,639,632,263,245,1,-1,-1,-1
519,873,827,325,192,162,1,-1,-1,-1
519,872,634,644,266,248,1,-1,-1,-1
520,873,822,334,194,164,1,-1,-1,-1
520,872,627,656,270,251,1,-1,-1,-1
521,873,817,343,196,165,1,-1,-1,-1
521,872,619,667,274,254,1,-1,-1,-1
522,873,812,352,198,167,1,-1,-1,-1
522,872,610,678,278,258,1,-1,-1,-1
523,873,806,360,201,169,1,-1,-1,-1
523,872,600,688,282,261,1,-1,-1,-1
524,873,800,370,203,171,1,-1,-1,-1
524,872,592,700,287,265,1,-1,-1,-1
525,873,794,379,206,173,1,-1,-1,-1
525,872,582,713,292,269,1,-1,-1,-1
526,873,789,390,209,175,1,-1,-1,-1
526,872,573,726,297,274,1,-1,-1,-1
527,873,784,400,211,176,1,-1,-1,-1
527,872,565,741,301,278,1,-1,-1,-1
528,873,779,411,214,178,1,-1,-1,-1
528,872,554,754,307,283,1,-1,-1,-1
529,873,772,423,216,179,1,-1,-1,-1
529,872,540,764,312,289,1,-1,-1,-1
530,873,766,433,219,181,1,-1,-1,-1
530,872,528,776,317,294,1,-1,-1,-1
531,873,761,442,222,183,1,-1,-1,-1
531,872,517,785,321,297,1,-1,-1,-1
532,873,755,452,225,185,1,-1,-1,-1
532,872,505,788,327,300,1,-1,-1,-1
533,873,748,462,228,187,1,-1,-1,-1
534,873,741,472,231,190,1,-1,-1,-1
535,873,734,482,234,192,1,-1,-1,-1
536,873,725,495,237,194,1,-1,-1,-1
537,873,719,507,241,198,1,-1,-1,-1
538,873,712,515,244,201,1,-1,-1,-1
539,873,705,527,248,205,1,-1,-1,-1
540,873,697,539,252,209,1,-1,-1,-1
541,873,688,552,255,213,1,-1,-1,-1
542,873,681,566,259,217,1,-1,-1,-1
543,873,674,579,263,221,1,-1,-1,-1
544,873,667,592,268,225,1,-1,-1,-1
545,873,656,604,272,229,1,-1,-1,-1
546,873,648,618,276,233,1,-1,-1,-1
547,873,640,632,281,237,1,-1,-1,-1
548,873,632,646,286,240,1,-1,-1,-1
549,873,622,659,291,245,1,-1,-1,-1
550,873,610,673,297,249,1,-1,-1,-1
551,873,594,688,304,253,1,-1,-1,-1
552,873,583,704,311,257,1,-1,-1,-1
553,873,568,723,318,262,1,-1,-1,-1
554,873,552,739,326,267,1,-1,-1,-1
555,873,537,756,333,272,1,-1,-1,-1
556,873,520,777,341,278,1,-1,-1,-1
557,873,497,791,350,282,1,-1,-1,-1
559,874,1003,80,114,92,1,-1,-1,-1
560,874,1000,80,115,92,1,-1,-1,-1
561,874,998,81,116,92,1,-1,-1,-1
562,874,997,83,117,92,1,-1,-1,-1
563,874,997,84,117,92,1,-1,-1,-1
564,874,996,86,118,92,1,-1,-1,-1
565,874,995,88,119,93,1,-1,-1,-1
566,874,995,90,120,93,1,-1,-1,-1
567,874,994,90,121,94,1,-1,-1,-1
568,874,994,91,122,96,1,-1,-1,-1
569,874,993,92,122,97,1,-1,-1,-1
570,874,993,92,123,98,1,-1,-1,-1
571,874,992,93,124,99,1,-1,-1,-1
572,874,991,94,125,100,1,-1,-1,-1
573,874,990,96,125,100,1,-1,-1,-1
574,874,990,98,126,100,1,-1,-1,-1
575,874,991,99,126,101,1,-1,-1,-1
576,874,990,101,127,101,1,-1,-1,-1
577,874,988,103,127,101,1,-1,-1,-1
578,874,987,105,127,102,1,-1,-1,-1
579,874,987,106,127,102,1,-1,-1,-1
580,874,987,107,127,102,1,-1,-1,-1
581,874,987,109,127,103,1,-1,-1,-1
582,874,986,111,127,103,1,-1,-1,-1
583,874,986,111,127,104,1,-1,-1,-1
584,874,985,113,127,105,1,-1,-1,-1
585,874,984,115,128,105,1,-1,-1,-1
586,874,983,117,128,106,1,-1,-1,-1
587,874,982,119,129,107,1,-1,-1,-1
588,874,980,122,129,108,1,-1,-1,-1
589,874,979,124,129,108,1,-1,-1,-1
590,874,978,125,129,109,1,-1,-1,-1
591,874,978,127,130,109,1,-1,-1,-1
592,874,976,130,130,109,1,-1,-1,-1
593,874,975,132,130,110,1,-1,-1,-1
594,874,973,134,130,110,1,-1,-1,-1
595,874,971,137,130,111,1,-1,-1,-1
596,874,970,139,130,112,1,-1,-1,-1
597,874,968,141,131,112,1,-1,-1,-1
598,874,966,143,131,113,1,-1,-1,-1
599,874,964,145,131,114,1,-1,-1,-1
600,874,963,147,132,115,1,-1,-1,-1
601,874,961,149,132,115,1,-1,-1,-1
602,874,960,152,132,116,1,-1,-1,-1
603,874,960,155,133,117,1,-1,-1,-1
604,874,956,158,134,118,1,-1,-1,-1
605,874,954,160,136,119,1,-1,-1,-1
606,874,952,163,137,120,1,-1,-1,-1
607,874,951,166,138,121,1,-1,-1,-1
608,874,951,168,139,122,1,-1,-1,-1
609,874,948,170,140,122,1,-1,-1,-1
610,874,945,175,141,123,1,-1,-1,-1
611,874,944,178,142,123,1,-1,-1,-1
612,874,943,180,143,123,1,-1,-1,-1
613,874,941,184,144,123,1,-1,-1,-1
614,874,940,188,145,124,1,-1,-1,-1
615,874,939,191,146,126,1,-1,-1,-1
616,874,936,194,147,126,1,-1,-1,-1
617,874,933,197,148,127,1,-1,-1,-1
618,874,930,200,149,128,1,-1,-1,-1
619,874,929,203,150,129,1,-1,-1,-1
620,874,927,206,151,131,1,-1,-1,-1
621,874,924,209,152,132,1,-1,-1,-1
622,874,921,212,153,133,1,-1,-1,-1
623,874,918,217,153,135,1,-1,-1,-1
624,874,915,221,154,136,1,-1,-1,-1
625,874,913,226,155,137,1,-1,-1,-1
626,874,910,231,156,138,1,-1,-1,-1
627,874,908,234,158,138,1,-1,-1,-1
628,874,905,240,159,139,1,-1,-1,-1
629,874,902,243,161,140,1,-1,-1,-1
630,874,900,247,162,141,1,-1,-1,-1
631,874,896,251,163,141,1,-1,-1,-1
632,874,892,255,165,143,1,-1,-1,-1
633,874,890,261,167,143,1,-1,-1,-1
634,874,888,267,168,144,1,-1,-1,-1
635,874,885,273,170,145,1,-1,-1,-1
636,874,883,278,172,146,1,-1,-1,-1
637,874,878,284,173,148,1,-1,-1,-1
638,874,875,289,175,149,1,-1,-1,-1
639,874,873,293,176,150,1,-1,-1,-1
640,874,870,298,177,152,1,-1,-1,-1
641,874,867,305,179,153,1,-1,-1,-1
642,874,863,311,180,154,1,-1,-1,-1
643,874,860,317,182,155,1,-1,-1,-1
644,874,856,324,183,156,1,-1,-1,-1
645,874,854,332,185,157,1,-1,-1,-1
646,874,850,339,187,157,1,-1,-1,-1
647,874,846,345,188,158,1,-1,-1,-1
648,874,842,352,190,159,1,-1,-1,-1
649,874,837,359,192,160,1,-1,-1,-1
650,874,833,365,194,161,1,-1,-1,-1
651,874,829,373,195,162,1,-1,-1,-1
652,874,825,380,197,164,1,-1,-1,-1
653,874,819,389,199,165,1,-1,-1,-1
654,874,815,397,201,166,1,-1,-1,-1
655,874,811,405,204,167,1,-1,-1,-1
656,874,806,412,206,168,1,-1,-1,-1
657,874,801,421,209,170,1,-1,-1,-1
658,874,796,430,211,172,1,-1,-1,-1
659,874,790,438,213,175,1,-1,-1,-1
660,874,784,446,216,176,1,-1,-1,-1
661,874,779,453,218,178,1,-1,-1,-1
662,874,775,460,220,180,1,-1,-1,-1
663,874,772,469,222,181,1,-1,-1,-1
664,874,767,477,225,183,1,-1,-1,-1
665,874,763,486,227,185,1,-1,-1,-1
666,874,758,494,230,187,1,-1,-1,-1
667,874,753,502,232,190,1,-1,-1,-1
668,874,751,511,234,193,1,-1,-1,-1
669,874,748,520,237,195,1,-1,-1,-1
670,874,745,530,239,198,1,-1,-1,-1
671,874,741,539,241,200,1,-1,-1,-1
672,874,737,549,244,203,1,-1,-1,-1
673,874,733,558,247,205,1,-1,-1,-1
674,874,730,569,250,208,1,-1,-1,-1
675,874,725,579,253,212,1,-1,-1,-1
676,874,720,591,256,215,1,-1,-1,-1
677,874,716,602,260,218,1,-1,-1,-1
678,874,710,612,263,221,1,-1,-1,-1
679,874,704,624,267,224,1,-1,-1,-1
680,874,695,637,271,227,1,-1,-1,-1
681,874,688,650,275,230,1,-1,-1,-1
682,874,682,661,279,232,1,-1,-1,-1
683,874,674,672,284,235,1,-1,-1,-1
684,874,667,685,289,238,1,-1,-1,-1
685,874,657,697,293,242,1,-1,-1,-1
686,874,649,710,299,245,1,-1,-1,-1
687,874,641,723,304,249,1,-1,-1,-1
688,874,631,736,310,253,1,-1,-1,-1
689,874,620,751,315,258,1,-1,-1,-1
690,874,610,765,321,262,1,-1,-1,-1
691,874,594,779,326,266,1,-1,-1,-1
692,874,580,796,331,271,1,-1,-1,-1
