14,935,925,203,202,147,1,-1,-1,-1
15,935,910,198,199,145,1,-1,-1,-1
16,935,899,196,197,142,1,-1,-1,-1
17,935,884,195,194,139,1,-1,-1,-1
18,935,869,193,190,137,1,-1,-1,-1
19,935,858,192,186,134,1,-1,-1,-1
20,935,847,189,183,133,1,-1,-1,-1
21,936,1390,267,407,270,1,-1,-1,-1
21,935,832,185,180,131,1,-1,-1,-1
22,936,1367,263,399,265,1,-1,-1,-1
22,935,819,182,178,131,1,-1,-1,-1
23,936,1344,262,389,259,1,-1,-1,-1
23,935,806,179,176,130,1,-1,-1,-1
24,936,1323,259,381,254,1,-1,-1,-1
24,935,793,176,175,129,1,-1,-1,-1
25,936,1301,257,373,250,1,-1,-1,-1
25,935,780,173,173,129,1,-1,-1,-1
26,936,1280,254,365,245,1,-1,-1,-1
26,935,769,171,171,127,1,-1,-1,-1
27,936,1262,251,357,241,1,-1,-1,-1
27,935,758,168,168,126,1,-1,-1,-1
28,936,1243,249,349,236,1,-1,-1,-1
28,935,747,166,166,125,1,-1,-1,-1
29,936,1224,244,341,232,1,-1,-1,-1
29,935,736,164,164,123,1,-1,-1,-1
30,936,1207,239,334,229,1,-1,-1,-1
30,935,726,162,162,122,1,-1,-1,-1
31,936,1193,234,327,225,1,-1,-1,-1
31,935,717,160,159,120,1,-1,-1,-1
32,936,1178,231,320,222,1,-1,-1,-1
32,935,709,159,156,119,1,-1,-1,-1
33,936,1159,229,314,218,1,-1,-1,-1
33,935,700,158,154,117,1,-1,-1,-1
34,936,1140,226,308,215,1,-1,-1,-1
34,935,693,156,151,115,1,-1,-1,-1
35,936,1121,223,303,212,1,-1,-1,-1
35,935,685,155,149,114,1,-1,-1,-1
36,936,1106,219,296,208,1,-1,-1,-1
36,935,678,154,147,112,1,-1,-1,-1
37,936,1093,217,288,204,1,-1,-1,-1
37,935,669,152,145,111,1,-1,-1,-1
38,936,1081,215,279,200,1,-1,-1,-1
38,935,661,150,144,110,1,-1,-1,-1
39,936,1069,211,272,198,1,-1,-1,-1
39,935,652,149,142,109,1,-1,-1,-1
40,936,1054,208,267,196,1,-1,-1,-1
40,935,643,148,140,108,1,-1,-1,-1
41,935,635,146,139,107,1,-1,-1,-1
42,935,627,143,138,107,1,-1,-1,-1
43,935,621,141,136,106,1,-1,-1,-1
44,935,613,139,135,106,1,-1,-1,-1
45,935,607,137,134,106,1,-1,-1,-1
46,935,601,135,134,106,1,-1,-1,-1
47,937,961,194,243,173,1,-1,-1,-1
47,935,594,132,134,106,1,-1,-1,-1
48,937,949,194,241,172,1,-1,-1,-1
48,935,587,131,134,106,1,-1,-1,-1
49,937,938,192,238,171,1,-1,-1,-1
49,935,582,130,133,105,1,-1,-1,-1
50,937,929,187,237,171,1,-1,-1,-1
50,935,576,130,132,104,1,-1,-1,-1
51,937,917,183,236,171,1,-1,-1,-1
51,935,569,128,132,104,1,-1,-1,-1
52,937,906,180,233,169,1,-1,-1,-1
52,935,563,127,131,103,1,-1,-1,-1
53,937,896,177,230,169,1,-1,-1,-1
53,935,556,125,130,102,1,-1,-1,-1
54,937,886,175,227,168,1,-1,-1,-1
54,935,550,122,129,102,1,-1,-1,-1
55,937,875,173,224,167,1,-1,-1,-1
55,935,545,121,128,101,1,-1,-1,-1
56,937,863,172,222,165,1,-1,-1,-1
56,935,539,119,128,101,1,-1,-1,-1
57,937,854,171,219,163,1,-1,-1,-1
57,935,532,117,127,100,1,-1,-1,-1
58,937,844,172,217,160,1,-1,-1,-1
58,935,527,117,127,100,1,-1,-1,-1
59,937,834,170,215,159,1,-1,-1,-1
59,935,523,116,126,100,1,-1,-1,-1
60,937,822,167,212,157,1,-1,-1,-1
60,935,518,115,125,100,1,-1,-1,-1
61,938,1321,307,330,201,1,-1,-1,-1
61,937,812,166,210,155,1,-1,-1,-1
61,935,513,113,124,99,1,-1,-1,-1
62,938,1293,299,319,196,1,-1,-1,-1
62,937,804,164,209,154,1,-1,-1,-1
62,935,507,112,124,99,1,-1,-1,-1
63,938,1266,291,310,192,1,-1,-1,-1
63,937,795,160,208,153,1,-1,-1,-1
63,935,503,111,123,99,1,-1,-1,-1
64,938,1244,284,302,188,1,-1,-1,-1
64,937,786,157,207,152,1,-1,-1,-1
64,935,498,110,122,99,1,-1,-1,-1
65,938,1218,278,294,184,1,-1,-1,-1
65,937,776,155,205,151,1,-1,-1,-1
65,935,492,108,121,98,1,-1,-1,-1
66,938,1193,272,286,181,1,-1,-1,-1
66,937,766,154,204,150,1,-1,-1,-1
66,935,488,107,120,97,1,-1,-1,-1
67,938,1170,266,277,177,1,-1,-1,-1
67,937,758,153,202,149,1,-1,-1,-1
67,935,483,106,119,96,1,-1,-1,-1
68,938,1148,261,270,174,1,-1,-1,-1
68,937,752,153,199,148,1,-1,-1,-1
68,935,478,105,119,96,1,-1,-1,-1
69,937,745,152,196,146,1,-1,-1,-1
69,935,473,105,118,95,1,-1,-1,-1
70,937,738,151,193,145,1,-1,-1,-1
70,935,467,105,117,94,1,-1,-1,-1
71,937,732,150,189,143,1,-1,-1,-1
71,935,463,103,116,93,1,-1,-1,-1
72,937,727,151,186,142,1,-1,-1,-1
72,935,459,101,115,93,1,-1,-1,-1
73,937,722,151,184,140,1,-1,-1,-1
73,935,456,98,115,93,1,-1,-1,-1
74,937,716,150,182,139,1,-1,-1,-1
74,935,452,96,115,93,1,-1,-1,-1
75,937,710,149,180,138,1,-1,-1,-1
75,935,449,94,115,93,1,-1,-1,-1
76,937,706,148,177,137,1,-1,-1,-1
76,935,445,93,114,93,1,-1,-1,-1
77,937,699,147,175,136,1,-1,-1,-1
77,935,442,92,114,93,1,-1,-1,-1
78,937,692,146,174,135,1,-1,-1,-1
78,935,438,92,114,93,1,-1,-1,-1
79,937,686,143,172,135,1,-1,-1,-1
79,935,434,92,113,93,1,-1,-1,-1
80,937,681,141,171,135,1,-1,-1,-1
80,935,429,92,112,92,1,-1,-1,-1
81,937,676,140,171,136,1,-1,-1,-1
81,935,425,93,112,92,1,-1,-1,-1
82,937,670,138,170,136,1,-1,-1,-1
82,935,422,92,111,91,1,-1,-1,-1
83,937,664,137,170,136,1,-1,-1,-1
83,935,418,91,111,91,1,-1,-1,-1
84,937,660,136,169,135,1,-1,-1,-1
84,935,414,90,111,90,1,-1,-1,-1
85,937,654,135,168,135,1,-1,-1,-1
85,935,411,88,110,90,1,-1,-1,-1
86,937,650,135,167,133,1,-1,-1,-1
86,935,407,88,109,89,1,-1,-1,-1
87,937,647,135,167,132,1,-1,-1,-1
87,935,401,87,108,88,1,-1,-1,-1
88,937,646,136,166,131,1,-1,-1,-1
88,935,397,87,108,87,1,-1,-1,-1
89,937,643,136,165,130,1,-1,-1,-1
89,935,393,86,107,87,1,-1,-1,-1
90,937,642,136,163,129,1,-1,-1,-1
90,935,390,86,107,86,1,-1,-1,-1
91,937,642,136,161,128,1,-1,-1,-1
91,935,386,86,107,86,1,-1,-1,-1
92,937,644,137,158,126,1,-1,-1,-1
93,937,646,137,155,125,1,-1,-1,-1
94,937,648,137,152,125,1,-1,-1,-1
95,937,650,137,149,124,1,-1,-1,-1
96,937,653,136,146,123,1,-1,-1,-1
97,937,657,135,144,122,1,-1,-1,-1
98,937,659,134,142,121,1,-1,-1,-1
112,939,1375,323,322,193,1,-1,-1,-1
113,939,1351,319,312,188,1,-1,-1,-1
114,939,1329,314,303,183,1,-1,-1,-1
115,939,1308,307,297,181,1,-1,-1,-1
116,939,1285,300,291,178,1,-1,-1,-1
117,939,1265,294,287,176,1,-1,-1,-1
118,939,1243,289,282,175,1,-1,-1,-1
119,939,1224,282,277,173,1,-1,-1,-1
120,939,1205,277,272,171,1,-1,-1,-1
121,939,1187,274,266,170,1,-1,-1,-1
122,939,1168,271,262,168,1,-1,-1,-1
123,939,1151,268,257,166,1,-1,-1,-1
124,939,1136,263,252,164,1,-1,-1,-1
125,939,1120,260,246,162,1,-1,-1,-1
126,939,1104,257,241,161,1,-1,-1,-1
142,940,881,208,202,142,1,-1,-1,-1
143,940,869,206,198,139,1,-1,-1,-1
144,940,860,204,193,137,1,-1,-1,-1
145,940,849,203,189,135,1,-1,-1,-1
146,940,841,201,186,133,1,-1,-1,-1
147,940,829,199,183,132,1,-1,-1,-1
148,940,817,196,182,132,1,-1,-1,-1
149,940,806,193,181,132,1,-1,-1,-1
150,940,796,187,180,132,1,-1,-1,-1
151,940,784,183,180,132,1,-1,-1,-1
152,940,773,178,180,132,1,-1,-1,-1
153,940,763,176,178,132,1,-1,-1,-1
154,940,753,173,177,132,1,-1,-1,-1
155,940,745,172,176,131,1,-1,-1,-1
156,940,736,170,174,130,1,-1,-1,-1
157,940,728,169,172,129,1,-1,-1,-1
158,940,721,168,170,128,1,-1,-1,-1
159,940,714,167,168,126,1,-1,-1,-1
160,940,709,166,165,124,1,-1,-1,-1
161,940,702,165,163,122,1,-1,-1,-1
162,940,696,164,160,120,1,-1,-1,-1
163,940,692,163,158,118,1,-1,-1,-1
164,940,687,162,155,116,1,-1,-1,-1
165,940,682,161,153,114,1,-1,-1,-1
166,940,676,161,151,113,1,-1,-1,-1
167,940,672,161,149,112,1,-1,-1,-1
168,940,668,160,148,111,1,-1,-1,-1
169,940,663,159,147,110,1,-1,-1,-1
170,940,657,157,145,109,1,-1,-1,-1
171,940,653,155,144,108,1,-1,-1,-1
172,940,648,154,143,107,1,-1,-1,-1
173,940,643,151,143,107,1,-1,-1,-1
174,941,304,82,119,104,1,-1,-1,-1
174,940,638,150,142,107,1,-1,-1,-1
175,941,308,84,120,105,1,-1,-1,-1
175,940,633,148,141,106,1,-1,-1,-1
176,941,312,85,121,106,1,-1,-1,-1
176,940,628,146,140,106,1,-1,-1,-1
177,941,315,87,122,107,1,-1,-1,-1
177,940,622,145,140,105,1,-1,-1,-1
178,941,320,87,123,107,1,-1,-1,-1
178,940,617,144,139,105,1,-1,-1,-1
179,941,323,89,124,108,1,-1,-1,-1
179,940,612,144,138,105,1,-1,-1,-1
180,941,328,90,125,109,1,-1,-1,-1
180,940,607,143,138,104,1,-1,-1,-1
181,941,332,91,126,110,1,-1,-1,-1
181,940,602,143,138,104,1,-1,-1,-1
182,941,337,91,128,111,1,-1,-1,-1
182,940,598,141,137,104,1,-1,-1,-1
183,941,341,92,129,112,1,-1,-1,-1
183,940,593,139,137,104,1,-1,-1,-1
184,941,345,93,131,112,1,-1,-1,-1
184,940,589,137,137,103,1,-1,-1,-1
185,941,349,94,132,114,1,-1,-1,-1
185,940,585,136,136,103,1,-1,-1,-1
186,941,353,96,132,115,1,-1,-1,-1
186,940,580,134,136,103,1,-1,-1,-1
187,941,358,96,133,116,1,-1,-1,-1
187,940,575,133,136,102,1,-1,-1,-1
188,941,363,98,134,117,1,-1,-1,-1
188,940,568,132,135,102,1,-1,-1,-1
189,941,369,100,135,117,1,-1,-1,-1
189,940,564,133,135,102,1,-1,-1,-1
190,941,374,104,137,117,1,-1,-1,-1
190,940,561,132,134,101,1,-1,-1,-1
191,941,378,107,138,117,1,-1,-1,-1
191,940,557,131,134,101,1,-1,-1,-1
192,941,383,109,140,117,1,-1,-1,-1
192,940,553,129,133,100,1,-1,-1,-1
193,941,388,110,141,117,1,-1,-1,-1
193,940,548,127,133,99,1,-1,-1,-1
194,941,393,112,142,117,1,-1,-1,-1
194,940,544,125,132,98,1,-1,-1,-1
195,941,399,114,144,118,1,-1,-1,-1
195,940,539,124,131,97,1,-1,-1,-1
196,941,406,115,145,119,1,-1,-1,-1
196,940,536,123,130,97,1,-1,-1,-1
197,941,411,116,147,120,1,-1,-1,-1
197,940,533,123,129,96,1,-1,-1,-1
198,941,417,117,149,121,1,-1,-1,-1
198,940,531,122,128,96,1,-1,-1,-1
199,941,423,118,150,123,1,-1,-1,-1
200,941,429,121,152,124,1,-1,-1,-1
201,941,435,123,153,125,1,-1,-1,-1
202,941,442,125,154,127,1,-1,-1,-1
203,941,450,127,155,128,1,-1,-1,-1
204,941,456,128,157,129,1,-1,-1,-1
205,941,462,130,159,130,1,-1,-1,-1
206,941,468,131,160,132,1,-1,-1,-1
207,941,475,132,162,133,1,-1,-1,-1
208,941,483,134,164,135,1,-1,-1,-1
209,941,491,136,166,137,1,-1,-1,-1
210,941,500,138,168,139,1,-1,-1,-1
211,941,508,141,170,142,1,-1,-1,-1
212,941,516,143,172,144,1,-1,-1,-1
213,941,524,147,174,146,1,-1,-1,-1
214,941,532,150,177,148,1,-1,-1,-1
215,941,542,152,179,150,1,-1,-1,-1
216,941,551,154,182,152,1,-1,-1,-1
217,941,562,156,185,154,1,-1,-1,-1
218,941,571,158,189,156,1,-1,-1,-1
219,941,581,162,192,157,1,-1,-1,-1
220,941,592,166,196,159,1,-1,-1,-1
221,941,602,169,200,161,1,-1,-1,-1
222,941,613,172,204,164,1,-1,-1,-1
223,941,624,176,207,166,1,-1,-1,-1
224,941,635,179,211,168,1,-1,-1,-1
225,941,646,182,215,171,1,-1,-1,-1
226,941,656,185,219,174,1,-1,-1,-1
227,941,668,187,223,177,1,-1,-1,-1
228,941,680,191,228,180,1,-1,-1,-1
229,941,694,194,232,183,1,-1,-1,-1
230,941,707,198,237,186,1,-1,-1,-1
231,941,722,203,242,189,1,-1,-1,-1
232,941,736,208,246,192,1,-1,-1,-1
233,941,750,214,251,194,1,-1,-1,-1
234,941,765,219,256,197,1,-1,-1,-1
235,941,780,223,263,201,1,-1,-1,-1
236,941,797,228,267,204,1,-1,-1,-1
237,941,813,233,273,208,1,-1,-1,-1
238,941,830,238,279,212,1,-1,-1,-1
239,942,1386,267,396,256,1,-1,-1,-1
239,941,846,242,286,216,1,-1,-1,-1
240,942,1356,263,389,251,1,-1,-1,-1
240,941,861,247,292,219,1,-1,-1,-1
241,942,1331,259,382,245,1,-1,-1,-1
241,941,878,250,299,223,1,-1,-1,-1
242,942,1306,257,374,240,1,-1,-1,-1
242,941,895,255,305,227,1,-1,-1,-1
243,942,1284,253,369,237,1,-1,-1,-1
243,941,912,260,311,231,1,-1,-1,-1
244,942,1261,248,362,234,1,-1,-1,-1
244,941,930,264,318,235,1,-1,-1,-1
245,942,1236,240,355,231,1,-1,-1,-1
245,941,951,269,324,238,1,-1,-1,-1
246,942,1218,237,346,227,1,-1,-1,-1
246,941,974,275,331,243,1,-1,-1,-1
247,941,1002,283,340,248,1,-1,-1,-1
248,941,1025,290,348,254,1,-1,-1,-1
249,941,1046,297,356,259,1,-1,-1,-1
250,941,1066,302,363,264,1,-1,-1,-1
251,941,1090,309,371,269,1,-1,-1,-1
252,941,1115,318,378,274,1,-1,-1,-1
253,941,1140,326,387,280,1,-1,-1,-1
254,941,1166,333,397,285,1,-1,-1,-1
255,941,1194,340,406,291,1,-1,-1,-1
256,941,1221,348,415,297,1,-1,-1,-1
257,941,1248,355,425,304,1,-1,-1,-1
258,941,1276,364,434,310,1,-1,-1,-1
259,941,1300,371,443,316,1,-1,-1,-1
260,941,1323,380,452,322,1,-1,-1,-1
261,941,1345,388,460,328,1,-1,-1,-1
262,943,941,176,249,185,1,-1,-1,-1
262,941,1360,393,465,334,1,-1,-1,-1
263,943,925,176,248,184,1,-1,-1,-1
263,941,1378,400,470,340,1,-1,-1,-1
264,943,910,176,244,182,1,-1,-1,-1
264,941,1402,407,476,347,1,-1,-1,-1
265,943,898,176,240,178,1,-1,-1,-1
265,941,1422,413,481,353,1,-1,-1,-1
266,943,888,174,234,174,1,-1,-1,-1
267,943,879,171,229,172,1,-1,-1,-1
268,943,871,168,225,169,1,-1,-1,-1
269,943,861,168,220,167,1,-1,-1,-1
270,943,849,168,216,164,1,-1,-1,-1
271,943,837,167,213,161,1,-1,-1,-1
272,943,824,165,211,158,1,-1,-1,-1
273,943,811,164,208,154,1,-1,-1,-1
274,943,801,163,206,151,1,-1,-1,-1
275,943,791,162,204,149,1,-1,-1,-1
276,943,780,160,202,147,1,-1,-1,-1
277,943,770,157,199,145,1,-1,-1,-1
278,943,762,155,196,144,1,-1,-1,-1
279,943,752,154,195,143,1,-1,-1,-1
280,943,745,153,193,142,1,-1,-1,-1
281,943,738,152,190,141,1,-1,-1,-1
282,943,730,151,187,140,1,-1,-1,-1
283,943,723,150,186,138,1,-1,-1,-1
284,943,714,149,184,137,1,-1,-1,-1
285,943,704,148,182,135,1,-1,-1,-1
286,943,693,146,181,135,1,-1,-1,-1
287,943,682,145,181,135,1,-1,-1,-1
288,943,672,140,182,136,1,-1,-1,-1
289,943,661,138,182,137,1,-1,-1,-1
290,943,649,136,183,136,1,-1,-1,-1
291,943,638,137,184,136,1,-1,-1,-1
292,943,627,137,185,135,1,-1,-1,-1
293,943,616,137,186,134,1,-1,-1,-1
294,943,603,137,188,134,1,-1,-1,-1
295,943,590,136,190,134,1,-1,-1,-1
296,943,575,134,192,134,1,-1,-1,-1
297,943,556,132,195,134,1,-1,-1,-1
298,943,538,131,199,134,1,-1,-1,-1
299,943,519,130,201,134,1,-1,-1,-1
300,943,498,129,205,134,1,-1,-1,-1
301,943,479,129,209,134,1,-1,-1,-1
302,943,457,129,212,134,1,-1,-1,-1
303,943,440,129,216,134,1,-1,-1,-1
304,943,420,129,219,134,1,-1,-1,-1
305,943,396,130,222,134,1,-1,-1,-1
306,943,375,130,227,134,1,-1,-1,-1
307,943,351,130,231,133,1,-1,-1,-1
308,943,325,128,235,133,1,-1,-1,-1
309,943,298,128,239,133,1,-1,-1,-1
310,943,272,129,243,133,1,-1,-1,-1
311,943,242,129,246,133,1,-1,-1,-1
312,943,218,129,250,133,1,-1,-1,-1
313,943,191,131,254,133,1,-1,-1,-1
314,943,163,133,259,134,1,-1,-1,-1
315,943,133,133,262,133,1,-1,-1,-1
316,943,98,135,264,133,1,-1,-1,-1
