1,1127,187,590,211,120,1,-1,-1,-1
2,1127,187,590,211,120,1,-1,-1,-1
3,1127,186,589,209,119,1,-1,-1,-1
4,1127,186,588,209,118,1,-1,-1,-1
5,1127,185,588,209,118,1,-1,-1,-1
6,1127,185,588,209,118,1,-1,-1,-1
7,1127,184,589,208,118,1,-1,-1,-1
8,1127,184,589,208,117,1,-1,-1,-1
9,1127,185,589,208,117,1,-1,-1,-1
10,1127,185,590,208,117,1,-1,-1,-1
11,1127,185,591,208,117,1,-1,-1,-1
12,1127,185,590,208,117,1,-1,-1,-1
13,1127,185,590,209,117,1,-1,-1,-1
14,1127,184,590,209,117,1,-1,-1,-1
15,1127,184,590,209,117,1,-1,-1,-1
16,1127,184,590,209,117,1,-1,-1,-1
17,1127,184,590,209,117,1,-1,-1,-1
18,1127,184,591,209,117,1,-1,-1,-1
19,1127,185,591,209,117,1,-1,-1,-1
20,1127,185,591,209,117,1,-1,-1,-1
21,1127,185,590,210,118,1,-1,-1,-1
22,1127,185,590,210,118,1,-1,-1,-1
23,1127,185,590,210,118,1,-1,-1,-1
24,1127,184,589,211,119,1,-1,-1,-1
25,1127,183,588,211,120,1,-1,-1,-1
26,1127,183,587,211,122,1,-1,-1,-1
27,1128,479,506,94,86,1,-1,-1,-1
27,1127,182,587,212,123,1,-1,-1,-1
28,1128,483,508,95,87,1,-1,-1,-1
28,1127,182,586,212,124,1,-1,-1,-1
29,1128,487,508,97,88,1,-1,-1,-1
29,1127,182,586,212,125,1,-1,-1,-1
30,1129,911,317,257,177,1,-1,-1,-1
30,1128,490,509,101,90,1,-1,-1,-1
30,1127,182,585,212,126,1,-1,-1,-1
31,1129,885,330,234,164,1,-1,-1,-1
31,1128,494,509,103,92,1,-1,-1,-1
31,1127,183,585,212,126,1,-1,-1,-1
32,1129,864,344,215,151,1,-1,-1,-1
32,1128,498,509,106,94,1,-1,-1,-1
32,1127,184,586,212,125,1,-1,-1,-1
33,1129,840,358,198,140,1,-1,-1,-1
33,1128,503,508,108,96,1,-1,-1,-1
33,1127,186,586,212,124,1,-1,-1,-1
34,1129,821,368,181,128,1,-1,-1,-1
34,1128,508,508,111,98,1,-1,-1,-1
34,1127,186,586,211,123,1,-1,-1,-1
35,1129,803,377,164,117,1,-1,-1,-1
35,1128,513,508,114,100,1,-1,-1,-1
35,1127,186,587,211,122,1,-1,-1,-1
36,1129,787,385,149,107,1,-1,-1,-1
36,1128,517,508,117,102,1,-1,-1,-1
36,1127,186,587,210,121,1,-1,-1,-1
37,1129,773,390,136,99,1,-1,-1,-1
37,1128,524,508,121,104,1,-1,-1,-1
37,1127,185,588,210,121,1,-1,-1,-1
38,1128,529,508,125,106,1,-1,-1,-1
38,1127,186,588,209,120,1,-1,-1,-1
39,1128,537,508,129,109,1,-1,-1,-1
39,1127,186,588,209,120,1,-1,-1,-1
40,1128,544,508,132,111,1,-1,-1,-1
40,1127,186,588,209,119,1,-1,-1,-1
41,1128,554,509,137,114,1,-1,-1,-1
41,1127,185,587,209,120,1,-1,-1,-1
42,1128,562,510,141,117,1,-1,-1,-1
42,1127,185,588,209,120,1,-1,-1,-1
43,1128,569,511,146,121,1,-1,-1,-1
43,1127,185,588,209,120,1,-1,-1,-1
44,1128,577,512,151,125,1,-1,-1,-1
44,1127,185,588,209,120,1,-1,-1,-1
45,1128,588,513,157,129,1,-1,-1,-1
45,1127,185,588,209,119,1,-1,-1,-1
46,1130,472,518,80,72,1,-1,-1,-1
46,1128,598,515,163,133,1,-1,-1,-1
46,1127,187,588,209,119,1,-1,-1,-1
47,1130,477,518,83,74,1,-1,-1,-1
47,1128,610,516,170,138,1,-1,-1,-1
47,1127,188,588,210,119,1,-1,-1,-1
48,1130,480,517,86,77,1,-1,-1,-1
48,1128,623,518,178,142,1,-1,-1,-1
48,1127,188,588,210,119,1,-1,-1,-1
49,1130,483,517,89,79,1,-1,-1,-1
49,1128,639,520,188,148,1,-1,-1,-1
49,1127,190,588,210,119,1,-1,-1,-1
50,1130,486,516,93,82,1,-1,-1,-1
50,1128,654,523,198,155,1,-1,-1,-1
50,1127,190,587,210,119,1,-1,-1,-1
51,1130,490,517,96,84,1,-1,-1,-1
51,1128,673,527,210,162,1,-1,-1,-1
51,1127,191,587,210,120,1,-1,-1,-1
52,1130,495,517,100,87,1,-1,-1,-1
52,1128,690,532,224,171,1,-1,-1,-1
52,1127,194,586,209,121,1,-1,-1,-1
53,1130,501,517,104,89,1,-1,-1,-1
53,1128,711,536,239,182,1,-1,-1,-1
53,1127,197,585,209,122,1,-1,-1,-1
54,1130,507,517,107,92,1,-1,-1,-1
54,1128,737,539,257,193,1,-1,-1,-1
54,1127,199,583,209,123,1,-1,-1,-1
55,1130,514,517,110,95,1,-1,-1,-1
55,1128,766,547,277,206,1,-1,-1,-1
55,1127,200,582,208,124,1,-1,-1,-1
56,1130,522,517,114,97,1,-1,-1,-1
56,1128,796,554,299,220,1,-1,-1,-1
56,1127,204,580,207,124,1,-1,-1,-1
57,1130,530,516,117,99,1,-1,-1,-1
57,1128,828,562,324,236,1,-1,-1,-1
57,1127,207,579,208,125,1,-1,-1,-1
58,1130,539,516,121,101,1,-1,-1,-1
58,1128,871,572,354,255,1,-1,-1,-1
58,1127,208,578,210,126,1,-1,-1,-1
59,1130,548,516,124,103,1,-1,-1,-1
59,1128,920,581,392,279,1,-1,-1,-1
59,1127,218,576,211,126,1,-1,-1,-1
60,1130,559,517,129,105,1,-1,-1,-1
60,1128,984,592,436,307,1,-1,-1,-1
60,1127,220,575,212,127,1,-1,-1,-1
61,1130,572,517,134,107,1,-1,-1,-1
61,1128,1035,606,477,338,1,-1,-1,-1
61,1127,230,572,213,128,1,-1,-1,-1
62,1130,587,517,140,110,1,-1,-1,-1
62,1127,237,571,214,129,1,-1,-1,-1
63,1130,604,517,147,114,1,-1,-1,-1
63,1127,251,567,215,130,1,-1,-1,-1
64,1130,616,517,154,117,1,-1,-1,-1
64,1127,261,564,215,131,1,-1,-1,-1
65,1130,633,517,162,121,1,-1,-1,-1
65,1127,270,564,215,131,1,-1,-1,-1
66,1130,656,516,171,125,1,-1,-1,-1
66,1127,283,561,213,132,1,-1,-1,-1
67,1130,678,516,181,129,1,-1,-1,-1
67,1127,295,558,212,131,1,-1,-1,-1
68,1130,707,515,192,134,1,-1,-1,-1
68,1127,304,555,210,131,1,-1,-1,-1
69,1130,740,515,205,140,1,-1,-1,-1
69,1127,315,552,209,131,1,-1,-1,-1
70,1130,777,514,221,147,1,-1,-1,-1
70,1127,325,550,209,131,1,-1,-1,-1
71,1130,815,514,238,155,1,-1,-1,-1
71,1127,335,547,209,131,1,-1,-1,-1
72,1130,866,513,258,164,1,-1,-1,-1
72,1127,349,543,209,132,1,-1,-1,-1
73,1130,913,513,281,174,1,-1,-1,-1
73,1127,363,540,208,132,1,-1,-1,-1
74,1130,971,514,308,186,1,-1,-1,-1
74,1127,376,537,208,133,1,-1,-1,-1
75,1130,1038,516,339,200,1,-1,-1,-1
75,1127,389,534,208,133,1,-1,-1,-1
76,1130,1104,516,374,214,1,-1,-1,-1
76,1127,403,532,209,134,1,-1,-1,-1
77,1130,1115,513,405,228,1,-1,-1,-1
77,1127,414,530,209,134,1,-1,-1,-1
78,1127,427,528,210,135,1,-1,-1,-1
79,1127,444,524,213,136,1,-1,-1,-1
80,1127,457,521,216,138,1,-1,-1,-1
81,1127,466,516,218,140,1,-1,-1,-1
82,1127,487,509,221,142,1,-1,-1,-1
83,1127,502,505,225,144,1,-1,-1,-1
84,1127,514,502,228,147,1,-1,-1,-1
85,1127,533,498,232,150,1,-1,-1,-1
86,1127,550,495,236,153,1,-1,-1,-1
87,1127,571,493,240,155,1,-1,-1,-1
88,1127,588,490,245,159,1,-1,-1,-1
89,1127,606,489,251,163,1,-1,-1,-1
90,1127,626,488,259,168,1,-1,-1,-1
91,1127,648,485,266,174,1,-1,-1,-1
92,1127,676,483,276,180,1,-1,-1,-1
93,1127,703,479,287,188,1,-1,-1,-1
94,1127,734,476,298,197,1,-1,-1,-1
95,1127,766,472,314,206,1,-1,-1,-1
96,1127,801,469,331,216,1,-1,-1,-1
97,1127,834,465,352,228,1,-1,-1,-1
98,1127,876,461,375,240,1,-1,-1,-1
99,1127,922,454,401,255,1,-1,-1,-1
100,1127,977,448,430,273,1,-1,-1,-1
101,1127,1032,444,461,292,1,-1,-1,-1
102,1127,1060,433,487,311,1,-1,-1,-1
108,1131,774,412,143,101,1,-1,-1,-1
109,1131,758,416,141,100,1,-1,-1,-1
110,1131,742,418,138,99,1,-1,-1,-1
111,1131,727,420,135,97,1,-1,-1,-1
112,1131,713,423,131,94,1,-1,-1,-1
113,1131,700,427,127,92,1,-1,-1,-1
114,1131,689,431,122,89,1,-1,-1,-1
115,1131,678,435,118,86,1,-1,-1,-1
116,1131,669,439,114,84,1,-1,-1,-1
117,1131,659,441,111,82,1,-1,-1,-1
118,1131,648,444,107,80,1,-1,-1,-1
119,1131,641,447,103,78,1,-1,-1,-1
120,1131,632,450,99,76,1,-1,-1,-1
121,1131,624,452,95,73,1,-1,-1,-1
122,1131,619,454,92,72,1,-1,-1,-1
123,1131,613,456,89,69,1,-1,-1,-1
124,1131,607,458,86,67,1,-1,-1,-1
125,1131,601,460,84,66,1,-1,-1,-1
126,1132,465,509,84,74,1,-1,-1,-1
126,1131,596,462,81,64,1,-1,-1,-1
127,1132,467,509,85,75,1,-1,-1,-1
127,1131,592,463,79,63,1,-1,-1,-1
128,1132,469,510,87,77,1,-1,-1,-1
128,1131,587,463,77,62,1,-1,-1,-1
129,1132,473,511,89,79,1,-1,-1,-1
129,1131,582,464,76,61,1,-1,-1,-1
130,1132,476,511,91,80,1,-1,-1,-1
130,1131,577,464,74,60,1,-1,-1,-1
131,1132,478,512,93,82,1,-1,-1,-1
131,1131,573,465,73,60,1,-1,-1,-1
132,1132,481,514,95,84,1,-1,-1,-1
132,1131,569,468,71,59,1,-1,-1,-1
133,1132,483,515,97,86,1,-1,-1,-1
133,1131,565,469,70,58,1,-1,-1,-1
134,1132,487,516,100,87,1,-1,-1,-1
134,1131,560,470,69,57,1,-1,-1,-1
135,1132,490,515,102,90,1,-1,-1,-1
135,1131,556,472,67,56,1,-1,-1,-1
136,1132,492,515,105,92,1,-1,-1,-1
136,1131,553,474,66,55,1,-1,-1,-1
137,1132,495,515,107,94,1,-1,-1,-1
138,1132,499,516,109,96,1,-1,-1,-1
139,1132,503,518,112,98,1,-1,-1,-1
140,1132,507,519,114,100,1,-1,-1,-1
141,1132,511,520,117,102,1,-1,-1,-1
142,1132,518,523,120,104,1,-1,-1,-1
143,1132,524,525,123,106,1,-1,-1,-1
144,1132,529,526,127,109,1,-1,-1,-1
145,1132,536,527,131,112,1,-1,-1,-1
146,1132,542,529,136,116,1,-1,-1,-1
147,1132,550,531,142,121,1,-1,-1,-1
148,1132,557,531,148,126,1,-1,-1,-1
149,1132,566,534,155,131,1,-1,-1,-1
150,1132,575,537,163,138,1,-1,-1,-1
151,1132,583,539,171,144,1,-1,-1,-1
152,1132,594,544,181,150,1,-1,-1,-1
153,1132,606,548,191,157,1,-1,-1,-1
154,1132,622,550,202,164,1,-1,-1,-1
155,1132,636,555,213,172,1,-1,-1,-1
156,1132,653,562,226,180,1,-1,-1,-1
157,1132,674,569,242,190,1,-1,-1,-1
158,1132,703,575,261,201,1,-1,-1,-1
159,1132,730,584,282,214,1,-1,-1,-1
160,1132,762,593,306,229,1,-1,-1,-1
161,1132,802,601,334,246,1,-1,-1,-1
162,1132,848,613,368,267,1,-1,-1,-1
163,1132,901,631,409,293,1,-1,-1,-1
164,1132,964,649,458,326,1,-1,-1,-1
165,1132,1013,673,502,359,1,-1,-1,-1
190,1133,1017,381,217,118,1,-1,-1,-1
191,1133,986,388,203,112,1,-1,-1,-1
192,1133,951,393,192,107,1,-1,-1,-1
193,1133,919,399,183,102,1,-1,-1,-1
194,1133,890,405,174,97,1,-1,-1,-1
195,1133,862,409,165,93,1,-1,-1,-1
196,1133,838,414,155,88,1,-1,-1,-1
197,1133,819,419,145,84,1,-1,-1,-1
198,1133,801,425,135,80,1,-1,-1,-1
199,1133,786,429,126,76,1,-1,-1,-1
200,1133,771,433,117,72,1,-1,-1,-1
201,1133,757,438,109,68,1,-1,-1,-1
202,1133,741,442,103,65,1,-1,-1,-1
203,1133,724,447,97,62,1,-1,-1,-1
204,1133,708,452,92,60,1,-1,-1,-1
205,1133,694,456,86,57,1,-1,-1,-1
206,1133,683,459,80,54,1,-1,-1,-1
207,1133,673,462,76,51,1,-1,-1,-1
208,1133,663,464,71,49,1,-1,-1,-1
209,1133,655,467,66,46,1,-1,-1,-1
210,1133,647,468,62,44,1,-1,-1,-1
214,1134,616,469,71,54,1,-1,-1,-1
215,1134,612,471,67,51,1,-1,-1,-1
216,1134,606,472,64,50,1,-1,-1,-1
217,1134,601,473,62,48,1,-1,-1,-1
218,1134,596,474,60,48,1,-1,-1,-1
219,1134,591,474,58,47,1,-1,-1,-1
220,1134,587,475,56,46,1,-1,-1,-1
237,1135,443,509,82,71,1,-1,-1,-1
238,1135,445,508,83,72,1,-1,-1,-1
239,1135,447,507,84,73,1,-1,-1,-1
240,1135,450,506,86,75,1,-1,-1,-1
241,1135,453,505,87,77,1,-1,-1,-1
242,1135,456,505,89,79,1,-1,-1,-1
243,1135,459,504,90,80,1,-1,-1,-1
244,1135,462,503,92,81,1,-1,-1,-1
245,1135,466,501,95,84,1,-1,-1,-1
246,1136,952,420,267,138,1,-1,-1,-1
246,1135,470,500,97,87,1,-1,-1,-1
247,1136,939,424,253,131,1,-1,-1,-1
247,1135,474,501,100,89,1,-1,-1,-1
248,1136,918,428,241,126,1,-1,-1,-1
248,1135,478,501,102,91,1,-1,-1,-1
249,1136,891,432,229,120,1,-1,-1,-1
249,1135,482,501,105,93,1,-1,-1,-1
250,1136,860,438,214,114,1,-1,-1,-1
250,1135,487,501,108,95,1,-1,-1,-1
251,1136,837,443,199,107,1,-1,-1,-1
251,1135,491,502,110,97,1,-1,-1,-1
252,1136,817,449,184,100,1,-1,-1,-1
252,1135,497,503,113,99,1,-1,-1,-1
253,1136,800,452,169,94,1,-1,-1,-1
253,1135,502,504,116,101,1,-1,-1,-1
254,1136,784,455,156,89,1,-1,-1,-1
254,1135,509,505,119,104,1,-1,-1,-1
255,1136,770,457,144,84,1,-1,-1,-1
255,1135,516,506,123,106,1,-1,-1,-1
256,1136,759,461,133,79,1,-1,-1,-1
256,1135,525,507,127,108,1,-1,-1,-1
257,1136,746,464,124,75,1,-1,-1,-1
257,1135,532,507,132,110,1,-1,-1,-1
258,1136,734,467,117,72,1,-1,-1,-1
258,1135,540,508,137,113,1,-1,-1,-1
259,1136,720,469,112,69,1,-1,-1,-1
259,1135,549,509,142,117,1,-1,-1,-1
260,1136,707,472,107,66,1,-1,-1,-1
260,1135,559,510,148,120,1,-1,-1,-1
261,1136,689,476,103,64,1,-1,-1,-1
261,1135,569,512,155,124,1,-1,-1,-1
262,1135,578,515,161,128,1,-1,-1,-1
263,1135,591,517,169,133,1,-1,-1,-1
264,1135,604,518,178,138,1,-1,-1,-1
265,1135,624,520,190,145,1,-1,-1,-1
266,1135,646,521,203,154,1,-1,-1,-1
267,1135,672,524,217,163,1,-1,-1,-1
268,1135,700,527,234,175,1,-1,-1,-1
269,1135,732,530,255,189,1,-1,-1,-1
270,1137,1068,361,263,133,1,-1,-1,-1
270,1135,771,534,280,204,1,-1,-1,-1
271,1137,1035,371,244,125,1,-1,-1,-1
271,1135,805,539,309,222,1,-1,-1,-1
272,1138,474,511,138,95,1,-1,-1,-1
272,1137,1007,379,228,118,1,-1,-1,-1
272,1135,848,548,345,243,1,-1,-1,-1
273,1138,456,516,138,95,1,-1,-1,-1
273,1137,980,386,217,113,1,-1,-1,-1
273,1135,903,561,388,269,1,-1,-1,-1
274,1138,436,523,138,95,1,-1,-1,-1
274,1137,953,391,206,109,1,-1,-1,-1
274,1135,965,576,443,300,1,-1,-1,-1
275,1138,418,529,139,95,1,-1,-1,-1
275,1137,931,396,196,104,1,-1,-1,-1
275,1135,1008,592,493,335,1,-1,-1,-1
276,1138,395,536,139,95,1,-1,-1,-1
276,1137,906,402,184,99,1,-1,-1,-1
277,1138,374,543,138,94,1,-1,-1,-1
277,1137,885,407,173,95,1,-1,-1,-1
278,1138,352,552,137,94,1,-1,-1,-1
278,1137,862,410,164,91,1,-1,-1,-1
279,1138,329,559,137,93,1,-1,-1,-1
279,1137,845,414,155,87,1,-1,-1,-1
280,1138,306,567,136,93,1,-1,-1,-1
280,1137,826,419,148,83,1,-1,-1,-1
281,1138,280,576,137,92,1,-1,-1,-1
281,1137,812,423,141,80,1,-1,-1,-1
282,1138,254,583,137,92,1,-1,-1,-1
282,1137,799,427,135,78,1,-1,-1,-1
283,1138,229,590,138,93,1,-1,-1,-1
283,1137,787,429,128,75,1,-1,-1,-1
284,1138,210,595,136,92,1,-1,-1,-1
284,1137,776,432,123,73,1,-1,-1,-1
285,1138,191,602,135,92,1,-1,-1,-1
285,1137,764,435,117,70,1,-1,-1,-1
286,1138,168,610,135,91,1,-1,-1,-1
286,1137,750,439,113,68,1,-1,-1,-1
287,1138,143,619,135,91,1,-1,-1,-1
287,1137,735,441,110,67,1,-1,-1,-1
288,1138,119,627,135,90,1,-1,-1,-1
288,1137,723,445,106,65,1,-1,-1,-1
289,1138,96,635,136,89,1,-1,-1,-1
289,1137,711,449,102,63,1,-1,-1,-1
290,1138,71,642,135,88,1,-1,-1,-1
290,1137,700,452,98,62,1,-1,-1,-1
291,1138,48,649,135,88,1,-1,-1,-1
291,1137,690,455,94,60,1,-1,-1,-1
292,1138,28,656,134,87,1,-1,-1,-1
292,1137,680,457,91,59,1,-1,-1,-1
293,1138,8,661,134,87,1,-1,-1,-1
293,1137,671,459,88,57,1,-1,-1,-1
294,1137,662,461,85,56,1,-1,-1,-1
295,1137,652,463,83,56,1,-1,-1,-1
296,1137,644,464,80,55,1,-1,-1,-1
297,1137,637,466,78,54,1,-1,-1,-1
298,1137,631,467,75,52,1,-1,-1,-1
299,1137,625,469,71,50,1,-1,-1,-1
300,1139,481,515,79,71,1,-1,-1,-1
300,1137,620,471,68,48,1,-1,-1,-1
301,1139,482,516,82,73,1,-1,-1,-1
301,1137,616,474,64,47,1,-1,-1,-1
302,1139,486,516,85,75,1,-1,-1,-1
302,1137,613,476,61,45,1,-1,-1,-1
303,1139,490,517,87,76,1,-1,-1,-1
303,1137,610,477,57,43,1,-1,-1,-1
304,1139,496,517,90,78,1,-1,-1,-1
304,1137,606,478,55,41,1,-1,-1,-1
305,1139,501,517,92,80,1,-1,-1,-1
305,1137,602,479,52,39,1,-1,-1,-1
306,1139,507,516,95,82,1,-1,-1,-1
307,1139,514,516,98,85,1,-1,-1,-1
308,1139,519,515,101,88,1,-1,-1,-1
309,1140,580,475,62,50,1,-1,-1,-1
309,1139,526,515,105,90,1,-1,-1,-1
310,1139,535,515,108,92,1,-1,-1,-1
311,1139,545,514,112,94,1,-1,-1,-1
312,1139,555,514,115,95,1,-1,-1,-1
313,1139,565,514,118,97,1,-1,-1,-1
314,1139,576,514,122,99,1,-1,-1,-1
315,1139,591,514,127,101,1,-1,-1,-1
316,1139,607,514,132,103,1,-1,-1,-1
317,1139,622,514,137,106,1,-1,-1,-1
318,1139,639,515,142,108,1,-1,-1,-1
319,1139,656,516,149,112,1,-1,-1,-1
320,1139,678,515,158,117,1,-1,-1,-1
321,1139,702,514,167,122,1,-1,-1,-1
322,1139,731,511,177,128,1,-1,-1,-1
323,1139,761,510,189,135,1,-1,-1,-1
324,1139,795,509,202,142,1,-1,-1,-1
325,1139,824,511,219,150,1,-1,-1,-1
326,1139,860,513,239,160,1,-1,-1,-1
327,1139,905,516,262,170,1,-1,-1,-1
328,1139,955,519,288,182,1,-1,-1,-1
329,1139,1014,521,316,195,1,-1,-1,-1
330,1139,1086,524,349,210,1,-1,-1,-1
331,1139,1147,526,377,224,1,-1,-1,-1
341,1141,981,407,307,152,1,-1,-1,-1
342,1141,954,412,290,144,1,-1,-1,-1
343,1141,931,420,271,136,1,-1,-1,-1
344,1141,910,427,253,128,1,-1,-1,-1
345,1141,892,432,235,120,1,-1,-1,-1
346,1141,874,437,218,113,1,-1,-1,-1
347,1141,856,440,204,107,1,-1,-1,-1
348,1141,839,443,193,103,1,-1,-1,-1
349,1141,826,443,183,99,1,-1,-1,-1
350,1141,817,445,174,95,1,-1,-1,-1
351,1141,806,446,166,92,1,-1,-1,-1
352,1141,792,448,160,90,1,-1,-1,-1
353,1141,781,451,154,87,1,-1,-1,-1
354,1142,479,506,85,80,1,-1,-1,-1
354,1141,770,454,148,85,1,-1,-1,-1
355,1142,482,509,86,79,1,-1,-1,-1
355,1141,762,455,142,84,1,-1,-1,-1
356,1142,484,513,86,79,1,-1,-1,-1
356,1141,753,457,137,82,1,-1,-1,-1
357,1142,488,515,89,80,1,-1,-1,-1
357,1141,743,459,133,80,1,-1,-1,-1
358,1142,492,516,92,82,1,-1,-1,-1
358,1141,734,462,128,79,1,-1,-1,-1
359,1142,495,517,95,84,1,-1,-1,-1
359,1141,728,462,124,77,1,-1,-1,-1
360,1142,500,517,98,85,1,-1,-1,-1
360,1141,721,464,120,76,1,-1,-1,-1
361,1142,504,516,101,87,1,-1,-1,-1
361,1141,716,465,116,75,1,-1,-1,-1
362,1142,510,516,104,89,1,-1,-1,-1
362,1141,713,464,113,73,1,-1,-1,-1
363,1142,514,516,107,92,1,-1,-1,-1
363,1141,707,466,109,72,1,-1,-1,-1
364,1142,522,515,110,94,1,-1,-1,-1
364,1141,701,467,106,71,1,-1,-1,-1
365,1142,528,515,114,96,1,-1,-1,-1
365,1141,694,469,104,70,1,-1,-1,-1
366,1142,538,515,118,99,1,-1,-1,-1
366,1141,689,472,101,69,1,-1,-1,-1
367,1142,547,516,122,101,1,-1,-1,-1
367,1141,685,474,98,68,1,-1,-1,-1
368,1142,557,516,126,103,1,-1,-1,-1
368,1141,680,475,96,67,1,-1,-1,-1
369,1142,568,517,130,105,1,-1,-1,-1
369,1141,674,477,94,66,1,-1,-1,-1
370,1142,578,517,135,107,1,-1,-1,-1
370,1141,670,478,93,64,1,-1,-1,-1
371,1143,1060,370,240,130,1,-1,-1,-1
371,1142,589,519,140,110,1,-1,-1,-1
371,1141,670,479,90,63,1,-1,-1,-1
372,1143,1023,377,225,122,1,-1,-1,-1
372,1142,602,520,146,112,1,-1,-1,-1
372,1141,669,478,88,61,1,-1,-1,-1
373,1143,993,385,210,116,1,-1,-1,-1
373,1142,616,520,152,115,1,-1,-1,-1
374,1143,964,392,196,110,1,-1,-1,-1
374,1142,631,520,160,118,1,-1,-1,-1
375,1143,936,397,184,104,1,-1,-1,-1
375,1142,654,518,169,123,1,-1,-1,-1
376,1143,911,403,172,99,1,-1,-1,-1
376,1142,679,517,181,128,1,-1,-1,-1
377,1143,888,409,161,94,1,-1,-1,-1
377,1142,705,514,194,135,1,-1,-1,-1
378,1143,865,414,151,90,1,-1,-1,-1
378,1142,736,513,208,141,1,-1,-1,-1
379,1144,647,474,111,76,1,-1,-1,-1
379,1143,844,418,142,86,1,-1,-1,-1
379,1142,769,513,222,148,1,-1,-1,-1
380,1144,645,474,110,76,1,-1,-1,-1
380,1143,826,422,134,82,1,-1,-1,-1
380,1142,804,512,239,156,1,-1,-1,-1
381,1144,644,474,110,76,1,-1,-1,-1
381,1143,808,427,127,79,1,-1,-1,-1
381,1142,848,512,260,165,1,-1,-1,-1
382,1144,643,474,110,76,1,-1,-1,-1
382,1143,792,431,120,76,1,-1,-1,-1
382,1142,898,514,284,176,1,-1,-1,-1
383,1144,641,474,110,77,1,-1,-1,-1
383,1143,778,435,114,72,1,-1,-1,-1
383,1142,961,517,311,188,1,-1,-1,-1
384,1144,639,474,110,77,1,-1,-1,-1
384,1143,765,438,107,69,1,-1,-1,-1
384,1142,1039,519,341,202,1,-1,-1,-1
385,1144,637,474,110,77,1,-1,-1,-1
385,1143,751,441,101,66,1,-1,-1,-1
385,1142,1111,522,373,217,1,-1,-1,-1
386,1144,636,473,111,78,1,-1,-1,-1
387,1144,635,473,112,78,1,-1,-1,-1
388,1144,634,472,113,79,1,-1,-1,-1
389,1144,635,472,113,79,1,-1,-1,-1
390,1144,634,471,114,80,1,-1,-1,-1
391,1144,632,471,115,80,1,-1,-1,-1
392,1144,631,470,115,81,1,-1,-1,-1
393,1144,628,469,116,82,1,-1,-1,-1
394,1144,628,468,117,82,1,-1,-1,-1
395,1144,630,467,116,83,1,-1,-1,-1
396,1144,631,466,116,83,1,-1,-1,-1
397,1144,632,466,116,83,1,-1,-1,-1
398,1144,631,466,116,82,1,-1,-1,-1
399,1144,630,468,116,82,1,-1,-1,-1
400,1144,629,470,117,81,1,-1,-1,-1
401,1144,629,472,117,80,1,-1,-1,-1
402,1144,631,473,117,80,1,-1,-1,-1
403,1144,632,473,116,79,1,-1,-1,-1
404,1145,1069,340,236,150,1,-1,-1,-1
404,1144,632,473,114,79,1,-1,-1,-1
405,1145,1036,348,223,143,1,-1,-1,-1
405,1144,631,473,113,78,1,-1,-1,-1
406,1145,1008,357,210,135,1,-1,-1,-1
406,1144,632,474,113,78,1,-1,-1,-1
407,1145,980,364,198,128,1,-1,-1,-1
407,1144,631,474,113,78,1,-1,-1,-1
408,1145,951,372,188,122,1,-1,-1,-1
408,1144,632,474,113,78,1,-1,-1,-1
409,1145,925,378,178,116,1,-1,-1,-1
409,1144,631,473,113,78,1,-1,-1,-1
410,1145,904,384,168,110,1,-1,-1,-1
410,1144,631,473,113,78,1,-1,-1,-1
411,1145,885,391,158,105,1,-1,-1,-1
411,1144,631,473,113,79,1,-1,-1,-1
412,1145,867,395,149,100,1,-1,-1,-1
412,1144,630,473,113,79,1,-1,-1,-1
413,1145,849,401,140,95,1,-1,-1,-1
413,1144,630,473,113,79,1,-1,-1,-1
414,1145,833,406,132,91,1,-1,-1,-1
414,1144,630,473,114,80,1,-1,-1,-1
415,1145,817,410,125,87,1,-1,-1,-1
415,1144,630,473,114,80,1,-1,-1,-1
416,1145,801,412,119,84,1,-1,-1,-1
416,1144,629,473,115,80,1,-1,-1,-1
417,1145,787,416,114,81,1,-1,-1,-1
417,1144,629,473,115,81,1,-1,-1,-1
418,1145,773,420,109,79,1,-1,-1,-1
418,1144,628,473,116,81,1,-1,-1,-1
419,1145,760,424,105,76,1,-1,-1,-1
419,1144,628,472,116,81,1,-1,-1,-1
420,1145,747,428,101,74,1,-1,-1,-1
420,1144,627,472,117,81,1,-1,-1,-1
421,1145,735,432,96,71,1,-1,-1,-1
421,1144,628,472,118,82,1,-1,-1,-1
422,1145,724,435,92,68,1,-1,-1,-1
422,1144,628,471,119,83,1,-1,-1,-1
423,1144,628,470,120,84,1,-1,-1,-1
424,1144,629,469,121,85,1,-1,-1,-1
425,1144,630,468,122,85,1,-1,-1,-1
426,1144,630,468,122,86,1,-1,-1,-1
427,1144,629,467,123,86,1,-1,-1,-1
428,1146,450,505,81,76,1,-1,-1,-1
428,1144,629,467,124,87,1,-1,-1,-1
429,1146,451,505,83,77,1,-1,-1,-1
429,1144,628,466,124,88,1,-1,-1,-1
430,1146,451,504,85,79,1,-1,-1,-1
430,1144,627,465,124,89,1,-1,-1,-1
431,1146,453,504,87,80,1,-1,-1,-1
431,1144,629,465,124,89,1,-1,-1,-1
432,1146,455,504,89,81,1,-1,-1,-1
432,1144,629,464,124,89,1,-1,-1,-1
433,1146,456,503,91,82,1,-1,-1,-1
433,1144,627,465,124,89,1,-1,-1,-1
434,1146,457,502,93,84,1,-1,-1,-1
434,1144,626,466,124,89,1,-1,-1,-1
435,1146,458,502,95,85,1,-1,-1,-1
435,1144,626,467,125,88,1,-1,-1,-1
436,1146,459,501,96,86,1,-1,-1,-1
436,1144,627,469,124,88,1,-1,-1,-1
437,1146,462,503,98,88,1,-1,-1,-1
437,1144,626,470,124,87,1,-1,-1,-1
438,1146,465,504,99,89,1,-1,-1,-1
438,1144,625,471,123,87,1,-1,-1,-1
439,1146,468,504,101,90,1,-1,-1,-1
439,1144,624,472,122,86,1,-1,-1,-1
440,1146,471,505,103,91,1,-1,-1,-1
440,1144,623,472,122,85,1,-1,-1,-1
441,1146,474,506,105,92,1,-1,-1,-1
441,1144,623,472,121,84,1,-1,-1,-1
442,1146,476,507,108,93,1,-1,-1,-1
442,1144,622,472,121,83,1,-1,-1,-1
443,1146,479,508,110,93,1,-1,-1,-1
443,1144,619,472,120,83,1,-1,-1,-1
444,1146,482,509,113,94,1,-1,-1,-1
444,1144,619,472,119,83,1,-1,-1,-1
445,1146,485,509,116,96,1,-1,-1,-1
445,1144,618,472,119,82,1,-1,-1,-1
446,1146,489,509,118,97,1,-1,-1,-1
446,1144,616,473,118,82,1,-1,-1,-1
447,1146,493,510,121,98,1,-1,-1,-1
447,1144,616,474,118,82,1,-1,-1,-1
448,1146,497,510,123,99,1,-1,-1,-1
448,1144,614,474,117,81,1,-1,-1,-1
449,1146,502,511,126,101,1,-1,-1,-1
449,1144,612,474,117,81,1,-1,-1,-1
450,1146,508,511,129,102,1,-1,-1,-1
450,1144,609,474,116,81,1,-1,-1,-1
451,1147,82,651,164,98,1,-1,-1,-1
451,1146,516,510,132,103,1,-1,-1,-1
451,1144,604,475,116,81,1,-1,-1,-1
452,1147,87,650,164,98,1,-1,-1,-1
452,1146,523,511,137,105,1,-1,-1,-1
452,1144,599,475,116,80,1,-1,-1,-1
453,1147,90,649,164,97,1,-1,-1,-1
453,1146,528,508,142,108,1,-1,-1,-1
454,1147,91,648,163,96,1,-1,-1,-1
454,1146,536,508,148,112,1,-1,-1,-1
455,1148,275,591,165,97,1,-1,-1,-1
455,1147,92,648,162,96,1,-1,-1,-1
455,1146,541,507,153,115,1,-1,-1,-1
456,1148,288,586,168,99,1,-1,-1,-1
456,1147,96,648,161,95,1,-1,-1,-1
456,1146,549,506,158,119,1,-1,-1,-1
457,1148,292,583,170,100,1,-1,-1,-1
457,1147,100,648,160,94,1,-1,-1,-1
457,1146,562,505,164,122,1,-1,-1,-1
458,1148,304,581,171,101,1,-1,-1,-1
458,1147,104,648,158,93,1,-1,-1,-1
458,1146,573,504,170,126,1,-1,-1,-1
459,1148,314,577,172,101,1,-1,-1,-1
459,1147,108,648,158,93,1,-1,-1,-1
459,1146,586,504,178,130,1,-1,-1,-1
460,1148,324,575,172,102,1,-1,-1,-1
460,1147,111,646,158,93,1,-1,-1,-1
460,1146,599,504,186,134,1,-1,-1,-1
461,1148,335,573,171,102,1,-1,-1,-1
461,1147,114,645,158,93,1,-1,-1,-1
461,1146,609,505,193,137,1,-1,-1,-1
462,1149,1017,401,300,153,1,-1,-1,-1
462,1148,347,570,170,101,1,-1,-1,-1
462,1147,117,644,158,92,1,-1,-1,-1
462,1146,621,503,199,141,1,-1,-1,-1
463,1149,996,404,288,147,1,-1,-1,-1
463,1148,360,566,169,101,1,-1,-1,-1
463,1147,122,642,158,92,1,-1,-1,-1
463,1146,644,501,208,146,1,-1,-1,-1
464,1149,973,410,275,141,1,-1,-1,-1
464,1148,371,563,167,101,1,-1,-1,-1
464,1147,126,641,157,92,1,-1,-1,-1
464,1146,661,500,216,151,1,-1,-1,-1
465,1149,953,415,261,134,1,-1,-1,-1
465,1148,384,560,167,101,1,-1,-1,-1
465,1147,130,640,157,92,1,-1,-1,-1
465,1146,682,499,224,156,1,-1,-1,-1
466,1149,935,421,246,128,1,-1,-1,-1
466,1148,395,556,168,102,1,-1,-1,-1
466,1147,135,639,157,91,1,-1,-1,-1
466,1146,704,498,231,162,1,-1,-1,-1
467,1149,923,426,232,122,1,-1,-1,-1
467,1148,405,553,168,103,1,-1,-1,-1
467,1147,138,638,158,91,1,-1,-1,-1
467,1146,727,495,240,168,1,-1,-1,-1
468,1149,899,428,224,117,1,-1,-1,-1
468,1148,415,550,169,104,1,-1,-1,-1
468,1147,142,636,159,91,1,-1,-1,-1
468,1146,753,492,250,174,1,-1,-1,-1
469,1148,426,548,169,104,1,-1,-1,-1
469,1147,148,634,160,91,1,-1,-1,-1
469,1146,778,490,261,180,1,-1,-1,-1
470,1148,434,546,170,105,1,-1,-1,-1
470,1147,154,630,162,92,1,-1,-1,-1
470,1146,807,490,273,187,1,-1,-1,-1
471,1148,450,544,171,105,1,-1,-1,-1
471,1147,164,626,163,92,1,-1,-1,-1
471,1146,848,486,291,197,1,-1,-1,-1
472,1148,465,540,171,104,1,-1,-1,-1
472,1147,172,623,164,92,1,-1,-1,-1
472,1146,897,481,318,211,1,-1,-1,-1
473,1148,477,539,171,104,1,-1,-1,-1
473,1147,184,620,164,92,1,-1,-1,-1
473,1146,951,475,349,225,1,-1,-1,-1
474,1148,488,536,171,105,1,-1,-1,-1
474,1147,194,617,163,91,1,-1,-1,-1
474,1146,1006,473,381,239,1,-1,-1,-1
475,1148,503,532,172,105,1,-1,-1,-1
475,1147,204,614,162,91,1,-1,-1,-1
475,1146,1060,470,416,253,1,-1,-1,-1
476,1148,519,530,172,106,1,-1,-1,-1
476,1147,213,611,161,90,1,-1,-1,-1
477,1148,533,528,173,107,1,-1,-1,-1
477,1147,219,610,160,90,1,-1,-1,-1
478,1148,542,528,174,109,1,-1,-1,-1
478,1147,225,608,160,90,1,-1,-1,-1
479,1148,554,526,174,110,1,-1,-1,-1
479,1147,231,607,160,91,1,-1,-1,-1
480,1148,567,524,175,111,1,-1,-1,-1
480,1147,237,605,160,91,1,-1,-1,-1
481,1148,580,522,176,112,1,-1,-1,-1
481,1147,245,603,160,92,1,-1,-1,-1
482,1148,596,521,178,114,1,-1,-1,-1
482,1147,248,601,161,93,1,-1,-1,-1
483,1148,608,520,181,116,1,-1,-1,-1
483,1147,259,600,160,93,1,-1,-1,-1
484,1148,620,518,183,118,1,-1,-1,-1
484,1147,275,597,159,93,1,-1,-1,-1
485,1148,630,518,185,120,1,-1,-1,-1
485,1147,286,595,158,93,1,-1,-1,-1
486,1148,642,516,189,123,1,-1,-1,-1
486,1147,297,593,157,93,1,-1,-1,-1
487,1148,658,514,195,126,1,-1,-1,-1
487,1147,306,592,157,93,1,-1,-1,-1
488,1148,670,512,202,130,1,-1,-1,-1
488,1147,314,590,156,92,1,-1,-1,-1
489,1150,1044,368,237,127,1,-1,-1,-1
489,1148,691,511,209,134,1,-1,-1,-1
489,1147,323,589,156,93,1,-1,-1,-1
490,1150,1009,376,223,121,1,-1,-1,-1
490,1148,711,513,217,138,1,-1,-1,-1
490,1147,332,587,156,93,1,-1,-1,-1
491,1150,975,383,211,116,1,-1,-1,-1
491,1148,734,511,225,143,1,-1,-1,-1
491,1147,342,586,155,94,1,-1,-1,-1
492,1150,945,391,198,110,1,-1,-1,-1
492,1148,760,511,234,148,1,-1,-1,-1
492,1147,352,585,155,94,1,-1,-1,-1
493,1150,918,397,185,104,1,-1,-1,-1
493,1148,788,509,244,152,1,-1,-1,-1
493,1147,361,585,154,95,1,-1,-1,-1
494,1150,892,403,173,99,1,-1,-1,-1
494,1148,820,507,254,157,1,-1,-1,-1
494,1147,369,584,154,96,1,-1,-1,-1
495,1150,867,408,164,94,1,-1,-1,-1
495,1148,857,505,267,164,1,-1,-1,-1
495,1147,379,583,153,97,1,-1,-1,-1
496,1150,846,413,155,89,1,-1,-1,-1
496,1148,893,504,283,171,1,-1,-1,-1
496,1147,387,583,153,98,1,-1,-1,-1
497,1150,823,418,147,86,1,-1,-1,-1
497,1148,935,504,301,178,1,-1,-1,-1
497,1147,393,583,153,99,1,-1,-1,-1
498,1150,805,422,139,82,1,-1,-1,-1
498,1148,977,505,320,186,1,-1,-1,-1
498,1147,400,583,152,100,1,-1,-1,-1
499,1150,791,426,132,79,1,-1,-1,-1
499,1148,1020,506,341,195,1,-1,-1,-1
499,1147,406,583,152,102,1,-1,-1,-1
500,1150,777,429,126,77,1,-1,-1,-1
500,1148,1081,505,366,206,1,-1,-1,-1
500,1147,412,582,153,103,1,-1,-1,-1
501,1150,762,432,121,75,1,-1,-1,-1
501,1147,420,583,153,104,1,-1,-1,-1
502,1150,744,434,117,74,1,-1,-1,-1
502,1147,427,584,153,106,1,-1,-1,-1
503,1150,729,437,112,71,1,-1,-1,-1
503,1147,434,587,154,107,1,-1,-1,-1
504,1150,717,441,108,69,1,-1,-1,-1
504,1147,440,589,154,109,1,-1,-1,-1
505,1150,705,444,103,67,1,-1,-1,-1
505,1147,447,591,155,111,1,-1,-1,-1
506,1150,694,448,98,65,1,-1,-1,-1
506,1147,455,594,156,113,1,-1,-1,-1
507,1150,682,451,93,63,1,-1,-1,-1
507,1147,463,596,158,116,1,-1,-1,-1
508,1150,672,454,89,62,1,-1,-1,-1
508,1147,472,598,162,119,1,-1,-1,-1
509,1150,663,456,85,60,1,-1,-1,-1
509,1147,482,600,165,122,1,-1,-1,-1
510,1150,652,460,81,58,1,-1,-1,-1
510,1147,491,602,170,126,1,-1,-1,-1
511,1150,644,462,78,56,1,-1,-1,-1
511,1147,501,604,175,130,1,-1,-1,-1
512,1151,303,572,123,84,1,-1,-1,-1
512,1150,636,464,75,54,1,-1,-1,-1
512,1147,510,605,181,135,1,-1,-1,-1
513,1151,286,578,124,84,1,-1,-1,-1
513,1150,628,466,71,53,1,-1,-1,-1
513,1147,520,608,187,140,1,-1,-1,-1
514,1151,266,583,126,85,1,-1,-1,-1
514,1150,621,469,68,51,1,-1,-1,-1
514,1147,531,611,194,145,1,-1,-1,-1
515,1151,246,587,129,87,1,-1,-1,-1
515,1150,614,472,64,48,1,-1,-1,-1
515,1147,540,615,201,151,1,-1,-1,-1
516,1151,231,592,131,88,1,-1,-1,-1
516,1150,611,474,61,46,1,-1,-1,-1
516,1147,552,618,209,158,1,-1,-1,-1
517,1151,213,596,132,88,1,-1,-1,-1
517,1150,605,476,57,44,1,-1,-1,-1
517,1147,567,623,218,165,1,-1,-1,-1
518,1151,201,600,132,88,1,-1,-1,-1
518,1150,601,478,54,42,1,-1,-1,-1
518,1147,583,628,231,174,1,-1,-1,-1
519,1151,187,605,132,88,1,-1,-1,-1
519,1150,596,479,51,39,1,-1,-1,-1
519,1147,603,634,245,183,1,-1,-1,-1
520,1151,172,611,131,88,1,-1,-1,-1
520,1147,622,642,259,193,1,-1,-1,-1
521,1151,155,616,131,88,1,-1,-1,-1
521,1147,646,650,275,203,1,-1,-1,-1
522,1151,139,622,132,88,1,-1,-1,-1
522,1147,673,658,292,214,1,-1,-1,-1
523,1152,573,475,62,51,1,-1,-1,-1
523,1151,121,627,132,87,1,-1,-1,-1
523,1147,704,670,310,226,1,-1,-1,-1
524,1152,570,477,60,50,1,-1,-1,-1
524,1151,104,632,133,87,1,-1,-1,-1
524,1147,742,684,333,241,1,-1,-1,-1
525,1152,565,479,58,49,1,-1,-1,-1
525,1151,87,637,133,87,1,-1,-1,-1
525,1147,783,702,360,258,1,-1,-1,-1
526,1151,71,643,132,87,1,-1,-1,-1
526,1147,831,723,391,279,1,-1,-1,-1
527,1151,57,648,131,86,1,-1,-1,-1
527,1147,894,745,430,307,1,-1,-1,-1
528,1147,954,764,477,337,1,-1,-1,-1
618,1153,1088,353,262,135,1,-1,-1,-1
619,1153,1063,359,252,129,1,-1,-1,-1
620,1153,1033,366,238,124,1,-1,-1,-1
621,1153,1004,372,226,118,1,-1,-1,-1
622,1153,977,377,215,114,1,-1,-1,-1
623,1153,956,382,205,110,1,-1,-1,-1
624,1153,936,387,195,105,1,-1,-1,-1
625,1153,914,392,187,101,1,-1,-1,-1
626,1153,895,397,178,98,1,-1,-1,-1
627,1153,879,401,168,94,1,-1,-1,-1
628,1153,865,405,159,90,1,-1,-1,-1
629,1153,850,409,151,87,1,-1,-1,-1
630,1153,835,412,144,84,1,-1,-1,-1
631,1153,821,417,138,82,1,-1,-1,-1
