1,1673,1448,441,292,242,1,-1,-1,-1
1,1672,372,346,237,221,1,-1,-1,-1
1,1671,543,66,181,135,1,-1,-1,-1
1,1670,216,573,267,231,1,-1,-1,-1
2,1673,1444,435,286,238,1,-1,-1,-1
2,1672,365,348,237,223,1,-1,-1,-1
2,1671,546,66,177,133,1,-1,-1,-1
2,1670,207,579,269,231,1,-1,-1,-1
3,1673,1442,427,286,239,1,-1,-1,-1
3,1672,358,353,240,226,1,-1,-1,-1
3,1671,546,68,172,131,1,-1,-1,-1
3,1670,201,589,270,232,1,-1,-1,-1
4,1673,1437,419,288,242,1,-1,-1,-1
4,1672,355,355,241,227,1,-1,-1,-1
4,1671,548,69,169,130,1,-1,-1,-1
4,1670,191,598,273,234,1,-1,-1,-1
5,1673,1430,414,288,242,1,-1,-1,-1
5,1672,350,359,242,229,1,-1,-1,-1
5,1671,551,71,167,129,1,-1,-1,-1
5,1670,185,606,273,234,1,-1,-1,-1
6,1673,1426,409,287,240,1,-1,-1,-1
6,1672,346,363,242,230,1,-1,-1,-1
6,1671,553,71,166,130,1,-1,-1,-1
6,1670,178,615,276,235,1,-1,-1,-1
7,1673,1423,406,284,238,1,-1,-1,-1
7,1672,343,368,241,230,1,-1,-1,-1
7,1671,555,73,165,130,1,-1,-1,-1
7,1670,169,622,279,236,1,-1,-1,-1
8,1673,1420,402,282,236,1,-1,-1,-1
8,1672,339,373,241,229,1,-1,-1,-1
8,1671,555,74,164,131,1,-1,-1,-1
8,1670,159,628,284,238,1,-1,-1,-1
9,1673,1418,398,279,234,1,-1,-1,-1
9,1672,334,379,242,230,1,-1,-1,-1
9,1671,555,75,163,132,1,-1,-1,-1
9,1670,148,635,289,242,1,-1,-1,-1
10,1673,1413,394,277,232,1,-1,-1,-1
10,1672,332,385,242,230,1,-1,-1,-1
10,1671,556,77,162,133,1,-1,-1,-1
10,1670,138,644,293,244,1,-1,-1,-1
11,1673,1409,389,274,230,1,-1,-1,-1
11,1672,329,390,242,230,1,-1,-1,-1
11,1671,556,79,161,133,1,-1,-1,-1
11,1670,126,654,297,247,1,-1,-1,-1
12,1673,1408,386,272,228,1,-1,-1,-1
12,1672,326,395,244,231,1,-1,-1,-1
12,1671,556,80,160,133,1,-1,-1,-1
12,1670,117,662,300,249,1,-1,-1,-1
13,1673,1407,383,269,226,1,-1,-1,-1
13,1672,320,399,246,233,1,-1,-1,-1
13,1671,557,82,159,133,1,-1,-1,-1
13,1670,107,670,303,252,1,-1,-1,-1
14,1673,1403,377,267,224,1,-1,-1,-1
14,1672,312,404,249,236,1,-1,-1,-1
14,1671,558,84,158,133,1,-1,-1,-1
14,1670,97,677,305,254,1,-1,-1,-1
15,1673,1398,371,265,223,1,-1,-1,-1
15,1672,306,408,252,240,1,-1,-1,-1
15,1671,558,86,157,133,1,-1,-1,-1
15,1670,86,688,308,256,1,-1,-1,-1
16,1673,1396,365,263,222,1,-1,-1,-1
16,1672,300,413,255,243,1,-1,-1,-1
16,1671,558,88,156,132,1,-1,-1,-1
16,1670,72,698,311,259,1,-1,-1,-1
17,1673,1393,361,260,220,1,-1,-1,-1
17,1672,293,419,258,246,1,-1,-1,-1
17,1671,560,90,155,132,1,-1,-1,-1
17,1670,61,707,316,262,1,-1,-1,-1
18,1673,1394,358,258,219,1,-1,-1,-1
18,1672,287,425,261,250,1,-1,-1,-1
18,1671,559,92,155,133,1,-1,-1,-1
18,1670,50,717,320,265,1,-1,-1,-1
19,1673,1392,356,256,217,1,-1,-1,-1
19,1672,283,432,263,252,1,-1,-1,-1
19,1671,559,94,155,134,1,-1,-1,-1
19,1670,38,727,325,269,1,-1,-1,-1
20,1673,1388,353,253,214,1,-1,-1,-1
20,1672,278,438,265,254,1,-1,-1,-1
20,1671,558,96,155,135,1,-1,-1,-1
20,1670,25,737,330,273,1,-1,-1,-1
21,1673,1386,349,250,213,1,-1,-1,-1
21,1672,271,443,267,256,1,-1,-1,-1
21,1671,557,98,156,135,1,-1,-1,-1
21,1670,9,748,336,277,1,-1,-1,-1
22,1674,797,137,205,135,1,-1,-1,-1
22,1673,1384,346,249,211,1,-1,-1,-1
22,1672,263,448,270,258,1,-1,-1,-1
22,1671,556,100,156,136,1,-1,-1,-1
22,1670,0,760,341,281,1,-1,-1,-1
23,1674,788,140,203,135,1,-1,-1,-1
23,1673,1382,342,247,209,1,-1,-1,-1
23,1672,254,455,272,260,1,-1,-1,-1
23,1671,554,103,157,138,1,-1,-1,-1
24,1674,776,143,202,135,1,-1,-1,-1
24,1673,1381,340,245,208,1,-1,-1,-1
24,1672,250,461,274,262,1,-1,-1,-1
24,1671,551,104,158,139,1,-1,-1,-1
25,1674,766,147,200,135,1,-1,-1,-1
25,1673,1379,337,243,206,1,-1,-1,-1
25,1672,244,466,276,264,1,-1,-1,-1
25,1671,549,105,159,140,1,-1,-1,-1
26,1674,759,151,196,135,1,-1,-1,-1
26,1673,1378,333,240,205,1,-1,-1,-1
26,1672,234,472,279,266,1,-1,-1,-1
26,1671,546,107,160,140,1,-1,-1,-1
27,1674,751,155,192,135,1,-1,-1,-1
27,1673,1377,328,238,204,1,-1,-1,-1
27,1672,227,479,281,268,1,-1,-1,-1
27,1671,543,111,161,141,1,-1,-1,-1
28,1674,746,160,189,135,1,-1,-1,-1
28,1673,1375,324,236,203,1,-1,-1,-1
28,1672,218,486,283,269,1,-1,-1,-1
28,1671,543,114,161,142,1,-1,-1,-1
29,1674,741,163,185,135,1,-1,-1,-1
29,1673,1373,321,234,201,1,-1,-1,-1
29,1672,211,492,285,271,1,-1,-1,-1
29,1671,542,118,162,142,1,-1,-1,-1
30,1674,737,168,181,135,1,-1,-1,-1
30,1673,1373,318,233,200,1,-1,-1,-1
30,1672,204,499,288,273,1,-1,-1,-1
30,1671,541,121,163,143,1,-1,-1,-1
31,1674,737,172,178,134,1,-1,-1,-1
31,1673,1373,316,231,199,1,-1,-1,-1
31,1672,195,505,290,275,1,-1,-1,-1
31,1671,537,125,164,143,1,-1,-1,-1
32,1674,736,176,175,134,1,-1,-1,-1
32,1673,1370,312,230,197,1,-1,-1,-1
32,1672,185,510,293,278,1,-1,-1,-1
32,1671,535,127,165,144,1,-1,-1,-1
33,1674,735,181,173,134,1,-1,-1,-1
33,1673,1366,309,228,196,1,-1,-1,-1
33,1672,176,518,295,281,1,-1,-1,-1
33,1671,535,130,165,144,1,-1,-1,-1
34,1674,734,186,171,134,1,-1,-1,-1
34,1673,1363,305,226,195,1,-1,-1,-1
34,1672,167,525,298,284,1,-1,-1,-1
34,1671,533,133,166,144,1,-1,-1,-1
35,1674,733,190,169,134,1,-1,-1,-1
35,1673,1361,303,225,194,1,-1,-1,-1
35,1672,156,531,300,286,1,-1,-1,-1
35,1671,533,136,166,145,1,-1,-1,-1
36,1674,733,194,168,134,1,-1,-1,-1
36,1673,1358,301,224,193,1,-1,-1,-1
36,1672,149,537,303,289,1,-1,-1,-1
36,1671,530,139,167,145,1,-1,-1,-1
37,1674,732,199,167,135,1,-1,-1,-1
37,1673,1356,298,224,192,1,-1,-1,-1
37,1672,142,543,305,292,1,-1,-1,-1
37,1671,527,143,168,146,1,-1,-1,-1
38,1674,733,203,167,136,1,-1,-1,-1
38,1673,1353,296,223,191,1,-1,-1,-1
38,1672,131,548,308,295,1,-1,-1,-1
38,1671,526,145,169,147,1,-1,-1,-1
39,1674,732,208,168,137,1,-1,-1,-1
39,1673,1351,295,223,190,1,-1,-1,-1
39,1672,121,556,311,297,1,-1,-1,-1
39,1671,524,149,170,148,1,-1,-1,-1
40,1674,731,212,168,138,1,-1,-1,-1
40,1673,1349,293,222,190,1,-1,-1,-1
40,1672,112,564,313,299,1,-1,-1,-1
40,1671,522,153,170,149,1,-1,-1,-1
41,1674,731,217,168,138,1,-1,-1,-1
41,1673,1347,291,221,189,1,-1,-1,-1
41,1672,102,571,316,302,1,-1,-1,-1
41,1671,519,156,171,149,1,-1,-1,-1
42,1674,730,222,169,139,1,-1,-1,-1
42,1673,1346,288,220,188,1,-1,-1,-1
42,1672,89,577,318,305,1,-1,-1,-1
42,1671,518,161,171,150,1,-1,-1,-1
43,1674,730,227,169,140,1,-1,-1,-1
43,1673,1345,286,218,187,1,-1,-1,-1
43,1672,78,583,321,308,1,-1,-1,-1
43,1671,518,165,171,150,1,-1,-1,-1
44,1674,730,233,169,141,1,-1,-1,-1
44,1673,1343,284,217,186,1,-1,-1,-1
44,1672,67,590,324,313,1,-1,-1,-1
44,1671,516,171,172,151,1,-1,-1,-1
45,1674,729,237,169,141,1,-1,-1,-1
45,1673,1342,281,216,184,1,-1,-1,-1
45,1672,59,600,327,317,1,-1,-1,-1
45,1671,515,176,173,151,1,-1,-1,-1
46,1674,728,243,170,142,1,-1,-1,-1
46,1673,1339,281,215,183,1,-1,-1,-1
46,1672,48,608,331,322,1,-1,-1,-1
46,1671,513,180,173,151,1,-1,-1,-1
47,1674,727,248,170,142,1,-1,-1,-1
47,1673,1336,280,214,181,1,-1,-1,-1
47,1672,34,615,334,325,1,-1,-1,-1
47,1671,511,182,173,152,1,-1,-1,-1
48,1674,725,253,171,143,1,-1,-1,-1
48,1673,1334,279,212,180,1,-1,-1,-1
48,1672,23,623,337,329,1,-1,-1,-1
48,1671,512,186,173,151,1,-1,-1,-1
49,1674,724,258,172,144,1,-1,-1,-1
49,1673,1332,277,211,178,1,-1,-1,-1
49,1672,10,630,340,333,1,-1,-1,-1
49,1671,510,189,174,152,1,-1,-1,-1
50,1674,723,263,173,145,1,-1,-1,-1
50,1673,1331,277,210,176,1,-1,-1,-1
50,1672,0,639,343,337,1,-1,-1,-1
50,1671,509,192,174,151,1,-1,-1,-1
51,1674,722,267,175,145,1,-1,-1,-1
51,1673,1329,276,209,175,1,-1,-1,-1
51,1672,-6,648,345,342,1,-1,-1,-1
51,1671,507,196,174,151,1,-1,-1,-1
52,1674,722,271,176,145,1,-1,-1,-1
52,1673,1328,274,208,174,1,-1,-1,-1
52,1672,-10,656,346,346,1,-1,-1,-1
52,1671,506,201,174,151,1,-1,-1,-1
53,1674,722,277,177,146,1,-1,-1,-1
53,1673,1325,271,208,173,1,-1,-1,-1
53,1671,506,205,174,151,1,-1,-1,-1
54,1674,721,282,177,147,1,-1,-1,-1
54,1673,1322,268,208,172,1,-1,-1,-1
54,1671,506,210,174,152,1,-1,-1,-1
55,1674,720,287,178,147,1,-1,-1,-1
55,1673,1320,266,207,172,1,-1,-1,-1
55,1671,504,215,174,153,1,-1,-1,-1
56,1674,719,292,179,148,1,-1,-1,-1
56,1673,1318,262,206,171,1,-1,-1,-1
56,1671,503,220,175,154,1,-1,-1,-1
57,1674,718,297,181,149,1,-1,-1,-1
57,1673,1317,259,206,170,1,-1,-1,-1
57,1671,502,223,176,154,1,-1,-1,-1
58,1674,717,301,182,150,1,-1,-1,-1
58,1673,1316,257,205,169,1,-1,-1,-1
58,1671,500,226,177,155,1,-1,-1,-1
59,1674,715,307,184,151,1,-1,-1,-1
59,1673,1317,254,204,169,1,-1,-1,-1
59,1671,500,230,178,155,1,-1,-1,-1
60,1674,713,312,185,152,1,-1,-1,-1
60,1673,1317,251,203,168,1,-1,-1,-1
60,1671,500,234,179,156,1,-1,-1,-1
61,1674,713,316,187,153,1,-1,-1,-1
61,1673,1316,249,202,168,1,-1,-1,-1
61,1671,499,237,180,156,1,-1,-1,-1
62,1674,712,320,188,154,1,-1,-1,-1
62,1671,499,240,181,157,1,-1,-1,-1
63,1674,711,324,190,155,1,-1,-1,-1
63,1671,496,244,181,157,1,-1,-1,-1
64,1674,709,329,191,156,1,-1,-1,-1
64,1671,495,247,182,158,1,-1,-1,-1
65,1674,707,333,192,157,1,-1,-1,-1
65,1671,492,251,183,159,1,-1,-1,-1
66,1674,705,337,194,159,1,-1,-1,-1
66,1671,489,256,184,159,1,-1,-1,-1
67,1674,704,342,195,160,1,-1,-1,-1
67,1671,487,261,185,160,1,-1,-1,-1
68,1674,703,347,196,161,1,-1,-1,-1
68,1671,485,264,187,160,1,-1,-1,-1
69,1674,703,351,198,163,1,-1,-1,-1
69,1671,481,269,188,161,1,-1,-1,-1
70,1675,1519,551,387,373,1,-1,-1,-1
70,1674,702,355,199,164,1,-1,-1,-1
70,1671,475,274,189,162,1,-1,-1,-1
71,1675,1511,542,392,369,1,-1,-1,-1
71,1674,702,360,201,166,1,-1,-1,-1
71,1671,470,279,190,163,1,-1,-1,-1
72,1675,1505,532,398,365,1,-1,-1,-1
72,1674,701,365,202,168,1,-1,-1,-1
72,1671,465,282,192,164,1,-1,-1,-1
73,1675,1495,523,401,359,1,-1,-1,-1
73,1674,700,370,204,169,1,-1,-1,-1
73,1671,462,285,193,164,1,-1,-1,-1
74,1675,1489,516,402,351,1,-1,-1,-1
74,1674,699,374,205,171,1,-1,-1,-1
74,1671,458,289,195,165,1,-1,-1,-1
75,1675,1476,508,401,343,1,-1,-1,-1
75,1674,697,379,207,172,1,-1,-1,-1
75,1671,453,292,196,166,1,-1,-1,-1
76,1675,1466,500,400,336,1,-1,-1,-1
76,1674,697,385,209,174,1,-1,-1,-1
76,1671,447,296,197,167,1,-1,-1,-1
77,1675,1461,493,397,329,1,-1,-1,-1
77,1674,695,390,211,175,1,-1,-1,-1
77,1671,442,300,198,167,1,-1,-1,-1
78,1675,1457,485,393,322,1,-1,-1,-1
78,1674,694,397,213,176,1,-1,-1,-1
78,1671,440,305,199,168,1,-1,-1,-1
79,1675,1457,478,388,316,1,-1,-1,-1
79,1674,693,403,215,178,1,-1,-1,-1
79,1671,435,308,200,168,1,-1,-1,-1
80,1675,1450,470,383,309,1,-1,-1,-1
80,1674,692,408,217,179,1,-1,-1,-1
80,1671,430,311,201,170,1,-1,-1,-1
81,1675,1439,464,377,304,1,-1,-1,-1
81,1674,691,415,218,180,1,-1,-1,-1
81,1671,427,315,203,170,1,-1,-1,-1
82,1675,1433,457,372,298,1,-1,-1,-1
82,1674,690,421,220,182,1,-1,-1,-1
82,1671,420,320,204,171,1,-1,-1,-1
83,1675,1426,450,367,293,1,-1,-1,-1
83,1674,690,427,222,183,1,-1,-1,-1
83,1671,413,324,206,171,1,-1,-1,-1
84,1675,1420,446,361,288,1,-1,-1,-1
84,1674,687,435,224,185,1,-1,-1,-1
84,1671,409,329,207,172,1,-1,-1,-1
85,1675,1415,441,357,283,1,-1,-1,-1
85,1674,684,440,226,186,1,-1,-1,-1
85,1671,405,333,209,173,1,-1,-1,-1
86,1675,1407,434,351,279,1,-1,-1,-1
86,1674,682,448,228,188,1,-1,-1,-1
86,1671,401,338,210,173,1,-1,-1,-1
87,1675,1401,427,345,274,1,-1,-1,-1
87,1674,678,455,230,189,1,-1,-1,-1
87,1671,397,342,211,174,1,-1,-1,-1
88,1675,1397,420,339,270,1,-1,-1,-1
88,1674,676,461,232,191,1,-1,-1,-1
88,1671,392,346,212,176,1,-1,-1,-1
89,1675,1391,415,333,266,1,-1,-1,-1
89,1674,673,469,234,192,1,-1,-1,-1
89,1671,389,351,213,177,1,-1,-1,-1
90,1675,1385,410,328,262,1,-1,-1,-1
90,1674,670,477,236,193,1,-1,-1,-1
90,1671,384,355,214,178,1,-1,-1,-1
91,1675,1382,405,323,258,1,-1,-1,-1
91,1674,667,484,238,195,1,-1,-1,-1
91,1671,381,360,215,179,1,-1,-1,-1
92,1675,1378,400,318,254,1,-1,-1,-1
92,1674,664,491,241,197,1,-1,-1,-1
92,1671,378,365,216,180,1,-1,-1,-1
93,1675,1374,394,314,251,1,-1,-1,-1
93,1674,660,498,244,199,1,-1,-1,-1
93,1671,375,370,217,181,1,-1,-1,-1
94,1675,1370,388,310,248,1,-1,-1,-1
94,1674,656,505,246,201,1,-1,-1,-1
94,1671,371,374,219,183,1,-1,-1,-1
95,1675,1367,384,307,245,1,-1,-1,-1
95,1674,649,511,250,203,1,-1,-1,-1
95,1671,368,379,220,184,1,-1,-1,-1
96,1675,1367,379,304,242,1,-1,-1,-1
96,1674,646,520,253,205,1,-1,-1,-1
96,1671,366,385,221,185,1,-1,-1,-1
97,1675,1365,375,300,239,1,-1,-1,-1
97,1674,641,527,256,208,1,-1,-1,-1
97,1671,360,387,222,186,1,-1,-1,-1
98,1675,1365,371,297,236,1,-1,-1,-1
98,1674,636,536,259,210,1,-1,-1,-1
98,1671,356,392,223,188,1,-1,-1,-1
99,1675,1363,366,293,233,1,-1,-1,-1
99,1674,632,543,262,212,1,-1,-1,-1
99,1671,352,396,225,189,1,-1,-1,-1
100,1675,1358,361,288,230,1,-1,-1,-1
100,1674,628,551,265,214,1,-1,-1,-1
100,1671,348,400,227,191,1,-1,-1,-1
101,1675,1352,355,284,227,1,-1,-1,-1
101,1674,624,559,268,216,1,-1,-1,-1
101,1671,343,407,228,192,1,-1,-1,-1
102,1676,544,63,190,137,1,-1,-1,-1
102,1675,1348,350,280,226,1,-1,-1,-1
102,1674,618,567,271,219,1,-1,-1,-1
102,1671,338,412,230,193,1,-1,-1,-1
103,1676,548,65,187,136,1,-1,-1,-1
103,1675,1347,345,277,224,1,-1,-1,-1
103,1674,613,576,274,221,1,-1,-1,-1
103,1671,335,416,231,194,1,-1,-1,-1
104,1676,550,68,184,134,1,-1,-1,-1
104,1675,1344,338,274,222,1,-1,-1,-1
104,1674,608,586,277,224,1,-1,-1,-1
104,1671,331,419,233,196,1,-1,-1,-1
105,1676,553,71,181,133,1,-1,-1,-1
105,1675,1341,332,271,220,1,-1,-1,-1
105,1674,600,596,281,226,1,-1,-1,-1
105,1671,325,425,235,198,1,-1,-1,-1
106,1676,555,74,178,132,1,-1,-1,-1
106,1675,1340,328,267,218,1,-1,-1,-1
106,1674,596,605,284,230,1,-1,-1,-1
106,1671,318,432,238,200,1,-1,-1,-1
107,1676,558,76,175,132,1,-1,-1,-1
107,1675,1341,322,263,216,1,-1,-1,-1
107,1674,590,614,288,233,1,-1,-1,-1
107,1671,314,439,240,202,1,-1,-1,-1
108,1676,561,77,173,132,1,-1,-1,-1
108,1675,1339,319,260,215,1,-1,-1,-1
108,1674,583,623,291,236,1,-1,-1,-1
108,1671,309,445,242,204,1,-1,-1,-1
109,1676,562,78,171,132,1,-1,-1,-1
109,1675,1336,315,257,214,1,-1,-1,-1
109,1674,577,632,295,239,1,-1,-1,-1
109,1671,306,451,245,207,1,-1,-1,-1
110,1676,562,79,169,132,1,-1,-1,-1
110,1675,1330,310,254,213,1,-1,-1,-1
110,1674,571,642,299,242,1,-1,-1,-1
110,1671,298,459,247,209,1,-1,-1,-1
111,1676,564,81,168,132,1,-1,-1,-1
111,1675,1326,304,252,212,1,-1,-1,-1
111,1674,567,651,303,246,1,-1,-1,-1
111,1671,292,466,248,211,1,-1,-1,-1
112,1676,565,83,166,132,1,-1,-1,-1
112,1675,1324,296,250,211,1,-1,-1,-1
112,1674,560,661,306,249,1,-1,-1,-1
112,1671,287,471,250,213,1,-1,-1,-1
113,1676,565,85,165,132,1,-1,-1,-1
113,1675,1318,291,248,209,1,-1,-1,-1
113,1674,552,671,310,253,1,-1,-1,-1
113,1671,282,477,252,215,1,-1,-1,-1
114,1676,566,86,163,131,1,-1,-1,-1
114,1675,1315,289,247,208,1,-1,-1,-1
114,1674,544,681,314,256,1,-1,-1,-1
114,1671,275,486,254,217,1,-1,-1,-1
115,1676,565,89,163,132,1,-1,-1,-1
115,1675,1312,286,246,207,1,-1,-1,-1
115,1674,536,693,318,259,1,-1,-1,-1
115,1671,268,493,256,219,1,-1,-1,-1
116,1676,564,91,163,132,1,-1,-1,-1
116,1675,1312,283,245,205,1,-1,-1,-1
116,1674,528,705,323,263,1,-1,-1,-1
116,1671,264,500,258,220,1,-1,-1,-1
117,1676,563,94,163,132,1,-1,-1,-1
117,1675,1310,280,244,204,1,-1,-1,-1
117,1674,520,717,328,267,1,-1,-1,-1
117,1671,260,506,260,222,1,-1,-1,-1
118,1676,561,96,164,132,1,-1,-1,-1
118,1675,1306,277,244,203,1,-1,-1,-1
118,1674,512,729,333,270,1,-1,-1,-1
118,1671,252,512,263,224,1,-1,-1,-1
119,1676,558,99,165,133,1,-1,-1,-1
119,1675,1302,275,242,201,1,-1,-1,-1
119,1674,501,741,339,274,1,-1,-1,-1
119,1671,243,520,266,226,1,-1,-1,-1
120,1676,557,101,166,134,1,-1,-1,-1
120,1675,1298,274,241,200,1,-1,-1,-1
120,1674,492,755,345,278,1,-1,-1,-1
120,1671,237,527,270,228,1,-1,-1,-1
121,1676,554,105,166,135,1,-1,-1,-1
121,1675,1295,270,239,199,1,-1,-1,-1
121,1674,485,769,350,281,1,-1,-1,-1
121,1671,231,534,273,231,1,-1,-1,-1
122,1676,550,107,167,136,1,-1,-1,-1
122,1675,1291,267,237,198,1,-1,-1,-1
122,1674,477,782,355,285,1,-1,-1,-1
122,1671,226,540,275,233,1,-1,-1,-1
123,1676,547,108,169,138,1,-1,-1,-1
123,1675,1287,264,235,197,1,-1,-1,-1
123,1674,470,795,361,287,1,-1,-1,-1
123,1671,218,548,278,234,1,-1,-1,-1
124,1676,545,109,170,139,1,-1,-1,-1
124,1675,1287,259,232,196,1,-1,-1,-1
124,1671,211,556,280,236,1,-1,-1,-1
125,1676,543,110,171,140,1,-1,-1,-1
125,1675,1286,255,230,195,1,-1,-1,-1
125,1671,208,563,283,238,1,-1,-1,-1
126,1676,543,112,172,141,1,-1,-1,-1
126,1675,1285,253,228,193,1,-1,-1,-1
126,1671,202,572,285,239,1,-1,-1,-1
127,1676,540,115,173,141,1,-1,-1,-1
127,1675,1283,251,226,192,1,-1,-1,-1
127,1671,196,579,287,240,1,-1,-1,-1
128,1676,537,118,173,142,1,-1,-1,-1
128,1675,1283,248,224,190,1,-1,-1,-1
128,1671,187,587,289,242,1,-1,-1,-1
129,1676,535,121,174,142,1,-1,-1,-1
129,1675,1284,245,223,189,1,-1,-1,-1
129,1671,176,596,291,244,1,-1,-1,-1
130,1676,534,125,174,142,1,-1,-1,-1
130,1675,1282,242,222,187,1,-1,-1,-1
130,1671,168,602,294,245,1,-1,-1,-1
131,1676,533,128,174,142,1,-1,-1,-1
131,1675,1279,241,221,186,1,-1,-1,-1
131,1671,161,609,297,246,1,-1,-1,-1
132,1676,529,130,175,143,1,-1,-1,-1
132,1675,1279,238,220,184,1,-1,-1,-1
132,1671,152,617,300,247,1,-1,-1,-1
133,1676,527,133,175,143,1,-1,-1,-1
133,1675,1279,236,219,183,1,-1,-1,-1
133,1671,143,627,303,249,1,-1,-1,-1
134,1676,524,135,175,144,1,-1,-1,-1
134,1675,1280,234,217,181,1,-1,-1,-1
134,1671,133,637,307,251,1,-1,-1,-1
135,1676,523,138,174,144,1,-1,-1,-1
135,1675,1279,231,214,179,1,-1,-1,-1
135,1671,122,647,310,254,1,-1,-1,-1
136,1676,522,141,174,145,1,-1,-1,-1
136,1675,1279,229,212,177,1,-1,-1,-1
136,1671,110,659,313,256,1,-1,-1,-1
137,1676,520,144,174,146,1,-1,-1,-1
137,1675,1280,225,209,175,1,-1,-1,-1
137,1671,98,670,316,260,1,-1,-1,-1
138,1676,519,149,174,147,1,-1,-1,-1
138,1675,1279,217,207,175,1,-1,-1,-1
138,1671,84,681,319,263,1,-1,-1,-1
139,1676,518,153,174,147,1,-1,-1,-1
139,1671,72,690,323,266,1,-1,-1,-1
140,1676,516,157,174,148,1,-1,-1,-1
140,1671,59,700,327,269,1,-1,-1,-1
141,1676,516,161,175,148,1,-1,-1,-1
141,1671,48,708,330,272,1,-1,-1,-1
142,1677,1063,712,373,296,1,-1,-1,-1
142,1676,515,166,176,148,1,-1,-1,-1
142,1671,36,718,334,274,1,-1,-1,-1
143,1677,1047,707,370,294,1,-1,-1,-1
143,1676,515,171,176,149,1,-1,-1,-1
143,1671,24,729,339,278,1,-1,-1,-1
144,1677,1026,701,371,294,1,-1,-1,-1
144,1676,518,174,177,150,1,-1,-1,-1
144,1671,9,742,343,282,1,-1,-1,-1
145,1677,1000,696,373,293,1,-1,-1,-1
145,1676,518,177,178,151,1,-1,-1,-1
146,1677,979,685,377,293,1,-1,-1,-1
146,1676,518,179,179,151,1,-1,-1,-1
147,1677,957,677,381,292,1,-1,-1,-1
147,1676,518,183,179,151,1,-1,-1,-1
148,1677,923,674,387,290,1,-1,-1,-1
148,1676,518,187,179,151,1,-1,-1,-1
149,1677,885,674,391,288,1,-1,-1,-1
149,1676,519,190,179,151,1,-1,-1,-1
150,1677,845,671,399,287,1,-1,-1,-1
150,1676,520,193,179,151,1,-1,-1,-1
151,1677,801,668,408,285,1,-1,-1,-1
151,1676,519,196,180,152,1,-1,-1,-1
152,1677,748,667,418,284,1,-1,-1,-1
152,1676,520,200,181,152,1,-1,-1,-1
153,1677,698,662,429,284,1,-1,-1,-1
153,1676,519,204,182,153,1,-1,-1,-1
154,1677,644,657,441,285,1,-1,-1,-1
154,1676,519,208,182,153,1,-1,-1,-1
155,1677,586,654,455,285,1,-1,-1,-1
155,1676,520,213,182,154,1,-1,-1,-1
156,1677,527,651,468,286,1,-1,-1,-1
156,1676,521,218,183,154,1,-1,-1,-1
157,1677,464,650,483,287,1,-1,-1,-1
157,1676,521,221,183,155,1,-1,-1,-1
158,1677,405,649,497,287,1,-1,-1,-1
158,1676,522,224,184,156,1,-1,-1,-1
159,1677,345,649,510,287,1,-1,-1,-1
159,1676,522,228,185,156,1,-1,-1,-1
160,1677,278,654,521,286,1,-1,-1,-1
160,1676,521,230,185,157,1,-1,-1,-1
161,1677,213,659,530,284,1,-1,-1,-1
161,1676,520,234,185,157,1,-1,-1,-1
162,1677,155,661,537,282,1,-1,-1,-1
162,1676,519,239,186,158,1,-1,-1,-1
163,1677,100,663,542,281,1,-1,-1,-1
163,1676,519,242,186,158,1,-1,-1,-1
164,1677,51,666,548,279,1,-1,-1,-1
164,1676,518,246,187,159,1,-1,-1,-1
165,1677,-1,671,550,277,1,-1,-1,-1
165,1676,516,249,188,160,1,-1,-1,-1
166,1677,-41,676,546,275,1,-1,-1,-1
166,1676,515,254,189,160,1,-1,-1,-1
167,1676,513,259,191,161,1,-1,-1,-1
168,1676,511,264,192,161,1,-1,-1,-1
169,1676,509,268,193,161,1,-1,-1,-1
170,1676,508,272,194,162,1,-1,-1,-1
171,1676,508,275,195,163,1,-1,-1,-1
172,1676,506,279,196,163,1,-1,-1,-1
173,1676,504,283,197,164,1,-1,-1,-1
174,1676,502,286,197,164,1,-1,-1,-1
175,1676,501,290,198,164,1,-1,-1,-1
176,1676,499,293,198,165,1,-1,-1,-1
177,1676,498,296,199,166,1,-1,-1,-1
178,1676,496,301,200,167,1,-1,-1,-1
179,1676,493,305,202,168,1,-1,-1,-1
180,1678,1160,677,399,288,1,-1,-1,-1
180,1676,490,308,203,169,1,-1,-1,-1
181,1678,1159,665,388,281,1,-1,-1,-1
181,1676,487,313,204,170,1,-1,-1,-1
182,1678,1150,652,380,275,1,-1,-1,-1
182,1676,484,317,206,170,1,-1,-1,-1
183,1678,1147,640,374,271,1,-1,-1,-1
183,1676,481,320,208,171,1,-1,-1,-1
184,1678,1140,630,368,267,1,-1,-1,-1
184,1676,478,324,209,172,1,-1,-1,-1
185,1678,1147,624,359,260,1,-1,-1,-1
185,1676,475,328,211,173,1,-1,-1,-1
186,1678,1145,614,352,255,1,-1,-1,-1
186,1676,472,332,211,175,1,-1,-1,-1
187,1678,1145,604,346,251,1,-1,-1,-1
187,1676,468,336,213,176,1,-1,-1,-1
188,1678,1139,594,341,247,1,-1,-1,-1
188,1676,464,340,214,177,1,-1,-1,-1
189,1678,1136,585,335,243,1,-1,-1,-1
189,1676,460,344,215,179,1,-1,-1,-1
190,1678,1136,574,328,240,1,-1,-1,-1
190,1676,456,349,216,180,1,-1,-1,-1
191,1678,1137,565,321,236,1,-1,-1,-1
191,1676,452,354,218,181,1,-1,-1,-1
192,1678,1137,558,313,231,1,-1,-1,-1
192,1676,448,358,219,182,1,-1,-1,-1
193,1676,444,363,221,182,1,-1,-1,-1
194,1676,440,367,222,184,1,-1,-1,-1
195,1676,436,372,224,185,1,-1,-1,-1
196,1676,432,377,226,187,1,-1,-1,-1
197,1676,423,382,228,190,1,-1,-1,-1
198,1676,417,387,231,193,1,-1,-1,-1
199,1676,411,391,233,195,1,-1,-1,-1
200,1676,406,392,235,197,1,-1,-1,-1
201,1676,400,394,238,198,1,-1,-1,-1
202,1676,393,399,239,200,1,-1,-1,-1
203,1676,389,406,241,200,1,-1,-1,-1
204,1676,385,410,243,200,1,-1,-1,-1
205,1676,381,414,244,201,1,-1,-1,-1
206,1676,373,420,246,201,1,-1,-1,-1
207,1676,366,427,248,203,1,-1,-1,-1
208,1676,360,433,250,205,1,-1,-1,-1
209,1676,356,438,252,206,1,-1,-1,-1
210,1676,349,444,254,208,1,-1,-1,-1
211,1676,343,451,257,210,1,-1,-1,-1
212,1676,335,457,258,212,1,-1,-1,-1
213,1676,327,462,260,215,1,-1,-1,-1
214,1676,319,468,262,217,1,-1,-1,-1
215,1676,311,474,266,219,1,-1,-1,-1
216,1676,304,479,270,221,1,-1,-1,-1
217,1676,299,485,273,223,1,-1,-1,-1
218,1676,295,491,275,225,1,-1,-1,-1
219,1676,290,497,279,227,1,-1,-1,-1
224,1679,536,211,188,147,1,-1,-1,-1
225,1679,535,216,185,146,1,-1,-1,-1
226,1679,533,220,184,145,1,-1,-1,-1
227,1679,530,223,185,146,1,-1,-1,-1
228,1679,526,226,186,147,1,-1,-1,-1
229,1679,521,229,187,149,1,-1,-1,-1
230,1679,518,232,188,150,1,-1,-1,-1
231,1679,514,237,189,150,1,-1,-1,-1
232,1679,510,242,189,150,1,-1,-1,-1
233,1679,505,247,189,150,1,-1,-1,-1
234,1679,502,250,189,151,1,-1,-1,-1
235,1679,500,254,189,151,1,-1,-1,-1
236,1679,496,258,189,152,1,-1,-1,-1
237,1680,815,13,232,152,1,-1,-1,-1
237,1679,494,262,190,153,1,-1,-1,-1
238,1680,790,10,239,155,1,-1,-1,-1
238,1679,492,265,190,153,1,-1,-1,-1
239,1680,762,3,247,159,1,-1,-1,-1
239,1679,489,269,191,154,1,-1,-1,-1
240,1680,731,0,254,163,1,-1,-1,-1
240,1679,486,272,191,155,1,-1,-1,-1
241,1680,702,-2,259,165,1,-1,-1,-1
241,1679,485,274,192,155,1,-1,-1,-1
242,1680,676,-3,264,166,1,-1,-1,-1
242,1679,482,280,193,156,1,-1,-1,-1
243,1680,649,-4,267,166,1,-1,-1,-1
243,1679,479,285,194,157,1,-1,-1,-1
244,1680,622,-5,268,166,1,-1,-1,-1
244,1679,476,290,195,157,1,-1,-1,-1
245,1680,587,-5,268,165,1,-1,-1,-1
245,1679,473,293,196,157,1,-1,-1,-1
246,1680,551,-6,270,164,1,-1,-1,-1
246,1679,470,297,198,158,1,-1,-1,-1
247,1680,515,-6,273,162,1,-1,-1,-1
247,1679,467,300,200,159,1,-1,-1,-1
248,1680,483,-5,274,160,1,-1,-1,-1
248,1679,464,301,201,160,1,-1,-1,-1
249,1680,455,-4,273,158,1,-1,-1,-1
249,1679,463,303,202,161,1,-1,-1,-1
250,1680,424,-3,272,155,1,-1,-1,-1
250,1679,461,308,203,162,1,-1,-1,-1
251,1680,386,-2,270,153,1,-1,-1,-1
251,1679,459,313,204,162,1,-1,-1,-1
252,1680,362,-1,265,151,1,-1,-1,-1
252,1679,457,317,205,163,1,-1,-1,-1
253,1679,454,320,206,164,1,-1,-1,-1
254,1679,450,324,206,164,1,-1,-1,-1
255,1679,447,329,207,165,1,-1,-1,-1
256,1679,444,333,208,166,1,-1,-1,-1
257,1679,441,338,210,167,1,-1,-1,-1
258,1679,438,342,212,167,1,-1,-1,-1
259,1679,437,345,214,168,1,-1,-1,-1
260,1679,435,349,216,169,1,-1,-1,-1
261,1679,430,353,217,170,1,-1,-1,-1
262,1679,425,357,218,172,1,-1,-1,-1
263,1679,421,361,220,173,1,-1,-1,-1
264,1679,417,364,222,174,1,-1,-1,-1
265,1679,413,367,223,175,1,-1,-1,-1
266,1679,409,372,225,176,1,-1,-1,-1
267,1679,407,377,226,177,1,-1,-1,-1
268,1679,404,383,228,179,1,-1,-1,-1
269,1679,401,388,229,180,1,-1,-1,-1
270,1679,398,393,231,181,1,-1,-1,-1
271,1679,392,396,233,183,1,-1,-1,-1
272,1679,388,399,234,184,1,-1,-1,-1
273,1679,384,403,235,185,1,-1,-1,-1
274,1679,381,407,236,186,1,-1,-1,-1
275,1679,379,412,237,188,1,-1,-1,-1
276,1679,375,416,237,188,1,-1,-1,-1
277,1679,372,420,239,189,1,-1,-1,-1
278,1679,367,425,240,190,1,-1,-1,-1
279,1679,363,430,242,192,1,-1,-1,-1
280,1679,360,436,244,193,1,-1,-1,-1
281,1679,357,441,245,195,1,-1,-1,-1
282,1679,351,448,248,197,1,-1,-1,-1
283,1681,1076,685,462,365,1,-1,-1,-1
283,1679,348,455,250,199,1,-1,-1,-1
284,1681,1072,673,457,367,1,-1,-1,-1
284,1679,343,461,252,202,1,-1,-1,-1
285,1681,1069,661,450,366,1,-1,-1,-1
285,1679,338,466,255,204,1,-1,-1,-1
286,1681,1067,651,442,364,1,-1,-1,-1
286,1679,333,472,257,206,1,-1,-1,-1
287,1681,1065,641,435,361,1,-1,-1,-1
287,1679,329,478,259,208,1,-1,-1,-1
288,1681,1062,630,425,357,1,-1,-1,-1
288,1679,324,484,261,209,1,-1,-1,-1
289,1681,1062,621,415,352,1,-1,-1,-1
289,1679,318,490,263,211,1,-1,-1,-1
290,1681,1057,612,406,347,1,-1,-1,-1
290,1679,314,496,266,212,1,-1,-1,-1
291,1681,1056,604,397,342,1,-1,-1,-1
291,1679,307,501,268,213,1,-1,-1,-1
292,1681,1051,595,390,337,1,-1,-1,-1
292,1679,302,508,271,215,1,-1,-1,-1
293,1681,1052,587,384,333,1,-1,-1,-1
293,1679,296,514,272,217,1,-1,-1,-1
294,1681,1053,580,378,330,1,-1,-1,-1
294,1679,287,520,275,219,1,-1,-1,-1
295,1681,1050,573,372,326,1,-1,-1,-1
295,1679,280,525,278,221,1,-1,-1,-1
296,1681,1051,562,366,322,1,-1,-1,-1
296,1679,275,530,281,224,1,-1,-1,-1
297,1681,1053,553,359,318,1,-1,-1,-1
297,1679,268,536,283,226,1,-1,-1,-1
298,1681,1052,545,353,313,1,-1,-1,-1
298,1679,263,541,285,228,1,-1,-1,-1
299,1681,1048,541,348,309,1,-1,-1,-1
299,1679,257,547,287,229,1,-1,-1,-1
300,1681,1047,534,343,305,1,-1,-1,-1
300,1679,250,553,289,231,1,-1,-1,-1
301,1681,1048,526,339,301,1,-1,-1,-1
301,1679,244,558,291,233,1,-1,-1,-1
302,1681,1046,517,334,296,1,-1,-1,-1
302,1679,236,564,293,235,1,-1,-1,-1
303,1681,1043,511,330,292,1,-1,-1,-1
303,1679,230,572,296,237,1,-1,-1,-1
304,1681,1043,505,325,285,1,-1,-1,-1
304,1679,222,578,298,238,1,-1,-1,-1
305,1681,1044,500,320,279,1,-1,-1,-1
305,1679,213,583,301,240,1,-1,-1,-1
306,1681,1045,494,315,273,1,-1,-1,-1
306,1679,203,590,303,241,1,-1,-1,-1
307,1681,1046,485,311,267,1,-1,-1,-1
307,1679,192,598,306,243,1,-1,-1,-1
308,1681,1045,480,308,260,1,-1,-1,-1
308,1679,182,605,308,245,1,-1,-1,-1
309,1681,1045,477,304,254,1,-1,-1,-1
309,1679,173,612,312,247,1,-1,-1,-1
310,1681,1045,472,300,249,1,-1,-1,-1
310,1679,165,617,315,249,1,-1,-1,-1
311,1681,1044,468,297,244,1,-1,-1,-1
311,1679,157,624,318,251,1,-1,-1,-1
312,1681,1045,463,294,239,1,-1,-1,-1
312,1679,144,634,321,254,1,-1,-1,-1
313,1681,1044,456,290,234,1,-1,-1,-1
313,1679,130,642,324,257,1,-1,-1,-1
314,1681,1042,451,286,229,1,-1,-1,-1
314,1679,119,650,327,259,1,-1,-1,-1
315,1681,1042,447,282,225,1,-1,-1,-1
315,1679,107,658,331,262,1,-1,-1,-1
316,1685,1060,578,324,254,1,-1,-1,-1
316,1681,1040,442,279,221,1,-1,-1,-1
316,1679,95,666,334,264,1,-1,-1,-1
317,1685,1063,574,321,251,1,-1,-1,-1
317,1681,1040,437,276,217,1,-1,-1,-1
317,1679,84,675,337,266,1,-1,-1,-1
318,1685,1060,561,317,249,1,-1,-1,-1
318,1681,1041,433,272,214,1,-1,-1,-1
318,1679,70,684,340,269,1,-1,-1,-1
319,1685,1058,549,314,248,1,-1,-1,-1
319,1681,1041,428,269,210,1,-1,-1,-1
319,1679,58,691,343,272,1,-1,-1,-1
320,1685,1057,543,310,245,1,-1,-1,-1
320,1681,1039,422,267,207,1,-1,-1,-1
320,1679,50,696,346,274,1,-1,-1,-1
321,1685,1057,536,306,244,1,-1,-1,-1
321,1681,1036,417,264,204,1,-1,-1,-1
321,1679,41,703,350,277,1,-1,-1,-1
322,1685,1055,527,303,244,1,-1,-1,-1
322,1681,1033,414,262,201,1,-1,-1,-1
322,1679,30,714,354,280,1,-1,-1,-1
323,1681,1031,410,260,199,1,-1,-1,-1
323,1679,17,724,358,283,1,-1,-1,-1
324,1681,1031,404,258,198,1,-1,-1,-1
324,1679,6,735,362,286,1,-1,-1,-1
325,1681,1031,400,256,196,1,-1,-1,-1
325,1679,-1,745,365,290,1,-1,-1,-1
326,1681,1028,397,254,195,1,-1,-1,-1
326,1679,-6,755,367,293,1,-1,-1,-1
327,1681,1026,392,253,195,1,-1,-1,-1
327,1679,-9,764,368,297,1,-1,-1,-1
328,1681,1025,387,250,194,1,-1,-1,-1
329,1687,1044,481,280,232,1,-1,-1,-1
329,1681,1024,382,247,193,1,-1,-1,-1
330,1687,1042,469,278,233,1,-1,-1,-1
330,1681,1023,378,245,192,1,-1,-1,-1
331,1687,1040,461,276,233,1,-1,-1,-1
331,1681,1024,374,242,191,1,-1,-1,-1
332,1687,1041,460,273,230,1,-1,-1,-1
332,1681,1025,368,240,190,1,-1,-1,-1
333,1687,1042,460,269,226,1,-1,-1,-1
333,1681,1027,363,237,188,1,-1,-1,-1
334,1687,1041,456,264,223,1,-1,-1,-1
334,1681,1027,359,234,186,1,-1,-1,-1
335,1688,742,126,234,145,1,-1,-1,-1
335,1687,1040,452,261,221,1,-1,-1,-1
335,1681,1028,354,231,184,1,-1,-1,-1
336,1688,713,131,237,145,1,-1,-1,-1
336,1681,1029,348,229,181,1,-1,-1,-1
337,1688,688,135,237,144,1,-1,-1,-1
337,1681,1030,339,226,179,1,-1,-1,-1
338,1688,662,140,235,144,1,-1,-1,-1
338,1681,1031,335,223,176,1,-1,-1,-1
339,1688,640,146,232,143,1,-1,-1,-1
339,1681,1030,330,221,172,1,-1,-1,-1
340,1688,625,151,228,142,1,-1,-1,-1
340,1681,1031,328,219,170,1,-1,-1,-1
341,1688,612,155,223,141,1,-1,-1,-1
341,1681,1032,326,217,167,1,-1,-1,-1
342,1688,599,161,218,140,1,-1,-1,-1
342,1681,1035,323,216,165,1,-1,-1,-1
343,1688,587,169,213,140,1,-1,-1,-1
343,1681,1036,321,214,163,1,-1,-1,-1
344,1688,577,176,208,139,1,-1,-1,-1
344,1681,1035,318,213,161,1,-1,-1,-1
345,1688,568,181,202,139,1,-1,-1,-1
345,1681,1034,315,212,160,1,-1,-1,-1
346,1688,558,186,197,138,1,-1,-1,-1
346,1681,1032,311,212,159,1,-1,-1,-1
347,1688,550,192,192,138,1,-1,-1,-1
347,1681,1031,306,211,158,1,-1,-1,-1
348,1688,541,199,188,138,1,-1,-1,-1
348,1681,1030,302,209,157,1,-1,-1,-1
349,1688,535,205,185,137,1,-1,-1,-1
349,1681,1031,299,208,156,1,-1,-1,-1
