1,1826,835,357,231,166,1,-1,-1,-1
1,1825,1114,438,393,247,1,-1,-1,-1
2,1826,845,357,238,169,1,-1,-1,-1
2,1825,1119,441,390,245,1,-1,-1,-1
3,1826,847,360,242,171,1,-1,-1,-1
3,1825,1127,444,385,242,1,-1,-1,-1
4,1826,854,359,246,173,1,-1,-1,-1
4,1825,1137,445,386,242,1,-1,-1,-1
5,1826,860,359,249,175,1,-1,-1,-1
5,1825,1144,446,389,244,1,-1,-1,-1
6,1826,865,359,251,177,1,-1,-1,-1
6,1825,1148,445,394,248,1,-1,-1,-1
7,1826,872,360,252,178,1,-1,-1,-1
7,1825,1151,444,398,251,1,-1,-1,-1
8,1826,879,362,254,180,1,-1,-1,-1
8,1825,1157,445,401,254,1,-1,-1,-1
9,1826,885,365,254,181,1,-1,-1,-1
9,1825,1161,446,402,257,1,-1,-1,-1
10,1826,893,369,254,183,1,-1,-1,-1
10,1825,1164,448,400,257,1,-1,-1,-1
11,1826,901,372,255,183,1,-1,-1,-1
11,1825,1172,450,400,259,1,-1,-1,-1
12,1827,864,269,233,150,1,-1,-1,-1
12,1826,907,375,256,184,1,-1,-1,-1
12,1825,1179,449,400,260,1,-1,-1,-1
13,1828,408,168,111,92,1,-1,-1,-1
13,1827,867,270,234,149,1,-1,-1,-1
13,1826,912,376,257,185,1,-1,-1,-1
13,1825,1184,450,400,262,1,-1,-1,-1
14,1828,413,171,112,92,1,-1,-1,-1
14,1827,870,271,233,147,1,-1,-1,-1
14,1826,919,377,259,186,1,-1,-1,-1
14,1825,1189,450,401,264,1,-1,-1,-1
15,1829,321,185,113,95,1,-1,-1,-1
15,1828,419,173,113,92,1,-1,-1,-1
15,1827,873,273,234,147,1,-1,-1,-1
15,1826,924,379,260,186,1,-1,-1,-1
15,1825,1200,455,403,265,1,-1,-1,-1
16,1829,326,187,115,96,1,-1,-1,-1
16,1828,425,175,114,91,1,-1,-1,-1
16,1827,876,274,235,146,1,-1,-1,-1
16,1826,927,379,260,187,1,-1,-1,-1
16,1825,1210,459,404,266,1,-1,-1,-1
17,1829,330,188,116,96,1,-1,-1,-1
17,1828,431,177,114,90,1,-1,-1,-1
17,1827,880,275,237,146,1,-1,-1,-1
17,1826,931,381,262,188,1,-1,-1,-1
17,1825,1217,462,406,266,1,-1,-1,-1
18,1829,335,190,116,96,1,-1,-1,-1
18,1828,437,179,114,90,1,-1,-1,-1
18,1827,883,276,239,146,1,-1,-1,-1
18,1826,934,382,263,188,1,-1,-1,-1
18,1825,1222,464,409,267,1,-1,-1,-1
19,1829,339,191,115,96,1,-1,-1,-1
19,1828,443,182,115,89,1,-1,-1,-1
19,1827,885,277,241,146,1,-1,-1,-1
19,1826,937,383,264,189,1,-1,-1,-1
19,1825,1227,465,411,268,1,-1,-1,-1
20,1829,343,192,117,96,1,-1,-1,-1
20,1828,450,185,115,89,1,-1,-1,-1
20,1827,887,279,243,147,1,-1,-1,-1
20,1826,942,385,265,190,1,-1,-1,-1
20,1825,1231,466,414,268,1,-1,-1,-1
21,1829,348,194,118,97,1,-1,-1,-1
21,1828,457,188,116,89,1,-1,-1,-1
21,1827,890,280,244,148,1,-1,-1,-1
21,1826,945,386,266,191,1,-1,-1,-1
21,1825,1235,467,418,269,1,-1,-1,-1
22,1829,353,195,118,97,1,-1,-1,-1
22,1828,463,189,118,90,1,-1,-1,-1
22,1827,894,281,245,149,1,-1,-1,-1
22,1826,949,386,268,191,1,-1,-1,-1
22,1825,1240,466,422,270,1,-1,-1,-1
23,1829,357,196,118,97,1,-1,-1,-1
23,1828,469,191,119,90,1,-1,-1,-1
23,1827,900,282,246,149,1,-1,-1,-1
23,1826,952,387,270,192,1,-1,-1,-1
23,1825,1241,466,425,273,1,-1,-1,-1
24,1829,360,197,119,98,1,-1,-1,-1
24,1828,475,192,120,91,1,-1,-1,-1
24,1827,906,284,246,149,1,-1,-1,-1
24,1826,956,388,271,193,1,-1,-1,-1
24,1825,1250,466,428,274,1,-1,-1,-1
25,1829,364,199,120,99,1,-1,-1,-1
25,1828,481,193,120,91,1,-1,-1,-1
25,1827,911,284,246,149,1,-1,-1,-1
25,1826,959,389,273,193,1,-1,-1,-1
25,1825,1258,467,431,276,1,-1,-1,-1
26,1829,369,199,121,100,1,-1,-1,-1
26,1828,488,195,121,92,1,-1,-1,-1
26,1827,915,284,245,149,1,-1,-1,-1
26,1826,962,389,274,194,1,-1,-1,-1
26,1825,1265,469,435,278,1,-1,-1,-1
27,1829,373,202,122,100,1,-1,-1,-1
27,1828,495,197,122,92,1,-1,-1,-1
27,1827,918,285,246,148,1,-1,-1,-1
27,1826,967,391,276,195,1,-1,-1,-1
27,1825,1272,470,439,279,1,-1,-1,-1
28,1829,380,204,123,101,1,-1,-1,-1
28,1828,501,197,123,93,1,-1,-1,-1
28,1827,919,285,246,148,1,-1,-1,-1
28,1826,970,392,277,196,1,-1,-1,-1
28,1825,1279,471,443,281,1,-1,-1,-1
29,1829,384,205,123,102,1,-1,-1,-1
29,1828,507,198,123,93,1,-1,-1,-1
29,1827,918,285,247,149,1,-1,-1,-1
29,1826,973,393,278,197,1,-1,-1,-1
29,1825,1289,472,447,283,1,-1,-1,-1
30,1829,389,206,124,102,1,-1,-1,-1
30,1828,512,200,124,94,1,-1,-1,-1
30,1827,919,286,247,149,1,-1,-1,-1
30,1826,976,394,279,198,1,-1,-1,-1
30,1825,1298,473,452,284,1,-1,-1,-1
31,1829,393,208,125,103,1,-1,-1,-1
31,1828,517,200,124,94,1,-1,-1,-1
31,1827,925,287,248,149,1,-1,-1,-1
31,1826,980,396,280,199,1,-1,-1,-1
31,1825,1302,474,455,287,1,-1,-1,-1
32,1829,398,210,125,103,1,-1,-1,-1
32,1828,523,202,125,95,1,-1,-1,-1
32,1827,932,288,248,149,1,-1,-1,-1
32,1826,987,399,282,200,1,-1,-1,-1
32,1825,1308,476,457,289,1,-1,-1,-1
33,1829,404,211,126,104,1,-1,-1,-1
33,1828,533,203,125,95,1,-1,-1,-1
33,1827,934,290,249,149,1,-1,-1,-1
33,1826,990,399,283,201,1,-1,-1,-1
33,1825,1316,479,459,292,1,-1,-1,-1
34,1829,409,212,127,105,1,-1,-1,-1
34,1828,541,205,126,96,1,-1,-1,-1
34,1827,937,292,250,150,1,-1,-1,-1
34,1826,994,399,284,202,1,-1,-1,-1
34,1825,1328,483,462,294,1,-1,-1,-1
35,1829,414,213,128,106,1,-1,-1,-1
35,1828,548,208,127,97,1,-1,-1,-1
35,1827,941,294,251,149,1,-1,-1,-1
35,1826,999,401,286,203,1,-1,-1,-1
35,1825,1334,482,464,295,1,-1,-1,-1
36,1829,419,216,129,107,1,-1,-1,-1
36,1828,554,209,128,97,1,-1,-1,-1
36,1827,943,294,253,150,1,-1,-1,-1
36,1826,1003,402,287,204,1,-1,-1,-1
36,1825,1339,484,466,296,1,-1,-1,-1
37,1829,424,218,131,108,1,-1,-1,-1
37,1827,948,294,254,150,1,-1,-1,-1
37,1826,1007,402,289,204,1,-1,-1,-1
37,1825,1348,487,468,298,1,-1,-1,-1
38,1829,429,220,132,109,1,-1,-1,-1
38,1827,953,294,256,151,1,-1,-1,-1
38,1826,1011,403,289,205,1,-1,-1,-1
38,1825,1356,493,470,301,1,-1,-1,-1
39,1829,433,221,133,109,1,-1,-1,-1
39,1827,956,294,258,151,1,-1,-1,-1
39,1826,1016,405,291,206,1,-1,-1,-1
39,1825,1365,495,473,303,1,-1,-1,-1
40,1829,437,222,134,110,1,-1,-1,-1
40,1827,957,294,259,152,1,-1,-1,-1
40,1826,1024,407,294,207,1,-1,-1,-1
40,1825,1371,497,475,306,1,-1,-1,-1
41,1829,442,223,135,111,1,-1,-1,-1
41,1827,961,294,259,153,1,-1,-1,-1
41,1826,1030,408,297,208,1,-1,-1,-1
41,1825,1377,499,478,309,1,-1,-1,-1
42,1829,448,225,137,112,1,-1,-1,-1
42,1827,965,295,260,153,1,-1,-1,-1
42,1826,1035,409,300,209,1,-1,-1,-1
42,1825,1388,502,481,313,1,-1,-1,-1
43,1830,611,222,132,104,1,-1,-1,-1
43,1829,452,226,138,114,1,-1,-1,-1
43,1827,967,295,261,154,1,-1,-1,-1
43,1826,1038,410,303,210,1,-1,-1,-1
43,1825,1401,504,484,314,1,-1,-1,-1
44,1830,618,225,133,105,1,-1,-1,-1
44,1829,458,229,140,115,1,-1,-1,-1
44,1827,968,296,262,154,1,-1,-1,-1
44,1826,1038,410,304,211,1,-1,-1,-1
44,1825,1411,506,487,315,1,-1,-1,-1
45,1830,624,227,136,106,1,-1,-1,-1
45,1829,462,231,143,116,1,-1,-1,-1
45,1827,970,298,263,154,1,-1,-1,-1
45,1826,1041,410,304,212,1,-1,-1,-1
45,1825,1423,511,489,315,1,-1,-1,-1
46,1830,627,228,138,108,1,-1,-1,-1
46,1829,467,233,145,118,1,-1,-1,-1
46,1827,971,299,264,155,1,-1,-1,-1
46,1826,1045,412,303,212,1,-1,-1,-1
46,1825,1433,514,491,315,1,-1,-1,-1
47,1830,636,230,139,109,1,-1,-1,-1
47,1829,471,234,147,119,1,-1,-1,-1
47,1827,973,300,266,155,1,-1,-1,-1
47,1826,1049,412,302,212,1,-1,-1,-1
47,1825,1440,514,491,316,1,-1,-1,-1
48,1830,646,232,139,110,1,-1,-1,-1
48,1829,475,235,148,120,1,-1,-1,-1
48,1827,975,301,268,156,1,-1,-1,-1
48,1826,1053,413,302,212,1,-1,-1,-1
48,1825,1444,514,490,318,1,-1,-1,-1
49,1831,1358,383,369,181,1,-1,-1,-1
49,1830,656,233,138,111,1,-1,-1,-1
49,1829,478,236,149,122,1,-1,-1,-1
49,1827,976,301,271,158,1,-1,-1,-1
49,1826,1058,414,302,212,1,-1,-1,-1
49,1825,1450,517,488,319,1,-1,-1,-1
50,1831,1359,381,373,184,1,-1,-1,-1
50,1830,663,236,139,112,1,-1,-1,-1
50,1829,483,238,149,123,1,-1,-1,-1
50,1827,978,301,274,160,1,-1,-1,-1
50,1826,1062,416,303,212,1,-1,-1,-1
50,1825,1456,520,484,321,1,-1,-1,-1
51,1831,1361,382,381,189,1,-1,-1,-1
51,1830,667,238,141,112,1,-1,-1,-1
51,1829,488,239,150,124,1,-1,-1,-1
51,1827,982,302,276,162,1,-1,-1,-1
51,1826,1067,419,304,213,1,-1,-1,-1
51,1825,1463,521,479,323,1,-1,-1,-1
52,1831,1360,384,386,191,1,-1,-1,-1
52,1830,671,240,142,113,1,-1,-1,-1
52,1829,493,240,151,126,1,-1,-1,-1
52,1827,984,304,277,164,1,-1,-1,-1
52,1826,1074,421,306,213,1,-1,-1,-1
52,1825,1470,523,474,325,1,-1,-1,-1
53,1831,1364,386,390,194,1,-1,-1,-1
53,1830,676,242,145,113,1,-1,-1,-1
53,1829,497,242,153,128,1,-1,-1,-1
53,1827,983,303,278,166,1,-1,-1,-1
53,1826,1080,423,308,214,1,-1,-1,-1
54,1831,1372,388,394,196,1,-1,-1,-1
54,1830,681,243,147,113,1,-1,-1,-1
54,1829,505,245,155,130,1,-1,-1,-1
54,1827,984,303,278,168,1,-1,-1,-1
54,1826,1088,425,310,215,1,-1,-1,-1
55,1831,1376,390,396,197,1,-1,-1,-1
55,1830,686,243,149,113,1,-1,-1,-1
55,1829,512,246,157,131,1,-1,-1,-1
55,1827,986,304,279,169,1,-1,-1,-1
55,1826,1095,427,312,216,1,-1,-1,-1
56,1831,1382,392,399,199,1,-1,-1,-1
56,1830,694,245,152,114,1,-1,-1,-1
56,1829,518,248,159,133,1,-1,-1,-1
56,1827,989,304,279,170,1,-1,-1,-1
56,1826,1102,429,314,217,1,-1,-1,-1
57,1831,1396,395,401,201,1,-1,-1,-1
57,1830,701,247,155,115,1,-1,-1,-1
57,1829,523,250,161,135,1,-1,-1,-1
57,1827,991,304,280,172,1,-1,-1,-1
57,1826,1109,432,315,218,1,-1,-1,-1
58,1831,1407,398,404,204,1,-1,-1,-1
58,1830,706,248,157,117,1,-1,-1,-1
58,1829,530,252,162,137,1,-1,-1,-1
58,1827,992,306,280,173,1,-1,-1,-1
58,1826,1118,435,317,218,1,-1,-1,-1
59,1831,1415,399,406,206,1,-1,-1,-1
59,1830,713,250,160,119,1,-1,-1,-1
59,1829,539,255,165,140,1,-1,-1,-1
59,1827,994,306,280,173,1,-1,-1,-1
59,1826,1125,438,319,219,1,-1,-1,-1
60,1831,1432,401,409,210,1,-1,-1,-1
60,1830,720,251,163,121,1,-1,-1,-1
60,1829,547,259,167,141,1,-1,-1,-1
60,1827,997,307,280,174,1,-1,-1,-1
60,1826,1138,441,323,221,1,-1,-1,-1
61,1831,1443,403,413,213,1,-1,-1,-1
61,1830,725,252,166,122,1,-1,-1,-1
61,1829,556,265,170,143,1,-1,-1,-1
61,1827,1000,308,280,175,1,-1,-1,-1
61,1826,1149,445,326,223,1,-1,-1,-1
62,1831,1452,404,417,217,1,-1,-1,-1
62,1830,731,254,168,122,1,-1,-1,-1
62,1829,563,269,172,145,1,-1,-1,-1
62,1827,1001,308,280,175,1,-1,-1,-1
62,1826,1156,448,329,224,1,-1,-1,-1
63,1831,1460,405,422,221,1,-1,-1,-1
63,1830,739,257,171,123,1,-1,-1,-1
63,1829,571,272,174,146,1,-1,-1,-1
63,1827,1002,308,280,176,1,-1,-1,-1
63,1826,1166,450,332,225,1,-1,-1,-1
64,1831,1467,405,426,225,1,-1,-1,-1
64,1830,745,259,173,123,1,-1,-1,-1
64,1829,580,276,176,148,1,-1,-1,-1
64,1827,1003,308,281,177,1,-1,-1,-1
64,1826,1177,452,335,226,1,-1,-1,-1
65,1831,1475,408,431,229,1,-1,-1,-1
65,1830,753,262,175,124,1,-1,-1,-1
65,1829,587,279,178,149,1,-1,-1,-1
65,1827,1003,307,281,177,1,-1,-1,-1
65,1826,1186,453,339,227,1,-1,-1,-1
66,1831,1485,412,434,233,1,-1,-1,-1
66,1830,764,265,176,124,1,-1,-1,-1
66,1829,595,280,181,150,1,-1,-1,-1
66,1827,1004,308,281,178,1,-1,-1,-1
66,1826,1198,456,343,228,1,-1,-1,-1
67,1831,1493,412,436,237,1,-1,-1,-1
67,1830,773,267,177,125,1,-1,-1,-1
67,1829,602,283,185,151,1,-1,-1,-1
67,1827,1005,308,281,178,1,-1,-1,-1
67,1826,1207,458,347,229,1,-1,-1,-1
68,1831,1499,412,435,240,1,-1,-1,-1
68,1830,783,269,178,126,1,-1,-1,-1
68,1829,611,286,189,153,1,-1,-1,-1
68,1827,1007,309,282,179,1,-1,-1,-1
68,1826,1212,462,351,231,1,-1,-1,-1
69,1831,1506,413,434,243,1,-1,-1,-1
69,1830,791,271,179,127,1,-1,-1,-1
69,1829,618,287,193,154,1,-1,-1,-1
69,1827,1010,309,283,180,1,-1,-1,-1
69,1826,1223,465,354,233,1,-1,-1,-1
70,1831,1514,414,430,246,1,-1,-1,-1
70,1830,800,274,181,128,1,-1,-1,-1
70,1829,626,291,196,155,1,-1,-1,-1
70,1827,1011,309,284,180,1,-1,-1,-1
70,1826,1231,468,355,234,1,-1,-1,-1
71,1831,1522,417,424,249,1,-1,-1,-1
71,1830,809,277,182,128,1,-1,-1,-1
71,1829,632,295,198,156,1,-1,-1,-1
71,1827,1014,310,286,181,1,-1,-1,-1
71,1826,1243,471,358,235,1,-1,-1,-1
72,1832,899,225,155,97,1,-1,-1,-1
72,1831,1529,418,418,253,1,-1,-1,-1
72,1830,816,280,184,129,1,-1,-1,-1
72,1829,641,298,200,157,1,-1,-1,-1
72,1827,1018,310,287,181,1,-1,-1,-1
72,1826,1257,475,361,237,1,-1,-1,-1
73,1832,882,221,153,96,1,-1,-1,-1
73,1830,825,283,186,130,1,-1,-1,-1
73,1829,652,301,201,158,1,-1,-1,-1
73,1827,1021,310,287,181,1,-1,-1,-1
73,1826,1271,480,364,238,1,-1,-1,-1
74,1832,868,219,149,95,1,-1,-1,-1
74,1830,835,285,188,131,1,-1,-1,-1
74,1829,661,304,202,159,1,-1,-1,-1
74,1827,1024,309,288,181,1,-1,-1,-1
74,1826,1284,485,367,239,1,-1,-1,-1
75,1832,854,217,145,94,1,-1,-1,-1
75,1830,840,287,190,131,1,-1,-1,-1
75,1829,667,307,203,160,1,-1,-1,-1
75,1827,1027,309,288,181,1,-1,-1,-1
75,1826,1298,488,370,241,1,-1,-1,-1
76,1833,1465,307,280,147,1,-1,-1,-1
76,1832,842,214,142,93,1,-1,-1,-1
76,1830,846,288,193,132,1,-1,-1,-1
76,1829,672,309,205,162,1,-1,-1,-1
76,1827,1033,311,290,182,1,-1,-1,-1
76,1826,1310,491,373,242,1,-1,-1,-1
77,1833,1431,302,279,148,1,-1,-1,-1
77,1832,830,212,139,92,1,-1,-1,-1
77,1830,851,290,195,132,1,-1,-1,-1
77,1829,681,311,207,163,1,-1,-1,-1
77,1827,1037,313,292,182,1,-1,-1,-1
77,1826,1318,494,377,244,1,-1,-1,-1
78,1833,1402,298,277,148,1,-1,-1,-1
78,1832,815,211,137,91,1,-1,-1,-1
78,1830,858,291,197,133,1,-1,-1,-1
78,1829,689,313,210,164,1,-1,-1,-1
78,1827,1040,315,294,183,1,-1,-1,-1
78,1826,1326,497,381,246,1,-1,-1,-1
79,1833,1369,293,272,148,1,-1,-1,-1
79,1832,800,209,135,90,1,-1,-1,-1
79,1830,864,293,199,134,1,-1,-1,-1
79,1829,698,316,213,166,1,-1,-1,-1
79,1827,1044,315,295,184,1,-1,-1,-1
79,1826,1338,501,384,248,1,-1,-1,-1
80,1833,1341,287,265,147,1,-1,-1,-1
80,1832,785,208,133,88,1,-1,-1,-1
80,1830,871,295,202,135,1,-1,-1,-1
80,1829,707,319,217,168,1,-1,-1,-1
80,1827,1046,316,296,185,1,-1,-1,-1
80,1826,1353,506,388,251,1,-1,-1,-1
81,1833,1313,282,258,146,1,-1,-1,-1
81,1832,773,206,131,87,1,-1,-1,-1
81,1830,879,297,206,136,1,-1,-1,-1
81,1829,715,322,221,169,1,-1,-1,-1
81,1827,1048,317,297,186,1,-1,-1,-1
81,1826,1367,511,391,254,1,-1,-1,-1
82,1833,1290,278,250,144,1,-1,-1,-1
82,1832,762,205,129,86,1,-1,-1,-1
82,1830,883,298,209,137,1,-1,-1,-1
82,1829,723,324,224,171,1,-1,-1,-1
82,1827,1051,318,298,187,1,-1,-1,-1
82,1826,1383,515,393,256,1,-1,-1,-1
83,1833,1269,274,243,142,1,-1,-1,-1
83,1832,752,203,127,85,1,-1,-1,-1
83,1830,886,299,211,138,1,-1,-1,-1
83,1829,728,324,226,173,1,-1,-1,-1
83,1827,1053,319,299,187,1,-1,-1,-1
83,1826,1400,521,395,258,1,-1,-1,-1
84,1833,1246,270,235,140,1,-1,-1,-1
84,1832,742,202,125,84,1,-1,-1,-1
84,1830,889,299,212,138,1,-1,-1,-1
84,1829,734,325,229,175,1,-1,-1,-1
84,1827,1058,319,299,188,1,-1,-1,-1
84,1826,1412,525,397,260,1,-1,-1,-1
85,1833,1226,267,227,138,1,-1,-1,-1
85,1832,733,200,123,83,1,-1,-1,-1
85,1830,894,298,212,139,1,-1,-1,-1
85,1829,745,328,232,176,1,-1,-1,-1
85,1827,1064,320,300,189,1,-1,-1,-1
85,1826,1424,529,400,264,1,-1,-1,-1
86,1833,1206,263,221,135,1,-1,-1,-1
86,1832,722,197,122,82,1,-1,-1,-1
86,1830,899,300,212,139,1,-1,-1,-1
86,1829,755,332,235,178,1,-1,-1,-1
86,1827,1069,321,301,189,1,-1,-1,-1
86,1826,1438,533,402,266,1,-1,-1,-1
87,1832,714,195,120,82,1,-1,-1,-1
87,1829,767,335,238,179,1,-1,-1,-1
87,1827,1073,321,302,190,1,-1,-1,-1
87,1826,1453,537,407,269,1,-1,-1,-1
88,1832,702,192,119,81,1,-1,-1,-1
88,1829,776,336,242,181,1,-1,-1,-1
88,1827,1080,322,303,190,1,-1,-1,-1
88,1826,1470,540,413,272,1,-1,-1,-1
89,1832,693,189,117,81,1,-1,-1,-1
89,1829,787,336,245,183,1,-1,-1,-1
89,1827,1087,322,305,192,1,-1,-1,-1
89,1826,1485,545,418,274,1,-1,-1,-1
90,1829,797,339,249,184,1,-1,-1,-1
90,1827,1092,322,308,193,1,-1,-1,-1
90,1826,1497,550,422,277,1,-1,-1,-1
91,1829,806,341,252,186,1,-1,-1,-1
91,1827,1099,323,310,194,1,-1,-1,-1
91,1826,1505,554,424,279,1,-1,-1,-1
92,1829,815,344,255,188,1,-1,-1,-1
92,1827,1105,324,312,195,1,-1,-1,-1
92,1826,1513,556,424,281,1,-1,-1,-1
93,1829,826,347,259,189,1,-1,-1,-1
93,1827,1111,325,313,196,1,-1,-1,-1
93,1826,1517,556,423,284,1,-1,-1,-1
94,1829,835,349,263,191,1,-1,-1,-1
94,1827,1119,326,316,197,1,-1,-1,-1
94,1826,1520,556,421,286,1,-1,-1,-1
95,1829,846,351,267,193,1,-1,-1,-1
95,1827,1127,327,320,197,1,-1,-1,-1
95,1826,1524,554,418,290,1,-1,-1,-1
96,1834,1008,233,179,115,1,-1,-1,-1
96,1829,857,355,269,195,1,-1,-1,-1
96,1827,1132,329,324,198,1,-1,-1,-1
96,1826,1528,553,415,294,1,-1,-1,-1
97,1834,989,229,176,114,1,-1,-1,-1
97,1829,865,358,272,197,1,-1,-1,-1
97,1827,1136,330,326,198,1,-1,-1,-1
98,1834,973,226,174,114,1,-1,-1,-1
98,1829,874,362,275,199,1,-1,-1,-1
98,1827,1143,331,327,199,1,-1,-1,-1
99,1834,957,222,170,113,1,-1,-1,-1
99,1829,884,365,279,201,1,-1,-1,-1
99,1827,1150,334,328,199,1,-1,-1,-1
100,1834,942,219,167,112,1,-1,-1,-1
100,1829,896,368,282,204,1,-1,-1,-1
100,1827,1157,335,329,199,1,-1,-1,-1
101,1834,926,217,164,110,1,-1,-1,-1
101,1829,905,371,286,206,1,-1,-1,-1
101,1827,1162,334,331,200,1,-1,-1,-1
102,1835,602,198,155,141,1,-1,-1,-1
102,1834,911,215,161,109,1,-1,-1,-1
102,1829,915,372,289,208,1,-1,-1,-1
102,1827,1167,334,334,201,1,-1,-1,-1
103,1835,607,199,156,141,1,-1,-1,-1
103,1834,897,213,158,108,1,-1,-1,-1
103,1829,927,375,293,210,1,-1,-1,-1
103,1827,1168,335,336,201,1,-1,-1,-1
104,1835,610,198,157,142,1,-1,-1,-1
104,1834,884,211,155,106,1,-1,-1,-1
104,1829,939,380,299,211,1,-1,-1,-1
104,1827,1174,337,337,202,1,-1,-1,-1
105,1835,613,200,158,143,1,-1,-1,-1
105,1834,871,208,152,106,1,-1,-1,-1
105,1829,950,385,305,214,1,-1,-1,-1
105,1827,1177,338,338,202,1,-1,-1,-1
106,1835,615,202,160,144,1,-1,-1,-1
106,1834,857,206,148,105,1,-1,-1,-1
106,1829,965,388,311,216,1,-1,-1,-1
106,1827,1182,340,338,202,1,-1,-1,-1
107,1835,617,202,163,146,1,-1,-1,-1
107,1834,845,203,145,104,1,-1,-1,-1
107,1829,976,391,316,218,1,-1,-1,-1
107,1827,1188,342,339,203,1,-1,-1,-1
108,1835,620,202,166,148,1,-1,-1,-1
108,1834,833,201,142,103,1,-1,-1,-1
108,1829,984,393,321,220,1,-1,-1,-1
108,1827,1194,343,339,204,1,-1,-1,-1
109,1835,622,203,169,149,1,-1,-1,-1
109,1834,822,199,139,102,1,-1,-1,-1
109,1829,991,393,326,223,1,-1,-1,-1
109,1827,1199,343,339,205,1,-1,-1,-1
110,1835,628,203,171,150,1,-1,-1,-1
110,1834,812,198,135,100,1,-1,-1,-1
110,1829,1006,396,330,226,1,-1,-1,-1
110,1827,1204,343,340,206,1,-1,-1,-1
111,1835,635,203,171,150,1,-1,-1,-1
111,1834,800,198,133,99,1,-1,-1,-1
111,1829,1015,399,335,229,1,-1,-1,-1
111,1827,1207,343,340,207,1,-1,-1,-1
112,1835,643,205,170,150,1,-1,-1,-1
112,1834,790,196,130,98,1,-1,-1,-1
112,1829,1025,401,339,231,1,-1,-1,-1
112,1827,1212,344,343,209,1,-1,-1,-1
113,1835,651,207,169,150,1,-1,-1,-1
113,1834,780,194,128,97,1,-1,-1,-1
113,1829,1035,404,344,234,1,-1,-1,-1
113,1827,1209,346,345,210,1,-1,-1,-1
114,1835,656,208,169,150,1,-1,-1,-1
114,1834,771,192,127,96,1,-1,-1,-1
114,1829,1046,407,348,236,1,-1,-1,-1
114,1827,1215,346,347,211,1,-1,-1,-1
115,1835,661,208,168,150,1,-1,-1,-1
115,1829,1056,408,351,237,1,-1,-1,-1
115,1827,1220,346,349,212,1,-1,-1,-1
116,1835,664,208,170,151,1,-1,-1,-1
116,1829,1067,411,355,239,1,-1,-1,-1
116,1827,1227,348,353,213,1,-1,-1,-1
117,1835,666,208,172,153,1,-1,-1,-1
117,1829,1079,414,359,241,1,-1,-1,-1
118,1835,668,208,174,154,1,-1,-1,-1
118,1829,1093,421,363,244,1,-1,-1,-1
119,1835,671,208,176,156,1,-1,-1,-1
119,1829,1105,425,367,247,1,-1,-1,-1
120,1835,672,209,179,157,1,-1,-1,-1
120,1829,1115,428,370,249,1,-1,-1,-1
121,1835,674,210,181,157,1,-1,-1,-1
121,1829,1124,429,372,251,1,-1,-1,-1
122,1835,677,211,183,158,1,-1,-1,-1
122,1829,1136,432,376,253,1,-1,-1,-1
123,1835,680,212,186,159,1,-1,-1,-1
123,1829,1144,432,380,255,1,-1,-1,-1
124,1835,682,213,188,159,1,-1,-1,-1
124,1829,1152,434,382,257,1,-1,-1,-1
125,1835,686,214,190,160,1,-1,-1,-1
125,1829,1166,437,386,258,1,-1,-1,-1
126,1835,690,214,191,161,1,-1,-1,-1
126,1829,1178,439,391,259,1,-1,-1,-1
127,1835,695,215,192,161,1,-1,-1,-1
127,1829,1184,440,395,260,1,-1,-1,-1
128,1835,699,216,193,162,1,-1,-1,-1
128,1829,1189,439,397,262,1,-1,-1,-1
129,1835,704,217,195,162,1,-1,-1,-1
129,1829,1198,442,398,264,1,-1,-1,-1
130,1835,707,217,196,163,1,-1,-1,-1
130,1829,1206,444,400,265,1,-1,-1,-1
131,1835,710,218,198,163,1,-1,-1,-1
131,1829,1217,445,402,268,1,-1,-1,-1
132,1835,714,218,199,164,1,-1,-1,-1
132,1829,1234,451,406,270,1,-1,-1,-1
133,1835,717,219,200,164,1,-1,-1,-1
133,1829,1249,456,412,272,1,-1,-1,-1
134,1835,721,220,201,165,1,-1,-1,-1
134,1829,1259,459,420,275,1,-1,-1,-1
135,1835,724,222,202,165,1,-1,-1,-1
135,1829,1269,460,426,277,1,-1,-1,-1
136,1835,728,224,203,166,1,-1,-1,-1
136,1829,1280,462,434,279,1,-1,-1,-1
137,1835,733,226,204,166,1,-1,-1,-1
137,1829,1289,465,441,281,1,-1,-1,-1
138,1835,738,228,206,167,1,-1,-1,-1
138,1829,1292,464,446,283,1,-1,-1,-1
139,1835,743,229,207,168,1,-1,-1,-1
139,1829,1303,466,451,285,1,-1,-1,-1
140,1835,749,230,209,168,1,-1,-1,-1
140,1829,1304,466,453,288,1,-1,-1,-1
141,1836,1241,351,399,182,1,-1,-1,-1
141,1835,755,231,210,169,1,-1,-1,-1
141,1829,1311,471,454,289,1,-1,-1,-1
142,1836,1241,349,400,182,1,-1,-1,-1
142,1835,759,232,210,170,1,-1,-1,-1
142,1829,1321,472,455,290,1,-1,-1,-1
143,1836,1241,348,401,183,1,-1,-1,-1
143,1835,765,232,211,171,1,-1,-1,-1
143,1829,1331,473,456,291,1,-1,-1,-1
144,1836,1235,346,401,182,1,-1,-1,-1
144,1835,771,233,212,172,1,-1,-1,-1
144,1829,1342,475,459,293,1,-1,-1,-1
145,1836,1231,346,400,181,1,-1,-1,-1
145,1835,777,234,214,174,1,-1,-1,-1
145,1829,1350,476,462,295,1,-1,-1,-1
146,1836,1230,345,400,180,1,-1,-1,-1
146,1835,782,234,215,175,1,-1,-1,-1
146,1829,1357,478,465,298,1,-1,-1,-1
147,1836,1228,347,400,179,1,-1,-1,-1
147,1835,785,234,217,177,1,-1,-1,-1
147,1829,1362,483,468,300,1,-1,-1,-1
148,1836,1229,351,396,178,1,-1,-1,-1
148,1835,790,235,218,178,1,-1,-1,-1
148,1829,1371,484,469,303,1,-1,-1,-1
149,1836,1255,352,413,182,1,-1,-1,-1
149,1835,794,235,220,180,1,-1,-1,-1
149,1829,1379,485,471,305,1,-1,-1,-1
150,1836,1259,353,432,186,1,-1,-1,-1
150,1835,797,235,221,181,1,-1,-1,-1
150,1829,1388,486,473,308,1,-1,-1,-1
151,1836,1244,356,443,190,1,-1,-1,-1
151,1835,800,235,223,182,1,-1,-1,-1
151,1829,1396,487,476,310,1,-1,-1,-1
152,1836,1231,358,446,193,1,-1,-1,-1
152,1835,803,235,224,183,1,-1,-1,-1
152,1829,1406,489,479,312,1,-1,-1,-1
153,1836,1221,359,443,195,1,-1,-1,-1
153,1835,806,236,225,183,1,-1,-1,-1
153,1829,1414,491,482,314,1,-1,-1,-1
154,1836,1215,358,434,196,1,-1,-1,-1
154,1835,809,237,227,184,1,-1,-1,-1
154,1829,1421,494,486,316,1,-1,-1,-1
155,1836,1213,358,424,198,1,-1,-1,-1
155,1835,811,238,228,184,1,-1,-1,-1
155,1829,1425,495,491,318,1,-1,-1,-1
156,1836,1222,355,418,200,1,-1,-1,-1
156,1835,813,239,229,184,1,-1,-1,-1
156,1829,1429,496,493,320,1,-1,-1,-1
157,1836,1228,356,415,202,1,-1,-1,-1
157,1835,815,240,230,184,1,-1,-1,-1
157,1829,1432,496,495,322,1,-1,-1,-1
158,1836,1233,356,412,204,1,-1,-1,-1
158,1835,817,240,232,184,1,-1,-1,-1
158,1829,1434,498,496,324,1,-1,-1,-1
159,1836,1237,357,409,206,1,-1,-1,-1
159,1835,818,240,233,184,1,-1,-1,-1
159,1829,1438,500,495,326,1,-1,-1,-1
160,1837,601,285,191,155,1,-1,-1,-1
160,1836,1238,357,407,207,1,-1,-1,-1
160,1835,821,241,233,185,1,-1,-1,-1
160,1829,1445,502,492,328,1,-1,-1,-1
161,1837,609,288,197,159,1,-1,-1,-1
161,1836,1238,357,405,208,1,-1,-1,-1
161,1835,823,241,234,185,1,-1,-1,-1
161,1829,1451,505,489,329,1,-1,-1,-1
162,1837,616,293,201,162,1,-1,-1,-1
162,1836,1241,358,403,209,1,-1,-1,-1
162,1835,824,241,234,185,1,-1,-1,-1
162,1829,1457,509,484,330,1,-1,-1,-1
163,1837,626,298,203,162,1,-1,-1,-1
163,1836,1245,359,402,210,1,-1,-1,-1
163,1835,825,241,235,186,1,-1,-1,-1
163,1829,1460,509,480,331,1,-1,-1,-1
164,1837,633,302,205,163,1,-1,-1,-1
164,1836,1256,360,401,211,1,-1,-1,-1
164,1835,825,241,235,186,1,-1,-1,-1
164,1829,1463,510,475,331,1,-1,-1,-1
165,1837,647,305,208,164,1,-1,-1,-1
165,1836,1264,360,399,213,1,-1,-1,-1
165,1835,825,241,236,187,1,-1,-1,-1
165,1829,1468,513,471,332,1,-1,-1,-1
166,1837,658,308,210,165,1,-1,-1,-1
166,1836,1269,361,397,214,1,-1,-1,-1
166,1835,825,241,236,187,1,-1,-1,-1
166,1829,1473,515,465,333,1,-1,-1,-1
167,1837,667,312,212,165,1,-1,-1,-1
167,1836,1271,361,394,215,1,-1,-1,-1
167,1835,825,241,237,188,1,-1,-1,-1
167,1829,1478,515,460,334,1,-1,-1,-1
168,1837,676,316,215,166,1,-1,-1,-1
168,1836,1271,361,393,216,1,-1,-1,-1
168,1835,825,241,238,188,1,-1,-1,-1
168,1829,1482,514,455,335,1,-1,-1,-1
169,1837,685,318,218,167,1,-1,-1,-1
169,1836,1279,362,393,218,1,-1,-1,-1
169,1835,827,242,239,189,1,-1,-1,-1
170,1837,697,323,222,169,1,-1,-1,-1
170,1836,1286,364,393,219,1,-1,-1,-1
170,1835,827,242,240,189,1,-1,-1,-1
171,1837,710,327,225,171,1,-1,-1,-1
171,1836,1291,364,393,220,1,-1,-1,-1
171,1835,827,243,240,189,1,-1,-1,-1
172,1837,720,329,229,172,1,-1,-1,-1
172,1836,1301,364,394,222,1,-1,-1,-1
172,1835,828,244,241,189,1,-1,-1,-1
173,1837,729,331,232,174,1,-1,-1,-1
173,1836,1308,366,394,223,1,-1,-1,-1
173,1835,829,244,241,189,1,-1,-1,-1
174,1837,741,334,237,176,1,-1,-1,-1
174,1836,1315,367,395,223,1,-1,-1,-1
174,1835,830,244,241,189,1,-1,-1,-1
175,1837,751,336,241,178,1,-1,-1,-1
175,1836,1323,366,397,224,1,-1,-1,-1
175,1835,828,243,241,190,1,-1,-1,-1
176,1837,762,339,246,180,1,-1,-1,-1
176,1836,1332,368,400,225,1,-1,-1,-1
176,1835,826,247,242,191,1,-1,-1,-1
177,1837,772,341,250,182,1,-1,-1,-1
177,1836,1338,369,403,226,1,-1,-1,-1
177,1835,825,251,242,192,1,-1,-1,-1
178,1837,784,344,254,183,1,-1,-1,-1
178,1836,1344,372,406,227,1,-1,-1,-1
178,1835,829,251,241,193,1,-1,-1,-1
179,1837,797,348,257,185,1,-1,-1,-1
179,1836,1353,373,409,227,1,-1,-1,-1
179,1835,832,254,241,195,1,-1,-1,-1
180,1837,809,351,261,186,1,-1,-1,-1
180,1836,1362,376,414,229,1,-1,-1,-1
180,1835,836,249,240,196,1,-1,-1,-1
181,1838,1202,280,211,114,1,-1,-1,-1
181,1837,822,354,265,188,1,-1,-1,-1
181,1836,1369,380,419,231,1,-1,-1,-1
181,1835,839,243,238,195,1,-1,-1,-1
182,1838,1181,277,204,112,1,-1,-1,-1
182,1837,833,358,268,190,1,-1,-1,-1
182,1836,1376,381,424,232,1,-1,-1,-1
182,1835,841,240,237,194,1,-1,-1,-1
183,1838,1160,273,199,110,1,-1,-1,-1
183,1837,846,362,272,192,1,-1,-1,-1
183,1836,1384,382,427,234,1,-1,-1,-1
183,1835,844,239,236,191,1,-1,-1,-1
184,1838,1139,268,194,109,1,-1,-1,-1
184,1837,857,363,276,195,1,-1,-1,-1
184,1836,1390,384,430,234,1,-1,-1,-1
184,1835,847,238,235,188,1,-1,-1,-1
185,1838,1118,264,190,107,1,-1,-1,-1
185,1837,868,366,280,198,1,-1,-1,-1
185,1836,1394,385,432,235,1,-1,-1,-1
185,1835,847,238,235,185,1,-1,-1,-1
186,1838,1099,260,185,106,1,-1,-1,-1
186,1837,881,370,283,201,1,-1,-1,-1
186,1836,1402,388,434,236,1,-1,-1,-1
186,1835,850,239,234,182,1,-1,-1,-1
187,1838,1080,256,180,105,1,-1,-1,-1
187,1837,895,374,287,204,1,-1,-1,-1
187,1836,1409,389,436,237,1,-1,-1,-1
187,1835,852,241,234,180,1,-1,-1,-1
188,1838,1058,252,176,104,1,-1,-1,-1
188,1837,908,379,291,208,1,-1,-1,-1
188,1836,1416,391,439,238,1,-1,-1,-1
188,1835,851,241,235,177,1,-1,-1,-1
189,1838,1040,248,173,103,1,-1,-1,-1
189,1837,924,384,296,211,1,-1,-1,-1
189,1836,1422,391,441,239,1,-1,-1,-1
189,1835,851,243,236,176,1,-1,-1,-1
190,1838,1023,245,170,102,1,-1,-1,-1
190,1837,936,390,301,214,1,-1,-1,-1
190,1836,1428,392,443,240,1,-1,-1,-1
190,1835,850,246,238,176,1,-1,-1,-1
191,1837,949,394,308,216,1,-1,-1,-1
191,1836,1434,393,445,241,1,-1,-1,-1
191,1835,849,248,239,177,1,-1,-1,-1
192,1837,966,397,314,219,1,-1,-1,-1
192,1836,1440,394,447,241,1,-1,-1,-1
192,1835,848,250,240,178,1,-1,-1,-1
193,1837,979,401,321,222,1,-1,-1,-1
193,1836,1442,393,449,242,1,-1,-1,-1
193,1835,851,251,241,179,1,-1,-1,-1
194,1837,991,404,327,225,1,-1,-1,-1
194,1836,1448,394,451,243,1,-1,-1,-1
194,1835,854,251,242,181,1,-1,-1,-1
195,1837,1002,406,331,227,1,-1,-1,-1
195,1836,1453,396,452,244,1,-1,-1,-1
195,1835,855,251,243,182,1,-1,-1,-1
196,1837,1012,408,335,229,1,-1,-1,-1
196,1836,1457,397,454,245,1,-1,-1,-1
196,1835,855,250,244,184,1,-1,-1,-1
197,1837,1025,410,338,231,1,-1,-1,-1
197,1836,1459,398,456,247,1,-1,-1,-1
197,1835,855,250,245,186,1,-1,-1,-1
198,1837,1039,415,342,233,1,-1,-1,-1
198,1836,1463,398,456,248,1,-1,-1,-1
198,1835,855,250,246,188,1,-1,-1,-1
199,1837,1053,418,348,236,1,-1,-1,-1
199,1836,1466,397,457,249,1,-1,-1,-1
199,1835,859,249,248,190,1,-1,-1,-1
200,1837,1064,419,353,239,1,-1,-1,-1
200,1836,1469,399,457,250,1,-1,-1,-1
200,1835,862,249,249,192,1,-1,-1,-1
201,1837,1079,424,357,241,1,-1,-1,-1
201,1836,1470,400,456,251,1,-1,-1,-1
201,1835,863,249,250,193,1,-1,-1,-1
202,1837,1093,430,363,244,1,-1,-1,-1
202,1836,1471,399,456,252,1,-1,-1,-1
202,1835,863,248,251,194,1,-1,-1,-1
203,1837,1103,431,368,247,1,-1,-1,-1
203,1836,1473,399,455,253,1,-1,-1,-1
203,1835,863,248,252,194,1,-1,-1,-1
204,1837,1114,433,372,249,1,-1,-1,-1
204,1836,1479,399,453,254,1,-1,-1,-1
204,1835,865,248,253,195,1,-1,-1,-1
205,1837,1128,437,377,251,1,-1,-1,-1
205,1836,1482,399,450,255,1,-1,-1,-1
205,1835,866,249,254,195,1,-1,-1,-1
206,1837,1143,440,383,253,1,-1,-1,-1
206,1836,1485,399,447,256,1,-1,-1,-1
206,1835,869,249,254,196,1,-1,-1,-1
207,1837,1151,442,388,256,1,-1,-1,-1
207,1836,1488,399,444,257,1,-1,-1,-1
207,1835,872,250,255,196,1,-1,-1,-1
208,1837,1164,445,394,258,1,-1,-1,-1
208,1836,1494,402,440,258,1,-1,-1,-1
208,1835,875,250,256,197,1,-1,-1,-1
209,1839,365,193,127,102,1,-1,-1,-1
209,1837,1175,447,400,261,1,-1,-1,-1
209,1836,1498,404,436,259,1,-1,-1,-1
209,1835,879,251,256,199,1,-1,-1,-1
210,1839,367,195,130,104,1,-1,-1,-1
210,1837,1188,450,406,264,1,-1,-1,-1
210,1836,1504,406,431,260,1,-1,-1,-1
210,1835,882,252,257,200,1,-1,-1,-1
211,1839,373,197,132,105,1,-1,-1,-1
211,1837,1203,455,412,266,1,-1,-1,-1
211,1836,1510,407,426,261,1,-1,-1,-1
211,1835,885,252,257,201,1,-1,-1,-1
212,1839,380,200,134,107,1,-1,-1,-1
212,1837,1215,460,417,268,1,-1,-1,-1
212,1835,889,252,258,202,1,-1,-1,-1
213,1839,386,202,136,108,1,-1,-1,-1
213,1837,1229,464,424,271,1,-1,-1,-1
213,1835,893,253,258,203,1,-1,-1,-1
214,1839,392,203,138,109,1,-1,-1,-1
214,1837,1243,467,430,273,1,-1,-1,-1
214,1835,900,254,259,204,1,-1,-1,-1
215,1839,400,205,140,111,1,-1,-1,-1
215,1837,1249,467,435,276,1,-1,-1,-1
215,1835,904,255,260,205,1,-1,-1,-1
216,1839,408,207,143,112,1,-1,-1,-1
216,1837,1256,466,438,278,1,-1,-1,-1
216,1835,908,256,261,205,1,-1,-1,-1
217,1839,414,210,144,114,1,-1,-1,-1
217,1837,1263,467,442,281,1,-1,-1,-1
217,1835,911,256,262,206,1,-1,-1,-1
218,1839,420,213,146,115,1,-1,-1,-1
218,1837,1276,467,444,284,1,-1,-1,-1
218,1835,916,257,262,207,1,-1,-1,-1
219,1839,427,215,148,117,1,-1,-1,-1
219,1837,1290,469,447,286,1,-1,-1,-1
219,1835,920,257,263,207,1,-1,-1,-1
220,1839,434,217,150,118,1,-1,-1,-1
220,1837,1303,470,449,289,1,-1,-1,-1
220,1835,924,258,264,208,1,-1,-1,-1
221,1839,442,220,152,119,1,-1,-1,-1
221,1837,1312,475,452,292,1,-1,-1,-1
221,1835,928,259,265,209,1,-1,-1,-1
222,1839,452,223,155,121,1,-1,-1,-1
222,1837,1324,478,455,294,1,-1,-1,-1
222,1835,932,260,266,210,1,-1,-1,-1
223,1839,458,225,158,123,1,-1,-1,-1
223,1837,1336,481,459,297,1,-1,-1,-1
223,1835,936,259,268,211,1,-1,-1,-1
224,1839,464,228,159,124,1,-1,-1,-1
224,1837,1347,482,464,300,1,-1,-1,-1
224,1835,941,260,270,212,1,-1,-1,-1
225,1839,468,231,160,126,1,-1,-1,-1
225,1837,1360,484,468,303,1,-1,-1,-1
225,1835,947,261,272,213,1,-1,-1,-1
226,1839,475,234,162,128,1,-1,-1,-1
226,1837,1374,491,474,305,1,-1,-1,-1
226,1835,950,261,273,213,1,-1,-1,-1
227,1839,484,237,164,129,1,-1,-1,-1
227,1837,1385,497,479,306,1,-1,-1,-1
227,1835,954,263,275,214,1,-1,-1,-1
228,1839,494,240,166,131,1,-1,-1,-1
228,1837,1394,500,485,308,1,-1,-1,-1
228,1835,956,262,277,215,1,-1,-1,-1
229,1839,502,244,169,133,1,-1,-1,-1
229,1837,1404,500,490,311,1,-1,-1,-1
229,1835,959,263,278,215,1,-1,-1,-1
230,1839,507,246,171,134,1,-1,-1,-1
230,1837,1415,500,493,314,1,-1,-1,-1
230,1835,961,262,280,216,1,-1,-1,-1
231,1839,521,250,174,136,1,-1,-1,-1
231,1837,1425,501,496,317,1,-1,-1,-1
231,1835,964,262,281,217,1,-1,-1,-1
232,1839,535,255,177,138,1,-1,-1,-1
232,1837,1433,506,498,319,1,-1,-1,-1
232,1835,967,263,282,218,1,-1,-1,-1
233,1839,549,260,182,140,1,-1,-1,-1
233,1837,1440,511,497,322,1,-1,-1,-1
233,1835,969,262,283,220,1,-1,-1,-1
234,1839,560,263,186,142,1,-1,-1,-1
234,1837,1445,513,496,324,1,-1,-1,-1
234,1835,972,261,285,221,1,-1,-1,-1
235,1839,572,266,191,145,1,-1,-1,-1
235,1837,1449,513,494,327,1,-1,-1,-1
235,1835,975,261,287,222,1,-1,-1,-1
236,1839,584,269,195,148,1,-1,-1,-1
236,1837,1456,516,489,328,1,-1,-1,-1
236,1835,980,263,288,223,1,-1,-1,-1
237,1839,599,272,199,150,1,-1,-1,-1
237,1837,1462,514,485,331,1,-1,-1,-1
237,1835,985,266,289,223,1,-1,-1,-1
238,1839,611,277,203,153,1,-1,-1,-1
238,1837,1468,515,479,334,1,-1,-1,-1
238,1835,989,267,291,223,1,-1,-1,-1
239,1839,620,283,208,155,1,-1,-1,-1
239,1837,1475,517,473,336,1,-1,-1,-1
239,1835,988,267,292,223,1,-1,-1,-1
240,1839,631,287,212,157,1,-1,-1,-1
240,1837,1481,516,466,339,1,-1,-1,-1
240,1835,988,268,293,222,1,-1,-1,-1
241,1839,649,290,215,160,1,-1,-1,-1
241,1835,989,270,294,221,1,-1,-1,-1
242,1839,665,294,218,162,1,-1,-1,-1
242,1835,993,272,295,221,1,-1,-1,-1
243,1839,674,297,222,164,1,-1,-1,-1
243,1835,996,272,296,221,1,-1,-1,-1
244,1839,683,301,227,167,1,-1,-1,-1
244,1835,998,272,297,222,1,-1,-1,-1
245,1839,693,304,232,169,1,-1,-1,-1
245,1835,999,272,298,221,1,-1,-1,-1
246,1839,704,306,238,172,1,-1,-1,-1
246,1835,1001,272,299,221,1,-1,-1,-1
247,1839,716,310,244,175,1,-1,-1,-1
247,1835,1003,272,300,221,1,-1,-1,-1
248,1839,729,315,251,179,1,-1,-1,-1
248,1835,1005,272,302,222,1,-1,-1,-1
249,1839,741,319,259,183,1,-1,-1,-1
249,1835,1008,272,303,222,1,-1,-1,-1
250,1839,752,322,267,186,1,-1,-1,-1
250,1835,1010,272,305,223,1,-1,-1,-1
251,1839,765,324,274,190,1,-1,-1,-1
251,1835,1013,272,306,224,1,-1,-1,-1
252,1839,778,327,280,193,1,-1,-1,-1
252,1835,1015,272,307,224,1,-1,-1,-1
253,1839,790,329,286,196,1,-1,-1,-1
253,1835,1021,272,307,226,1,-1,-1,-1
254,1839,805,330,293,198,1,-1,-1,-1
254,1835,1026,274,307,227,1,-1,-1,-1
255,1839,818,335,298,201,1,-1,-1,-1
255,1835,1030,275,307,228,1,-1,-1,-1
256,1839,835,342,305,205,1,-1,-1,-1
256,1835,1036,278,307,229,1,-1,-1,-1
257,1839,852,347,312,208,1,-1,-1,-1
257,1835,1042,279,308,231,1,-1,-1,-1
258,1839,870,352,319,212,1,-1,-1,-1
259,1839,886,356,326,216,1,-1,-1,-1
260,1839,902,359,333,219,1,-1,-1,-1
261,1839,915,363,340,222,1,-1,-1,-1
262,1839,931,366,348,226,1,-1,-1,-1
263,1839,949,372,356,230,1,-1,-1,-1
264,1839,965,379,365,234,1,-1,-1,-1
265,1839,981,384,371,238,1,-1,-1,-1
266,1839,999,387,378,242,1,-1,-1,-1
267,1839,1012,390,385,246,1,-1,-1,-1
268,1839,1025,393,392,249,1,-1,-1,-1
269,1839,1040,397,399,252,1,-1,-1,-1
270,1839,1056,398,407,255,1,-1,-1,-1
271,1839,1073,402,414,259,1,-1,-1,-1
272,1839,1090,402,420,263,1,-1,-1,-1
273,1839,1111,410,427,266,1,-1,-1,-1
274,1839,1129,416,434,270,1,-1,-1,-1
275,1839,1141,420,440,273,1,-1,-1,-1
276,1839,1152,422,446,277,1,-1,-1,-1
277,1839,1164,424,452,279,1,-1,-1,-1
278,1839,1176,427,459,282,1,-1,-1,-1
279,1839,1190,431,468,284,1,-1,-1,-1
280,1839,1204,434,477,286,1,-1,-1,-1
281,1839,1216,438,486,289,1,-1,-1,-1
282,1839,1227,443,494,292,1,-1,-1,-1
283,1839,1239,447,501,295,1,-1,-1,-1
284,1839,1251,450,507,299,1,-1,-1,-1
285,1839,1264,453,513,303,1,-1,-1,-1
286,1840,1149,285,364,245,1,-1,-1,-1
286,1839,1277,456,517,306,1,-1,-1,-1
287,1840,1150,286,369,248,1,-1,-1,-1
287,1839,1291,459,521,309,1,-1,-1,-1
288,1840,1149,286,369,248,1,-1,-1,-1
288,1839,1306,463,525,313,1,-1,-1,-1
289,1840,1155,288,370,247,1,-1,-1,-1
289,1839,1321,466,529,317,1,-1,-1,-1
290,1840,1159,290,371,248,1,-1,-1,-1
290,1839,1339,468,536,321,1,-1,-1,-1
291,1840,1164,292,372,249,1,-1,-1,-1
291,1839,1352,472,540,325,1,-1,-1,-1
292,1840,1166,294,374,251,1,-1,-1,-1
292,1839,1364,474,543,330,1,-1,-1,-1
293,1841,947,235,175,104,1,-1,-1,-1
293,1840,1166,294,375,253,1,-1,-1,-1
293,1839,1376,480,546,334,1,-1,-1,-1
294,1841,930,234,168,101,1,-1,-1,-1
294,1840,1161,294,376,255,1,-1,-1,-1
294,1839,1389,485,547,338,1,-1,-1,-1
295,1841,916,231,163,99,1,-1,-1,-1
295,1840,1164,294,377,257,1,-1,-1,-1
295,1839,1401,487,545,342,1,-1,-1,-1
296,1841,898,228,160,98,1,-1,-1,-1
296,1840,1162,293,376,258,1,-1,-1,-1
296,1839,1411,489,541,346,1,-1,-1,-1
297,1841,883,224,158,98,1,-1,-1,-1
297,1840,1161,292,375,259,1,-1,-1,-1
297,1839,1421,490,535,349,1,-1,-1,-1
298,1841,870,221,156,97,1,-1,-1,-1
298,1840,1163,290,374,260,1,-1,-1,-1
299,1841,857,218,153,97,1,-1,-1,-1
299,1840,1166,290,373,261,1,-1,-1,-1
300,1841,844,216,149,96,1,-1,-1,-1
300,1840,1168,291,373,262,1,-1,-1,-1
301,1841,832,215,146,95,1,-1,-1,-1
301,1840,1172,291,372,263,1,-1,-1,-1
302,1841,819,213,143,94,1,-1,-1,-1
302,1840,1175,290,371,263,1,-1,-1,-1
303,1841,807,211,141,93,1,-1,-1,-1
303,1840,1178,292,371,264,1,-1,-1,-1
304,1841,795,209,138,92,1,-1,-1,-1
304,1840,1185,291,372,264,1,-1,-1,-1
305,1841,785,206,135,90,1,-1,-1,-1
305,1840,1191,292,374,265,1,-1,-1,-1
306,1841,774,204,132,89,1,-1,-1,-1
306,1840,1194,292,376,266,1,-1,-1,-1
307,1841,764,203,130,88,1,-1,-1,-1
307,1840,1194,292,378,266,1,-1,-1,-1
308,1841,754,201,127,87,1,-1,-1,-1
308,1840,1194,292,380,266,1,-1,-1,-1
309,1841,745,199,126,87,1,-1,-1,-1
309,1840,1194,292,381,266,1,-1,-1,-1
310,1841,735,197,124,86,1,-1,-1,-1
310,1840,1194,291,382,267,1,-1,-1,-1
311,1841,726,196,122,85,1,-1,-1,-1
311,1840,1195,291,383,267,1,-1,-1,-1
312,1841,717,194,121,85,1,-1,-1,-1
312,1840,1197,292,383,268,1,-1,-1,-1
313,1841,707,192,120,85,1,-1,-1,-1
313,1840,1198,292,384,268,1,-1,-1,-1
314,1841,697,189,119,84,1,-1,-1,-1
314,1840,1200,295,384,268,1,-1,-1,-1
315,1841,688,186,119,84,1,-1,-1,-1
315,1840,1199,296,384,268,1,-1,-1,-1
316,1841,679,183,118,84,1,-1,-1,-1
316,1840,1200,297,384,269,1,-1,-1,-1
317,1841,671,182,117,84,1,-1,-1,-1
317,1840,1201,297,384,270,1,-1,-1,-1
318,1841,663,181,115,83,1,-1,-1,-1
318,1840,1202,297,385,270,1,-1,-1,-1
319,1841,655,181,114,83,1,-1,-1,-1
319,1840,1205,298,386,270,1,-1,-1,-1
320,1841,649,179,112,82,1,-1,-1,-1
320,1840,1209,298,388,271,1,-1,-1,-1
321,1841,644,179,110,81,1,-1,-1,-1
321,1840,1213,299,389,271,1,-1,-1,-1
322,1840,1223,298,391,272,1,-1,-1,-1
323,1840,1230,300,392,272,1,-1,-1,-1
324,1840,1234,300,392,273,1,-1,-1,-1
325,1840,1238,299,392,274,1,-1,-1,-1
326,1840,1248,302,393,276,1,-1,-1,-1
327,1840,1256,304,395,277,1,-1,-1,-1
328,1840,1265,306,396,279,1,-1,-1,-1
329,1840,1276,308,398,280,1,-1,-1,-1
330,1840,1288,310,401,281,1,-1,-1,-1
331,1840,1296,311,404,283,1,-1,-1,-1
332,1840,1301,311,406,285,1,-1,-1,-1
333,1840,1315,313,408,287,1,-1,-1,-1
334,1840,1333,315,412,290,1,-1,-1,-1
335,1840,1346,317,418,292,1,-1,-1,-1
336,1840,1363,319,426,295,1,-1,-1,-1
337,1840,1378,321,434,297,1,-1,-1,-1
338,1840,1387,322,442,300,1,-1,-1,-1
339,1840,1396,322,446,302,1,-1,-1,-1
340,1840,1408,325,449,304,1,-1,-1,-1
341,1840,1417,326,450,307,1,-1,-1,-1
342,1840,1431,329,453,310,1,-1,-1,-1
343,1840,1436,326,455,314,1,-1,-1,-1
344,1840,1449,329,458,318,1,-1,-1,-1
345,1840,1455,328,462,322,1,-1,-1,-1
346,1840,1460,330,464,324,1,-1,-1,-1
347,1840,1465,330,465,325,1,-1,-1,-1
348,1840,1467,329,465,326,1,-1,-1,-1
349,1840,1469,327,465,327,1,-1,-1,-1
350,1842,641,291,174,137,1,-1,-1,-1
350,1840,1471,327,464,329,1,-1,-1,-1
351,1842,655,297,175,138,1,-1,-1,-1
351,1840,1472,325,462,331,1,-1,-1,-1
352,1843,1203,280,222,126,1,-1,-1,-1
352,1842,667,302,178,140,1,-1,-1,-1
353,1843,1182,277,215,122,1,-1,-1,-1
353,1842,679,305,181,142,1,-1,-1,-1
354,1843,1161,273,208,119,1,-1,-1,-1
354,1842,691,309,184,144,1,-1,-1,-1
355,1843,1142,271,202,116,1,-1,-1,-1
355,1842,707,314,190,147,1,-1,-1,-1
356,1843,1119,266,197,114,1,-1,-1,-1
356,1842,722,318,196,150,1,-1,-1,-1
357,1843,1101,263,192,112,1,-1,-1,-1
357,1842,732,324,201,152,1,-1,-1,-1
358,1843,1083,259,188,110,1,-1,-1,-1
358,1842,744,330,207,154,1,-1,-1,-1
359,1843,1063,254,184,109,1,-1,-1,-1
359,1842,755,336,212,155,1,-1,-1,-1
360,1843,1038,250,181,108,1,-1,-1,-1
360,1842,770,341,216,157,1,-1,-1,-1
361,1843,1020,246,178,107,1,-1,-1,-1
361,1842,783,346,221,159,1,-1,-1,-1
362,1843,1001,242,175,106,1,-1,-1,-1
362,1842,794,350,226,161,1,-1,-1,-1
363,1843,983,240,172,105,1,-1,-1,-1
363,1842,813,354,231,163,1,-1,-1,-1
364,1843,970,238,169,104,1,-1,-1,-1
364,1842,829,359,236,164,1,-1,-1,-1
365,1843,956,235,166,103,1,-1,-1,-1
365,1842,847,363,242,166,1,-1,-1,-1
366,1843,942,232,163,102,1,-1,-1,-1
366,1842,866,368,248,169,1,-1,-1,-1
367,1843,924,229,161,101,1,-1,-1,-1
367,1842,881,373,255,172,1,-1,-1,-1
368,1844,1278,250,296,180,1,-1,-1,-1
368,1843,912,226,158,100,1,-1,-1,-1
368,1842,899,381,262,175,1,-1,-1,-1
369,1844,1249,243,298,181,1,-1,-1,-1
369,1843,898,224,156,100,1,-1,-1,-1
369,1842,915,387,270,178,1,-1,-1,-1
370,1844,1229,235,300,182,1,-1,-1,-1
370,1843,883,221,154,98,1,-1,-1,-1
370,1842,934,393,277,181,1,-1,-1,-1
371,1844,1205,231,298,181,1,-1,-1,-1
371,1843,870,219,151,97,1,-1,-1,-1
371,1842,952,400,285,185,1,-1,-1,-1
372,1844,1181,228,295,180,1,-1,-1,-1
372,1843,856,217,149,96,1,-1,-1,-1
372,1842,973,407,294,189,1,-1,-1,-1
373,1844,1163,225,289,177,1,-1,-1,-1
373,1843,844,215,145,95,1,-1,-1,-1
373,1842,992,414,302,193,1,-1,-1,-1
374,1844,1145,224,282,173,1,-1,-1,-1
374,1843,832,212,142,94,1,-1,-1,-1
374,1842,1012,420,310,197,1,-1,-1,-1
375,1844,1129,222,274,170,1,-1,-1,-1
375,1843,819,211,139,93,1,-1,-1,-1
375,1842,1029,425,318,200,1,-1,-1,-1
376,1844,1111,219,267,166,1,-1,-1,-1
376,1842,1043,429,327,204,1,-1,-1,-1
377,1844,1096,218,260,164,1,-1,-1,-1
377,1842,1064,436,335,208,1,-1,-1,-1
378,1844,1079,215,255,162,1,-1,-1,-1
378,1842,1087,444,343,211,1,-1,-1,-1
379,1844,1063,212,249,160,1,-1,-1,-1
379,1842,1113,452,350,215,1,-1,-1,-1
380,1844,1047,211,245,157,1,-1,-1,-1
380,1842,1135,459,358,218,1,-1,-1,-1
381,1844,1033,212,240,153,1,-1,-1,-1
381,1842,1154,466,366,221,1,-1,-1,-1
382,1844,1021,212,236,149,1,-1,-1,-1
382,1842,1181,473,374,224,1,-1,-1,-1
383,1844,1007,211,231,146,1,-1,-1,-1
383,1842,1208,481,382,228,1,-1,-1,-1
384,1844,993,208,226,143,1,-1,-1,-1
384,1842,1230,488,391,232,1,-1,-1,-1
385,1844,980,207,222,140,1,-1,-1,-1
385,1842,1254,496,398,235,1,-1,-1,-1
386,1844,967,207,218,137,1,-1,-1,-1
386,1842,1278,504,405,239,1,-1,-1,-1
387,1844,954,206,214,134,1,-1,-1,-1
387,1842,1302,511,412,243,1,-1,-1,-1
388,1844,945,207,210,131,1,-1,-1,-1
388,1842,1325,519,419,247,1,-1,-1,-1
389,1844,933,207,206,129,1,-1,-1,-1
389,1842,1349,526,425,250,1,-1,-1,-1
390,1844,921,206,202,126,1,-1,-1,-1
390,1842,1380,535,433,254,1,-1,-1,-1
391,1844,910,206,198,124,1,-1,-1,-1
391,1842,1414,546,442,258,1,-1,-1,-1
392,1844,899,203,194,123,1,-1,-1,-1
392,1842,1445,557,450,262,1,-1,-1,-1
393,1844,887,201,191,121,1,-1,-1,-1
393,1842,1470,566,456,265,1,-1,-1,-1
394,1844,879,198,189,120,1,-1,-1,-1
394,1842,1484,572,459,268,1,-1,-1,-1
395,1844,869,194,187,120,1,-1,-1,-1
395,1842,1501,577,458,273,1,-1,-1,-1
396,1844,861,191,186,120,1,-1,-1,-1
397,1844,849,189,185,119,1,-1,-1,-1
398,1844,839,185,183,120,1,-1,-1,-1
399,1844,833,184,183,120,1,-1,-1,-1
400,1844,823,181,181,120,1,-1,-1,-1
401,1844,811,179,180,121,1,-1,-1,-1
402,1844,803,179,178,120,1,-1,-1,-1
403,1844,794,179,176,120,1,-1,-1,-1
404,1844,785,178,173,119,1,-1,-1,-1
405,1844,778,176,172,118,1,-1,-1,-1
406,1844,770,176,170,117,1,-1,-1,-1
407,1844,764,175,168,116,1,-1,-1,-1
408,1844,757,175,165,115,1,-1,-1,-1
409,1844,753,174,161,113,1,-1,-1,-1
