1,1900,990,0,190,113,1,-1,-1,-1
1,1899,570,555,515,311,1,-1,-1,-1
2,1900,990,0,190,113,1,-1,-1,-1
2,1899,626,568,517,315,1,-1,-1,-1
3,1900,990,0,190,113,1,-1,-1,-1
3,1899,659,580,526,321,1,-1,-1,-1
4,1900,989,0,190,113,1,-1,-1,-1
4,1899,706,596,536,329,1,-1,-1,-1
5,1900,989,0,190,113,1,-1,-1,-1
5,1899,761,615,542,336,1,-1,-1,-1
6,1900,988,0,190,113,1,-1,-1,-1
6,1899,813,635,554,345,1,-1,-1,-1
7,1900,988,0,190,113,1,-1,-1,-1
7,1899,866,652,564,354,1,-1,-1,-1
8,1900,988,0,190,113,1,-1,-1,-1
8,1899,917,670,573,364,1,-1,-1,-1
9,1900,988,0,190,113,1,-1,-1,-1
9,1899,971,686,580,372,1,-1,-1,-1
10,1900,988,0,191,113,1,-1,-1,-1
10,1899,1025,704,581,377,1,-1,-1,-1
11,1900,988,0,191,113,1,-1,-1,-1
11,1899,1083,719,577,377,1,-1,-1,-1
12,1900,988,0,191,113,1,-1,-1,-1
12,1899,1143,733,568,373,1,-1,-1,-1
13,1900,987,0,192,113,1,-1,-1,-1
14,1900,985,0,191,114,1,-1,-1,-1
15,1901,1187,379,330,230,1,-1,-1,-1
15,1900,983,0,191,114,1,-1,-1,-1
16,1901,1171,368,329,229,1,-1,-1,-1
16,1900,982,0,191,114,1,-1,-1,-1
17,1901,1145,360,328,227,1,-1,-1,-1
17,1900,979,0,191,114,1,-1,-1,-1
18,1901,1118,349,331,227,1,-1,-1,-1
18,1900,974,0,191,115,1,-1,-1,-1
19,1901,1091,338,332,226,1,-1,-1,-1
19,1900,973,0,190,115,1,-1,-1,-1
20,1901,1070,328,335,225,1,-1,-1,-1
20,1900,970,0,190,115,1,-1,-1,-1
21,1901,1033,318,335,223,1,-1,-1,-1
21,1900,968,0,190,116,1,-1,-1,-1
22,1901,992,307,338,221,1,-1,-1,-1
22,1900,966,0,190,117,1,-1,-1,-1
23,1901,948,296,338,218,1,-1,-1,-1
23,1900,963,0,191,117,1,-1,-1,-1
24,1901,912,287,337,215,1,-1,-1,-1
24,1900,963,0,192,118,1,-1,-1,-1
25,1901,885,280,335,212,1,-1,-1,-1
25,1900,961,0,193,118,1,-1,-1,-1
26,1901,871,275,333,209,1,-1,-1,-1
26,1900,958,0,194,119,1,-1,-1,-1
27,1901,841,267,329,205,1,-1,-1,-1
27,1900,954,0,196,119,1,-1,-1,-1
28,1901,806,260,326,201,1,-1,-1,-1
28,1900,946,0,198,120,1,-1,-1,-1
29,1901,768,256,321,196,1,-1,-1,-1
29,1900,941,2,201,121,1,-1,-1,-1
30,1901,730,250,316,191,1,-1,-1,-1
30,1900,933,3,203,121,1,-1,-1,-1
31,1901,694,245,310,186,1,-1,-1,-1
31,1900,923,3,207,122,1,-1,-1,-1
32,1901,661,241,306,181,1,-1,-1,-1
32,1900,913,4,211,123,1,-1,-1,-1
33,1901,624,235,302,177,1,-1,-1,-1
33,1900,903,5,216,124,1,-1,-1,-1
34,1900,894,6,220,125,1,-1,-1,-1
35,1900,885,7,224,126,1,-1,-1,-1
36,1900,872,10,228,126,1,-1,-1,-1
37,1900,862,11,231,127,1,-1,-1,-1
38,1900,853,13,234,128,1,-1,-1,-1
39,1900,842,14,238,129,1,-1,-1,-1
40,1902,542,233,289,151,1,-1,-1,-1
40,1900,828,17,242,130,1,-1,-1,-1
41,1902,511,235,288,148,1,-1,-1,-1
41,1900,820,18,246,131,1,-1,-1,-1
42,1900,803,21,249,132,1,-1,-1,-1
43,1900,784,23,252,133,1,-1,-1,-1
44,1900,768,24,255,134,1,-1,-1,-1
45,1900,754,26,259,135,1,-1,-1,-1
46,1900,740,29,264,136,1,-1,-1,-1
47,1900,719,32,268,137,1,-1,-1,-1
48,1900,698,37,271,138,1,-1,-1,-1
49,1900,677,41,273,140,1,-1,-1,-1
50,1900,659,44,275,140,1,-1,-1,-1
51,1900,642,48,277,141,1,-1,-1,-1
52,1900,628,52,278,141,1,-1,-1,-1
53,1903,338,545,443,251,1,-1,-1,-1
53,1900,609,58,279,142,1,-1,-1,-1
54,1903,363,552,447,255,1,-1,-1,-1
54,1900,588,63,280,142,1,-1,-1,-1
55,1903,393,560,454,261,1,-1,-1,-1
55,1900,567,68,281,143,1,-1,-1,-1
56,1903,426,568,464,269,1,-1,-1,-1
56,1900,550,73,282,144,1,-1,-1,-1
57,1903,462,578,475,277,1,-1,-1,-1
57,1900,530,78,282,145,1,-1,-1,-1
58,1903,497,590,485,283,1,-1,-1,-1
58,1900,509,83,283,146,1,-1,-1,-1
59,1903,539,601,495,290,1,-1,-1,-1
59,1900,481,91,283,147,1,-1,-1,-1
60,1903,583,612,505,298,1,-1,-1,-1
60,1900,458,99,284,148,1,-1,-1,-1
61,1903,634,625,516,306,1,-1,-1,-1
61,1900,437,104,284,150,1,-1,-1,-1
62,1903,686,638,527,315,1,-1,-1,-1
62,1900,412,112,284,151,1,-1,-1,-1
63,1903,736,651,540,325,1,-1,-1,-1
63,1900,390,119,284,152,1,-1,-1,-1
64,1904,260,298,301,209,1,-1,-1,-1
64,1903,784,663,555,337,1,-1,-1,-1
64,1900,363,128,284,153,1,-1,-1,-1
65,1904,294,283,306,214,1,-1,-1,-1
65,1903,839,676,566,347,1,-1,-1,-1
65,1900,336,136,283,154,1,-1,-1,-1
66,1904,331,265,310,218,1,-1,-1,-1
66,1903,897,689,573,356,1,-1,-1,-1
66,1900,312,146,282,155,1,-1,-1,-1
67,1904,374,247,314,221,1,-1,-1,-1
67,1903,954,702,579,364,1,-1,-1,-1
67,1900,284,153,282,157,1,-1,-1,-1
68,1904,414,228,321,225,1,-1,-1,-1
68,1903,1012,715,582,369,1,-1,-1,-1
68,1900,256,161,281,160,1,-1,-1,-1
69,1904,458,213,328,228,1,-1,-1,-1
69,1900,228,173,280,161,1,-1,-1,-1
70,1904,511,198,336,228,1,-1,-1,-1
70,1900,207,186,278,162,1,-1,-1,-1
71,1904,558,183,341,228,1,-1,-1,-1
71,1900,180,198,277,163,1,-1,-1,-1
72,1904,604,168,347,227,1,-1,-1,-1
72,1900,154,215,273,163,1,-1,-1,-1
73,1904,651,153,351,225,1,-1,-1,-1
73,1900,130,227,268,163,1,-1,-1,-1
74,1904,696,141,353,222,1,-1,-1,-1
74,1900,114,236,265,163,1,-1,-1,-1
75,1904,738,131,352,217,1,-1,-1,-1
75,1900,93,246,260,163,1,-1,-1,-1
76,1904,778,121,349,212,1,-1,-1,-1
76,1900,71,257,256,165,1,-1,-1,-1
77,1904,819,111,345,207,1,-1,-1,-1
77,1900,51,267,252,166,1,-1,-1,-1
78,1904,863,101,340,202,1,-1,-1,-1
78,1900,33,278,248,169,1,-1,-1,-1
79,1904,907,91,334,196,1,-1,-1,-1
79,1900,12,287,246,172,1,-1,-1,-1
80,1904,947,83,327,190,1,-1,-1,-1
80,1900,-5,298,244,175,1,-1,-1,-1
81,1904,984,75,319,185,1,-1,-1,-1
81,1900,-20,310,241,177,1,-1,-1,-1
82,1904,1013,71,310,178,1,-1,-1,-1
82,1900,-31,319,236,180,1,-1,-1,-1
83,1904,1045,66,299,172,1,-1,-1,-1
84,1904,1074,60,287,165,1,-1,-1,-1
85,1904,1104,53,273,159,1,-1,-1,-1
86,1904,1133,48,259,152,1,-1,-1,-1
87,1904,1155,43,244,145,1,-1,-1,-1
89,1905,1138,353,371,249,1,-1,-1,-1
90,1905,1104,338,372,250,1,-1,-1,-1
91,1905,1068,321,374,250,1,-1,-1,-1
92,1905,1035,306,375,248,1,-1,-1,-1
93,1905,996,291,376,247,1,-1,-1,-1
94,1905,951,275,377,245,1,-1,-1,-1
95,1905,915,263,374,242,1,-1,-1,-1
96,1905,870,253,372,239,1,-1,-1,-1
97,1905,836,244,369,234,1,-1,-1,-1
98,1905,796,236,364,229,1,-1,-1,-1
99,1905,758,228,359,224,1,-1,-1,-1
100,1905,722,221,352,218,1,-1,-1,-1
101,1905,687,215,345,212,1,-1,-1,-1
102,1905,644,209,339,206,1,-1,-1,-1
103,1905,605,204,332,200,1,-1,-1,-1
104,1905,568,200,324,193,1,-1,-1,-1
105,1905,542,200,315,187,1,-1,-1,-1
106,1905,508,199,305,180,1,-1,-1,-1
107,1905,480,203,295,173,1,-1,-1,-1
108,1905,443,206,287,166,1,-1,-1,-1
109,1905,413,212,279,160,1,-1,-1,-1
110,1905,377,218,270,154,1,-1,-1,-1
111,1905,350,225,261,148,1,-1,-1,-1
112,1905,327,231,251,143,1,-1,-1,-1
113,1905,302,236,244,139,1,-1,-1,-1
114,1905,283,243,237,136,1,-1,-1,-1
115,1905,261,249,230,134,1,-1,-1,-1
116,1905,238,256,224,132,1,-1,-1,-1
117,1905,206,268,218,130,1,-1,-1,-1
118,1905,172,277,215,129,1,-1,-1,-1
119,1905,147,286,211,129,1,-1,-1,-1
120,1905,133,294,207,128,1,-1,-1,-1
121,1905,114,303,202,127,1,-1,-1,-1
122,1905,92,314,195,126,1,-1,-1,-1
123,1905,71,324,188,125,1,-1,-1,-1
124,1905,51,336,180,123,1,-1,-1,-1
125,1906,378,298,425,288,1,-1,-1,-1
125,1905,34,345,175,123,1,-1,-1,-1
126,1906,427,282,428,286,1,-1,-1,-1
126,1905,20,353,169,122,1,-1,-1,-1
127,1907,8,442,208,185,1,-1,-1,-1
127,1906,469,267,432,285,1,-1,-1,-1
128,1907,13,439,210,183,1,-1,-1,-1
128,1906,515,253,436,284,1,-1,-1,-1
129,1907,19,435,212,182,1,-1,-1,-1
129,1906,554,239,439,283,1,-1,-1,-1
130,1907,23,434,211,178,1,-1,-1,-1
130,1906,598,225,440,280,1,-1,-1,-1
131,1906,638,213,438,276,1,-1,-1,-1
132,1906,678,202,435,271,1,-1,-1,-1
133,1906,721,191,431,266,1,-1,-1,-1
134,1906,768,181,426,261,1,-1,-1,-1
135,1906,811,170,420,255,1,-1,-1,-1
136,1906,851,161,413,249,1,-1,-1,-1
137,1908,134,363,260,185,1,-1,-1,-1
137,1906,892,151,404,241,1,-1,-1,-1
138,1908,162,351,263,187,1,-1,-1,-1
138,1906,944,142,394,234,1,-1,-1,-1
139,1908,180,338,267,188,1,-1,-1,-1
139,1906,989,132,382,227,1,-1,-1,-1
140,1908,207,324,270,190,1,-1,-1,-1
140,1906,1024,125,369,218,1,-1,-1,-1
141,1908,230,313,272,190,1,-1,-1,-1
141,1906,1063,118,355,210,1,-1,-1,-1
142,1908,262,300,277,191,1,-1,-1,-1
142,1906,1096,113,340,202,1,-1,-1,-1
143,1908,287,288,281,192,1,-1,-1,-1
143,1906,1129,107,323,194,1,-1,-1,-1
144,1908,325,272,286,193,1,-1,-1,-1
144,1906,1157,100,306,185,1,-1,-1,-1
145,1908,364,257,289,192,1,-1,-1,-1
145,1906,1184,96,288,176,1,-1,-1,-1
146,1908,400,242,293,192,1,-1,-1,-1
146,1906,1210,91,268,166,1,-1,-1,-1
147,1908,440,228,296,191,1,-1,-1,-1
147,1906,1236,87,250,157,1,-1,-1,-1
148,1908,480,214,300,191,1,-1,-1,-1
148,1906,1262,81,230,148,1,-1,-1,-1
149,1908,520,201,302,189,1,-1,-1,-1
149,1906,1284,77,211,139,1,-1,-1,-1
150,1908,558,189,304,188,1,-1,-1,-1
150,1906,1305,74,192,130,1,-1,-1,-1
151,1908,596,178,306,185,1,-1,-1,-1
151,1906,1324,70,175,122,1,-1,-1,-1
152,1908,639,164,307,184,1,-1,-1,-1
152,1906,1339,69,158,113,1,-1,-1,-1
153,1908,676,153,308,182,1,-1,-1,-1
153,1906,1354,68,141,105,1,-1,-1,-1
154,1908,720,143,308,179,1,-1,-1,-1
154,1906,1369,65,125,97,1,-1,-1,-1
155,1909,1028,0,165,107,1,-1,-1,-1
155,1908,759,134,306,176,1,-1,-1,-1
155,1906,1381,62,110,88,1,-1,-1,-1
156,1909,1019,0,169,110,1,-1,-1,-1
156,1908,800,126,302,172,1,-1,-1,-1
156,1906,1392,59,96,79,1,-1,-1,-1
157,1909,1013,0,172,112,1,-1,-1,-1
157,1908,842,117,297,169,1,-1,-1,-1
157,1906,1402,57,82,70,1,-1,-1,-1
158,1909,1009,0,174,113,1,-1,-1,-1
158,1908,885,109,292,165,1,-1,-1,-1
159,1909,1007,0,176,114,1,-1,-1,-1
159,1908,923,101,286,161,1,-1,-1,-1
160,1909,1002,0,178,115,1,-1,-1,-1
160,1908,958,95,279,157,1,-1,-1,-1
161,1910,1404,32,81,80,1,-1,-1,-1
161,1909,997,0,180,116,1,-1,-1,-1
161,1908,992,90,273,153,1,-1,-1,-1
162,1910,1406,29,78,76,1,-1,-1,-1
162,1909,992,0,182,116,1,-1,-1,-1
162,1908,1024,85,265,148,1,-1,-1,-1
163,1910,1407,25,75,74,1,-1,-1,-1
163,1909,987,0,184,117,1,-1,-1,-1
163,1908,1052,81,257,144,1,-1,-1,-1
164,1910,1409,21,73,72,1,-1,-1,-1
164,1909,984,0,185,118,1,-1,-1,-1
164,1908,1078,77,248,139,1,-1,-1,-1
165,1910,1410,17,71,70,1,-1,-1,-1
165,1909,980,0,186,119,1,-1,-1,-1
165,1908,1102,72,240,135,1,-1,-1,-1
166,1909,976,0,187,120,1,-1,-1,-1
166,1908,1126,69,230,131,1,-1,-1,-1
167,1909,972,0,188,121,1,-1,-1,-1
167,1908,1146,65,221,127,1,-1,-1,-1
168,1909,969,0,189,121,1,-1,-1,-1
168,1908,1160,60,213,124,1,-1,-1,-1
169,1909,966,0,190,121,1,-1,-1,-1
169,1908,1173,56,205,121,1,-1,-1,-1
170,1909,960,0,192,122,1,-1,-1,-1
170,1908,1188,52,196,118,1,-1,-1,-1
171,1909,952,1,194,122,1,-1,-1,-1
171,1908,1204,49,187,115,1,-1,-1,-1
172,1911,637,319,358,194,1,-1,-1,-1
172,1909,941,2,197,123,1,-1,-1,-1
172,1908,1224,44,178,112,1,-1,-1,-1
173,1909,932,3,200,125,1,-1,-1,-1
173,1908,1240,40,170,109,1,-1,-1,-1
174,1909,922,4,204,126,1,-1,-1,-1
174,1908,1252,37,162,107,1,-1,-1,-1
175,1909,910,6,208,127,1,-1,-1,-1
175,1908,1266,34,154,104,1,-1,-1,-1
176,1909,901,7,212,128,1,-1,-1,-1
176,1908,1278,30,147,102,1,-1,-1,-1
177,1909,891,8,216,129,1,-1,-1,-1
177,1908,1288,27,139,100,1,-1,-1,-1
178,1909,882,8,221,129,1,-1,-1,-1
178,1908,1298,24,132,98,1,-1,-1,-1
179,1909,870,10,225,130,1,-1,-1,-1
179,1908,1306,21,126,96,1,-1,-1,-1
180,1909,858,12,228,131,1,-1,-1,-1
180,1908,1312,18,120,94,1,-1,-1,-1
181,1909,845,15,229,132,1,-1,-1,-1
181,1908,1317,14,114,92,1,-1,-1,-1
182,1909,834,17,231,133,1,-1,-1,-1
182,1908,1322,8,109,91,1,-1,-1,-1
183,1909,816,21,233,134,1,-1,-1,-1
183,1908,1327,6,104,89,1,-1,-1,-1
184,1909,798,24,235,134,1,-1,-1,-1
184,1908,1332,3,100,87,1,-1,-1,-1
185,1913,164,339,147,99,1,-1,-1,-1
185,1909,786,26,238,134,1,-1,-1,-1
186,1913,133,346,145,100,1,-1,-1,-1
186,1909,767,29,240,135,1,-1,-1,-1
187,1913,111,349,146,102,1,-1,-1,-1
187,1909,745,33,243,136,1,-1,-1,-1
188,1913,82,353,150,106,1,-1,-1,-1
188,1909,723,37,245,138,1,-1,-1,-1
189,1913,60,359,152,108,1,-1,-1,-1
189,1909,703,41,247,139,1,-1,-1,-1
190,1913,34,367,152,109,1,-1,-1,-1
190,1909,685,47,250,139,1,-1,-1,-1
191,1909,666,52,253,140,1,-1,-1,-1
192,1909,642,58,255,140,1,-1,-1,-1
193,1909,618,63,258,141,1,-1,-1,-1
194,1909,595,68,259,141,1,-1,-1,-1
195,1909,572,74,259,142,1,-1,-1,-1
196,1909,546,81,261,143,1,-1,-1,-1
197,1909,520,86,262,143,1,-1,-1,-1
198,1909,496,94,263,144,1,-1,-1,-1
199,1909,470,100,263,145,1,-1,-1,-1
200,1909,445,107,263,146,1,-1,-1,-1
201,1909,418,113,262,148,1,-1,-1,-1
202,1909,393,118,260,150,1,-1,-1,-1
203,1909,366,128,258,152,1,-1,-1,-1
204,1909,340,140,255,155,1,-1,-1,-1
205,1909,308,150,253,157,1,-1,-1,-1
206,1909,282,159,250,159,1,-1,-1,-1
207,1909,255,166,246,161,1,-1,-1,-1
208,1909,219,176,244,162,1,-1,-1,-1
