35,2021,368,226,324,267,1,-1,-1,-1
36,2021,356,226,329,270,1,-1,-1,-1
37,2021,341,230,335,274,1,-1,-1,-1
38,2021,328,234,340,277,1,-1,-1,-1
39,2021,316,237,344,279,1,-1,-1,-1
40,2021,302,239,348,281,1,-1,-1,-1
41,2021,288,242,351,283,1,-1,-1,-1
42,2021,278,244,354,285,1,-1,-1,-1
43,2021,263,246,357,288,1,-1,-1,-1
44,2021,251,249,359,291,1,-1,-1,-1
45,2021,239,249,363,295,1,-1,-1,-1
46,2021,226,250,367,300,1,-1,-1,-1
47,2021,214,254,370,303,1,-1,-1,-1
48,2021,198,255,375,308,1,-1,-1,-1
49,2021,182,257,379,312,1,-1,-1,-1
50,2022,1243,406,714,541,1,-1,-1,-1
50,2021,168,261,384,316,1,-1,-1,-1
51,2022,1284,387,677,523,1,-1,-1,-1
51,2021,154,261,388,321,1,-1,-1,-1
52,2022,1323,364,637,504,1,-1,-1,-1
52,2021,138,263,394,326,1,-1,-1,-1
53,2022,1360,346,597,483,1,-1,-1,-1
53,2021,119,266,400,331,1,-1,-1,-1
54,2022,1395,329,558,462,1,-1,-1,-1
54,2021,103,268,406,335,1,-1,-1,-1
55,2022,1426,316,520,442,1,-1,-1,-1
55,2021,79,272,413,340,1,-1,-1,-1
56,2022,1455,302,485,422,1,-1,-1,-1
56,2021,60,273,419,345,1,-1,-1,-1
57,2022,1479,291,453,403,1,-1,-1,-1
57,2021,43,275,426,350,1,-1,-1,-1
58,2022,1501,281,424,384,1,-1,-1,-1
58,2021,25,279,433,355,1,-1,-1,-1
59,2022,1520,273,397,366,1,-1,-1,-1
59,2021,10,283,441,360,1,-1,-1,-1
60,2022,1538,266,373,349,1,-1,-1,-1
60,2021,-3,286,446,366,1,-1,-1,-1
61,2022,1554,260,351,333,1,-1,-1,-1
61,2021,-10,293,451,370,1,-1,-1,-1
62,2022,1568,256,332,319,1,-1,-1,-1
63,2022,1581,250,315,305,1,-1,-1,-1
64,2022,1594,245,297,291,1,-1,-1,-1
65,2022,1604,241,282,278,1,-1,-1,-1
66,2022,1615,238,268,265,1,-1,-1,-1
67,2022,1626,238,256,253,1,-1,-1,-1
68,2022,1633,237,245,243,1,-1,-1,-1
69,2022,1641,236,235,234,1,-1,-1,-1
70,2022,1647,235,226,225,1,-1,-1,-1
71,2022,1651,233,219,218,1,-1,-1,-1
72,2022,1653,233,214,212,1,-1,-1,-1
73,2022,1656,233,209,206,1,-1,-1,-1
74,2022,1657,233,205,200,1,-1,-1,-1
75,2022,1658,233,201,194,1,-1,-1,-1
76,2022,1659,232,197,189,1,-1,-1,-1
77,2025,334,231,356,296,1,-1,-1,-1
77,2022,1658,231,195,185,1,-1,-1,-1
78,2025,324,232,361,300,1,-1,-1,-1
78,2022,1654,229,193,182,1,-1,-1,-1
79,2025,315,234,366,304,1,-1,-1,-1
79,2022,1651,227,191,178,1,-1,-1,-1
80,2025,301,240,369,307,1,-1,-1,-1
80,2022,1648,225,189,175,1,-1,-1,-1
81,2025,284,243,372,309,1,-1,-1,-1
81,2022,1645,223,187,173,1,-1,-1,-1
82,2025,271,245,375,313,1,-1,-1,-1
82,2022,1643,221,184,170,1,-1,-1,-1
83,2025,260,247,380,316,1,-1,-1,-1
83,2022,1639,219,180,166,1,-1,-1,-1
84,2025,250,249,384,320,1,-1,-1,-1
84,2022,1637,217,176,162,1,-1,-1,-1
85,2025,237,251,389,324,1,-1,-1,-1
85,2022,1634,216,174,159,1,-1,-1,-1
86,2025,223,252,393,328,1,-1,-1,-1
86,2022,1630,214,169,155,1,-1,-1,-1
87,2025,210,253,398,333,1,-1,-1,-1
87,2022,1627,213,165,151,1,-1,-1,-1
88,2025,197,256,401,337,1,-1,-1,-1
88,2022,1624,212,162,147,1,-1,-1,-1
89,2025,182,257,407,342,1,-1,-1,-1
89,2022,1621,212,158,143,1,-1,-1,-1
90,2025,168,260,411,345,1,-1,-1,-1
90,2022,1618,211,155,140,1,-1,-1,-1
91,2025,148,262,417,350,1,-1,-1,-1
91,2022,1614,208,151,136,1,-1,-1,-1
92,2025,130,265,423,354,1,-1,-1,-1
92,2022,1611,206,148,133,1,-1,-1,-1
93,2025,113,266,429,358,1,-1,-1,-1
94,2025,100,270,435,361,1,-1,-1,-1
95,2025,86,273,442,364,1,-1,-1,-1
96,2026,1565,175,199,174,1,-1,-1,-1
96,2025,71,276,449,368,1,-1,-1,-1
97,2026,1561,174,197,172,1,-1,-1,-1
97,2025,53,279,456,371,1,-1,-1,-1
98,2026,1558,172,194,169,1,-1,-1,-1
98,2025,35,283,462,376,1,-1,-1,-1
99,2026,1553,172,191,168,1,-1,-1,-1
99,2025,19,283,467,381,1,-1,-1,-1
100,2026,1550,172,189,166,1,-1,-1,-1
100,2025,5,285,472,387,1,-1,-1,-1
101,2026,1547,172,187,163,1,-1,-1,-1
101,2025,-6,289,476,392,1,-1,-1,-1
102,2026,1543,171,184,160,1,-1,-1,-1
102,2025,-15,293,478,398,1,-1,-1,-1
103,2026,1538,170,182,158,1,-1,-1,-1
103,2025,-19,297,480,404,1,-1,-1,-1
104,2026,1534,170,179,155,1,-1,-1,-1
104,2025,-22,301,480,411,1,-1,-1,-1
105,2026,1532,169,177,153,1,-1,-1,-1
106,2026,1531,170,174,150,1,-1,-1,-1
107,2026,1529,170,172,147,1,-1,-1,-1
108,2026,1525,171,169,145,1,-1,-1,-1
109,2026,1522,171,167,142,1,-1,-1,-1
110,2026,1518,172,165,140,1,-1,-1,-1
111,2026,1517,171,163,138,1,-1,-1,-1
112,2026,1515,172,161,136,1,-1,-1,-1
113,2026,1513,173,159,134,1,-1,-1,-1
114,2026,1509,174,157,132,1,-1,-1,-1
115,2026,1506,174,156,131,1,-1,-1,-1
116,2026,1503,174,154,129,1,-1,-1,-1
117,2026,1501,174,153,127,1,-1,-1,-1
118,2026,1498,175,151,126,1,-1,-1,-1
119,2026,1496,176,149,124,1,-1,-1,-1
120,2026,1494,176,147,123,1,-1,-1,-1
121,2026,1492,177,146,121,1,-1,-1,-1
122,2026,1490,177,143,120,1,-1,-1,-1
123,2026,1487,178,141,119,1,-1,-1,-1
124,2026,1485,177,139,118,1,-1,-1,-1
125,2026,1481,177,138,117,1,-1,-1,-1
126,2026,1480,175,136,116,1,-1,-1,-1
127,2026,1479,174,134,115,1,-1,-1,-1
128,2026,1477,175,132,115,1,-1,-1,-1
129,2027,314,257,362,285,1,-1,-1,-1
129,2026,1476,175,130,114,1,-1,-1,-1
130,2027,304,259,365,287,1,-1,-1,-1
130,2026,1476,171,128,113,1,-1,-1,-1
131,2027,292,264,367,290,1,-1,-1,-1
131,2026,1476,169,125,113,1,-1,-1,-1
132,2027,281,266,369,292,1,-1,-1,-1
132,2026,1474,169,123,112,1,-1,-1,-1
133,2027,269,268,372,295,1,-1,-1,-1
133,2026,1474,171,120,110,1,-1,-1,-1
134,2027,259,270,375,298,1,-1,-1,-1
134,2026,1473,173,118,108,1,-1,-1,-1
135,2028,1277,456,483,398,1,-1,-1,-1
135,2027,251,272,379,302,1,-1,-1,-1
135,2026,1472,175,117,107,1,-1,-1,-1
136,2028,1284,437,470,388,1,-1,-1,-1
136,2027,240,275,382,305,1,-1,-1,-1
136,2026,1472,176,116,106,1,-1,-1,-1
137,2028,1288,420,458,378,1,-1,-1,-1
137,2027,226,277,385,308,1,-1,-1,-1
137,2026,1472,174,114,105,1,-1,-1,-1
138,2028,1284,401,447,369,1,-1,-1,-1
138,2027,212,279,389,312,1,-1,-1,-1
138,2026,1471,175,113,104,1,-1,-1,-1
139,2028,1279,384,438,359,1,-1,-1,-1
139,2027,199,282,394,315,1,-1,-1,-1
139,2026,1470,172,113,103,1,-1,-1,-1
140,2028,1277,370,428,350,1,-1,-1,-1
140,2027,187,283,398,318,1,-1,-1,-1
140,2026,1468,173,112,102,1,-1,-1,-1
141,2028,1275,356,419,341,1,-1,-1,-1
141,2027,179,285,403,321,1,-1,-1,-1
141,2026,1466,177,112,101,1,-1,-1,-1
142,2028,1271,342,409,332,1,-1,-1,-1
142,2027,171,287,406,325,1,-1,-1,-1
142,2026,1464,180,111,101,1,-1,-1,-1
143,2028,1270,333,398,323,1,-1,-1,-1
143,2027,158,291,410,329,1,-1,-1,-1
143,2026,1463,182,111,100,1,-1,-1,-1
144,2028,1270,322,387,314,1,-1,-1,-1
144,2027,144,293,416,333,1,-1,-1,-1
144,2026,1462,183,111,100,1,-1,-1,-1
145,2028,1274,313,378,305,1,-1,-1,-1
145,2027,128,296,422,337,1,-1,-1,-1
145,2026,1459,183,110,99,1,-1,-1,-1
146,2028,1274,305,369,297,1,-1,-1,-1
146,2027,112,296,428,342,1,-1,-1,-1
146,2026,1457,182,109,98,1,-1,-1,-1
147,2028,1274,297,360,288,1,-1,-1,-1
147,2027,96,297,435,346,1,-1,-1,-1
147,2026,1454,181,108,96,1,-1,-1,-1
148,2028,1269,291,352,280,1,-1,-1,-1
148,2027,83,300,441,351,1,-1,-1,-1
148,2026,1452,182,107,95,1,-1,-1,-1
149,2028,1264,286,343,272,1,-1,-1,-1
149,2027,69,302,446,355,1,-1,-1,-1
149,2026,1450,182,106,94,1,-1,-1,-1
150,2028,1265,283,336,265,1,-1,-1,-1
150,2027,56,308,452,360,1,-1,-1,-1
150,2026,1450,183,105,92,1,-1,-1,-1
151,2028,1258,279,328,258,1,-1,-1,-1
151,2027,42,312,459,365,1,-1,-1,-1
151,2026,1449,183,105,91,1,-1,-1,-1
152,2028,1257,277,320,251,1,-1,-1,-1
152,2027,28,316,465,369,1,-1,-1,-1
152,2026,1446,183,105,91,1,-1,-1,-1
153,2028,1259,273,312,245,1,-1,-1,-1
153,2027,14,319,471,374,1,-1,-1,-1
153,2026,1441,183,107,92,1,-1,-1,-1
154,2028,1258,269,305,238,1,-1,-1,-1
154,2027,1,321,477,378,1,-1,-1,-1
155,2028,1254,268,297,232,1,-1,-1,-1
155,2027,-6,326,481,382,1,-1,-1,-1
156,2028,1252,266,291,226,1,-1,-1,-1
156,2027,-13,333,484,386,1,-1,-1,-1
157,2028,1249,264,284,221,1,-1,-1,-1
158,2028,1249,263,277,215,1,-1,-1,-1
159,2028,1248,262,271,210,1,-1,-1,-1
160,2028,1245,261,265,205,1,-1,-1,-1
161,2028,1243,259,258,201,1,-1,-1,-1
162,2028,1245,256,253,197,1,-1,-1,-1
163,2028,1246,254,246,192,1,-1,-1,-1
164,2028,1249,253,239,188,1,-1,-1,-1
165,2028,1252,250,233,184,1,-1,-1,-1
166,2028,1253,248,227,180,1,-1,-1,-1
167,2028,1256,246,220,176,1,-1,-1,-1
168,2028,1259,245,214,172,1,-1,-1,-1
169,2028,1262,242,208,168,1,-1,-1,-1
170,2028,1263,241,203,165,1,-1,-1,-1
171,2028,1264,240,199,161,1,-1,-1,-1
172,2028,1265,238,194,158,1,-1,-1,-1
173,2028,1266,236,190,155,1,-1,-1,-1
174,2028,1269,233,186,151,1,-1,-1,-1
175,2028,1272,229,182,149,1,-1,-1,-1
176,2028,1274,228,179,146,1,-1,-1,-1
177,2028,1275,225,174,142,1,-1,-1,-1
178,2028,1277,224,170,139,1,-1,-1,-1
185,2029,1287,209,175,140,1,-1,-1,-1
186,2029,1290,207,173,138,1,-1,-1,-1
187,2029,1297,206,173,137,1,-1,-1,-1
188,2029,1303,204,172,136,1,-1,-1,-1
189,2029,1307,205,171,135,1,-1,-1,-1
190,2029,1309,204,170,135,1,-1,-1,-1
191,2029,1312,203,169,133,1,-1,-1,-1
192,2029,1316,202,166,131,1,-1,-1,-1
200,2031,1196,237,588,637,1,-1,-1,-1
201,2031,1207,222,565,620,1,-1,-1,-1
202,2031,1220,206,546,604,1,-1,-1,-1
203,2031,1231,194,527,588,1,-1,-1,-1
204,2031,1241,187,508,570,1,-1,-1,-1
205,2031,1247,180,489,550,1,-1,-1,-1
206,2031,1256,174,471,532,1,-1,-1,-1
207,2031,1261,166,455,515,1,-1,-1,-1
208,2031,1262,161,440,499,1,-1,-1,-1
209,2031,1266,153,427,484,1,-1,-1,-1
210,2031,1268,149,414,469,1,-1,-1,-1
211,2031,1271,143,403,456,1,-1,-1,-1
212,2031,1274,138,393,443,1,-1,-1,-1
213,2031,1274,136,383,431,1,-1,-1,-1
214,2031,1274,137,373,418,1,-1,-1,-1
215,2031,1277,136,363,406,1,-1,-1,-1
216,2031,1279,134,353,394,1,-1,-1,-1
217,2031,1281,132,342,383,1,-1,-1,-1
218,2031,1281,132,332,373,1,-1,-1,-1
219,2031,1282,133,322,363,1,-1,-1,-1
220,2031,1284,134,313,354,1,-1,-1,-1
221,2031,1285,136,304,345,1,-1,-1,-1
222,2031,1284,137,296,336,1,-1,-1,-1
223,2031,1288,137,289,328,1,-1,-1,-1
224,2031,1287,140,282,320,1,-1,-1,-1
225,2031,1287,141,275,311,1,-1,-1,-1
226,2031,1290,143,268,303,1,-1,-1,-1
227,2031,1292,143,261,296,1,-1,-1,-1
228,2031,1294,144,254,289,1,-1,-1,-1
229,2031,1296,146,247,282,1,-1,-1,-1
230,2031,1297,147,241,275,1,-1,-1,-1
231,2031,1297,147,236,269,1,-1,-1,-1
232,2031,1295,147,232,264,1,-1,-1,-1
233,2031,1294,146,227,258,1,-1,-1,-1
234,2031,1294,146,223,253,1,-1,-1,-1
235,2031,1297,146,219,247,1,-1,-1,-1
236,2031,1297,146,214,242,1,-1,-1,-1
237,2031,1299,143,210,237,1,-1,-1,-1
238,2031,1301,144,205,231,1,-1,-1,-1
239,2031,1301,143,200,226,1,-1,-1,-1
240,2031,1302,145,196,221,1,-1,-1,-1
241,2031,1301,144,193,217,1,-1,-1,-1
242,2031,1301,145,189,213,1,-1,-1,-1
243,2031,1297,144,186,209,1,-1,-1,-1
244,2031,1297,143,183,205,1,-1,-1,-1
245,2031,1295,144,180,201,1,-1,-1,-1
246,2031,1295,143,177,198,1,-1,-1,-1
247,2031,1294,142,175,195,1,-1,-1,-1
248,2031,1293,142,174,192,1,-1,-1,-1
249,2031,1293,142,173,190,1,-1,-1,-1
250,2031,1291,141,171,188,1,-1,-1,-1
251,2031,1290,141,169,185,1,-1,-1,-1
252,2031,1288,142,166,182,1,-1,-1,-1
253,2031,1287,143,164,179,1,-1,-1,-1
254,2031,1287,142,162,177,1,-1,-1,-1
255,2031,1285,142,160,175,1,-1,-1,-1
256,2031,1285,142,158,173,1,-1,-1,-1
257,2031,1284,142,157,172,1,-1,-1,-1
258,2031,1283,141,155,170,1,-1,-1,-1
259,2031,1281,140,154,168,1,-1,-1,-1
260,2031,1281,141,152,165,1,-1,-1,-1
261,2031,1280,142,149,162,1,-1,-1,-1
262,2031,1280,143,147,159,1,-1,-1,-1
263,2031,1280,144,145,157,1,-1,-1,-1
264,2031,1279,145,142,154,1,-1,-1,-1
265,2031,1280,145,140,151,1,-1,-1,-1
266,2031,1283,145,138,149,1,-1,-1,-1
267,2031,1283,146,135,146,1,-1,-1,-1
268,2031,1282,147,132,143,1,-1,-1,-1
269,2031,1282,147,129,140,1,-1,-1,-1
270,2033,625,294,406,344,1,-1,-1,-1
270,2032,1059,197,266,175,1,-1,-1,-1
270,2031,1283,147,125,136,1,-1,-1,-1
271,2033,609,298,415,352,1,-1,-1,-1
271,2032,1080,196,275,177,1,-1,-1,-1
271,2031,1284,148,122,133,1,-1,-1,-1
272,2033,595,302,425,361,1,-1,-1,-1
272,2032,1102,194,284,178,1,-1,-1,-1
273,2033,580,309,437,372,1,-1,-1,-1
273,2032,1127,193,292,179,1,-1,-1,-1
274,2033,569,318,448,382,1,-1,-1,-1
274,2032,1154,193,302,180,1,-1,-1,-1
275,2033,558,325,458,391,1,-1,-1,-1
275,2032,1181,192,314,181,1,-1,-1,-1
276,2033,546,331,468,402,1,-1,-1,-1
276,2032,1209,193,325,182,1,-1,-1,-1
277,2033,532,342,479,413,1,-1,-1,-1
277,2032,1237,192,335,183,1,-1,-1,-1
278,2034,994,199,162,131,1,-1,-1,-1
278,2033,520,350,489,423,1,-1,-1,-1
278,2032,1264,193,343,183,1,-1,-1,-1
279,2034,990,201,164,131,1,-1,-1,-1
279,2033,507,359,499,433,1,-1,-1,-1
279,2032,1293,193,351,183,1,-1,-1,-1
280,2034,987,202,165,132,1,-1,-1,-1
280,2033,496,371,509,443,1,-1,-1,-1
280,2032,1326,194,356,183,1,-1,-1,-1
281,2034,982,202,166,132,1,-1,-1,-1
281,2033,485,382,519,454,1,-1,-1,-1
281,2032,1358,195,362,183,1,-1,-1,-1
282,2034,979,203,168,133,1,-1,-1,-1
282,2033,473,391,529,466,1,-1,-1,-1
282,2032,1391,196,368,183,1,-1,-1,-1
283,2034,976,203,169,133,1,-1,-1,-1
283,2033,460,401,538,477,1,-1,-1,-1
283,2032,1418,197,375,183,1,-1,-1,-1
284,2034,973,203,170,134,1,-1,-1,-1
284,2033,441,410,549,489,1,-1,-1,-1
284,2032,1441,198,380,183,1,-1,-1,-1
285,2034,970,203,171,134,1,-1,-1,-1
285,2033,419,426,560,501,1,-1,-1,-1
285,2032,1470,199,386,183,1,-1,-1,-1
286,2034,969,203,172,135,1,-1,-1,-1
286,2033,395,439,575,514,1,-1,-1,-1
286,2032,1492,199,392,183,1,-1,-1,-1
287,2034,966,203,173,136,1,-1,-1,-1
287,2033,370,452,590,527,1,-1,-1,-1
287,2032,1516,200,397,183,1,-1,-1,-1
288,2034,964,204,174,136,1,-1,-1,-1
288,2033,343,468,605,540,1,-1,-1,-1
288,2032,1534,202,400,183,1,-1,-1,-1
289,2034,961,204,176,137,1,-1,-1,-1
289,2033,313,480,621,552,1,-1,-1,-1
289,2032,1547,203,401,182,1,-1,-1,-1
290,2034,959,204,178,138,1,-1,-1,-1
290,2033,284,494,638,564,1,-1,-1,-1
290,2032,1560,203,398,181,1,-1,-1,-1
291,2034,955,205,181,139,1,-1,-1,-1
291,2033,257,504,657,575,1,-1,-1,-1
291,2032,1565,204,395,181,1,-1,-1,-1
292,2034,953,205,183,141,1,-1,-1,-1
292,2033,224,513,676,582,1,-1,-1,-1
292,2032,1572,205,390,180,1,-1,-1,-1
293,2034,950,204,185,142,1,-1,-1,-1
294,2034,948,205,186,143,1,-1,-1,-1
295,2034,944,205,187,144,1,-1,-1,-1
296,2034,940,206,188,145,1,-1,-1,-1
297,2034,938,207,189,146,1,-1,-1,-1
298,2035,562,354,418,322,1,-1,-1,-1
298,2034,936,206,191,147,1,-1,-1,-1
299,2035,546,360,426,329,1,-1,-1,-1
299,2034,931,206,193,149,1,-1,-1,-1
300,2035,536,366,432,335,1,-1,-1,-1
300,2034,929,205,195,150,1,-1,-1,-1
301,2035,522,374,437,341,1,-1,-1,-1
301,2034,925,206,197,151,1,-1,-1,-1
302,2035,513,383,442,345,1,-1,-1,-1
302,2034,923,206,198,152,1,-1,-1,-1
303,2035,504,392,447,350,1,-1,-1,-1
303,2034,921,206,200,153,1,-1,-1,-1
304,2035,491,401,451,357,1,-1,-1,-1
304,2034,919,207,202,154,1,-1,-1,-1
305,2035,475,410,456,363,1,-1,-1,-1
305,2034,916,208,203,155,1,-1,-1,-1
306,2035,463,420,461,370,1,-1,-1,-1
306,2034,913,209,205,157,1,-1,-1,-1
307,2035,452,430,466,377,1,-1,-1,-1
307,2034,910,209,207,158,1,-1,-1,-1
308,2035,442,436,471,384,1,-1,-1,-1
308,2034,908,211,208,159,1,-1,-1,-1
309,2035,430,446,476,389,1,-1,-1,-1
309,2034,905,212,209,160,1,-1,-1,-1
310,2035,418,455,480,396,1,-1,-1,-1
310,2034,902,214,211,161,1,-1,-1,-1
311,2036,1395,185,299,134,1,-1,-1,-1
311,2035,406,463,486,403,1,-1,-1,-1
311,2034,900,215,211,162,1,-1,-1,-1
312,2036,1370,186,299,133,1,-1,-1,-1
312,2035,395,472,492,409,1,-1,-1,-1
312,2034,896,216,213,163,1,-1,-1,-1
313,2036,1348,186,301,133,1,-1,-1,-1
313,2035,384,482,497,415,1,-1,-1,-1
313,2034,890,217,215,164,1,-1,-1,-1
314,2036,1319,185,302,133,1,-1,-1,-1
314,2035,371,493,502,422,1,-1,-1,-1
314,2034,890,217,217,164,1,-1,-1,-1
315,2036,1289,185,304,133,1,-1,-1,-1
315,2035,357,500,507,428,1,-1,-1,-1
315,2034,890,219,218,165,1,-1,-1,-1
316,2036,1256,186,305,133,1,-1,-1,-1
316,2035,343,509,512,432,1,-1,-1,-1
316,2034,887,221,220,166,1,-1,-1,-1
317,2036,1229,186,303,133,1,-1,-1,-1
317,2035,329,518,518,436,1,-1,-1,-1
317,2034,884,222,222,167,1,-1,-1,-1
318,2036,1203,188,302,133,1,-1,-1,-1
318,2035,313,528,523,441,1,-1,-1,-1
318,2034,883,223,224,168,1,-1,-1,-1
319,2036,1175,190,302,133,1,-1,-1,-1
319,2035,300,537,528,445,1,-1,-1,-1
319,2034,883,223,226,170,1,-1,-1,-1
320,2036,1150,191,303,132,1,-1,-1,-1
320,2035,285,545,535,449,1,-1,-1,-1
320,2034,882,226,229,171,1,-1,-1,-1
321,2036,1133,192,302,132,1,-1,-1,-1
321,2035,273,554,540,453,1,-1,-1,-1
321,2034,881,226,231,173,1,-1,-1,-1
322,2036,1116,194,300,131,1,-1,-1,-1
322,2035,256,563,547,457,1,-1,-1,-1
322,2034,879,228,233,174,1,-1,-1,-1
323,2036,1097,196,296,131,1,-1,-1,-1
323,2035,240,573,554,461,1,-1,-1,-1
323,2034,877,230,234,176,1,-1,-1,-1
324,2036,1079,196,291,130,1,-1,-1,-1
324,2035,227,582,561,465,1,-1,-1,-1
324,2034,871,231,237,177,1,-1,-1,-1
325,2036,1062,198,285,130,1,-1,-1,-1
325,2035,215,590,569,469,1,-1,-1,-1
325,2034,870,232,239,180,1,-1,-1,-1
326,2036,1048,198,279,130,1,-1,-1,-1
326,2035,206,595,578,474,1,-1,-1,-1
326,2034,869,234,241,182,1,-1,-1,-1
327,2036,1035,199,272,130,1,-1,-1,-1
327,2035,193,601,589,479,1,-1,-1,-1
327,2034,868,235,244,184,1,-1,-1,-1
328,2036,1025,198,265,129,1,-1,-1,-1
328,2035,176,607,596,481,1,-1,-1,-1
328,2034,866,235,247,187,1,-1,-1,-1
329,2036,1017,198,256,129,1,-1,-1,-1
329,2035,158,610,603,483,1,-1,-1,-1
329,2034,862,236,250,189,1,-1,-1,-1
330,2036,1013,198,247,128,1,-1,-1,-1
330,2034,857,238,252,191,1,-1,-1,-1
331,2036,1011,199,237,128,1,-1,-1,-1
331,2034,855,242,254,194,1,-1,-1,-1
332,2034,851,245,256,195,1,-1,-1,-1
333,2034,847,248,258,197,1,-1,-1,-1
334,2034,844,250,261,199,1,-1,-1,-1
335,2034,838,250,264,202,1,-1,-1,-1
336,2034,834,251,267,204,1,-1,-1,-1
337,2034,830,253,271,207,1,-1,-1,-1
338,2034,825,256,275,209,1,-1,-1,-1
339,2034,822,259,279,212,1,-1,-1,-1
340,2034,816,260,282,215,1,-1,-1,-1
341,2034,810,262,285,217,1,-1,-1,-1
342,2034,805,264,288,220,1,-1,-1,-1
343,2034,797,267,292,222,1,-1,-1,-1
344,2034,791,269,296,225,1,-1,-1,-1
345,2034,784,271,299,227,1,-1,-1,-1
346,2034,776,274,302,230,1,-1,-1,-1
347,2034,769,277,306,232,1,-1,-1,-1
348,2034,764,280,310,235,1,-1,-1,-1
349,2037,1185,416,656,547,1,-1,-1,-1
349,2034,758,283,313,238,1,-1,-1,-1
350,2037,1191,397,632,535,1,-1,-1,-1
350,2034,748,284,317,240,1,-1,-1,-1
351,2037,1202,385,606,519,1,-1,-1,-1
351,2034,739,286,321,244,1,-1,-1,-1
352,2037,1212,370,584,506,1,-1,-1,-1
352,2034,732,288,325,247,1,-1,-1,-1
353,2037,1220,356,564,493,1,-1,-1,-1
353,2034,725,290,329,250,1,-1,-1,-1
354,2037,1226,345,543,479,1,-1,-1,-1
354,2034,717,293,333,252,1,-1,-1,-1
355,2037,1231,333,523,466,1,-1,-1,-1
355,2034,712,295,337,255,1,-1,-1,-1
356,2037,1235,322,505,451,1,-1,-1,-1
356,2034,707,298,341,258,1,-1,-1,-1
357,2037,1238,310,489,438,1,-1,-1,-1
357,2034,701,300,345,260,1,-1,-1,-1
358,2037,1240,302,476,426,1,-1,-1,-1
358,2034,697,301,348,262,1,-1,-1,-1
359,2037,1243,294,463,415,1,-1,-1,-1
359,2034,694,302,352,264,1,-1,-1,-1
