1,2167,1291,743,345,210,1,-1,-1,-1
2,2167,1271,741,349,213,1,-1,-1,-1
3,2167,1256,741,357,219,1,-1,-1,-1
4,2167,1238,738,364,222,1,-1,-1,-1
5,2167,1225,734,372,226,1,-1,-1,-1
6,2167,1206,730,380,229,1,-1,-1,-1
7,2167,1187,728,387,233,1,-1,-1,-1
8,2167,1171,725,394,235,1,-1,-1,-1
9,2167,1154,723,401,238,1,-1,-1,-1
10,2167,1136,720,409,241,1,-1,-1,-1
11,2167,1119,718,416,244,1,-1,-1,-1
12,2167,1097,715,422,246,1,-1,-1,-1
13,2167,1079,712,428,248,1,-1,-1,-1
14,2167,1067,711,433,250,1,-1,-1,-1
15,2167,1054,710,438,253,1,-1,-1,-1
16,2167,1034,708,444,255,1,-1,-1,-1
17,2167,1015,705,451,258,1,-1,-1,-1
18,2167,997,703,459,260,1,-1,-1,-1
19,2167,981,700,465,263,1,-1,-1,-1
20,2167,964,697,471,265,1,-1,-1,-1
21,2167,949,695,475,267,1,-1,-1,-1
22,2167,930,692,483,270,1,-1,-1,-1
23,2167,915,690,491,274,1,-1,-1,-1
24,2167,901,689,498,277,1,-1,-1,-1
25,2167,888,688,505,279,1,-1,-1,-1
26,2167,877,686,511,282,1,-1,-1,-1
27,2167,865,684,516,284,1,-1,-1,-1
28,2167,857,682,519,285,1,-1,-1,-1
29,2167,848,681,523,287,1,-1,-1,-1
30,2167,837,680,528,289,1,-1,-1,-1
31,2167,824,679,535,291,1,-1,-1,-1
32,2167,813,677,542,293,1,-1,-1,-1
33,2167,798,675,548,296,1,-1,-1,-1
34,2167,783,671,554,298,1,-1,-1,-1
35,2167,774,670,560,301,1,-1,-1,-1
36,2167,767,669,564,302,1,-1,-1,-1
37,2168,634,891,1174,611,1,-1,-1,-1
37,2167,764,669,567,303,1,-1,-1,-1
38,2168,859,904,1055,556,1,-1,-1,-1
38,2167,762,668,571,305,1,-1,-1,-1
39,2168,1060,923,928,497,1,-1,-1,-1
39,2167,760,668,574,306,1,-1,-1,-1
40,2168,1245,941,798,437,1,-1,-1,-1
40,2167,756,668,576,306,1,-1,-1,-1
41,2168,1391,960,668,375,1,-1,-1,-1
41,2167,750,667,578,307,1,-1,-1,-1
42,2168,1519,982,537,310,1,-1,-1,-1
42,2167,743,666,580,308,1,-1,-1,-1
43,2168,1633,1006,405,242,1,-1,-1,-1
43,2167,736,665,581,309,1,-1,-1,-1
44,2167,732,664,582,310,1,-1,-1,-1
45,2167,728,663,584,311,1,-1,-1,-1
46,2167,725,662,586,311,1,-1,-1,-1
47,2167,723,662,589,312,1,-1,-1,-1
48,2170,1621,786,181,137,1,-1,-1,-1
48,2167,715,661,593,314,1,-1,-1,-1
49,2170,1612,787,184,138,1,-1,-1,-1
49,2167,706,660,597,316,1,-1,-1,-1
50,2170,1603,787,185,139,1,-1,-1,-1
50,2167,698,659,601,318,1,-1,-1,-1
51,2170,1589,785,187,139,1,-1,-1,-1
51,2167,693,658,604,319,1,-1,-1,-1
52,2170,1575,784,188,139,1,-1,-1,-1
52,2167,672,655,607,320,1,-1,-1,-1
53,2170,1553,782,192,140,1,-1,-1,-1
53,2167,656,652,611,321,1,-1,-1,-1
54,2170,1537,780,196,141,1,-1,-1,-1
54,2167,645,650,615,322,1,-1,-1,-1
55,2170,1525,777,198,142,1,-1,-1,-1
55,2167,628,648,620,324,1,-1,-1,-1
56,2170,1511,774,200,144,1,-1,-1,-1
56,2167,609,644,626,326,1,-1,-1,-1
57,2170,1497,771,203,146,1,-1,-1,-1
57,2167,591,641,632,328,1,-1,-1,-1
58,2170,1480,769,206,147,1,-1,-1,-1
58,2167,574,639,639,331,1,-1,-1,-1
59,2170,1463,767,209,149,1,-1,-1,-1
59,2167,559,637,647,334,1,-1,-1,-1
60,2170,1442,763,212,151,1,-1,-1,-1
60,2167,539,634,654,337,1,-1,-1,-1
61,2170,1422,760,217,153,1,-1,-1,-1
61,2167,526,634,662,339,1,-1,-1,-1
62,2170,1400,757,222,156,1,-1,-1,-1
62,2167,500,631,671,341,1,-1,-1,-1
63,2170,1378,754,227,159,1,-1,-1,-1
63,2167,461,627,684,345,1,-1,-1,-1
64,2170,1356,750,233,162,1,-1,-1,-1
64,2167,434,625,694,348,1,-1,-1,-1
65,2170,1331,747,239,165,1,-1,-1,-1
65,2167,428,623,703,351,1,-1,-1,-1
66,2170,1300,744,246,167,1,-1,-1,-1
66,2167,401,620,713,354,1,-1,-1,-1
67,2170,1271,739,254,170,1,-1,-1,-1
67,2167,376,618,723,357,1,-1,-1,-1
68,2170,1242,735,262,172,1,-1,-1,-1
68,2167,293,608,739,362,1,-1,-1,-1
69,2170,1213,732,270,175,1,-1,-1,-1
69,2167,217,599,757,367,1,-1,-1,-1
70,2170,1183,728,277,178,1,-1,-1,-1
70,2167,143,589,777,373,1,-1,-1,-1
71,2170,1150,725,285,181,1,-1,-1,-1
71,2167,84,581,797,380,1,-1,-1,-1
72,2170,1119,721,292,184,1,-1,-1,-1
72,2167,34,574,816,389,1,-1,-1,-1
73,2170,1089,717,300,186,1,-1,-1,-1
73,2167,9,569,834,397,1,-1,-1,-1
74,2170,1050,711,309,189,1,-1,-1,-1
74,2167,4,561,852,407,1,-1,-1,-1
75,2170,1008,705,320,193,1,-1,-1,-1
75,2167,7,552,866,417,1,-1,-1,-1
76,2170,965,699,332,198,1,-1,-1,-1
76,2167,-12,542,873,426,1,-1,-1,-1
77,2170,922,693,344,203,1,-1,-1,-1
78,2170,877,687,356,207,1,-1,-1,-1
79,2170,827,681,368,212,1,-1,-1,-1
80,2170,775,673,381,217,1,-1,-1,-1
81,2170,734,666,394,222,1,-1,-1,-1
82,2170,674,658,411,228,1,-1,-1,-1
83,2170,605,648,428,234,1,-1,-1,-1
84,2170,538,638,447,240,1,-1,-1,-1
85,2170,463,628,467,247,1,-1,-1,-1
86,2170,392,620,488,254,1,-1,-1,-1
87,2170,322,609,509,262,1,-1,-1,-1
88,2170,248,597,531,270,1,-1,-1,-1
89,2170,161,586,554,277,1,-1,-1,-1
90,2170,73,576,576,284,1,-1,-1,-1
91,2170,8,567,593,290,1,-1,-1,-1
99,2171,799,733,774,487,1,-1,-1,-1
100,2171,978,768,631,399,1,-1,-1,-1
101,2171,1146,805,489,312,1,-1,-1,-1
110,2173,1649,854,252,189,1,-1,-1,-1
111,2173,1687,862,231,174,1,-1,-1,-1
112,2173,1716,867,216,163,1,-1,-1,-1
113,2173,1746,868,203,154,1,-1,-1,-1
114,2173,1773,871,191,147,1,-1,-1,-1
115,2173,1798,875,178,138,1,-1,-1,-1
116,2173,1819,879,165,129,1,-1,-1,-1
117,2173,1840,883,154,121,1,-1,-1,-1
118,2173,1858,885,145,115,1,-1,-1,-1
119,2174,1508,761,211,151,1,-1,-1,-1
119,2173,1873,887,137,109,1,-1,-1,-1
120,2174,1491,759,214,153,1,-1,-1,-1
120,2173,1886,889,131,104,1,-1,-1,-1
121,2174,1469,754,218,156,1,-1,-1,-1
121,2173,1898,890,125,100,1,-1,-1,-1
122,2175,1060,832,515,289,1,-1,-1,-1
122,2174,1447,751,222,158,1,-1,-1,-1
122,2173,1912,890,120,95,1,-1,-1,-1
123,2175,1204,853,408,234,1,-1,-1,-1
123,2174,1422,747,227,160,1,-1,-1,-1
123,2173,1924,889,114,91,1,-1,-1,-1
124,2174,1402,745,231,162,1,-1,-1,-1
124,2173,1935,890,109,88,1,-1,-1,-1
125,2174,1375,743,236,163,1,-1,-1,-1
125,2173,1947,891,104,84,1,-1,-1,-1
126,2174,1353,740,241,163,1,-1,-1,-1
126,2173,1956,891,99,80,1,-1,-1,-1
127,2174,1327,739,246,163,1,-1,-1,-1
127,2173,1966,891,94,76,1,-1,-1,-1
128,2174,1301,737,253,165,1,-1,-1,-1
128,2173,1975,891,89,72,1,-1,-1,-1
129,2174,1274,734,261,168,1,-1,-1,-1
130,2174,1242,729,269,173,1,-1,-1,-1
131,2177,1635,873,228,159,1,-1,-1,-1
131,2174,1212,723,278,177,1,-1,-1,-1
132,2178,1979,879,108,90,1,-1,-1,-1
132,2177,1670,875,209,147,1,-1,-1,-1
132,2174,1179,718,287,182,1,-1,-1,-1
133,2178,1987,879,105,88,1,-1,-1,-1
133,2177,1703,878,192,137,1,-1,-1,-1
133,2174,1142,713,297,187,1,-1,-1,-1
134,2178,1995,880,101,85,1,-1,-1,-1
134,2177,1732,883,178,129,1,-1,-1,-1
134,2174,1109,709,307,192,1,-1,-1,-1
135,2178,2004,880,97,82,1,-1,-1,-1
135,2177,1760,886,167,122,1,-1,-1,-1
135,2174,1074,706,318,197,1,-1,-1,-1
136,2177,1786,888,156,116,1,-1,-1,-1
136,2174,1038,700,329,200,1,-1,-1,-1
137,2177,1807,890,147,110,1,-1,-1,-1
137,2174,1010,689,341,203,1,-1,-1,-1
138,2179,1139,842,407,225,1,-1,-1,-1
138,2177,1826,892,140,106,1,-1,-1,-1
138,2174,961,681,353,206,1,-1,-1,-1
139,2179,1266,860,332,185,1,-1,-1,-1
139,2177,1843,892,135,103,1,-1,-1,-1
139,2174,910,675,368,210,1,-1,-1,-1
140,2177,1857,892,131,101,1,-1,-1,-1
140,2174,859,672,384,216,1,-1,-1,-1
141,2177,1871,891,127,98,1,-1,-1,-1
141,2174,801,665,400,222,1,-1,-1,-1
142,2177,1881,891,123,95,1,-1,-1,-1
142,2174,734,657,418,230,1,-1,-1,-1
143,2177,1895,890,120,93,1,-1,-1,-1
143,2174,662,645,436,238,1,-1,-1,-1
144,2177,1907,888,116,92,1,-1,-1,-1
144,2174,598,636,456,246,1,-1,-1,-1
145,2177,1917,888,112,89,1,-1,-1,-1
145,2174,528,627,477,255,1,-1,-1,-1
146,2177,1929,889,108,85,1,-1,-1,-1
146,2174,454,616,501,264,1,-1,-1,-1
147,2177,1939,890,103,81,1,-1,-1,-1
147,2174,374,603,529,274,1,-1,-1,-1
148,2177,1948,891,98,77,1,-1,-1,-1
148,2174,284,588,560,285,1,-1,-1,-1
149,2177,1958,892,93,73,1,-1,-1,-1
149,2174,193,576,591,296,1,-1,-1,-1
150,2177,1967,894,89,70,1,-1,-1,-1
150,2174,117,562,621,306,1,-1,-1,-1
151,2177,1975,895,85,66,1,-1,-1,-1
151,2174,47,550,650,316,1,-1,-1,-1
152,2177,1985,896,80,63,1,-1,-1,-1
153,2177,1993,896,76,60,1,-1,-1,-1
154,2177,2000,896,72,57,1,-1,-1,-1
155,2177,2007,896,69,55,1,-1,-1,-1
156,2177,2013,895,66,53,1,-1,-1,-1
171,2181,1590,775,200,148,1,-1,-1,-1
172,2181,1569,772,206,152,1,-1,-1,-1
173,2181,1548,768,209,154,1,-1,-1,-1
174,2181,1530,764,214,156,1,-1,-1,-1
175,2181,1511,761,218,159,1,-1,-1,-1
176,2181,1489,756,223,163,1,-1,-1,-1
177,2181,1465,751,227,166,1,-1,-1,-1
178,2181,1442,748,233,169,1,-1,-1,-1
179,2181,1417,746,237,171,1,-1,-1,-1
180,2181,1391,742,243,174,1,-1,-1,-1
181,2181,1358,739,249,176,1,-1,-1,-1
182,2181,1326,737,257,179,1,-1,-1,-1
183,2181,1296,731,268,182,1,-1,-1,-1
184,2182,1075,825,547,309,1,-1,-1,-1
184,2181,1262,726,279,186,1,-1,-1,-1
185,2182,1222,847,435,250,1,-1,-1,-1
185,2181,1230,720,289,188,1,-1,-1,-1
186,2182,1361,872,322,187,1,-1,-1,-1
186,2181,1195,711,300,190,1,-1,-1,-1
187,2181,1157,707,313,193,1,-1,-1,-1
188,2181,1117,703,327,198,1,-1,-1,-1
189,2181,1073,699,341,204,1,-1,-1,-1
190,2181,1024,692,356,210,1,-1,-1,-1
191,2181,971,682,372,217,1,-1,-1,-1
192,2181,907,671,390,225,1,-1,-1,-1
193,2183,1674,880,215,153,1,-1,-1,-1
193,2181,845,661,411,233,1,-1,-1,-1
194,2183,1708,883,202,144,1,-1,-1,-1
194,2181,780,653,434,242,1,-1,-1,-1
195,2183,1740,885,191,136,1,-1,-1,-1
195,2181,695,642,459,252,1,-1,-1,-1
196,2183,1769,885,179,129,1,-1,-1,-1
196,2181,615,630,486,262,1,-1,-1,-1
197,2183,1795,886,169,123,1,-1,-1,-1
197,2181,524,618,514,273,1,-1,-1,-1
198,2183,1816,886,159,117,1,-1,-1,-1
198,2181,426,602,543,283,1,-1,-1,-1
199,2183,1837,888,152,113,1,-1,-1,-1
199,2181,316,585,575,295,1,-1,-1,-1
200,2184,1541,793,195,138,1,-1,-1,-1
200,2183,1854,887,146,109,1,-1,-1,-1
200,2181,201,569,607,307,1,-1,-1,-1
201,2184,1520,790,198,139,1,-1,-1,-1
201,2183,1867,887,141,106,1,-1,-1,-1
201,2181,90,551,638,318,1,-1,-1,-1
202,2184,1499,787,201,140,1,-1,-1,-1
202,2183,1879,887,136,103,1,-1,-1,-1
203,2184,1473,784,205,142,1,-1,-1,-1
203,2183,1892,887,131,99,1,-1,-1,-1
204,2184,1449,779,210,145,1,-1,-1,-1
204,2183,1903,888,127,96,1,-1,-1,-1
205,2184,1427,775,216,148,1,-1,-1,-1
205,2183,1913,889,122,93,1,-1,-1,-1
206,2184,1400,771,221,151,1,-1,-1,-1
206,2183,1925,890,117,90,1,-1,-1,-1
207,2184,1374,767,227,154,1,-1,-1,-1
207,2183,1937,891,112,87,1,-1,-1,-1
208,2184,1343,763,232,156,1,-1,-1,-1
208,2183,1946,892,109,84,1,-1,-1,-1
209,2184,1313,759,238,158,1,-1,-1,-1
209,2183,1954,892,105,81,1,-1,-1,-1
210,2184,1279,755,244,160,1,-1,-1,-1
210,2183,1962,892,102,79,1,-1,-1,-1
211,2184,1243,751,251,162,1,-1,-1,-1
211,2183,1972,892,99,76,1,-1,-1,-1
212,2184,1212,747,259,165,1,-1,-1,-1
212,2183,1981,893,96,74,1,-1,-1,-1
213,2184,1171,742,269,168,1,-1,-1,-1
213,2183,1987,894,93,72,1,-1,-1,-1
214,2184,1130,736,279,171,1,-1,-1,-1
214,2183,1993,893,90,70,1,-1,-1,-1
215,2184,1086,731,289,175,1,-1,-1,-1
215,2183,1999,894,87,68,1,-1,-1,-1
216,2184,1043,726,299,178,1,-1,-1,-1
216,2183,2007,893,85,66,1,-1,-1,-1
217,2184,1001,721,309,180,1,-1,-1,-1
217,2183,2016,893,82,64,1,-1,-1,-1
218,2184,957,716,318,183,1,-1,-1,-1
218,2183,2022,891,80,63,1,-1,-1,-1
219,2184,900,709,331,187,1,-1,-1,-1
219,2183,2028,890,77,62,1,-1,-1,-1
220,2184,837,702,347,192,1,-1,-1,-1
220,2183,2033,890,75,60,1,-1,-1,-1
221,2184,770,695,364,196,1,-1,-1,-1
222,2184,707,686,381,201,1,-1,-1,-1
223,2184,635,677,399,207,1,-1,-1,-1
224,2184,553,667,419,214,1,-1,-1,-1
225,2184,451,656,442,221,1,-1,-1,-1
226,2184,356,647,466,228,1,-1,-1,-1
227,2184,264,636,492,236,1,-1,-1,-1
228,2184,162,624,519,244,1,-1,-1,-1
229,2184,64,609,544,252,1,-1,-1,-1
230,2184,0,597,564,260,1,-1,-1,-1
259,2185,1807,795,169,144,1,-1,-1,-1
260,2185,1794,794,172,147,1,-1,-1,-1
261,2185,1779,790,177,150,1,-1,-1,-1
262,2185,1764,787,182,155,1,-1,-1,-1
263,2185,1751,785,185,157,1,-1,-1,-1
264,2185,1740,783,189,160,1,-1,-1,-1
265,2185,1728,780,193,163,1,-1,-1,-1
266,2185,1711,778,197,166,1,-1,-1,-1
267,2185,1693,775,201,169,1,-1,-1,-1
268,2185,1674,772,206,173,1,-1,-1,-1
269,2185,1654,771,210,176,1,-1,-1,-1
270,2185,1632,769,215,179,1,-1,-1,-1
271,2185,1608,767,220,181,1,-1,-1,-1
272,2185,1588,763,226,184,1,-1,-1,-1
273,2185,1563,760,233,188,1,-1,-1,-1
274,2185,1536,756,240,193,1,-1,-1,-1
275,2185,1502,752,250,198,1,-1,-1,-1
276,2185,1468,746,260,203,1,-1,-1,-1
277,2185,1433,739,271,208,1,-1,-1,-1
278,2185,1394,735,284,214,1,-1,-1,-1
279,2185,1350,727,298,221,1,-1,-1,-1
280,2185,1296,718,315,230,1,-1,-1,-1
281,2185,1240,707,334,240,1,-1,-1,-1
282,2185,1183,694,354,251,1,-1,-1,-1
283,2185,1119,682,377,262,1,-1,-1,-1
284,2185,1052,670,399,274,1,-1,-1,-1
285,2185,974,657,424,287,1,-1,-1,-1
286,2185,882,645,452,300,1,-1,-1,-1
287,2185,774,629,483,315,1,-1,-1,-1
288,2185,658,611,519,333,1,-1,-1,-1
295,2186,995,758,602,381,1,-1,-1,-1
296,2186,1171,802,465,297,1,-1,-1,-1
318,2187,1729,886,419,335,1,-1,-1,-1
319,2187,1807,896,330,270,1,-1,-1,-1
429,2188,1614,785,186,132,1,-1,-1,-1
430,2188,1599,781,190,135,1,-1,-1,-1
431,2188,1586,780,194,137,1,-1,-1,-1
432,2188,1570,778,197,140,1,-1,-1,-1
433,2188,1555,775,198,142,1,-1,-1,-1
434,2188,1543,772,201,144,1,-1,-1,-1
435,2188,1527,769,204,146,1,-1,-1,-1
436,2188,1514,767,207,147,1,-1,-1,-1
437,2188,1497,764,210,149,1,-1,-1,-1
438,2188,1477,759,214,152,1,-1,-1,-1
439,2188,1459,756,218,154,1,-1,-1,-1
440,2188,1439,752,223,156,1,-1,-1,-1
441,2188,1417,750,227,157,1,-1,-1,-1
442,2188,1397,749,231,159,1,-1,-1,-1
443,2188,1376,747,236,161,1,-1,-1,-1
444,2188,1352,742,242,164,1,-1,-1,-1
445,2188,1327,739,248,166,1,-1,-1,-1
446,2188,1298,736,255,168,1,-1,-1,-1
447,2188,1271,731,262,171,1,-1,-1,-1
448,2188,1244,727,268,174,1,-1,-1,-1
449,2188,1221,723,274,177,1,-1,-1,-1
450,2188,1193,719,279,179,1,-1,-1,-1
451,2188,1163,715,285,182,1,-1,-1,-1
452,2188,1134,712,290,185,1,-1,-1,-1
453,2188,1106,708,296,188,1,-1,-1,-1
454,2188,1074,703,305,191,1,-1,-1,-1
455,2188,1040,697,314,195,1,-1,-1,-1
456,2188,1003,691,325,200,1,-1,-1,-1
