219,2,1055,691,477,317,1,-1,-1,-1
220,2,1055,661,462,307,1,-1,-1,-1
221,2,1051,629,452,302,1,-1,-1,-1
222,2,1045,602,441,294,1,-1,-1,-1
223,2,1039,580,429,287,1,-1,-1,-1
224,2,1028,555,420,283,1,-1,-1,-1
225,2,1025,536,405,273,1,-1,-1,-1
226,2,1014,514,395,268,1,-1,-1,-1
227,2,1002,496,390,266,1,-1,-1,-1
228,2,993,478,381,262,1,-1,-1,-1
229,2,987,464,365,252,1,-1,-1,-1
230,2,977,448,355,246,1,-1,-1,-1
231,2,969,432,346,243,1,-1,-1,-1
232,2,962,418,338,238,1,-1,-1,-1
233,2,953,405,330,234,1,-1,-1,-1
234,2,944,392,324,231,1,-1,-1,-1
235,2,939,379,314,226,1,-1,-1,-1
236,2,930,366,311,225,1,-1,-1,-1
237,2,924,354,305,223,1,-1,-1,-1
238,2,918,345,300,219,1,-1,-1,-1
239,2,913,334,293,215,1,-1,-1,-1
240,2,907,321,288,214,1,-1,-1,-1
241,2,905,312,280,210,1,-1,-1,-1
242,2,904,303,274,206,1,-1,-1,-1
243,2,902,294,270,204,1,-1,-1,-1
244,2,901,287,264,201,1,-1,-1,-1
245,2,898,278,263,201,1,-1,-1,-1
246,2,898,272,257,197,1,-1,-1,-1
247,2,898,265,252,196,1,-1,-1,-1
248,2,897,259,249,194,1,-1,-1,-1
249,2,898,256,243,189,1,-1,-1,-1
250,2,898,250,238,187,1,-1,-1,-1
251,2,897,244,235,185,1,-1,-1,-1
252,2,895,238,233,184,1,-1,-1,-1
253,2,895,234,228,182,1,-1,-1,-1
254,2,894,231,224,179,1,-1,-1,-1
255,2,895,227,219,175,1,-1,-1,-1
256,2,895,222,214,173,1,-1,-1,-1
257,2,894,220,208,168,1,-1,-1,-1
258,2,892,216,204,165,1,-1,-1,-1
259,2,890,213,200,162,1,-1,-1,-1
260,2,889,209,197,160,1,-1,-1,-1
261,2,886,204,198,160,1,-1,-1,-1
262,2,885,200,193,157,1,-1,-1,-1
263,2,883,195,191,156,1,-1,-1,-1
264,2,882,190,189,155,1,-1,-1,-1
265,2,878,185,190,156,1,-1,-1,-1
266,2,877,182,188,153,1,-1,-1,-1
267,2,876,178,184,150,1,-1,-1,-1
268,2,877,176,179,146,1,-1,-1,-1
269,2,875,172,177,146,1,-1,-1,-1
270,2,873,169,176,144,1,-1,-1,-1
271,2,871,165,174,144,1,-1,-1,-1
272,2,869,161,174,142,1,-1,-1,-1
273,2,870,158,171,140,1,-1,-1,-1
274,2,870,156,169,138,1,-1,-1,-1
275,2,869,154,167,137,1,-1,-1,-1
276,2,867,151,167,136,1,-1,-1,-1
277,2,868,149,164,135,1,-1,-1,-1
278,2,867,147,162,133,1,-1,-1,-1
279,2,865,144,162,133,1,-1,-1,-1
280,2,865,142,160,131,1,-1,-1,-1
281,2,864,141,158,130,1,-1,-1,-1
282,2,863,138,157,129,1,-1,-1,-1
283,2,863,136,155,127,1,-1,-1,-1
284,2,863,135,152,124,1,-1,-1,-1
285,2,864,132,150,123,1,-1,-1,-1
286,2,863,130,149,123,1,-1,-1,-1
287,2,862,128,149,122,1,-1,-1,-1
288,2,862,127,145,119,1,-1,-1,-1
289,2,860,125,146,119,1,-1,-1,-1
290,2,859,121,145,119,1,-1,-1,-1
291,2,856,119,147,120,1,-1,-1,-1
292,2,855,116,146,120,1,-1,-1,-1
293,2,854,115,144,118,1,-1,-1,-1
294,2,853,113,144,117,1,-1,-1,-1
295,2,852,112,142,115,1,-1,-1,-1
296,2,852,111,140,114,1,-1,-1,-1
297,2,852,109,138,113,1,-1,-1,-1
298,2,852,108,136,111,1,-1,-1,-1
299,2,851,106,135,109,1,-1,-1,-1
300,2,851,106,134,108,1,-1,-1,-1
301,2,849,104,135,109,1,-1,-1,-1
302,2,848,103,133,107,1,-1,-1,-1
303,2,846,100,135,108,1,-1,-1,-1
304,2,843,97,137,109,1,-1,-1,-1
305,2,842,94,137,109,1,-1,-1,-1
306,2,842,92,135,108,1,-1,-1,-1
307,2,842,90,132,106,1,-1,-1,-1
308,2,839,88,133,106,1,-1,-1,-1
309,2,838,88,131,103,1,-1,-1,-1
310,2,838,87,130,102,1,-1,-1,-1
311,2,838,87,128,101,1,-1,-1,-1
312,2,838,86,127,100,1,-1,-1,-1
313,2,836,85,127,100,1,-1,-1,-1
314,2,833,84,129,100,1,-1,-1,-1
315,2,832,81,129,101,1,-1,-1,-1
316,2,828,79,132,103,1,-1,-1,-1
317,2,827,77,132,102,1,-1,-1,-1
318,2,827,75,130,101,1,-1,-1,-1
319,2,827,73,130,101,1,-1,-1,-1
320,2,828,74,126,98,1,-1,-1,-1
321,2,828,73,124,96,1,-1,-1,-1
322,2,827,72,124,95,1,-1,-1,-1
323,2,827,72,124,95,1,-1,-1,-1
324,2,826,70,125,96,1,-1,-1,-1
325,2,825,69,125,96,1,-1,-1,-1
326,2,827,70,121,93,1,-1,-1,-1
327,2,826,68,124,94,1,-1,-1,-1
328,2,827,68,122,93,1,-1,-1,-1
329,2,828,67,121,93,1,-1,-1,-1
330,2,829,67,120,91,1,-1,-1,-1
331,2,829,66,119,91,1,-1,-1,-1
332,2,829,66,118,90,1,-1,-1,-1
411,3,1406,104,169,162,1,-1,-1,-1
412,3,1401,109,167,160,1,-1,-1,-1
413,3,1395,112,165,157,1,-1,-1,-1
414,3,1388,115,163,155,1,-1,-1,-1
415,3,1381,116,166,156,1,-1,-1,-1
416,3,1377,117,167,156,1,-1,-1,-1
417,3,1376,119,167,155,1,-1,-1,-1
418,3,1373,119,172,157,1,-1,-1,-1
419,3,1370,119,173,156,1,-1,-1,-1
420,3,1366,120,176,154,1,-1,-1,-1
421,3,1362,121,180,154,1,-1,-1,-1
421,4,681,66,144,97,1,-1,-1,-1
422,3,1359,120,183,154,1,-1,-1,-1
422,4,679,65,148,100,1,-1,-1,-1
423,3,1351,122,188,153,1,-1,-1,-1
423,4,679,65,150,102,1,-1,-1,-1
424,3,1341,122,194,155,1,-1,-1,-1
424,4,680,67,151,102,1,-1,-1,-1
425,3,1328,123,200,156,1,-1,-1,-1
425,4,680,67,152,103,1,-1,-1,-1
426,3,1316,123,207,157,1,-1,-1,-1
426,4,681,67,152,104,1,-1,-1,-1
427,3,1308,124,213,157,1,-1,-1,-1
427,4,680,67,155,106,1,-1,-1,-1
428,3,1303,123,218,158,1,-1,-1,-1
428,4,680,69,156,106,1,-1,-1,-1
429,3,1298,123,224,159,1,-1,-1,-1
429,4,679,69,157,108,1,-1,-1,-1
430,3,1294,123,229,158,1,-1,-1,-1
430,4,679,70,158,108,1,-1,-1,-1
431,3,1292,123,234,159,1,-1,-1,-1
431,4,677,71,160,109,1,-1,-1,-1
432,3,1289,123,239,159,1,-1,-1,-1
432,4,676,71,161,111,1,-1,-1,-1
433,3,1288,124,243,157,1,-1,-1,-1
433,4,676,71,162,112,1,-1,-1,-1
434,3,1287,124,246,157,1,-1,-1,-1
434,4,676,72,162,113,1,-1,-1,-1
435,3,1285,124,251,157,1,-1,-1,-1
435,4,675,72,163,114,1,-1,-1,-1
436,3,1282,124,257,157,1,-1,-1,-1
436,4,675,73,162,115,1,-1,-1,-1
437,3,1281,124,260,158,1,-1,-1,-1
437,4,674,73,163,116,1,-1,-1,-1
438,3,1279,125,264,157,1,-1,-1,-1
438,4,675,75,161,115,1,-1,-1,-1
439,3,1277,124,269,158,1,-1,-1,-1
439,4,676,76,159,115,1,-1,-1,-1
440,3,1275,124,273,158,1,-1,-1,-1
440,4,675,77,158,115,1,-1,-1,-1
441,3,1274,124,276,158,1,-1,-1,-1
441,4,675,78,156,115,1,-1,-1,-1
442,3,1273,125,278,157,1,-1,-1,-1
442,4,675,79,156,115,1,-1,-1,-1
443,3,1270,123,283,158,1,-1,-1,-1
443,4,674,80,156,116,1,-1,-1,-1
444,3,1269,123,286,158,1,-1,-1,-1
444,4,673,80,157,118,1,-1,-1,-1
445,3,1268,123,289,158,1,-1,-1,-1
445,4,671,81,158,119,1,-1,-1,-1
446,3,1267,123,292,158,1,-1,-1,-1
446,4,670,83,158,119,1,-1,-1,-1
447,3,1267,123,293,157,1,-1,-1,-1
447,4,670,85,156,119,1,-1,-1,-1
448,3,1265,122,295,158,1,-1,-1,-1
448,4,668,86,157,121,1,-1,-1,-1
449,3,1263,122,298,158,1,-1,-1,-1
449,4,666,86,158,123,1,-1,-1,-1
450,3,1262,122,300,158,1,-1,-1,-1
450,4,664,85,160,126,1,-1,-1,-1
451,3,1261,123,301,157,1,-1,-1,-1
451,4,664,87,159,125,1,-1,-1,-1
452,3,1260,123,303,158,1,-1,-1,-1
452,4,662,86,161,128,1,-1,-1,-1
453,3,1259,123,305,158,1,-1,-1,-1
453,4,661,88,160,128,1,-1,-1,-1
454,3,1258,124,306,157,1,-1,-1,-1
454,4,660,91,159,127,1,-1,-1,-1
455,3,1258,124,307,157,1,-1,-1,-1
455,4,661,94,156,126,1,-1,-1,-1
456,3,1257,123,309,158,1,-1,-1,-1
456,4,661,98,153,124,1,-1,-1,-1
457,3,1256,123,311,158,1,-1,-1,-1
457,4,662,102,150,122,1,-1,-1,-1
458,3,1255,123,313,158,1,-1,-1,-1
458,4,661,104,151,124,1,-1,-1,-1
459,3,1254,122,315,159,1,-1,-1,-1
459,4,661,106,151,124,1,-1,-1,-1
460,3,1254,122,316,159,1,-1,-1,-1
460,4,661,109,150,123,1,-1,-1,-1
461,3,1253,121,317,160,1,-1,-1,-1
461,4,661,113,148,122,1,-1,-1,-1
462,3,1254,121,318,160,1,-1,-1,-1
462,4,661,115,146,122,1,-1,-1,-1
463,3,1254,122,318,159,1,-1,-1,-1
463,4,660,116,148,123,1,-1,-1,-1
464,3,1253,122,318,159,1,-1,-1,-1
464,4,660,118,148,123,1,-1,-1,-1
465,3,1253,122,318,159,1,-1,-1,-1
465,4,658,120,150,124,1,-1,-1,-1
466,3,1252,123,319,158,1,-1,-1,-1
466,4,657,121,150,125,1,-1,-1,-1
467,3,1252,123,320,158,1,-1,-1,-1
467,4,657,123,152,126,1,-1,-1,-1
468,3,1252,124,320,158,1,-1,-1,-1
468,4,656,123,155,129,1,-1,-1,-1
469,3,1252,124,320,158,1,-1,-1,-1
469,4,655,124,156,130,1,-1,-1,-1
470,3,1252,124,320,158,1,-1,-1,-1
470,4,655,126,157,131,1,-1,-1,-1
471,3,1253,124,320,157,1,-1,-1,-1
471,4,654,128,157,132,1,-1,-1,-1
472,3,1252,124,321,157,1,-1,-1,-1
472,4,653,129,159,133,1,-1,-1,-1
473,3,1251,124,321,157,1,-1,-1,-1
473,4,653,131,159,133,1,-1,-1,-1
473,5,688,66,123,99,1,-1,-1,-1
474,3,1251,124,321,156,1,-1,-1,-1
474,4,654,134,157,131,1,-1,-1,-1
474,5,687,67,125,100,1,-1,-1,-1
475,3,1251,124,322,156,1,-1,-1,-1
475,4,652,134,161,135,1,-1,-1,-1
475,5,687,69,125,101,1,-1,-1,-1
476,3,1251,123,323,157,1,-1,-1,-1
476,4,650,136,164,137,1,-1,-1,-1
476,5,686,69,127,103,1,-1,-1,-1
477,3,1251,123,323,157,1,-1,-1,-1
477,4,650,138,164,138,1,-1,-1,-1
477,5,685,69,129,105,1,-1,-1,-1
478,3,1251,123,322,157,1,-1,-1,-1
478,4,650,141,166,140,1,-1,-1,-1
478,5,684,70,132,106,1,-1,-1,-1
479,3,1251,123,322,157,1,-1,-1,-1
479,4,650,144,167,140,1,-1,-1,-1
479,5,684,70,132,108,1,-1,-1,-1
480,3,1251,123,323,157,1,-1,-1,-1
480,4,649,147,168,142,1,-1,-1,-1
480,5,684,71,134,108,1,-1,-1,-1
481,3,1249,123,326,158,1,-1,-1,-1
481,4,649,150,168,142,1,-1,-1,-1
481,5,684,71,136,110,1,-1,-1,-1
482,3,1249,123,327,158,1,-1,-1,-1
482,4,649,153,167,141,1,-1,-1,-1
482,5,682,70,140,114,1,-1,-1,-1
483,3,1248,122,328,160,1,-1,-1,-1
483,4,648,155,168,142,1,-1,-1,-1
483,5,681,70,142,116,1,-1,-1,-1
484,3,1248,122,329,160,1,-1,-1,-1
484,4,647,157,169,143,1,-1,-1,-1
484,5,680,72,143,116,1,-1,-1,-1
485,3,1249,122,328,161,1,-1,-1,-1
485,4,646,159,171,144,1,-1,-1,-1
485,5,680,72,145,118,1,-1,-1,-1
486,3,1248,122,329,161,1,-1,-1,-1
486,4,646,161,171,144,1,-1,-1,-1
486,5,679,72,146,120,1,-1,-1,-1
487,3,1248,122,328,161,1,-1,-1,-1
487,4,644,163,174,147,1,-1,-1,-1
487,5,679,73,146,121,1,-1,-1,-1
488,3,1249,122,327,160,1,-1,-1,-1
488,4,642,165,176,149,1,-1,-1,-1
488,5,680,75,144,119,1,-1,-1,-1
489,3,1249,122,327,160,1,-1,-1,-1
489,4,641,168,177,150,1,-1,-1,-1
489,5,681,77,142,117,1,-1,-1,-1
490,3,1249,122,327,160,1,-1,-1,-1
490,4,640,171,178,151,1,-1,-1,-1
490,5,681,78,143,118,1,-1,-1,-1
491,3,1248,122,328,160,1,-1,-1,-1
491,4,639,174,180,153,1,-1,-1,-1
491,5,680,79,144,119,1,-1,-1,-1
492,3,1249,122,327,160,1,-1,-1,-1
492,4,638,177,183,155,1,-1,-1,-1
492,5,679,80,145,120,1,-1,-1,-1
493,3,1250,122,326,160,1,-1,-1,-1
493,4,637,179,185,156,1,-1,-1,-1
493,5,678,81,145,121,1,-1,-1,-1
494,3,1251,122,325,159,1,-1,-1,-1
494,4,634,181,188,159,1,-1,-1,-1
494,5,676,82,146,121,1,-1,-1,-1
495,3,1251,122,325,159,1,-1,-1,-1
495,4,634,183,189,161,1,-1,-1,-1
495,5,674,83,149,124,1,-1,-1,-1
496,3,1251,122,325,158,1,-1,-1,-1
496,4,633,187,190,161,1,-1,-1,-1
496,5,674,85,148,124,1,-1,-1,-1
497,3,1251,122,325,158,1,-1,-1,-1
497,4,632,191,190,161,1,-1,-1,-1
497,5,673,87,148,123,1,-1,-1,-1
498,3,1250,122,326,158,1,-1,-1,-1
498,4,633,196,189,160,1,-1,-1,-1
498,5,671,88,148,124,1,-1,-1,-1
499,3,1250,122,327,158,1,-1,-1,-1
499,4,632,199,190,161,1,-1,-1,-1
499,5,670,90,147,124,1,-1,-1,-1
500,3,1250,121,327,159,1,-1,-1,-1
500,4,630,202,192,163,1,-1,-1,-1
500,5,668,92,148,123,1,-1,-1,-1
501,3,1250,121,327,159,1,-1,-1,-1
501,4,629,205,194,166,1,-1,-1,-1
501,5,668,95,147,123,1,-1,-1,-1
502,3,1250,121,327,159,1,-1,-1,-1
502,4,628,209,196,167,1,-1,-1,-1
502,5,667,96,148,124,1,-1,-1,-1
503,3,1250,121,327,159,1,-1,-1,-1
503,4,628,213,197,168,1,-1,-1,-1
503,5,666,99,149,125,1,-1,-1,-1
504,3,1249,121,328,160,1,-1,-1,-1
504,4,626,216,201,171,1,-1,-1,-1
504,5,665,102,149,124,1,-1,-1,-1
505,3,1250,122,327,159,1,-1,-1,-1
505,4,626,219,202,172,1,-1,-1,-1
505,5,664,105,148,123,1,-1,-1,-1
506,3,1250,122,327,159,1,-1,-1,-1
506,4,626,224,202,172,1,-1,-1,-1
506,5,663,109,148,123,1,-1,-1,-1
507,3,1250,122,326,160,1,-1,-1,-1
507,4,626,227,204,174,1,-1,-1,-1
507,5,662,111,148,123,1,-1,-1,-1
508,3,1251,123,325,159,1,-1,-1,-1
508,4,625,230,206,175,1,-1,-1,-1
508,5,660,113,150,124,1,-1,-1,-1
509,3,1252,123,324,159,1,-1,-1,-1
509,4,624,232,208,177,1,-1,-1,-1
509,5,658,114,152,126,1,-1,-1,-1
510,3,1252,124,324,158,1,-1,-1,-1
510,4,621,233,213,182,1,-1,-1,-1
510,5,657,115,154,128,1,-1,-1,-1
511,3,1252,123,324,158,1,-1,-1,-1
511,4,618,236,217,184,1,-1,-1,-1
511,5,655,117,155,129,1,-1,-1,-1
512,3,1252,123,324,158,1,-1,-1,-1
512,4,616,239,220,187,1,-1,-1,-1
512,5,654,118,157,131,1,-1,-1,-1
513,3,1251,123,325,158,1,-1,-1,-1
513,4,615,242,222,189,1,-1,-1,-1
513,5,653,120,157,131,1,-1,-1,-1
514,3,1251,122,325,158,1,-1,-1,-1
514,4,614,247,223,189,1,-1,-1,-1
514,5,651,121,160,133,1,-1,-1,-1
515,3,1251,122,326,158,1,-1,-1,-1
515,4,613,250,225,191,1,-1,-1,-1
515,5,649,122,162,135,1,-1,-1,-1
516,3,1251,121,326,159,1,-1,-1,-1
516,4,609,253,232,197,1,-1,-1,-1
516,5,647,124,163,136,1,-1,-1,-1
517,3,1251,121,326,159,1,-1,-1,-1
517,4,608,258,236,200,1,-1,-1,-1
517,5,647,126,165,137,1,-1,-1,-1
518,3,1251,121,326,159,1,-1,-1,-1
518,4,606,263,240,204,1,-1,-1,-1
518,5,647,128,165,138,1,-1,-1,-1
519,3,1252,121,324,159,1,-1,-1,-1
519,4,603,267,246,209,1,-1,-1,-1
519,5,647,130,165,138,1,-1,-1,-1
520,3,1252,121,324,159,1,-1,-1,-1
520,4,601,272,250,212,1,-1,-1,-1
520,5,648,133,164,137,1,-1,-1,-1
521,3,1252,121,324,158,1,-1,-1,-1
521,4,598,277,254,217,1,-1,-1,-1
521,5,647,135,165,138,1,-1,-1,-1
522,3,1252,121,324,158,1,-1,-1,-1
522,4,595,285,258,221,1,-1,-1,-1
522,5,646,137,166,139,1,-1,-1,-1
523,3,1253,122,323,157,1,-1,-1,-1
523,4,592,292,262,224,1,-1,-1,-1
523,5,646,141,166,139,1,-1,-1,-1
524,3,1253,122,322,157,1,-1,-1,-1
524,4,591,300,263,225,1,-1,-1,-1
524,5,645,143,168,140,1,-1,-1,-1
525,3,1253,122,322,157,1,-1,-1,-1
525,4,590,307,265,228,1,-1,-1,-1
525,5,644,146,168,141,1,-1,-1,-1
526,3,1252,123,322,156,1,-1,-1,-1
526,4,588,314,267,230,1,-1,-1,-1
526,5,644,150,168,140,1,-1,-1,-1
527,3,1252,123,322,157,1,-1,-1,-1
527,4,585,322,272,234,1,-1,-1,-1
527,5,644,152,169,141,1,-1,-1,-1
528,3,1252,123,322,157,1,-1,-1,-1
528,4,583,329,274,238,1,-1,-1,-1
528,5,645,155,169,141,1,-1,-1,-1
529,3,1252,124,322,156,1,-1,-1,-1
529,4,580,337,278,242,1,-1,-1,-1
529,5,644,157,171,143,1,-1,-1,-1
530,3,1252,124,321,157,1,-1,-1,-1
530,4,580,348,277,241,1,-1,-1,-1
530,5,643,160,173,144,1,-1,-1,-1
531,3,1252,124,320,157,1,-1,-1,-1
531,4,576,357,280,245,1,-1,-1,-1
531,5,643,162,174,145,1,-1,-1,-1
532,3,1253,124,319,156,1,-1,-1,-1
532,4,572,367,284,248,1,-1,-1,-1
532,5,642,165,174,146,1,-1,-1,-1
533,3,1254,125,317,155,1,-1,-1,-1
533,4,569,377,287,251,1,-1,-1,-1
533,5,643,168,175,146,1,-1,-1,-1
534,3,1253,125,317,155,1,-1,-1,-1
534,4,567,388,286,250,1,-1,-1,-1
534,5,642,169,178,148,1,-1,-1,-1
535,3,1250,126,315,153,1,-1,-1,-1
535,4,563,397,288,253,1,-1,-1,-1
535,5,641,171,181,151,1,-1,-1,-1
536,3,1245,127,314,152,1,-1,-1,-1
536,4,559,407,292,257,1,-1,-1,-1
536,5,641,175,183,152,1,-1,-1,-1
537,3,1238,128,315,153,1,-1,-1,-1
537,4,556,419,295,259,1,-1,-1,-1
537,5,641,179,184,153,1,-1,-1,-1
538,3,1232,130,313,152,1,-1,-1,-1
538,4,551,429,301,266,1,-1,-1,-1
538,5,642,182,186,154,1,-1,-1,-1
539,3,1223,131,317,153,1,-1,-1,-1
539,4,548,442,306,269,1,-1,-1,-1
539,5,641,185,189,156,1,-1,-1,-1
540,3,1217,131,317,154,1,-1,-1,-1
540,4,542,451,314,278,1,-1,-1,-1
540,5,641,188,191,159,1,-1,-1,-1
541,3,1209,130,319,155,1,-1,-1,-1
541,4,536,463,320,283,1,-1,-1,-1
541,5,642,192,192,159,1,-1,-1,-1
542,3,1201,131,319,154,1,-1,-1,-1
542,4,528,476,326,289,1,-1,-1,-1
542,5,642,195,193,160,1,-1,-1,-1
543,3,1194,132,316,154,1,-1,-1,-1
543,4,521,490,331,294,1,-1,-1,-1
543,5,641,198,196,162,1,-1,-1,-1
544,3,1183,136,314,152,1,-1,-1,-1
544,4,513,504,337,299,1,-1,-1,-1
544,5,641,203,197,163,1,-1,-1,-1
545,3,1169,138,316,153,1,-1,-1,-1
545,4,505,519,342,305,1,-1,-1,-1
545,5,640,206,201,166,1,-1,-1,-1
546,3,1155,140,314,152,1,-1,-1,-1
546,4,497,535,347,309,1,-1,-1,-1
546,5,639,209,203,167,1,-1,-1,-1
547,3,1138,142,314,152,1,-1,-1,-1
547,4,485,550,357,318,1,-1,-1,-1
547,5,637,213,206,169,1,-1,-1,-1
548,3,1122,145,314,152,1,-1,-1,-1
548,4,474,568,364,324,1,-1,-1,-1
548,5,637,218,207,169,1,-1,-1,-1
549,3,1106,145,314,152,1,-1,-1,-1
549,4,460,584,374,335,1,-1,-1,-1
549,5,638,223,206,169,1,-1,-1,-1
550,3,1086,146,315,153,1,-1,-1,-1
550,4,448,603,381,341,1,-1,-1,-1
550,5,640,228,205,168,1,-1,-1,-1
551,3,1066,149,314,152,1,-1,-1,-1
551,4,433,624,387,347,1,-1,-1,-1
551,5,639,231,207,169,1,-1,-1,-1
552,3,1058,150,313,151,1,-1,-1,-1
552,4,420,647,387,348,1,-1,-1,-1
552,5,638,234,210,171,1,-1,-1,-1
553,3,1041,151,315,152,1,-1,-1,-1
553,4,408,669,392,353,1,-1,-1,-1
553,5,635,234,217,178,1,-1,-1,-1
554,3,1020,152,319,154,1,-1,-1,-1
554,4,393,693,395,355,1,-1,-1,-1
554,5,630,236,225,183,1,-1,-1,-1
555,3,1002,152,320,155,1,-1,-1,-1
555,4,376,718,396,356,1,-1,-1,-1
555,5,627,237,232,189,1,-1,-1,-1
556,3,983,153,323,155,1,-1,-1,-1
556,4,362,740,386,348,1,-1,-1,-1
556,5,626,242,235,191,1,-1,-1,-1
557,3,969,154,322,156,1,-1,-1,-1
557,4,349,760,385,347,1,-1,-1,-1
557,5,627,248,234,191,1,-1,-1,-1
558,3,953,155,324,156,1,-1,-1,-1
558,4,338,777,388,350,1,-1,-1,-1
558,5,625,254,236,193,1,-1,-1,-1
559,3,936,158,323,155,1,-1,-1,-1
559,5,624,258,239,196,1,-1,-1,-1
560,3,919,159,324,156,1,-1,-1,-1
560,5,622,262,244,200,1,-1,-1,-1
561,3,901,160,325,157,1,-1,-1,-1
561,5,620,269,249,204,1,-1,-1,-1
562,3,882,162,324,156,1,-1,-1,-1
562,5,617,275,253,208,1,-1,-1,-1
563,3,863,163,323,157,1,-1,-1,-1
563,5,614,283,257,210,1,-1,-1,-1
564,3,847,165,322,156,1,-1,-1,-1
564,5,612,290,260,213,1,-1,-1,-1
565,3,832,168,319,155,1,-1,-1,-1
565,5,611,299,261,213,1,-1,-1,-1
566,3,814,169,321,158,1,-1,-1,-1
566,5,609,308,263,216,1,-1,-1,-1
567,3,796,171,321,157,1,-1,-1,-1
567,5,607,318,266,218,1,-1,-1,-1
568,3,781,172,320,159,1,-1,-1,-1
568,5,604,325,274,225,1,-1,-1,-1
569,3,767,175,318,159,1,-1,-1,-1
569,5,602,336,276,227,1,-1,-1,-1
570,3,753,177,317,159,1,-1,-1,-1
570,5,597,346,283,232,1,-1,-1,-1
571,3,738,180,315,160,1,-1,-1,-1
571,5,597,356,286,236,1,-1,-1,-1
572,3,723,184,314,160,1,-1,-1,-1
572,5,594,367,289,238,1,-1,-1,-1
573,3,710,187,312,161,1,-1,-1,-1
573,5,590,378,293,241,1,-1,-1,-1
574,3,695,188,313,163,1,-1,-1,-1
574,5,587,388,296,244,1,-1,-1,-1
575,3,681,190,313,165,1,-1,-1,-1
575,5,582,399,300,248,1,-1,-1,-1
576,3,666,191,315,167,1,-1,-1,-1
576,5,577,411,306,252,1,-1,-1,-1
577,3,655,193,315,170,1,-1,-1,-1
577,5,572,425,307,253,1,-1,-1,-1
578,3,645,196,314,171,1,-1,-1,-1
578,5,567,438,310,256,1,-1,-1,-1
579,3,635,200,312,172,1,-1,-1,-1
579,5,559,450,318,262,1,-1,-1,-1
580,3,626,202,311,174,1,-1,-1,-1
580,5,549,464,325,267,1,-1,-1,-1
581,3,618,206,308,174,1,-1,-1,-1
581,5,538,477,334,276,1,-1,-1,-1
582,3,612,210,303,174,1,-1,-1,-1
582,5,528,492,343,283,1,-1,-1,-1
583,3,607,215,298,172,1,-1,-1,-1
583,5,518,507,349,288,1,-1,-1,-1
584,3,600,217,299,175,1,-1,-1,-1
584,5,506,524,354,293,1,-1,-1,-1
585,3,594,221,297,176,1,-1,-1,-1
585,5,494,539,361,299,1,-1,-1,-1
586,3,590,224,293,176,1,-1,-1,-1
586,5,480,556,369,306,1,-1,-1,-1
587,3,586,228,290,176,1,-1,-1,-1
587,5,466,574,377,313,1,-1,-1,-1
588,3,580,230,291,180,1,-1,-1,-1
588,5,450,593,387,321,1,-1,-1,-1
589,3,575,233,291,181,1,-1,-1,-1
589,5,436,614,394,327,1,-1,-1,-1
590,3,568,234,296,186,1,-1,-1,-1
590,5,422,637,399,333,1,-1,-1,-1
591,3,563,235,300,191,1,-1,-1,-1
591,5,406,664,403,335,1,-1,-1,-1
592,3,560,238,301,195,1,-1,-1,-1
592,5,387,690,408,340,1,-1,-1,-1
593,3,559,241,301,197,1,-1,-1,-1
593,5,367,712,418,349,1,-1,-1,-1
594,3,556,244,303,201,1,-1,-1,-1
594,5,354,738,413,344,1,-1,-1,-1
595,3,555,251,301,202,1,-1,-1,-1
595,5,341,760,414,345,1,-1,-1,-1
596,3,553,258,301,204,1,-1,-1,-1
596,5,329,779,418,349,1,-1,-1,-1
597,3,552,261,302,207,1,-1,-1,-1
598,3,549,266,306,212,1,-1,-1,-1
599,3,548,272,308,215,1,-1,-1,-1
600,3,545,277,312,222,1,-1,-1,-1
601,3,544,286,311,223,1,-1,-1,-1
602,3,541,293,315,227,1,-1,-1,-1
603,3,540,300,314,230,1,-1,-1,-1
604,3,538,308,314,231,1,-1,-1,-1
605,3,534,316,317,236,1,-1,-1,-1
606,3,530,326,319,239,1,-1,-1,-1
607,3,528,336,322,243,1,-1,-1,-1
608,3,527,346,321,244,1,-1,-1,-1
609,3,523,356,322,247,1,-1,-1,-1
610,3,520,366,322,249,1,-1,-1,-1
611,3,516,375,325,253,1,-1,-1,-1
612,3,513,387,325,255,1,-1,-1,-1
613,3,510,398,327,257,1,-1,-1,-1
614,3,503,408,332,263,1,-1,-1,-1
615,3,498,422,334,266,1,-1,-1,-1
616,3,491,432,341,273,1,-1,-1,-1
617,3,484,445,345,277,1,-1,-1,-1
618,3,477,458,350,282,1,-1,-1,-1
619,3,468,467,360,292,1,-1,-1,-1
620,3,458,480,368,299,1,-1,-1,-1
621,3,452,494,370,303,1,-1,-1,-1
622,3,444,510,375,307,1,-1,-1,-1
623,3,432,524,385,318,1,-1,-1,-1
624,3,417,540,396,328,1,-1,-1,-1
625,3,407,559,400,332,1,-1,-1,-1
626,3,397,577,405,339,1,-1,-1,-1
627,3,387,598,407,342,1,-1,-1,-1
628,3,374,617,414,349,1,-1,-1,-1
629,3,361,640,419,354,1,-1,-1,-1
630,3,346,664,425,360,1,-1,-1,-1
631,3,327,689,429,364,1,-1,-1,-1
632,3,307,711,431,366,1,-1,-1,-1
633,3,297,732,420,358,1,-1,-1,-1
634,3,285,751,420,357,1,-1,-1,-1
635,3,273,769,424,360,1,-1,-1,-1
707,6,939,640,560,409,1,-1,-1,-1
708,6,921,624,597,436,1,-1,-1,-1
709,6,913,608,614,449,1,-1,-1,-1
710,6,910,592,615,451,1,-1,-1,-1
711,6,912,579,606,446,1,-1,-1,-1
712,6,917,563,593,440,1,-1,-1,-1
713,6,925,550,575,428,1,-1,-1,-1
714,6,930,538,565,425,1,-1,-1,-1
715,6,934,522,549,416,1,-1,-1,-1
716,6,935,505,535,410,1,-1,-1,-1
717,6,937,492,519,402,1,-1,-1,-1
718,6,937,480,505,395,1,-1,-1,-1
719,6,935,466,491,388,1,-1,-1,-1
720,6,935,453,476,381,1,-1,-1,-1
721,6,937,443,461,373,1,-1,-1,-1
722,6,938,432,450,367,1,-1,-1,-1
723,6,938,421,438,361,1,-1,-1,-1
724,6,937,411,426,355,1,-1,-1,-1
725,6,935,402,415,349,1,-1,-1,-1
726,6,932,391,406,344,1,-1,-1,-1
727,6,928,382,397,339,1,-1,-1,-1
728,6,926,373,387,333,1,-1,-1,-1
729,6,921,364,379,328,1,-1,-1,-1
730,6,918,356,371,323,1,-1,-1,-1
731,6,915,347,364,319,1,-1,-1,-1
732,6,913,340,358,316,1,-1,-1,-1
733,6,907,331,356,315,1,-1,-1,-1
734,6,903,325,349,311,1,-1,-1,-1
735,6,900,317,344,307,1,-1,-1,-1
736,6,898,310,338,303,1,-1,-1,-1
737,6,895,303,334,301,1,-1,-1,-1
738,6,891,296,330,298,1,-1,-1,-1
739,6,888,289,324,294,1,-1,-1,-1
740,6,885,282,322,293,1,-1,-1,-1
741,6,878,276,318,290,1,-1,-1,-1
742,6,874,270,312,287,1,-1,-1,-1
743,6,875,265,307,281,1,-1,-1,-1
744,6,878,259,302,278,1,-1,-1,-1
745,6,880,253,297,274,1,-1,-1,-1
746,6,875,247,296,274,1,-1,-1,-1
747,6,877,241,292,271,1,-1,-1,-1
748,6,877,237,287,267,1,-1,-1,-1
749,6,876,233,283,263,1,-1,-1,-1
750,6,873,228,281,262,1,-1,-1,-1
751,6,871,224,277,258,1,-1,-1,-1
752,6,868,221,274,256,1,-1,-1,-1
753,6,866,218,272,255,1,-1,-1,-1
754,6,864,216,269,252,1,-1,-1,-1
755,6,864,211,265,249,1,-1,-1,-1
756,6,863,207,264,247,1,-1,-1,-1
757,6,862,205,260,244,1,-1,-1,-1
758,6,863,203,255,238,1,-1,-1,-1
759,6,861,201,251,235,1,-1,-1,-1
760,6,858,199,249,232,1,-1,-1,-1
761,6,854,195,248,232,1,-1,-1,-1
762,6,850,190,247,230,1,-1,-1,-1
763,6,846,186,245,229,1,-1,-1,-1
764,6,843,184,243,227,1,-1,-1,-1
765,6,840,181,241,224,1,-1,-1,-1
766,6,839,179,238,221,1,-1,-1,-1
767,6,838,176,236,219,1,-1,-1,-1
768,6,837,173,235,218,1,-1,-1,-1
769,6,835,170,234,216,1,-1,-1,-1
770,6,834,167,231,214,1,-1,-1,-1
771,6,833,166,229,211,1,-1,-1,-1
772,6,833,164,227,209,1,-1,-1,-1
773,6,833,162,225,206,1,-1,-1,-1
774,6,833,159,223,204,1,-1,-1,-1
775,6,833,156,223,203,1,-1,-1,-1
776,6,834,153,222,203,1,-1,-1,-1
777,6,832,150,224,203,1,-1,-1,-1
778,6,832,147,224,204,1,-1,-1,-1
779,6,833,146,222,201,1,-1,-1,-1
780,6,833,145,219,198,1,-1,-1,-1
781,6,835,144,216,196,1,-1,-1,-1
782,6,835,141,215,195,1,-1,-1,-1
783,6,835,139,213,195,1,-1,-1,-1
784,6,832,136,215,195,1,-1,-1,-1
785,6,832,132,212,193,1,-1,-1,-1
786,6,833,130,210,191,1,-1,-1,-1
787,6,835,128,206,189,1,-1,-1,-1
788,6,836,127,205,187,1,-1,-1,-1
789,6,837,125,202,185,1,-1,-1,-1
790,6,838,123,200,184,1,-1,-1,-1
791,6,838,121,199,183,1,-1,-1,-1
792,6,839,121,196,179,1,-1,-1,-1
793,6,839,119,193,178,1,-1,-1,-1
794,6,840,118,189,173,1,-1,-1,-1
795,6,840,116,188,172,1,-1,-1,-1
796,6,840,113,189,173,1,-1,-1,-1
797,6,840,111,188,172,1,-1,-1,-1
798,6,840,109,187,172,1,-1,-1,-1
799,6,840,108,186,171,1,-1,-1,-1
800,6,841,108,183,168,1,-1,-1,-1
801,6,840,106,184,169,1,-1,-1,-1
802,6,842,107,180,165,1,-1,-1,-1
803,6,842,105,179,164,1,-1,-1,-1
804,6,843,104,177,163,1,-1,-1,-1
805,6,844,103,175,161,1,-1,-1,-1
806,6,844,102,174,159,1,-1,-1,-1
807,6,844,100,173,159,1,-1,-1,-1
808,6,843,100,172,158,1,-1,-1,-1
809,6,843,100,171,156,1,-1,-1,-1
810,6,844,99,168,154,1,-1,-1,-1
811,6,845,98,167,152,1,-1,-1,-1
812,6,844,95,167,153,1,-1,-1,-1
813,6,843,92,168,153,1,-1,-1,-1
814,6,843,90,168,153,1,-1,-1,-1
815,6,843,88,167,153,1,-1,-1,-1
816,6,842,87,167,153,1,-1,-1,-1
817,6,841,86,167,153,1,-1,-1,-1
818,6,841,85,167,152,1,-1,-1,-1
819,6,841,84,165,151,1,-1,-1,-1
820,6,840,83,165,150,1,-1,-1,-1
821,6,840,82,163,148,1,-1,-1,-1
822,6,839,80,162,148,1,-1,-1,-1
823,6,836,77,164,150,1,-1,-1,-1
824,6,834,75,166,151,1,-1,-1,-1
825,6,834,71,165,151,1,-1,-1,-1
826,6,835,71,162,147,1,-1,-1,-1
827,6,834,69,160,147,1,-1,-1,-1
828,6,832,67,162,148,1,-1,-1,-1
829,6,829,65,164,149,1,-1,-1,-1
830,6,828,63,163,150,1,-1,-1,-1
831,6,827,63,161,148,1,-1,-1,-1
832,6,828,63,158,146,1,-1,-1,-1
833,6,826,63,157,145,1,-1,-1,-1
833,7,24,210,331,269,1,-1,-1,-1
834,6,825,61,157,145,1,-1,-1,-1
834,7,36,207,332,270,1,-1,-1,-1
835,6,823,60,157,145,1,-1,-1,-1
835,7,44,205,336,273,1,-1,-1,-1
836,6,823,58,155,143,1,-1,-1,-1
836,7,59,207,338,274,1,-1,-1,-1
837,6,823,57,154,142,1,-1,-1,-1
837,7,71,208,340,275,1,-1,-1,-1
838,6,823,55,152,142,1,-1,-1,-1
838,7,78,212,342,275,1,-1,-1,-1
839,6,822,54,151,140,1,-1,-1,-1
839,7,97,216,340,271,1,-1,-1,-1
840,6,820,52,151,140,1,-1,-1,-1
840,7,108,217,345,273,1,-1,-1,-1
841,6,817,48,153,143,1,-1,-1,-1
841,7,113,218,350,275,1,-1,-1,-1
842,6,816,47,152,142,1,-1,-1,-1
842,7,116,219,356,276,1,-1,-1,-1
843,6,816,47,150,140,1,-1,-1,-1
843,7,116,220,362,276,1,-1,-1,-1
844,6,816,46,149,140,1,-1,-1,-1
844,7,121,221,367,276,1,-1,-1,-1
845,6,816,46,148,139,1,-1,-1,-1
845,7,132,224,372,275,1,-1,-1,-1
846,6,815,45,147,138,1,-1,-1,-1
846,7,141,224,382,277,1,-1,-1,-1
847,6,814,43,146,138,1,-1,-1,-1
847,7,156,225,390,278,1,-1,-1,-1
848,6,815,44,143,135,1,-1,-1,-1
848,7,173,225,401,279,1,-1,-1,-1
849,6,814,43,142,134,1,-1,-1,-1
849,7,190,227,407,278,1,-1,-1,-1
850,6,814,42,141,134,1,-1,-1,-1
850,7,206,228,417,280,1,-1,-1,-1
851,7,222,231,423,278,1,-1,-1,-1
852,7,232,231,432,279,1,-1,-1,-1
853,7,249,234,440,279,1,-1,-1,-1
854,7,265,236,448,280,1,-1,-1,-1
855,7,284,238,457,282,1,-1,-1,-1
856,7,293,236,473,288,1,-1,-1,-1
857,7,305,236,480,290,1,-1,-1,-1
858,7,317,237,491,293,1,-1,-1,-1
859,7,334,238,494,293,1,-1,-1,-1
860,7,348,240,498,294,1,-1,-1,-1
861,7,364,243,499,294,1,-1,-1,-1
862,7,378,247,503,295,1,-1,-1,-1
863,7,390,250,505,296,1,-1,-1,-1
864,7,402,255,505,295,1,-1,-1,-1
865,7,413,259,506,296,1,-1,-1,-1
866,7,423,262,505,296,1,-1,-1,-1
867,7,433,264,505,297,1,-1,-1,-1
868,7,443,268,508,300,1,-1,-1,-1
869,7,453,272,511,303,1,-1,-1,-1
870,7,462,277,512,305,1,-1,-1,-1
871,7,472,281,506,303,1,-1,-1,-1
872,7,483,284,498,301,1,-1,-1,-1
873,7,496,289,487,297,1,-1,-1,-1
874,7,505,292,482,297,1,-1,-1,-1
875,7,510,295,482,299,1,-1,-1,-1
876,7,515,296,483,302,1,-1,-1,-1
877,7,521,298,483,306,1,-1,-1,-1
878,7,528,303,484,309,1,-1,-1,-1
879,7,535,306,479,310,1,-1,-1,-1
880,7,541,309,474,311,1,-1,-1,-1
881,7,546,313,472,312,1,-1,-1,-1
882,7,551,317,469,314,1,-1,-1,-1
883,7,556,322,465,315,1,-1,-1,-1
884,7,561,327,464,318,1,-1,-1,-1
885,7,566,331,461,321,1,-1,-1,-1
886,7,570,335,458,322,1,-1,-1,-1
887,7,574,340,454,323,1,-1,-1,-1
888,7,579,344,449,324,1,-1,-1,-1
889,7,583,348,446,326,1,-1,-1,-1
890,7,587,354,441,326,1,-1,-1,-1
891,7,587,356,443,331,1,-1,-1,-1
892,7,589,360,441,334,1,-1,-1,-1
893,7,590,367,443,340,1,-1,-1,-1
894,7,590,374,441,342,1,-1,-1,-1
895,7,589,379,445,349,1,-1,-1,-1
896,7,589,385,443,351,1,-1,-1,-1
897,7,588,390,442,355,1,-1,-1,-1
898,7,589,395,438,355,1,-1,-1,-1
899,7,587,401,434,355,1,-1,-1,-1
900,7,585,406,434,358,1,-1,-1,-1
901,7,582,414,436,364,1,-1,-1,-1
902,7,579,421,438,369,1,-1,-1,-1
903,7,577,428,435,370,1,-1,-1,-1
904,7,572,437,433,371,1,-1,-1,-1
905,7,566,443,434,374,1,-1,-1,-1
906,7,560,450,433,376,1,-1,-1,-1
907,7,554,456,434,379,1,-1,-1,-1
908,7,544,462,441,388,1,-1,-1,-1
909,7,538,469,447,397,1,-1,-1,-1
910,7,530,479,453,404,1,-1,-1,-1
911,7,522,488,458,411,1,-1,-1,-1
912,7,513,498,461,416,1,-1,-1,-1
913,7,503,508,465,422,1,-1,-1,-1
914,7,493,519,469,427,1,-1,-1,-1
915,7,484,527,469,430,1,-1,-1,-1
916,7,478,537,466,428,1,-1,-1,-1
917,7,470,549,464,428,1,-1,-1,-1
918,7,460,561,464,429,1,-1,-1,-1
919,7,446,572,470,435,1,-1,-1,-1
920,7,435,584,474,440,1,-1,-1,-1
921,7,422,595,480,446,1,-1,-1,-1
922,7,405,606,487,454,1,-1,-1,-1
923,7,390,620,490,456,1,-1,-1,-1
924,7,379,632,486,453,1,-1,-1,-1
925,7,368,645,477,444,1,-1,-1,-1
926,7,358,656,474,442,1,-1,-1,-1
926,8,323,380,106,108,1,-1,-1,-1
927,7,347,667,477,444,1,-1,-1,-1
927,8,345,374,107,110,1,-1,-1,-1
928,8,365,368,111,113,1,-1,-1,-1
929,8,382,363,112,114,1,-1,-1,-1
930,8,399,359,113,115,1,-1,-1,-1
931,8,415,354,114,116,1,-1,-1,-1
936,8,487,351,102,103,1,-1,-1,-1
937,8,502,349,103,104,1,-1,-1,-1
938,8,522,348,101,102,1,-1,-1,-1
939,8,545,346,100,101,1,-1,-1,-1
940,8,568,343,102,101,1,-1,-1,-1
941,8,594,340,103,102,1,-1,-1,-1
942,8,619,337,103,102,1,-1,-1,-1
943,8,643,334,104,101,1,-1,-1,-1
944,8,667,333,102,99,1,-1,-1,-1
945,8,688,330,104,100,1,-1,-1,-1
946,8,707,327,106,102,1,-1,-1,-1
947,8,726,325,107,103,1,-1,-1,-1
948,8,744,323,108,103,1,-1,-1,-1
949,8,761,321,108,103,1,-1,-1,-1
950,8,782,320,107,102,1,-1,-1,-1
951,8,802,319,106,100,1,-1,-1,-1
952,8,821,317,105,100,1,-1,-1,-1
953,8,839,317,103,98,1,-1,-1,-1
954,8,857,317,102,97,1,-1,-1,-1
955,8,874,314,103,98,1,-1,-1,-1
956,8,892,310,105,101,1,-1,-1,-1
957,8,911,312,101,97,1,-1,-1,-1
958,8,929,311,100,96,1,-1,-1,-1
959,8,948,310,99,95,1,-1,-1,-1
1081,9,679,77,105,83,1,-1,-1,-1
1082,9,680,75,107,85,1,-1,-1,-1
1083,9,683,74,107,86,1,-1,-1,-1
1084,9,685,74,108,86,1,-1,-1,-1
1085,9,688,75,106,84,1,-1,-1,-1
1086,9,690,75,105,83,1,-1,-1,-1
1087,9,691,75,104,83,1,-1,-1,-1
1088,9,692,75,104,81,1,-1,-1,-1
1089,9,693,74,105,83,1,-1,-1,-1
1090,9,697,74,105,83,1,-1,-1,-1
1091,9,701,74,107,83,1,-1,-1,-1
1092,9,705,73,107,84,1,-1,-1,-1
1093,9,707,73,107,84,1,-1,-1,-1
1109,9,714,69,117,90,1,-1,-1,-1
1110,9,714,68,119,92,1,-1,-1,-1
1111,9,710,67,123,95,1,-1,-1,-1
1112,9,707,66,128,99,1,-1,-1,-1
1113,9,705,65,131,102,1,-1,-1,-1
1114,9,702,65,133,103,1,-1,-1,-1
1115,9,701,66,134,104,1,-1,-1,-1
1116,9,699,67,137,106,1,-1,-1,-1
1117,9,697,68,140,108,1,-1,-1,-1
1118,9,696,69,142,111,1,-1,-1,-1
1119,9,694,69,145,113,1,-1,-1,-1
1120,9,694,71,145,113,1,-1,-1,-1
1121,9,695,73,143,112,1,-1,-1,-1
1122,9,695,74,143,112,1,-1,-1,-1
1123,9,695,76,143,112,1,-1,-1,-1
1124,9,695,77,144,113,1,-1,-1,-1
1125,9,695,79,144,113,1,-1,-1,-1
1126,9,695,81,144,112,1,-1,-1,-1
1127,9,695,84,146,113,1,-1,-1,-1
1128,9,696,87,147,114,1,-1,-1,-1
1129,9,695,89,148,116,1,-1,-1,-1
1130,9,694,91,152,119,1,-1,-1,-1
1131,9,692,93,154,121,1,-1,-1,-1
1132,9,691,97,156,121,1,-1,-1,-1
1133,9,690,99,156,122,1,-1,-1,-1
1134,9,690,102,158,124,1,-1,-1,-1
1135,9,689,105,160,126,1,-1,-1,-1
1136,9,688,107,160,127,1,-1,-1,-1
1137,9,688,111,159,126,1,-1,-1,-1
1138,9,687,113,160,127,1,-1,-1,-1
1139,9,686,114,162,129,1,-1,-1,-1
1140,9,685,116,163,129,1,-1,-1,-1
1141,9,683,117,165,131,1,-1,-1,-1
1142,9,682,119,166,133,1,-1,-1,-1
1143,9,681,123,167,132,1,-1,-1,-1
1144,9,681,126,165,132,1,-1,-1,-1
1145,9,682,130,162,130,1,-1,-1,-1
1146,9,681,134,162,130,1,-1,-1,-1
1147,9,679,137,162,130,1,-1,-1,-1
1148,9,676,139,166,133,1,-1,-1,-1
1149,9,674,141,168,134,1,-1,-1,-1
1149,10,882,652,524,401,1,-1,-1,-1
1150,9,671,144,171,137,1,-1,-1,-1
1150,10,884,631,518,397,1,-1,-1,-1
1151,9,669,148,172,138,1,-1,-1,-1
1151,10,886,611,507,390,1,-1,-1,-1
1152,9,667,152,173,139,1,-1,-1,-1
1152,10,889,593,495,380,1,-1,-1,-1
1153,9,665,155,175,140,1,-1,-1,-1
1153,10,894,571,483,373,1,-1,-1,-1
1154,9,663,157,177,142,1,-1,-1,-1
1154,10,900,552,470,365,1,-1,-1,-1
1155,9,661,160,179,143,1,-1,-1,-1
1155,10,901,534,460,358,1,-1,-1,-1
1156,9,660,163,181,145,1,-1,-1,-1
1156,10,901,516,452,353,1,-1,-1,-1
1157,9,657,165,184,148,1,-1,-1,-1
1157,10,902,498,443,348,1,-1,-1,-1
1158,9,655,169,186,150,1,-1,-1,-1
1158,10,905,483,432,342,1,-1,-1,-1
1159,9,652,172,188,152,1,-1,-1,-1
1159,10,907,472,420,334,1,-1,-1,-1
1160,9,650,177,189,151,1,-1,-1,-1
1160,10,909,461,409,327,1,-1,-1,-1
1161,9,648,181,190,153,1,-1,-1,-1
1161,10,913,449,395,319,1,-1,-1,-1
1162,9,645,185,194,156,1,-1,-1,-1
1162,10,908,436,394,319,1,-1,-1,-1
1163,9,643,190,196,158,1,-1,-1,-1
1163,10,911,424,384,313,1,-1,-1,-1
1164,9,640,193,198,160,1,-1,-1,-1
1164,10,912,412,374,307,1,-1,-1,-1
1165,9,638,198,200,161,1,-1,-1,-1
1165,10,912,401,366,302,1,-1,-1,-1
1166,9,636,202,204,165,1,-1,-1,-1
1166,10,908,388,364,302,1,-1,-1,-1
1167,9,631,208,207,166,1,-1,-1,-1
1167,10,904,376,361,301,1,-1,-1,-1
1168,9,629,213,208,167,1,-1,-1,-1
1168,10,904,367,352,295,1,-1,-1,-1
1169,9,627,219,208,168,1,-1,-1,-1
1169,10,902,357,347,293,1,-1,-1,-1
1170,9,624,223,211,171,1,-1,-1,-1
1170,10,905,349,336,285,1,-1,-1,-1
1171,9,620,227,215,173,1,-1,-1,-1
1171,10,907,339,330,281,1,-1,-1,-1
1172,9,617,231,217,175,1,-1,-1,-1
1172,10,908,331,323,276,1,-1,-1,-1
1173,9,614,235,219,177,1,-1,-1,-1
1173,10,906,322,319,275,1,-1,-1,-1
1174,9,609,238,224,182,1,-1,-1,-1
1174,10,908,316,313,270,1,-1,-1,-1
1175,9,605,242,229,185,1,-1,-1,-1
1175,10,909,310,306,265,1,-1,-1,-1
1176,9,601,246,234,190,1,-1,-1,-1
1176,10,909,302,303,263,1,-1,-1,-1
1177,9,598,251,238,193,1,-1,-1,-1
1177,10,911,295,300,261,1,-1,-1,-1
1178,9,595,257,243,198,1,-1,-1,-1
1178,10,913,289,296,258,1,-1,-1,-1
1179,9,590,262,249,203,1,-1,-1,-1
1179,10,916,282,289,254,1,-1,-1,-1
1180,9,585,268,255,208,1,-1,-1,-1
1180,10,915,276,288,252,1,-1,-1,-1
1181,9,580,277,260,212,1,-1,-1,-1
1181,10,916,269,285,250,1,-1,-1,-1
1182,9,574,286,267,217,1,-1,-1,-1
1182,10,918,262,281,248,1,-1,-1,-1
1183,9,571,297,270,220,1,-1,-1,-1
1183,10,919,254,278,246,1,-1,-1,-1
1184,9,569,306,274,224,1,-1,-1,-1
1184,10,919,250,273,241,1,-1,-1,-1
1185,9,565,317,278,228,1,-1,-1,-1
1185,10,921,246,269,239,1,-1,-1,-1
1186,9,560,330,284,233,1,-1,-1,-1
1186,10,922,241,266,237,1,-1,-1,-1
1187,9,558,343,286,236,1,-1,-1,-1
1187,10,923,237,262,233,1,-1,-1,-1
1188,9,554,356,287,237,1,-1,-1,-1
1188,10,922,233,260,232,1,-1,-1,-1
1189,9,549,370,293,241,1,-1,-1,-1
1189,10,923,229,255,228,1,-1,-1,-1
1190,9,545,382,297,246,1,-1,-1,-1
1190,10,926,226,250,224,1,-1,-1,-1
1191,9,540,394,303,251,1,-1,-1,-1
1191,10,927,222,247,221,1,-1,-1,-1
1192,9,532,407,312,259,1,-1,-1,-1
1192,10,928,218,246,219,1,-1,-1,-1
1193,9,525,422,318,265,1,-1,-1,-1
1193,10,929,215,242,216,1,-1,-1,-1
1194,9,520,438,323,270,1,-1,-1,-1
1194,10,929,212,239,214,1,-1,-1,-1
1195,9,515,455,330,276,1,-1,-1,-1
1195,10,930,209,236,211,1,-1,-1,-1
1196,9,506,472,340,284,1,-1,-1,-1
1196,10,930,207,234,208,1,-1,-1,-1
1197,9,498,489,348,292,1,-1,-1,-1
1197,10,929,203,233,208,1,-1,-1,-1
1198,9,491,507,355,299,1,-1,-1,-1
1198,10,928,200,230,206,1,-1,-1,-1
1199,9,481,526,365,308,1,-1,-1,-1
1199,10,927,197,228,204,1,-1,-1,-1
1200,9,472,548,371,315,1,-1,-1,-1
1200,10,928,194,226,202,1,-1,-1,-1
1201,9,458,570,384,326,1,-1,-1,-1
1201,10,926,191,226,201,1,-1,-1,-1
1202,9,447,595,388,331,1,-1,-1,-1
1202,10,924,187,224,200,1,-1,-1,-1
1203,9,436,620,395,338,1,-1,-1,-1
1203,10,923,184,222,197,1,-1,-1,-1
1204,9,420,649,401,344,1,-1,-1,-1
1204,10,922,181,220,195,1,-1,-1,-1
1205,9,403,679,408,351,1,-1,-1,-1
1205,10,920,178,219,195,1,-1,-1,-1
1206,9,386,709,413,357,1,-1,-1,-1
1206,10,919,176,217,193,1,-1,-1,-1
1207,9,374,740,401,347,1,-1,-1,-1
1207,10,920,175,213,189,1,-1,-1,-1
1208,9,363,765,399,346,1,-1,-1,-1
1208,10,922,173,209,185,1,-1,-1,-1
1209,9,352,787,404,350,1,-1,-1,-1
1209,10,920,170,206,183,1,-1,-1,-1
1210,10,920,168,204,181,1,-1,-1,-1
1211,10,918,166,203,180,1,-1,-1,-1
1212,10,916,163,203,180,1,-1,-1,-1
1213,10,914,161,202,177,1,-1,-1,-1
1214,10,914,158,198,174,1,-1,-1,-1
1215,10,912,155,198,174,1,-1,-1,-1
1216,10,911,153,196,172,1,-1,-1,-1
1217,10,910,151,194,170,1,-1,-1,-1
1218,10,907,148,196,171,1,-1,-1,-1
1219,10,905,144,196,171,1,-1,-1,-1
1220,10,903,141,195,170,1,-1,-1,-1
1221,10,902,139,193,168,1,-1,-1,-1
1222,10,900,136,193,169,1,-1,-1,-1
1223,10,899,135,191,166,1,-1,-1,-1
1224,10,896,133,191,166,1,-1,-1,-1
1225,10,895,131,188,164,1,-1,-1,-1
1226,10,895,131,185,161,1,-1,-1,-1
1227,10,894,129,183,160,1,-1,-1,-1
1228,10,892,127,183,159,1,-1,-1,-1
1229,10,891,127,180,156,1,-1,-1,-1
1230,10,888,125,181,157,1,-1,-1,-1
1231,10,886,123,181,157,1,-1,-1,-1
1232,10,885,121,181,156,1,-1,-1,-1
1233,10,883,119,181,156,1,-1,-1,-1
1234,10,882,117,180,155,1,-1,-1,-1
1235,10,882,115,178,154,1,-1,-1,-1
1236,10,882,113,175,151,1,-1,-1,-1
1237,10,881,111,173,151,1,-1,-1,-1
1238,10,879,109,173,150,1,-1,-1,-1
1239,10,877,108,172,150,1,-1,-1,-1
1240,10,876,108,170,147,1,-1,-1,-1
1241,10,875,106,170,148,1,-1,-1,-1
1242,10,873,105,170,147,1,-1,-1,-1
1243,10,871,103,169,147,1,-1,-1,-1
1244,10,870,102,168,146,1,-1,-1,-1
1245,10,869,101,167,145,1,-1,-1,-1
1246,10,868,100,166,144,1,-1,-1,-1
1247,10,866,98,165,143,1,-1,-1,-1
1248,10,865,96,163,142,1,-1,-1,-1
1249,10,862,94,164,143,1,-1,-1,-1
1250,10,861,93,162,141,1,-1,-1,-1
1251,10,858,92,161,140,1,-1,-1,-1
1252,10,858,91,159,139,1,-1,-1,-1
1253,10,856,89,160,139,1,-1,-1,-1
1254,10,853,86,162,142,1,-1,-1,-1
1255,10,851,83,163,143,1,-1,-1,-1
1256,10,851,83,161,140,1,-1,-1,-1
1257,10,853,83,156,136,1,-1,-1,-1
1258,10,853,81,155,136,1,-1,-1,-1
1259,10,852,80,153,134,1,-1,-1,-1
1260,10,852,79,151,133,1,-1,-1,-1
1261,10,851,80,149,130,1,-1,-1,-1
1262,10,851,78,148,130,1,-1,-1,-1
1263,10,849,77,149,131,1,-1,-1,-1
1264,10,845,76,150,132,1,-1,-1,-1
1265,10,844,75,150,131,1,-1,-1,-1
1266,10,841,74,151,132,1,-1,-1,-1
1267,10,839,73,151,131,1,-1,-1,-1
1268,10,838,71,151,131,1,-1,-1,-1
1269,10,837,69,150,130,1,-1,-1,-1
1270,10,836,67,150,130,1,-1,-1,-1
1271,10,834,65,150,130,1,-1,-1,-1
1272,10,833,63,149,130,1,-1,-1,-1
1273,10,832,62,149,129,1,-1,-1,-1
1274,10,830,61,148,128,1,-1,-1,-1
1275,10,829,60,148,129,1,-1,-1,-1
1276,10,829,60,148,128,1,-1,-1,-1
1277,10,829,59,147,128,1,-1,-1,-1
1278,10,828,59,146,127,1,-1,-1,-1
1279,10,826,58,146,127,1,-1,-1,-1
1280,10,825,57,145,127,1,-1,-1,-1
1281,10,824,56,145,127,1,-1,-1,-1
1282,10,824,55,144,127,1,-1,-1,-1
1283,10,824,55,143,125,1,-1,-1,-1
1284,10,824,55,141,124,1,-1,-1,-1
1285,10,825,56,137,121,1,-1,-1,-1
1286,10,825,55,135,120,1,-1,-1,-1
1287,10,823,55,136,119,1,-1,-1,-1
1288,10,823,53,135,120,1,-1,-1,-1
1289,10,822,52,136,120,1,-1,-1,-1
1290,10,821,51,136,120,1,-1,-1,-1
1291,10,820,50,135,119,1,-1,-1,-1
1422,11,908,683,532,349,1,-1,-1,-1
1423,11,911,655,525,346,1,-1,-1,-1
1424,11,916,629,511,337,1,-1,-1,-1
1425,11,921,603,498,329,1,-1,-1,-1
1426,11,928,580,479,319,1,-1,-1,-1
1427,11,929,558,465,311,1,-1,-1,-1
1428,11,936,541,443,298,1,-1,-1,-1
1429,11,939,522,430,291,1,-1,-1,-1
1430,11,941,502,420,287,1,-1,-1,-1
1431,11,945,487,410,282,1,-1,-1,-1
1432,11,947,470,400,277,1,-1,-1,-1
1433,11,948,455,391,274,1,-1,-1,-1
1434,11,952,440,377,267,1,-1,-1,-1
1435,11,955,426,365,260,1,-1,-1,-1
1436,11,954,413,358,258,1,-1,-1,-1
1437,11,953,402,348,252,1,-1,-1,-1
1438,11,950,387,343,252,1,-1,-1,-1
1439,11,948,375,335,248,1,-1,-1,-1
1440,11,943,361,333,249,1,-1,-1,-1
1441,11,943,351,324,244,1,-1,-1,-1
1442,11,939,338,321,244,1,-1,-1,-1
1443,11,934,325,319,245,1,-1,-1,-1
1444,11,933,315,313,242,1,-1,-1,-1
1445,11,935,307,303,236,1,-1,-1,-1
1446,11,936,301,293,230,1,-1,-1,-1
1447,11,937,294,285,225,1,-1,-1,-1
1448,11,934,286,282,224,1,-1,-1,-1
1449,11,931,279,277,222,1,-1,-1,-1
1450,11,930,273,270,218,1,-1,-1,-1
1451,11,926,267,265,214,1,-1,-1,-1
1452,11,926,263,257,209,1,-1,-1,-1
1453,11,926,258,252,205,1,-1,-1,-1
1454,11,926,252,247,202,1,-1,-1,-1
1455,11,927,246,242,200,1,-1,-1,-1
1456,11,925,241,241,198,1,-1,-1,-1
1457,11,922,237,238,197,1,-1,-1,-1
1458,11,919,232,237,196,1,-1,-1,-1
1459,11,916,226,237,197,1,-1,-1,-1
1460,11,915,222,232,194,1,-1,-1,-1
1461,11,915,219,225,188,1,-1,-1,-1
1462,11,916,217,220,185,1,-1,-1,-1
1463,11,915,213,217,183,1,-1,-1,-1
1464,11,913,210,214,180,1,-1,-1,-1
1465,11,911,205,211,179,1,-1,-1,-1
1466,11,908,202,208,177,1,-1,-1,-1
1467,11,906,198,206,175,1,-1,-1,-1
1468,11,905,195,203,173,1,-1,-1,-1
1469,11,903,190,202,174,1,-1,-1,-1
1470,11,901,186,200,171,1,-1,-1,-1
1471,11,898,181,198,171,1,-1,-1,-1
1472,11,897,179,196,168,1,-1,-1,-1
1473,11,897,176,192,166,1,-1,-1,-1
1474,11,896,174,188,163,1,-1,-1,-1
1475,11,895,172,185,160,1,-1,-1,-1
1476,11,893,168,184,160,1,-1,-1,-1
1477,11,892,166,182,158,1,-1,-1,-1
1478,11,892,162,178,155,1,-1,-1,-1
1479,11,892,160,174,151,1,-1,-1,-1
1480,11,891,157,172,149,1,-1,-1,-1
1481,11,889,155,170,148,1,-1,-1,-1
1482,11,888,152,169,146,1,-1,-1,-1
1483,11,886,147,168,146,1,-1,-1,-1
1484,11,885,144,168,145,1,-1,-1,-1
1485,11,883,140,167,146,1,-1,-1,-1
1486,11,881,138,166,144,1,-1,-1,-1
1487,11,880,137,162,142,1,-1,-1,-1
1488,11,879,136,162,140,1,-1,-1,-1
1489,11,877,134,162,140,1,-1,-1,-1
1490,11,876,133,161,139,1,-1,-1,-1
1491,11,873,130,159,139,1,-1,-1,-1
1492,11,873,129,156,136,1,-1,-1,-1
1493,11,873,127,153,134,1,-1,-1,-1
1494,11,871,123,153,134,1,-1,-1,-1
1495,11,867,120,155,135,1,-1,-1,-1
1496,11,866,117,154,134,1,-1,-1,-1
1497,11,863,116,153,133,1,-1,-1,-1
1498,11,862,115,151,131,1,-1,-1,-1
1499,11,860,113,150,130,1,-1,-1,-1
1500,11,859,112,148,128,1,-1,-1,-1
1501,11,858,111,145,125,1,-1,-1,-1
1502,11,856,110,144,124,1,-1,-1,-1
1503,11,855,109,142,123,1,-1,-1,-1
1504,11,854,107,143,123,1,-1,-1,-1
1505,11,853,105,143,122,1,-1,-1,-1
1506,11,852,103,142,121,1,-1,-1,-1
1507,11,852,101,140,121,1,-1,-1,-1
1508,11,852,99,138,120,1,-1,-1,-1
1509,11,850,96,139,120,1,-1,-1,-1
1510,11,848,94,138,119,1,-1,-1,-1
1511,11,846,92,138,118,1,-1,-1,-1
1512,11,844,90,138,118,1,-1,-1,-1
1513,11,842,88,139,119,1,-1,-1,-1
1514,11,842,86,138,118,1,-1,-1,-1
1515,11,841,86,136,116,1,-1,-1,-1
1516,11,840,85,135,115,1,-1,-1,-1
1517,11,839,83,134,115,1,-1,-1,-1
1518,11,838,81,133,114,1,-1,-1,-1
1519,11,837,79,133,113,1,-1,-1,-1
1520,11,836,76,133,113,1,-1,-1,-1
1521,11,834,74,134,114,1,-1,-1,-1
1522,11,832,72,134,113,1,-1,-1,-1
1523,11,830,70,136,115,1,-1,-1,-1
1524,11,829,68,136,116,1,-1,-1,-1
1525,11,827,67,136,115,1,-1,-1,-1
1526,11,827,66,134,114,1,-1,-1,-1
1527,11,826,66,133,112,1,-1,-1,-1
1528,11,826,64,132,112,1,-1,-1,-1
1529,11,826,64,130,110,1,-1,-1,-1
1530,11,827,65,127,107,1,-1,-1,-1
1531,11,828,64,123,105,1,-1,-1,-1
1532,11,827,63,123,104,1,-1,-1,-1
1533,11,826,62,123,104,1,-1,-1,-1
1534,11,826,61,122,103,1,-1,-1,-1
1535,11,826,62,121,101,1,-1,-1,-1
1536,11,826,61,120,100,1,-1,-1,-1
1537,11,825,60,121,102,1,-1,-1,-1
1538,11,825,60,120,100,1,-1,-1,-1
1539,11,825,60,121,101,1,-1,-1,-1
1540,11,825,60,122,102,1,-1,-1,-1
1541,11,825,60,121,101,1,-1,-1,-1
1542,11,825,62,120,99,1,-1,-1,-1
1543,11,824,62,120,99,1,-1,-1,-1
1544,11,824,64,119,98,1,-1,-1,-1
1545,11,824,65,118,96,1,-1,-1,-1
1546,11,824,66,117,95,1,-1,-1,-1
1547,11,824,66,116,95,1,-1,-1,-1
1548,11,824,67,114,93,1,-1,-1,-1
1573,12,879,669,633,393,1,-1,-1,-1
1574,12,866,641,647,402,1,-1,-1,-1
1575,12,864,610,645,402,1,-1,-1,-1
1576,12,868,583,631,395,1,-1,-1,-1
1577,12,870,560,614,386,1,-1,-1,-1
1578,12,875,538,593,375,1,-1,-1,-1
1579,12,881,517,572,365,1,-1,-1,-1
1580,12,881,496,558,360,1,-1,-1,-1
1581,12,882,478,540,353,1,-1,-1,-1
1582,12,888,463,515,340,1,-1,-1,-1
1583,12,888,447,495,331,1,-1,-1,-1
1584,12,888,433,477,323,1,-1,-1,-1
1585,12,892,419,460,315,1,-1,-1,-1
1586,12,896,407,440,306,1,-1,-1,-1
1587,12,898,396,422,297,1,-1,-1,-1
1588,12,895,382,414,296,1,-1,-1,-1
1589,12,892,369,404,293,1,-1,-1,-1
1590,12,892,356,393,289,1,-1,-1,-1
1591,12,892,345,381,284,1,-1,-1,-1
1592,12,891,333,372,281,1,-1,-1,-1
1593,12,892,323,360,276,1,-1,-1,-1
1594,12,890,312,356,275,1,-1,-1,-1
1595,12,890,303,347,272,1,-1,-1,-1
1596,12,892,294,338,268,1,-1,-1,-1
1597,12,897,288,324,259,1,-1,-1,-1
1598,12,898,280,316,255,1,-1,-1,-1
1599,12,899,273,307,250,1,-1,-1,-1
1600,12,898,265,301,248,1,-1,-1,-1
1601,12,897,258,296,246,1,-1,-1,-1
1602,12,899,252,289,242,1,-1,-1,-1
1603,12,901,244,282,239,1,-1,-1,-1
1604,12,903,238,276,235,1,-1,-1,-1
1605,12,904,233,268,229,1,-1,-1,-1
1606,12,905,228,263,226,1,-1,-1,-1
1606,13,700,58,139,121,1,-1,-1,-1
1607,12,905,223,259,225,1,-1,-1,-1
1607,13,698,59,141,123,1,-1,-1,-1
1608,12,908,220,253,221,1,-1,-1,-1
1608,13,697,60,142,124,1,-1,-1,-1
1609,12,910,217,247,216,1,-1,-1,-1
1609,13,696,61,144,125,1,-1,-1,-1
1610,12,911,213,244,214,1,-1,-1,-1
1610,13,695,62,144,126,1,-1,-1,-1
1611,12,912,209,241,212,1,-1,-1,-1
1611,13,694,63,144,126,1,-1,-1,-1
1612,12,913,205,237,209,1,-1,-1,-1
1612,13,693,63,145,125,1,-1,-1,-1
1613,12,914,201,233,206,1,-1,-1,-1
1613,13,692,64,145,126,1,-1,-1,-1
1614,12,914,197,230,205,1,-1,-1,-1
1614,13,690,65,146,127,1,-1,-1,-1
1615,12,914,194,226,202,1,-1,-1,-1
1615,13,688,66,147,128,1,-1,-1,-1
1616,12,916,191,222,199,1,-1,-1,-1
1616,13,687,67,147,128,1,-1,-1,-1
1617,12,916,188,219,196,1,-1,-1,-1
1617,13,686,67,147,129,1,-1,-1,-1
1618,12,917,185,215,193,1,-1,-1,-1
1618,13,684,68,149,129,1,-1,-1,-1
1619,12,917,180,214,194,1,-1,-1,-1
1619,13,683,69,149,130,1,-1,-1,-1
1620,12,918,177,212,192,1,-1,-1,-1
1620,13,681,70,151,131,1,-1,-1,-1
1621,12,918,175,208,189,1,-1,-1,-1
1621,13,678,70,153,133,1,-1,-1,-1
1622,12,917,171,206,188,1,-1,-1,-1
1622,13,676,71,154,134,1,-1,-1,-1
1623,12,917,169,201,183,1,-1,-1,-1
1623,13,674,72,155,135,1,-1,-1,-1
1624,12,916,166,198,180,1,-1,-1,-1
1624,13,671,75,155,134,1,-1,-1,-1
1625,12,916,163,194,177,1,-1,-1,-1
1625,13,669,76,156,136,1,-1,-1,-1
1626,12,915,160,191,174,1,-1,-1,-1
1626,13,669,77,155,136,1,-1,-1,-1
1627,12,913,156,189,174,1,-1,-1,-1
1627,13,668,80,154,134,1,-1,-1,-1
1628,12,911,153,188,173,1,-1,-1,-1
1628,13,667,82,153,134,1,-1,-1,-1
1629,12,909,149,187,173,1,-1,-1,-1
1629,13,665,83,154,134,1,-1,-1,-1
1630,12,909,146,184,170,1,-1,-1,-1
1630,13,663,85,154,134,1,-1,-1,-1
1631,12,909,143,181,167,1,-1,-1,-1
1631,13,660,86,155,135,1,-1,-1,-1
1632,12,906,140,181,167,1,-1,-1,-1
1632,13,657,86,157,136,1,-1,-1,-1
1633,12,903,136,180,166,1,-1,-1,-1
1633,13,655,87,158,137,1,-1,-1,-1
1634,12,901,133,178,164,1,-1,-1,-1
1634,13,653,88,159,138,1,-1,-1,-1
1635,12,899,131,175,161,1,-1,-1,-1
1635,13,651,89,160,139,1,-1,-1,-1
1636,12,898,130,172,158,1,-1,-1,-1
1636,13,649,90,161,140,1,-1,-1,-1
1637,12,896,128,171,157,1,-1,-1,-1
1637,13,646,91,163,142,1,-1,-1,-1
1638,12,895,127,169,156,1,-1,-1,-1
1638,13,643,92,165,144,1,-1,-1,-1
1639,12,894,125,168,155,1,-1,-1,-1
1639,13,640,93,166,145,1,-1,-1,-1
1640,12,892,122,168,156,1,-1,-1,-1
1640,13,639,95,167,145,1,-1,-1,-1
1641,12,891,120,166,154,1,-1,-1,-1
1641,13,638,97,167,145,1,-1,-1,-1
1642,12,890,118,165,152,1,-1,-1,-1
1642,13,638,99,166,146,1,-1,-1,-1
1643,12,888,115,163,151,1,-1,-1,-1
1643,13,638,102,164,144,1,-1,-1,-1
1644,12,887,113,161,149,1,-1,-1,-1
1644,13,636,102,166,146,1,-1,-1,-1
1645,12,885,111,159,148,1,-1,-1,-1
1645,13,635,103,166,146,1,-1,-1,-1
1646,12,883,109,160,148,1,-1,-1,-1
1646,13,635,106,165,145,1,-1,-1,-1
1647,12,882,106,159,147,1,-1,-1,-1
1647,13,635,107,167,147,1,-1,-1,-1
1648,12,881,105,158,146,1,-1,-1,-1
1648,13,634,109,168,147,1,-1,-1,-1
1649,12,880,103,156,145,1,-1,-1,-1
1649,13,633,109,170,149,1,-1,-1,-1
1650,12,877,101,154,143,1,-1,-1,-1
1650,13,632,110,171,150,1,-1,-1,-1
1651,12,874,100,153,142,1,-1,-1,-1
1651,13,631,111,173,152,1,-1,-1,-1
1652,12,872,99,152,141,1,-1,-1,-1
1652,13,632,112,173,152,1,-1,-1,-1
1653,12,870,97,152,141,1,-1,-1,-1
1653,13,631,113,175,153,1,-1,-1,-1
1654,12,869,95,151,141,1,-1,-1,-1
1654,13,631,114,176,154,1,-1,-1,-1
1655,12,868,94,151,139,1,-1,-1,-1
1655,13,630,116,178,156,1,-1,-1,-1
1656,12,866,92,149,138,1,-1,-1,-1
1656,13,629,119,179,157,1,-1,-1,-1
1657,12,865,92,146,136,1,-1,-1,-1
1657,13,629,122,178,156,1,-1,-1,-1
1658,12,864,90,144,135,1,-1,-1,-1
1658,13,629,125,178,156,1,-1,-1,-1
1659,12,863,88,143,133,1,-1,-1,-1
1659,13,627,127,181,157,1,-1,-1,-1
1660,12,862,86,142,132,1,-1,-1,-1
1660,13,627,128,181,159,1,-1,-1,-1
1661,12,861,84,141,131,1,-1,-1,-1
1661,13,627,130,183,160,1,-1,-1,-1
1662,12,859,83,140,130,1,-1,-1,-1
1662,13,626,131,185,162,1,-1,-1,-1
1663,12,858,82,139,129,1,-1,-1,-1
1663,13,626,132,187,164,1,-1,-1,-1
1664,12,857,80,138,128,1,-1,-1,-1
1664,13,625,133,190,166,1,-1,-1,-1
1665,12,857,80,136,126,1,-1,-1,-1
1665,13,624,134,192,168,1,-1,-1,-1
1666,12,854,78,137,128,1,-1,-1,-1
1666,13,622,135,195,170,1,-1,-1,-1
1667,12,852,75,138,128,1,-1,-1,-1
1667,13,622,136,196,172,1,-1,-1,-1
1668,12,851,74,137,127,1,-1,-1,-1
1668,13,622,138,195,172,1,-1,-1,-1
1669,12,849,72,136,126,1,-1,-1,-1
1669,13,622,140,195,172,1,-1,-1,-1
1670,12,848,68,136,127,1,-1,-1,-1
1670,13,620,142,196,173,1,-1,-1,-1
1671,12,847,66,136,126,1,-1,-1,-1
1671,13,619,144,198,174,1,-1,-1,-1
1672,12,845,65,136,126,1,-1,-1,-1
1672,13,618,146,199,175,1,-1,-1,-1
1673,12,843,63,136,126,1,-1,-1,-1
1673,13,616,148,202,177,1,-1,-1,-1
1674,12,843,62,135,125,1,-1,-1,-1
1674,13,614,149,204,179,1,-1,-1,-1
1675,12,841,61,135,126,1,-1,-1,-1
1675,13,613,150,205,181,1,-1,-1,-1
1676,12,840,61,135,126,1,-1,-1,-1
1676,13,612,152,206,182,1,-1,-1,-1
1677,12,839,61,134,125,1,-1,-1,-1
1677,13,612,154,207,183,1,-1,-1,-1
1678,12,838,59,133,124,1,-1,-1,-1
1678,13,611,156,210,186,1,-1,-1,-1
1679,12,838,58,132,123,1,-1,-1,-1
1679,13,612,160,210,185,1,-1,-1,-1
1680,12,837,59,131,121,1,-1,-1,-1
1680,13,612,162,210,186,1,-1,-1,-1
1681,12,837,57,129,121,1,-1,-1,-1
1681,13,611,164,212,188,1,-1,-1,-1
1682,12,837,56,127,119,1,-1,-1,-1
1682,13,610,167,213,189,1,-1,-1,-1
1683,12,837,55,126,117,1,-1,-1,-1
1683,13,609,169,215,192,1,-1,-1,-1
1684,12,837,54,124,116,1,-1,-1,-1
1684,13,608,171,217,193,1,-1,-1,-1
1685,12,836,53,124,115,1,-1,-1,-1
1685,13,607,173,219,196,1,-1,-1,-1
1686,12,835,52,123,113,1,-1,-1,-1
1686,13,606,175,221,198,1,-1,-1,-1
1687,13,605,177,224,201,1,-1,-1,-1
1688,13,604,178,226,203,1,-1,-1,-1
1689,13,603,180,228,205,1,-1,-1,-1
1690,13,604,184,227,204,1,-1,-1,-1
1691,13,604,186,228,205,1,-1,-1,-1
1692,13,604,188,229,206,1,-1,-1,-1
1693,13,604,190,231,208,1,-1,-1,-1
1694,13,604,193,232,209,1,-1,-1,-1
1695,13,605,197,230,207,1,-1,-1,-1
1696,13,606,200,228,207,1,-1,-1,-1
1697,13,606,203,229,207,1,-1,-1,-1
1698,13,606,206,232,209,1,-1,-1,-1
1699,13,606,207,235,213,1,-1,-1,-1
1700,13,605,209,238,215,1,-1,-1,-1
1701,13,605,209,243,219,1,-1,-1,-1
1702,13,606,210,245,222,1,-1,-1,-1
1703,13,606,212,249,226,1,-1,-1,-1
1704,13,606,215,251,227,1,-1,-1,-1
1705,13,608,218,253,230,1,-1,-1,-1
1706,13,608,222,254,230,1,-1,-1,-1
1707,13,609,224,257,233,1,-1,-1,-1
1708,13,609,225,262,238,1,-1,-1,-1
1709,13,609,229,266,243,1,-1,-1,-1
1710,13,608,234,270,246,1,-1,-1,-1
1711,13,610,238,273,249,1,-1,-1,-1
1712,13,612,243,273,249,1,-1,-1,-1
1713,13,613,247,277,253,1,-1,-1,-1
1714,13,613,250,280,258,1,-1,-1,-1
1715,13,613,255,282,260,1,-1,-1,-1
1716,13,611,260,287,264,1,-1,-1,-1
1717,13,609,266,291,269,1,-1,-1,-1
1718,13,610,273,291,269,1,-1,-1,-1
1719,13,609,279,291,270,1,-1,-1,-1
1720,13,608,285,292,271,1,-1,-1,-1
1721,13,606,289,295,274,1,-1,-1,-1
1722,13,605,297,297,275,1,-1,-1,-1
1723,13,602,303,301,280,1,-1,-1,-1
1724,13,599,308,305,285,1,-1,-1,-1
1725,13,598,317,306,286,1,-1,-1,-1
1726,13,595,325,310,290,1,-1,-1,-1
1727,13,594,332,311,291,1,-1,-1,-1
1728,13,592,339,315,295,1,-1,-1,-1
1729,13,594,350,311,292,1,-1,-1,-1
1730,13,590,356,315,296,1,-1,-1,-1
1731,13,586,362,322,303,1,-1,-1,-1
1732,13,585,369,326,307,1,-1,-1,-1
1733,13,584,378,328,311,1,-1,-1,-1
1734,13,581,386,332,314,1,-1,-1,-1
1735,13,575,393,339,320,1,-1,-1,-1
1736,13,572,402,345,327,1,-1,-1,-1
1737,13,569,410,353,336,1,-1,-1,-1
1738,13,565,419,356,339,1,-1,-1,-1
1739,13,560,424,363,346,1,-1,-1,-1
1740,13,561,437,359,342,1,-1,-1,-1
1741,13,559,446,360,343,1,-1,-1,-1
1742,13,558,458,363,346,1,-1,-1,-1
1743,13,551,464,373,358,1,-1,-1,-1
1744,13,543,472,383,367,1,-1,-1,-1
1745,13,538,483,389,374,1,-1,-1,-1
1746,13,533,496,391,377,1,-1,-1,-1
1747,13,526,508,396,383,1,-1,-1,-1
1748,13,524,525,398,385,1,-1,-1,-1
1749,13,517,538,403,390,1,-1,-1,-1
1750,13,511,549,408,396,1,-1,-1,-1
1751,13,508,565,409,398,1,-1,-1,-1
1752,13,500,576,417,406,1,-1,-1,-1
1753,13,492,590,421,411,1,-1,-1,-1
1754,13,486,608,423,413,1,-1,-1,-1
1755,13,480,623,430,421,1,-1,-1,-1
1756,13,468,637,436,427,1,-1,-1,-1
1757,13,463,653,434,426,1,-1,-1,-1
1758,13,456,667,429,421,1,-1,-1,-1
1759,13,450,680,429,421,1,-1,-1,-1
1760,13,444,693,432,424,1,-1,-1,-1
1768,14,1088,539,476,460,1,-1,-1,-1
1769,14,1075,521,472,455,1,-1,-1,-1
1770,14,1065,499,466,450,1,-1,-1,-1
1771,14,1058,484,455,440,1,-1,-1,-1
1772,14,1048,469,446,431,1,-1,-1,-1
1773,14,1038,454,437,422,1,-1,-1,-1
1774,14,1028,441,426,414,1,-1,-1,-1
1775,14,1018,431,415,404,1,-1,-1,-1
1776,14,1010,421,404,394,1,-1,-1,-1
1777,14,1002,408,398,389,1,-1,-1,-1
1778,14,994,397,391,382,1,-1,-1,-1
1779,14,986,382,390,382,1,-1,-1,-1
1780,14,978,369,386,378,1,-1,-1,-1
1781,14,973,355,382,375,1,-1,-1,-1
1782,14,967,342,377,371,1,-1,-1,-1
1783,14,961,328,374,370,1,-1,-1,-1
1784,14,960,316,365,362,1,-1,-1,-1
1785,14,958,307,357,355,1,-1,-1,-1
1786,14,954,301,349,347,1,-1,-1,-1
1787,14,949,295,344,343,1,-1,-1,-1
1788,14,948,288,337,337,1,-1,-1,-1
1789,14,949,284,327,327,1,-1,-1,-1
1790,14,946,275,324,324,1,-1,-1,-1
1791,14,943,267,318,319,1,-1,-1,-1
1792,14,941,261,312,314,1,-1,-1,-1
1793,14,942,257,305,307,1,-1,-1,-1
1794,14,941,251,300,303,1,-1,-1,-1
1795,14,938,246,298,300,1,-1,-1,-1
1796,14,937,238,298,301,1,-1,-1,-1
1797,14,938,233,293,297,1,-1,-1,-1
1798,14,937,227,288,292,1,-1,-1,-1
1799,14,937,223,283,287,1,-1,-1,-1
1800,14,938,219,279,283,1,-1,-1,-1
1801,14,940,214,277,281,1,-1,-1,-1
1802,14,939,207,277,282,1,-1,-1,-1
1803,14,940,201,273,279,1,-1,-1,-1
1804,14,936,196,274,280,1,-1,-1,-1
1805,14,940,196,266,271,1,-1,-1,-1
1806,14,943,192,262,268,1,-1,-1,-1
1807,14,946,189,260,266,1,-1,-1,-1
1808,14,947,188,258,263,1,-1,-1,-1
1809,14,946,183,257,262,1,-1,-1,-1
1810,14,949,180,255,260,1,-1,-1,-1
1811,14,952,178,251,257,1,-1,-1,-1
1812,14,952,176,249,256,1,-1,-1,-1
1813,14,954,175,247,253,1,-1,-1,-1
1814,14,954,173,246,252,1,-1,-1,-1
1815,14,953,171,245,250,1,-1,-1,-1
1816,14,952,168,244,250,1,-1,-1,-1
1817,14,952,165,245,250,1,-1,-1,-1
1818,14,953,162,244,249,1,-1,-1,-1
1819,14,956,160,239,246,1,-1,-1,-1
1820,14,959,158,235,241,1,-1,-1,-1
1821,14,963,156,232,238,1,-1,-1,-1
1822,14,966,154,230,236,1,-1,-1,-1
1823,14,969,153,228,234,1,-1,-1,-1
1824,14,973,152,226,232,1,-1,-1,-1
1825,14,979,152,224,228,1,-1,-1,-1
1826,14,989,150,222,226,1,-1,-1,-1
1827,14,997,147,221,225,1,-1,-1,-1
1828,14,1007,144,221,224,1,-1,-1,-1
1829,14,1018,141,222,225,1,-1,-1,-1
1830,14,1030,139,222,224,1,-1,-1,-1
1831,14,1045,138,222,222,1,-1,-1,-1
1832,14,1061,137,221,221,1,-1,-1,-1
1833,14,1074,135,222,221,1,-1,-1,-1
1834,14,1089,134,222,219,1,-1,-1,-1
1835,14,1107,134,220,216,1,-1,-1,-1
1836,14,1126,134,217,212,1,-1,-1,-1
1837,14,1142,134,217,210,1,-1,-1,-1
1838,14,1159,133,215,207,1,-1,-1,-1
1839,14,1174,130,217,207,1,-1,-1,-1
1840,14,1191,126,221,209,1,-1,-1,-1
1841,14,1209,121,225,213,1,-1,-1,-1
1842,14,1227,115,230,215,1,-1,-1,-1
1843,14,1246,110,234,218,1,-1,-1,-1
1844,14,1266,105,234,217,1,-1,-1,-1
1845,14,1288,104,230,212,1,-1,-1,-1
1846,14,1313,104,224,204,1,-1,-1,-1
1847,14,1337,104,220,199,1,-1,-1,-1
1848,14,1357,101,220,199,1,-1,-1,-1
1849,14,1373,97,224,201,1,-1,-1,-1
1850,14,1385,89,229,205,1,-1,-1,-1
1851,14,1400,84,231,206,1,-1,-1,-1
1852,14,1418,81,230,206,1,-1,-1,-1
1910,15,697,63,137,106,1,-1,-1,-1
1911,15,696,63,140,108,1,-1,-1,-1
1912,15,696,65,140,108,1,-1,-1,-1
1913,15,697,67,140,108,1,-1,-1,-1
1914,15,696,67,141,110,1,-1,-1,-1
1915,15,695,68,142,110,1,-1,-1,-1
1916,15,694,69,144,112,1,-1,-1,-1
1917,15,694,70,146,113,1,-1,-1,-1
1918,15,693,71,147,114,1,-1,-1,-1
1919,15,692,71,148,115,1,-1,-1,-1
1920,15,692,72,148,116,1,-1,-1,-1
1921,15,692,73,148,116,1,-1,-1,-1
1922,15,692,74,148,117,1,-1,-1,-1
1923,15,692,76,148,116,1,-1,-1,-1
1924,15,693,78,146,115,1,-1,-1,-1
1925,15,693,79,145,115,1,-1,-1,-1
1926,15,691,82,145,114,1,-1,-1,-1
1927,15,691,83,145,115,1,-1,-1,-1
1928,15,689,85,148,117,1,-1,-1,-1
1929,15,689,87,148,116,1,-1,-1,-1
1930,15,689,90,147,115,1,-1,-1,-1
1931,15,688,91,149,118,1,-1,-1,-1
1932,15,687,93,149,118,1,-1,-1,-1
1933,15,686,94,151,120,1,-1,-1,-1
1934,15,684,95,153,122,1,-1,-1,-1
1935,15,683,97,153,122,1,-1,-1,-1
1936,15,683,100,153,122,1,-1,-1,-1
1937,15,681,101,155,124,1,-1,-1,-1
1938,15,680,102,156,125,1,-1,-1,-1
1939,15,680,105,154,124,1,-1,-1,-1
1940,15,679,108,154,123,1,-1,-1,-1
1941,15,676,110,157,125,1,-1,-1,-1
1942,15,674,111,157,126,1,-1,-1,-1
1943,15,672,113,158,127,1,-1,-1,-1
1944,15,670,115,158,127,1,-1,-1,-1
1945,15,668,116,159,128,1,-1,-1,-1
1946,15,666,118,160,130,1,-1,-1,-1
1947,15,664,120,162,132,1,-1,-1,-1
1948,15,663,122,163,132,1,-1,-1,-1
1949,15,661,124,164,133,1,-1,-1,-1
1950,15,659,127,165,133,1,-1,-1,-1
1951,15,658,129,165,134,1,-1,-1,-1
1952,15,657,132,164,133,1,-1,-1,-1
1953,15,654,134,165,134,1,-1,-1,-1
1954,15,651,137,166,135,1,-1,-1,-1
1955,15,648,141,166,135,1,-1,-1,-1
1956,15,645,143,169,137,1,-1,-1,-1
1957,15,641,145,172,139,1,-1,-1,-1
1958,15,637,147,174,141,1,-1,-1,-1
1959,15,634,149,175,143,1,-1,-1,-1
1960,15,630,152,178,145,1,-1,-1,-1
1961,15,627,154,179,146,1,-1,-1,-1
1962,15,624,157,179,147,1,-1,-1,-1
1963,15,622,161,178,145,1,-1,-1,-1
1964,15,619,164,178,145,1,-1,-1,-1
1965,15,617,167,179,146,1,-1,-1,-1
1966,15,613,169,183,149,1,-1,-1,-1
1967,15,611,171,187,152,1,-1,-1,-1
1968,15,610,175,188,154,1,-1,-1,-1
1969,15,608,178,191,155,1,-1,-1,-1
1970,15,607,180,192,157,1,-1,-1,-1
1971,15,606,183,193,158,1,-1,-1,-1
1972,15,604,186,196,160,1,-1,-1,-1
1973,15,603,191,198,161,1,-1,-1,-1
1974,15,602,195,200,163,1,-1,-1,-1
1975,15,602,198,201,165,1,-1,-1,-1
1976,15,600,202,205,167,1,-1,-1,-1
1977,15,599,207,206,169,1,-1,-1,-1
1978,15,598,213,207,168,1,-1,-1,-1
1979,15,597,216,208,170,1,-1,-1,-1
1980,15,595,220,212,172,1,-1,-1,-1
1981,15,593,222,217,177,1,-1,-1,-1
1982,15,591,226,219,177,1,-1,-1,-1
1983,15,591,229,219,177,1,-1,-1,-1
1984,15,589,231,222,180,1,-1,-1,-1
1985,15,585,232,229,186,1,-1,-1,-1
1986,15,581,236,234,189,1,-1,-1,-1
1987,15,579,239,238,192,1,-1,-1,-1
1988,15,578,243,240,195,1,-1,-1,-1
1989,15,576,249,242,195,1,-1,-1,-1
1990,15,573,255,244,198,1,-1,-1,-1
1991,15,569,261,249,201,1,-1,-1,-1
1992,15,565,265,254,206,1,-1,-1,-1
1993,15,561,271,261,211,1,-1,-1,-1
1994,15,557,278,266,215,1,-1,-1,-1
1995,15,554,288,268,216,1,-1,-1,-1
1996,15,551,298,270,218,1,-1,-1,-1
1997,15,548,306,274,222,1,-1,-1,-1
1998,15,544,315,278,226,1,-1,-1,-1
1999,15,540,325,283,230,1,-1,-1,-1
2000,15,535,335,286,233,1,-1,-1,-1
2001,15,533,348,288,234,1,-1,-1,-1
2002,15,528,359,291,237,1,-1,-1,-1
2003,15,522,369,299,244,1,-1,-1,-1
2004,15,517,380,303,248,1,-1,-1,-1
2005,15,513,393,307,251,1,-1,-1,-1
2006,15,509,406,310,254,1,-1,-1,-1
2007,15,506,418,314,257,1,-1,-1,-1
2008,15,504,434,315,258,1,-1,-1,-1
2009,15,499,448,323,265,1,-1,-1,-1
2010,15,490,458,336,276,1,-1,-1,-1
2011,15,480,471,348,286,1,-1,-1,-1
2012,15,475,485,355,292,1,-1,-1,-1
2013,15,469,503,362,299,1,-1,-1,-1
2014,15,466,520,367,303,1,-1,-1,-1
2015,15,458,539,374,310,1,-1,-1,-1
2016,15,451,557,383,317,1,-1,-1,-1
2017,15,441,578,392,325,1,-1,-1,-1
2018,15,432,601,398,331,1,-1,-1,-1
2019,15,421,623,406,339,1,-1,-1,-1
2020,15,408,649,416,348,1,-1,-1,-1
2021,15,396,673,422,354,1,-1,-1,-1
2022,15,382,702,424,357,1,-1,-1,-1
2023,15,368,729,419,353,1,-1,-1,-1
2024,15,358,752,419,353,1,-1,-1,-1
2025,15,349,772,424,357,1,-1,-1,-1
2050,16,1047,709,563,347,1,-1,-1,-1
2051,16,1038,682,566,350,1,-1,-1,-1
2052,16,1035,656,558,345,1,-1,-1,-1
2053,16,1036,631,541,336,1,-1,-1,-1
2054,16,1032,606,531,332,1,-1,-1,-1
2055,16,1034,583,511,321,1,-1,-1,-1
2056,16,1033,563,493,312,1,-1,-1,-1
2057,16,1032,546,473,302,1,-1,-1,-1
2058,16,1026,527,460,296,1,-1,-1,-1
2059,16,1020,509,447,291,1,-1,-1,-1
2060,16,1012,491,437,288,1,-1,-1,-1
2061,16,1003,471,431,286,1,-1,-1,-1
2062,16,997,457,419,282,1,-1,-1,-1
2063,16,990,442,406,276,1,-1,-1,-1
2064,16,989,432,386,265,1,-1,-1,-1
2065,16,982,419,377,262,1,-1,-1,-1
2066,16,977,407,366,257,1,-1,-1,-1
2067,16,976,397,351,250,1,-1,-1,-1
2068,16,969,384,344,248,1,-1,-1,-1
2069,16,963,373,336,244,1,-1,-1,-1
2070,16,957,360,330,243,1,-1,-1,-1
2071,16,955,352,319,237,1,-1,-1,-1
2072,16,951,342,312,234,1,-1,-1,-1
2073,16,949,334,302,229,1,-1,-1,-1
2074,16,946,325,296,225,1,-1,-1,-1
2075,16,945,316,290,223,1,-1,-1,-1
2076,16,943,307,286,222,1,-1,-1,-1
2077,16,941,298,281,220,1,-1,-1,-1
2078,16,942,292,274,215,1,-1,-1,-1
2079,16,944,286,267,212,1,-1,-1,-1
2080,16,944,280,261,208,1,-1,-1,-1
2081,16,944,273,256,206,1,-1,-1,-1
2082,16,945,268,249,201,1,-1,-1,-1
2083,16,944,261,247,200,1,-1,-1,-1
2084,16,945,254,243,199,1,-1,-1,-1
2085,16,946,249,239,196,1,-1,-1,-1
2086,16,948,245,234,194,1,-1,-1,-1
2087,16,948,240,231,192,1,-1,-1,-1
2088,16,950,235,227,190,1,-1,-1,-1
2089,16,952,231,223,188,1,-1,-1,-1
2090,16,951,227,222,187,1,-1,-1,-1
2091,16,952,222,219,185,1,-1,-1,-1
2092,16,954,218,215,183,1,-1,-1,-1
2093,16,954,214,213,181,1,-1,-1,-1
2094,16,954,210,209,179,1,-1,-1,-1
2095,16,956,207,203,175,1,-1,-1,-1
2096,16,956,203,201,174,1,-1,-1,-1
2097,16,956,199,198,172,1,-1,-1,-1
2098,16,956,196,196,171,1,-1,-1,-1
2099,16,958,194,191,167,1,-1,-1,-1
2100,16,958,191,188,164,1,-1,-1,-1
2101,16,959,187,184,162,1,-1,-1,-1
2102,16,957,184,182,161,1,-1,-1,-1
2103,16,955,180,180,159,1,-1,-1,-1
2104,16,955,178,177,156,1,-1,-1,-1
2105,16,954,175,175,154,1,-1,-1,-1
2106,16,953,171,173,154,1,-1,-1,-1
2107,16,951,168,173,153,1,-1,-1,-1
2108,16,951,166,170,150,1,-1,-1,-1
2109,16,951,163,167,148,1,-1,-1,-1
2110,16,948,160,165,147,1,-1,-1,-1
2111,16,945,157,165,146,1,-1,-1,-1
2112,16,943,154,164,146,1,-1,-1,-1
2113,16,941,151,164,146,1,-1,-1,-1
2114,16,939,148,162,144,1,-1,-1,-1
2115,16,937,146,160,142,1,-1,-1,-1
2116,16,933,143,160,142,1,-1,-1,-1
2117,16,930,141,159,141,1,-1,-1,-1
2118,16,927,140,158,140,1,-1,-1,-1
2119,16,924,137,158,141,1,-1,-1,-1
2120,16,922,136,157,139,1,-1,-1,-1
2121,16,921,135,153,135,1,-1,-1,-1
2122,16,920,134,150,133,1,-1,-1,-1
2123,16,920,133,148,130,1,-1,-1,-1
2124,16,917,130,148,131,1,-1,-1,-1
2125,16,914,126,149,131,1,-1,-1,-1
2126,16,912,123,150,132,1,-1,-1,-1
2127,16,911,120,150,133,1,-1,-1,-1
2128,16,909,118,148,131,1,-1,-1,-1
2129,16,908,117,145,129,1,-1,-1,-1
2130,16,905,115,144,127,1,-1,-1,-1
2131,16,905,114,142,125,1,-1,-1,-1
2132,16,905,114,140,123,1,-1,-1,-1
2133,16,903,112,140,123,1,-1,-1,-1
2134,16,902,110,139,122,1,-1,-1,-1
2135,16,899,108,141,123,1,-1,-1,-1
2136,16,896,104,142,125,1,-1,-1,-1
2137,16,896,100,142,125,1,-1,-1,-1
2138,16,895,97,142,125,1,-1,-1,-1
2139,16,894,93,143,126,1,-1,-1,-1
2140,16,893,91,143,126,1,-1,-1,-1
