4,35,1504,331,289,266,1,-1,-1,-1
5,35,1504,331,289,266,1,-1,-1,-1
6,35,1504,331,289,266,1,-1,-1,-1
7,35,1503,331,289,266,1,-1,-1,-1
8,35,1503,331,289,266,1,-1,-1,-1
9,35,1503,331,289,266,1,-1,-1,-1
10,35,1504,331,288,266,1,-1,-1,-1
11,35,1504,331,288,266,1,-1,-1,-1
12,35,1504,331,288,266,1,-1,-1,-1
13,35,1503,331,289,266,1,-1,-1,-1
14,35,1503,330,289,266,1,-1,-1,-1
15,35,1503,330,288,266,1,-1,-1,-1
16,35,1503,330,288,266,1,-1,-1,-1
17,35,1503,330,288,266,1,-1,-1,-1
18,35,1502,330,289,266,1,-1,-1,-1
19,35,1502,330,289,266,1,-1,-1,-1
20,35,1503,331,289,266,1,-1,-1,-1
21,35,1503,331,289,266,1,-1,-1,-1
22,35,1503,331,289,266,1,-1,-1,-1
23,35,1503,331,288,266,1,-1,-1,-1
24,35,1503,331,288,266,1,-1,-1,-1
25,35,1503,331,288,266,1,-1,-1,-1
26,35,1503,331,288,266,1,-1,-1,-1
27,35,1503,332,288,265,1,-1,-1,-1
28,35,1503,332,288,265,1,-1,-1,-1
29,35,1504,332,286,264,1,-1,-1,-1
30,35,1504,332,286,264,1,-1,-1,-1
31,35,1504,332,286,263,1,-1,-1,-1
32,35,1504,332,286,263,1,-1,-1,-1
33,35,1504,332,286,263,1,-1,-1,-1
34,35,1504,332,286,263,1,-1,-1,-1
35,35,1504,332,286,263,1,-1,-1,-1
36,35,1504,331,287,264,1,-1,-1,-1
37,35,1504,331,287,264,1,-1,-1,-1
38,35,1504,331,287,264,1,-1,-1,-1
39,35,1503,330,289,265,1,-1,-1,-1
40,35,1503,330,289,265,1,-1,-1,-1
41,35,1503,329,289,266,1,-1,-1,-1
42,35,1503,329,289,266,1,-1,-1,-1
43,35,1503,329,289,266,1,-1,-1,-1
44,35,1503,329,289,266,1,-1,-1,-1
45,35,1503,329,289,266,1,-1,-1,-1
46,35,1503,329,288,266,1,-1,-1,-1
47,35,1503,329,288,266,1,-1,-1,-1
48,35,1503,329,288,266,1,-1,-1,-1
49,35,1503,329,289,266,1,-1,-1,-1
50,35,1503,329,289,266,1,-1,-1,-1
51,35,1503,329,289,266,1,-1,-1,-1
52,35,1503,329,288,266,1,-1,-1,-1
53,35,1503,329,288,266,1,-1,-1,-1
54,35,1503,329,289,266,1,-1,-1,-1
55,35,1503,329,289,266,1,-1,-1,-1
56,35,1503,329,288,266,1,-1,-1,-1
57,35,1503,329,288,266,1,-1,-1,-1
58,35,1503,329,288,266,1,-1,-1,-1
59,35,1503,329,289,266,1,-1,-1,-1
60,35,1503,329,288,266,1,-1,-1,-1
61,35,1503,329,288,266,1,-1,-1,-1
62,35,1503,329,288,266,1,-1,-1,-1
63,35,1503,329,288,266,1,-1,-1,-1
64,35,1503,330,288,265,1,-1,-1,-1
65,35,1502,330,289,266,1,-1,-1,-1
66,35,1502,330,288,266,1,-1,-1,-1
67,35,1502,331,289,266,1,-1,-1,-1
68,35,1502,331,289,266,1,-1,-1,-1
69,35,1502,332,289,266,1,-1,-1,-1
70,35,1502,332,289,266,1,-1,-1,-1
71,35,1502,332,288,266,1,-1,-1,-1
72,35,1502,331,289,267,1,-1,-1,-1
73,35,1502,331,290,267,1,-1,-1,-1
74,35,1502,331,291,267,1,-1,-1,-1
75,35,1502,330,291,269,1,-1,-1,-1
76,35,1502,330,291,269,1,-1,-1,-1
77,35,1502,329,291,270,1,-1,-1,-1
78,35,1502,329,291,270,1,-1,-1,-1
79,35,1502,329,291,270,1,-1,-1,-1
80,35,1502,329,291,270,1,-1,-1,-1
81,35,1502,329,291,270,1,-1,-1,-1
82,35,1502,329,291,270,1,-1,-1,-1
83,35,1503,329,289,270,1,-1,-1,-1
84,35,1504,330,288,268,1,-1,-1,-1
85,35,1504,330,288,268,1,-1,-1,-1
86,35,1505,330,287,268,1,-1,-1,-1
87,35,1506,331,286,266,1,-1,-1,-1
88,35,1506,331,285,266,1,-1,-1,-1
89,35,1505,332,286,264,1,-1,-1,-1
90,35,1505,332,286,264,1,-1,-1,-1
91,35,1505,332,286,264,1,-1,-1,-1
92,35,1505,332,286,265,1,-1,-1,-1
93,35,1505,332,286,265,1,-1,-1,-1
94,35,1505,332,286,265,1,-1,-1,-1
95,35,1504,332,288,266,1,-1,-1,-1
96,35,1504,331,288,267,1,-1,-1,-1
97,35,1504,331,287,267,1,-1,-1,-1
98,35,1504,331,287,267,1,-1,-1,-1
99,35,1504,330,287,267,1,-1,-1,-1
100,35,1504,330,287,267,1,-1,-1,-1
101,35,1504,330,287,267,1,-1,-1,-1
102,35,1504,330,287,267,1,-1,-1,-1
103,35,1504,331,287,267,1,-1,-1,-1
104,35,1504,331,287,267,1,-1,-1,-1
105,35,1504,331,287,268,1,-1,-1,-1
106,35,1504,331,287,267,1,-1,-1,-1
107,35,1504,331,287,267,1,-1,-1,-1
108,35,1504,331,287,267,1,-1,-1,-1
109,35,1505,330,286,268,1,-1,-1,-1
110,35,1505,330,286,267,1,-1,-1,-1
111,35,1505,331,286,266,1,-1,-1,-1
112,35,1505,331,286,266,1,-1,-1,-1
113,35,1505,331,286,267,1,-1,-1,-1
114,35,1505,332,286,266,1,-1,-1,-1
115,35,1505,332,286,266,1,-1,-1,-1
116,35,1505,332,286,267,1,-1,-1,-1
117,35,1504,332,287,267,1,-1,-1,-1
118,35,1504,332,287,267,1,-1,-1,-1
119,35,1504,332,287,267,1,-1,-1,-1
120,35,1504,332,287,267,1,-1,-1,-1
121,35,1504,332,287,267,1,-1,-1,-1
122,35,1504,332,287,267,1,-1,-1,-1
123,35,1505,332,286,267,1,-1,-1,-1
124,35,1505,332,286,267,1,-1,-1,-1
125,35,1505,332,286,267,1,-1,-1,-1
126,35,1505,332,286,267,1,-1,-1,-1
127,35,1505,332,286,267,1,-1,-1,-1
128,35,1505,332,286,267,1,-1,-1,-1
129,35,1505,332,286,267,1,-1,-1,-1
130,35,1505,332,286,267,1,-1,-1,-1
131,35,1505,332,286,267,1,-1,-1,-1
132,35,1505,331,287,267,1,-1,-1,-1
133,35,1505,331,287,267,1,-1,-1,-1
134,35,1505,331,287,267,1,-1,-1,-1
135,35,1505,330,286,267,1,-1,-1,-1
136,35,1505,330,286,267,1,-1,-1,-1
137,35,1505,330,286,267,1,-1,-1,-1
138,35,1505,330,286,267,1,-1,-1,-1
139,35,1505,330,286,267,1,-1,-1,-1
140,35,1505,330,286,267,1,-1,-1,-1
141,35,1505,330,285,266,1,-1,-1,-1
142,35,1505,330,285,266,1,-1,-1,-1
143,35,1505,331,285,265,1,-1,-1,-1
144,35,1505,331,285,265,1,-1,-1,-1
145,35,1505,331,285,265,1,-1,-1,-1
146,35,1505,331,285,265,1,-1,-1,-1
147,35,1505,330,285,266,1,-1,-1,-1
148,35,1504,330,287,265,1,-1,-1,-1
149,35,1504,329,287,266,1,-1,-1,-1
150,35,1504,329,287,266,1,-1,-1,-1
151,35,1504,329,287,266,1,-1,-1,-1
152,35,1504,329,287,266,1,-1,-1,-1
153,35,1504,329,287,266,1,-1,-1,-1
154,35,1504,329,287,266,1,-1,-1,-1
155,35,1504,329,287,266,1,-1,-1,-1
156,35,1504,329,287,266,1,-1,-1,-1
157,35,1504,329,287,266,1,-1,-1,-1
158,35,1503,329,288,267,1,-1,-1,-1
159,35,1503,329,288,267,1,-1,-1,-1
160,35,1503,329,288,267,1,-1,-1,-1
161,35,1502,329,290,268,1,-1,-1,-1
162,35,1502,329,290,268,1,-1,-1,-1
163,35,1503,329,289,269,1,-1,-1,-1
164,35,1503,329,289,269,1,-1,-1,-1
165,35,1503,329,289,269,1,-1,-1,-1
166,35,1503,329,289,269,1,-1,-1,-1
167,35,1503,329,289,269,1,-1,-1,-1
168,35,1502,329,290,269,1,-1,-1,-1
169,35,1502,329,290,269,1,-1,-1,-1
170,35,1502,329,290,269,1,-1,-1,-1
171,35,1503,329,288,268,1,-1,-1,-1
172,35,1503,329,288,268,1,-1,-1,-1
173,35,1503,329,288,268,1,-1,-1,-1
174,35,1503,329,288,267,1,-1,-1,-1
175,35,1503,329,288,267,1,-1,-1,-1
176,35,1503,329,288,266,1,-1,-1,-1
177,35,1503,329,288,266,1,-1,-1,-1
178,35,1503,329,288,266,1,-1,-1,-1
179,35,1503,329,288,266,1,-1,-1,-1
180,35,1504,330,286,265,1,-1,-1,-1
181,35,1504,330,286,265,1,-1,-1,-1
182,35,1504,331,285,264,1,-1,-1,-1
183,35,1504,331,285,264,1,-1,-1,-1
184,35,1504,332,285,263,1,-1,-1,-1
185,35,1504,332,285,263,1,-1,-1,-1
186,35,1503,332,287,264,1,-1,-1,-1
187,35,1503,332,287,264,1,-1,-1,-1
188,35,1503,332,287,264,1,-1,-1,-1
189,35,1504,332,286,265,1,-1,-1,-1
190,35,1504,332,287,265,1,-1,-1,-1
191,35,1504,332,287,265,1,-1,-1,-1
192,35,1504,331,287,266,1,-1,-1,-1
193,35,1503,331,288,266,1,-1,-1,-1
194,35,1503,331,288,266,1,-1,-1,-1
195,35,1502,330,290,267,1,-1,-1,-1
196,35,1502,330,290,267,1,-1,-1,-1
197,35,1502,329,290,269,1,-1,-1,-1
198,35,1502,329,290,269,1,-1,-1,-1
199,35,1502,329,290,269,1,-1,-1,-1
200,35,1502,329,290,269,1,-1,-1,-1
201,35,1502,329,290,269,1,-1,-1,-1
202,35,1502,329,290,269,1,-1,-1,-1
203,35,1502,329,290,269,1,-1,-1,-1
204,35,1502,330,289,268,1,-1,-1,-1
205,35,1502,330,289,268,1,-1,-1,-1
206,35,1502,330,289,268,1,-1,-1,-1
207,35,1503,331,287,267,1,-1,-1,-1
208,35,1503,331,287,267,1,-1,-1,-1
209,35,1503,332,287,266,1,-1,-1,-1
210,35,1503,332,287,266,1,-1,-1,-1
211,35,1504,332,287,266,1,-1,-1,-1
212,35,1503,332,288,266,1,-1,-1,-1
213,35,1504,332,287,266,1,-1,-1,-1
214,35,1503,332,288,266,1,-1,-1,-1
214,36,1385,1109,1271,704,1,-1,-1,-1
215,35,1503,332,288,266,1,-1,-1,-1
215,36,1565,1130,1263,698,1,-1,-1,-1
216,35,1503,332,288,266,1,-1,-1,-1
217,35,1503,332,287,266,1,-1,-1,-1
218,35,1502,332,289,266,1,-1,-1,-1
219,35,1503,332,287,266,1,-1,-1,-1
220,35,1503,332,287,266,1,-1,-1,-1
221,35,1503,332,287,265,1,-1,-1,-1
222,35,1504,332,286,265,1,-1,-1,-1
223,35,1504,332,286,265,1,-1,-1,-1
224,35,1504,332,286,264,1,-1,-1,-1
225,35,1504,332,286,264,1,-1,-1,-1
226,35,1504,332,286,264,1,-1,-1,-1
227,35,1504,332,286,264,1,-1,-1,-1
228,35,1504,331,287,265,1,-1,-1,-1
229,35,1504,331,287,265,1,-1,-1,-1
230,35,1503,330,288,266,1,-1,-1,-1
231,35,1503,330,289,266,1,-1,-1,-1
232,35,1503,329,289,267,1,-1,-1,-1
233,35,1502,329,290,267,1,-1,-1,-1
234,35,1502,329,290,267,1,-1,-1,-1
235,35,1502,329,289,267,1,-1,-1,-1
236,35,1502,329,289,268,1,-1,-1,-1
237,35,1502,329,290,268,1,-1,-1,-1
238,35,1502,329,290,268,1,-1,-1,-1
239,35,1502,329,290,269,1,-1,-1,-1
240,35,1501,329,290,269,1,-1,-1,-1
241,35,1501,329,290,269,1,-1,-1,-1
242,35,1501,329,290,269,1,-1,-1,-1
243,35,1501,329,290,269,1,-1,-1,-1
244,35,1501,329,290,269,1,-1,-1,-1
245,35,1501,329,290,269,1,-1,-1,-1
246,35,1501,329,290,269,1,-1,-1,-1
247,35,1501,329,290,269,1,-1,-1,-1
248,35,1501,329,290,269,1,-1,-1,-1
249,35,1501,329,290,269,1,-1,-1,-1
250,35,1502,330,289,268,1,-1,-1,-1
251,35,1502,330,289,268,1,-1,-1,-1
252,35,1502,330,289,268,1,-1,-1,-1
253,35,1503,331,288,267,1,-1,-1,-1
254,35,1503,331,287,266,1,-1,-1,-1
255,35,1503,331,287,266,1,-1,-1,-1
256,35,1503,331,287,266,1,-1,-1,-1
257,35,1503,330,286,266,1,-1,-1,-1
258,35,1502,330,287,266,1,-1,-1,-1
259,35,1502,330,287,266,1,-1,-1,-1
260,35,1502,330,287,266,1,-1,-1,-1
261,35,1503,331,286,265,1,-1,-1,-1
262,35,1503,331,286,266,1,-1,-1,-1
263,35,1503,332,287,265,1,-1,-1,-1
264,35,1503,332,287,265,1,-1,-1,-1
265,35,1503,332,287,266,1,-1,-1,-1
266,35,1503,332,286,265,1,-1,-1,-1
267,35,1503,332,286,265,1,-1,-1,-1
268,35,1503,332,286,265,1,-1,-1,-1
269,35,1503,332,286,264,1,-1,-1,-1
270,35,1503,332,286,264,1,-1,-1,-1
271,35,1504,332,284,264,1,-1,-1,-1
272,35,1503,332,286,264,1,-1,-1,-1
273,35,1503,332,286,264,1,-1,-1,-1
274,35,1503,332,286,264,1,-1,-1,-1
275,35,1503,332,286,264,1,-1,-1,-1
276,35,1503,332,286,264,1,-1,-1,-1
277,35,1504,332,285,264,1,-1,-1,-1
278,35,1504,332,285,265,1,-1,-1,-1
279,35,1504,332,285,265,1,-1,-1,-1
280,35,1504,333,285,264,1,-1,-1,-1
281,35,1504,333,285,265,1,-1,-1,-1
282,35,1504,333,285,265,1,-1,-1,-1
283,35,1504,333,285,265,1,-1,-1,-1
284,35,1504,333,285,264,1,-1,-1,-1
285,35,1505,333,285,264,1,-1,-1,-1
286,35,1505,333,285,264,1,-1,-1,-1
287,35,1506,333,284,263,1,-1,-1,-1
288,35,1505,331,285,265,1,-1,-1,-1
289,35,1505,331,286,264,1,-1,-1,-1
290,35,1505,331,286,264,1,-1,-1,-1
291,35,1504,330,287,265,1,-1,-1,-1
292,35,1504,330,287,265,1,-1,-1,-1
293,35,1503,329,287,266,1,-1,-1,-1
294,35,1503,329,287,266,1,-1,-1,-1
295,35,1503,329,287,266,1,-1,-1,-1
296,35,1504,329,286,266,1,-1,-1,-1
297,35,1503,329,288,267,1,-1,-1,-1
298,35,1503,329,288,267,1,-1,-1,-1
299,35,1503,329,288,267,1,-1,-1,-1
300,35,1503,329,289,268,1,-1,-1,-1
301,35,1504,329,287,268,1,-1,-1,-1
302,35,1504,329,287,268,1,-1,-1,-1
303,35,1504,329,287,268,1,-1,-1,-1
304,35,1504,329,287,267,1,-1,-1,-1
305,35,1504,329,287,267,1,-1,-1,-1
306,35,1504,329,287,267,1,-1,-1,-1
307,35,1504,329,287,267,1,-1,-1,-1
308,35,1504,329,287,268,1,-1,-1,-1
309,35,1504,329,287,268,1,-1,-1,-1
310,35,1504,329,287,268,1,-1,-1,-1
311,35,1504,329,287,268,1,-1,-1,-1
312,35,1504,329,288,268,1,-1,-1,-1
313,35,1505,329,286,267,1,-1,-1,-1
314,35,1505,329,286,267,1,-1,-1,-1
315,35,1505,329,286,267,1,-1,-1,-1
316,35,1505,330,286,265,1,-1,-1,-1
317,35,1505,330,286,265,1,-1,-1,-1
318,35,1505,330,286,265,1,-1,-1,-1
319,35,1505,331,286,264,1,-1,-1,-1
320,35,1505,331,285,264,1,-1,-1,-1
321,35,1504,331,286,264,1,-1,-1,-1
322,35,1504,331,286,264,1,-1,-1,-1
323,35,1504,331,286,264,1,-1,-1,-1
324,35,1504,330,287,265,1,-1,-1,-1
325,35,1504,330,287,265,1,-1,-1,-1
326,35,1504,330,287,265,1,-1,-1,-1
327,35,1504,329,287,266,1,-1,-1,-1
328,35,1504,329,287,266,1,-1,-1,-1
329,35,1504,329,287,266,1,-1,-1,-1
330,35,1504,329,287,267,1,-1,-1,-1
331,35,1504,330,287,266,1,-1,-1,-1
332,35,1504,330,286,266,1,-1,-1,-1
333,35,1504,330,286,267,1,-1,-1,-1
334,35,1504,331,286,266,1,-1,-1,-1
335,35,1504,331,286,265,1,-1,-1,-1
336,35,1504,330,286,266,1,-1,-1,-1
337,35,1504,330,286,266,1,-1,-1,-1
338,35,1504,330,286,265,1,-1,-1,-1
339,35,1503,329,288,266,1,-1,-1,-1
340,35,1503,329,288,266,1,-1,-1,-1
341,35,1503,328,288,267,1,-1,-1,-1
342,35,1503,328,288,267,1,-1,-1,-1
343,35,1503,328,288,267,1,-1,-1,-1
344,35,1504,329,286,266,1,-1,-1,-1
345,35,1505,330,285,265,1,-1,-1,-1
346,35,1505,330,285,265,1,-1,-1,-1
347,35,1505,330,285,265,1,-1,-1,-1
348,35,1505,331,285,264,1,-1,-1,-1
349,35,1505,331,285,264,1,-1,-1,-1
350,35,1506,331,283,264,1,-1,-1,-1
351,35,1506,331,283,264,1,-1,-1,-1
352,35,1505,332,285,264,1,-1,-1,-1
353,35,1505,332,285,264,1,-1,-1,-1
354,35,1505,332,285,264,1,-1,-1,-1
355,35,1505,332,285,265,1,-1,-1,-1
356,35,1505,332,285,265,1,-1,-1,-1
357,35,1505,332,285,265,1,-1,-1,-1
358,35,1505,332,285,265,1,-1,-1,-1
359,35,1505,332,285,265,1,-1,-1,-1
360,35,1506,332,283,264,1,-1,-1,-1
361,35,1506,332,283,264,1,-1,-1,-1
362,35,1506,332,283,264,1,-1,-1,-1
363,35,1506,332,283,263,1,-1,-1,-1
364,35,1506,332,283,263,1,-1,-1,-1
365,35,1506,333,283,263,1,-1,-1,-1
366,35,1506,333,283,263,1,-1,-1,-1
367,35,1506,333,283,263,1,-1,-1,-1
368,35,1506,333,283,264,1,-1,-1,-1
369,35,1506,333,283,264,1,-1,-1,-1
370,35,1506,332,284,264,1,-1,-1,-1
371,35,1506,332,284,264,1,-1,-1,-1
372,35,1506,332,284,264,1,-1,-1,-1
373,35,1507,331,283,264,1,-1,-1,-1
374,35,1507,331,284,264,1,-1,-1,-1
375,35,1507,332,283,263,1,-1,-1,-1
376,35,1507,332,283,264,1,-1,-1,-1
377,35,1507,332,284,264,1,-1,-1,-1
378,35,1506,333,284,263,1,-1,-1,-1
379,35,1506,333,284,264,1,-1,-1,-1
380,35,1506,333,284,264,1,-1,-1,-1
381,35,1507,333,284,264,1,-1,-1,-1
382,35,1506,333,285,264,1,-1,-1,-1
383,35,1506,333,285,264,1,-1,-1,-1
384,35,1507,333,284,264,1,-1,-1,-1
385,35,1507,333,284,264,1,-1,-1,-1
386,35,1506,333,284,264,1,-1,-1,-1
387,35,1506,333,284,264,1,-1,-1,-1
388,35,1506,333,284,264,1,-1,-1,-1
389,35,1506,333,284,263,1,-1,-1,-1
390,35,1506,333,284,263,1,-1,-1,-1
391,35,1506,333,284,263,1,-1,-1,-1
392,35,1507,333,282,262,1,-1,-1,-1
393,35,1507,333,282,262,1,-1,-1,-1
394,35,1507,331,283,263,1,-1,-1,-1
395,35,1507,330,284,264,1,-1,-1,-1
396,35,1506,330,285,265,1,-1,-1,-1
397,35,1506,330,285,265,1,-1,-1,-1
398,35,1505,330,285,265,1,-1,-1,-1
398,37,2146,821,269,206,1,-1,-1,-1
399,35,1504,330,287,266,1,-1,-1,-1
399,37,2095,820,267,205,1,-1,-1,-1
400,35,1504,330,287,266,1,-1,-1,-1
400,37,2041,815,264,202,1,-1,-1,-1
401,35,1503,330,287,267,1,-1,-1,-1
401,37,1978,799,278,212,1,-1,-1,-1
402,35,1503,329,287,268,1,-1,-1,-1
402,37,1921,795,277,211,1,-1,-1,-1
403,35,1503,329,288,268,1,-1,-1,-1
403,37,1863,789,283,215,1,-1,-1,-1
404,35,1503,329,287,268,1,-1,-1,-1
404,37,1810,787,281,212,1,-1,-1,-1
405,35,1503,329,287,268,1,-1,-1,-1
405,37,1756,780,287,216,1,-1,-1,-1
406,35,1504,330,286,267,1,-1,-1,-1
406,37,1699,776,290,216,1,-1,-1,-1
407,35,1504,330,286,267,1,-1,-1,-1
407,37,1640,771,292,216,1,-1,-1,-1
408,35,1504,330,286,267,1,-1,-1,-1
408,37,1580,760,303,223,1,-1,-1,-1
409,35,1504,330,286,267,1,-1,-1,-1
409,37,1523,754,307,224,1,-1,-1,-1
410,35,1503,330,288,268,1,-1,-1,-1
410,37,1472,753,306,221,1,-1,-1,-1
411,35,1503,331,287,267,1,-1,-1,-1
411,37,1423,755,299,215,1,-1,-1,-1
412,35,1503,331,287,267,1,-1,-1,-1
412,37,1366,751,302,216,1,-1,-1,-1
413,35,1503,331,286,266,1,-1,-1,-1
413,37,1312,750,302,213,1,-1,-1,-1
414,35,1503,331,286,266,1,-1,-1,-1
414,37,1262,746,300,211,1,-1,-1,-1
415,35,1504,331,285,266,1,-1,-1,-1
415,37,1207,735,308,215,1,-1,-1,-1
416,35,1505,331,285,266,1,-1,-1,-1
416,37,1154,733,305,211,1,-1,-1,-1
417,35,1506,332,284,265,1,-1,-1,-1
417,37,1101,732,300,207,1,-1,-1,-1
418,35,1506,332,284,265,1,-1,-1,-1
418,37,1048,728,302,207,1,-1,-1,-1
419,35,1506,332,284,265,1,-1,-1,-1
419,37,995,725,301,205,1,-1,-1,-1
420,35,1506,332,284,265,1,-1,-1,-1
420,37,938,715,310,210,1,-1,-1,-1
421,35,1507,332,283,264,1,-1,-1,-1
421,37,885,709,312,209,1,-1,-1,-1
422,35,1507,332,283,264,1,-1,-1,-1
422,37,833,704,313,209,1,-1,-1,-1
423,35,1507,333,283,263,1,-1,-1,-1
423,37,782,700,312,208,1,-1,-1,-1
424,35,1507,333,283,263,1,-1,-1,-1
424,37,733,693,318,211,1,-1,-1,-1
425,35,1507,333,283,263,1,-1,-1,-1
425,37,693,695,309,205,1,-1,-1,-1
426,35,1507,333,283,263,1,-1,-1,-1
426,37,641,686,318,210,1,-1,-1,-1
427,35,1507,333,283,263,1,-1,-1,-1
427,37,595,679,319,211,1,-1,-1,-1
428,35,1507,333,283,263,1,-1,-1,-1
428,37,551,677,310,205,1,-1,-1,-1
429,35,1507,333,283,263,1,-1,-1,-1
429,37,507,675,301,199,1,-1,-1,-1
430,35,1507,333,283,263,1,-1,-1,-1
430,37,465,676,292,193,1,-1,-1,-1
431,35,1506,333,284,263,1,-1,-1,-1
431,37,424,677,284,188,1,-1,-1,-1
432,35,1506,333,284,263,1,-1,-1,-1
432,37,382,678,277,183,1,-1,-1,-1
433,35,1507,333,283,263,1,-1,-1,-1
433,37,338,675,273,180,1,-1,-1,-1
434,35,1506,332,284,264,1,-1,-1,-1
434,37,281,660,293,192,1,-1,-1,-1
435,35,1505,332,285,264,1,-1,-1,-1
435,37,242,659,285,187,1,-1,-1,-1
436,35,1505,332,284,264,1,-1,-1,-1
436,37,199,657,279,184,1,-1,-1,-1
437,35,1505,331,284,265,1,-1,-1,-1
437,37,161,657,273,179,1,-1,-1,-1
438,35,1505,331,284,264,1,-1,-1,-1
438,37,117,652,276,181,1,-1,-1,-1
439,35,1505,330,284,265,1,-1,-1,-1
439,37,74,649,278,183,1,-1,-1,-1
440,35,1505,330,284,265,1,-1,-1,-1
440,37,34,650,271,177,1,-1,-1,-1
441,35,1505,330,284,265,1,-1,-1,-1
441,37,-1,649,262,174,1,-1,-1,-1
442,35,1505,330,284,265,1,-1,-1,-1
442,37,-33,646,261,172,1,-1,-1,-1
443,35,1505,330,284,265,1,-1,-1,-1
443,37,-70,643,259,171,1,-1,-1,-1
444,35,1505,331,284,264,1,-1,-1,-1
444,37,-111,641,256,169,1,-1,-1,-1
445,35,1506,331,284,264,1,-1,-1,-1
446,35,1505,331,284,264,1,-1,-1,-1
447,35,1506,332,283,263,1,-1,-1,-1
448,35,1506,332,284,263,1,-1,-1,-1
449,35,1506,333,284,262,1,-1,-1,-1
450,35,1506,333,284,262,1,-1,-1,-1
451,35,1506,333,284,262,1,-1,-1,-1
452,35,1506,333,284,262,1,-1,-1,-1
453,35,1506,333,284,262,1,-1,-1,-1
454,35,1506,333,284,262,1,-1,-1,-1
455,35,1506,333,284,262,1,-1,-1,-1
456,35,1506,333,284,262,1,-1,-1,-1
457,35,1505,333,285,262,1,-1,-1,-1
458,35,1505,333,285,262,1,-1,-1,-1
459,35,1505,333,285,262,1,-1,-1,-1
460,35,1505,333,285,262,1,-1,-1,-1
461,35,1505,333,285,262,1,-1,-1,-1
462,35,1505,333,285,262,1,-1,-1,-1
463,35,1505,333,285,262,1,-1,-1,-1
464,35,1505,333,285,262,1,-1,-1,-1
465,35,1505,333,285,262,1,-1,-1,-1
466,35,1505,333,285,262,1,-1,-1,-1
467,35,1505,333,285,262,1,-1,-1,-1
468,35,1505,333,285,262,1,-1,-1,-1
469,35,1505,333,285,262,1,-1,-1,-1
470,35,1505,333,285,262,1,-1,-1,-1
471,35,1505,333,285,262,1,-1,-1,-1
472,35,1505,333,285,262,1,-1,-1,-1
473,35,1505,333,285,262,1,-1,-1,-1
474,35,1505,333,285,262,1,-1,-1,-1
475,35,1505,333,285,262,1,-1,-1,-1
476,35,1505,333,285,262,1,-1,-1,-1
477,35,1505,333,285,262,1,-1,-1,-1
478,35,1505,333,285,262,1,-1,-1,-1
479,35,1505,333,285,262,1,-1,-1,-1
480,35,1505,333,286,262,1,-1,-1,-1
481,35,1505,333,286,262,1,-1,-1,-1
482,35,1505,333,286,262,1,-1,-1,-1
483,35,1505,333,286,262,1,-1,-1,-1
484,35,1505,333,286,262,1,-1,-1,-1
485,35,1505,333,286,262,1,-1,-1,-1
486,35,1505,333,286,262,1,-1,-1,-1
487,35,1505,333,286,262,1,-1,-1,-1
488,35,1505,333,286,262,1,-1,-1,-1
489,35,1505,333,286,262,1,-1,-1,-1
490,35,1504,333,287,262,1,-1,-1,-1
491,35,1504,333,287,262,1,-1,-1,-1
492,35,1504,333,287,262,1,-1,-1,-1
493,35,1504,333,287,262,1,-1,-1,-1
494,35,1504,333,287,262,1,-1,-1,-1
495,35,1504,333,287,262,1,-1,-1,-1
496,35,1504,333,287,262,1,-1,-1,-1
497,35,1504,333,287,262,1,-1,-1,-1
498,35,1504,333,287,262,1,-1,-1,-1
499,35,1504,333,287,262,1,-1,-1,-1
500,35,1505,333,286,262,1,-1,-1,-1
501,35,1505,333,286,262,1,-1,-1,-1
502,35,1505,333,286,262,1,-1,-1,-1
503,35,1505,333,286,262,1,-1,-1,-1
504,35,1504,331,288,264,1,-1,-1,-1
505,35,1504,331,288,264,1,-1,-1,-1
506,35,1504,330,288,265,1,-1,-1,-1
507,35,1504,330,287,265,1,-1,-1,-1
508,35,1504,330,287,265,1,-1,-1,-1
509,35,1504,330,287,265,1,-1,-1,-1
510,35,1504,330,287,265,1,-1,-1,-1
511,35,1504,330,287,265,1,-1,-1,-1
512,35,1505,330,287,265,1,-1,-1,-1
513,35,1505,330,287,265,1,-1,-1,-1
514,35,1505,330,287,266,1,-1,-1,-1
515,35,1505,330,288,266,1,-1,-1,-1
516,35,1505,330,287,267,1,-1,-1,-1
517,35,1505,330,287,267,1,-1,-1,-1
518,35,1504,330,287,267,1,-1,-1,-1
519,35,1504,330,288,267,1,-1,-1,-1
520,35,1504,329,287,267,1,-1,-1,-1
521,35,1505,329,286,267,1,-1,-1,-1
522,35,1505,329,285,267,1,-1,-1,-1
523,35,1505,329,285,266,1,-1,-1,-1
524,35,1505,329,286,266,1,-1,-1,-1
525,35,1506,329,285,266,1,-1,-1,-1
526,35,1506,329,285,266,1,-1,-1,-1
527,35,1506,329,285,266,1,-1,-1,-1
528,35,1506,329,285,266,1,-1,-1,-1
529,35,1506,329,284,266,1,-1,-1,-1
530,35,1506,329,284,266,1,-1,-1,-1
531,35,1506,329,284,266,1,-1,-1,-1
532,35,1506,329,284,266,1,-1,-1,-1
533,35,1506,329,284,266,1,-1,-1,-1
534,35,1506,329,284,266,1,-1,-1,-1
535,35,1506,329,284,267,1,-1,-1,-1
536,35,1506,329,284,267,1,-1,-1,-1
537,35,1506,329,284,267,1,-1,-1,-1
538,35,1506,329,284,268,1,-1,-1,-1
539,35,1506,329,284,268,1,-1,-1,-1
540,35,1507,330,283,267,1,-1,-1,-1
541,35,1507,330,283,266,1,-1,-1,-1
542,35,1507,330,283,266,1,-1,-1,-1
543,35,1508,331,281,265,1,-1,-1,-1
544,35,1508,331,281,264,1,-1,-1,-1
545,35,1507,330,283,265,1,-1,-1,-1
546,35,1507,330,283,265,1,-1,-1,-1
547,35,1508,330,282,265,1,-1,-1,-1
548,35,1507,329,283,267,1,-1,-1,-1
549,35,1507,329,283,267,1,-1,-1,-1
550,35,1507,329,283,267,1,-1,-1,-1
551,35,1507,329,283,267,1,-1,-1,-1
552,35,1507,329,283,266,1,-1,-1,-1
553,35,1507,329,282,266,1,-1,-1,-1
554,35,1507,329,282,266,1,-1,-1,-1
555,35,1507,329,282,265,1,-1,-1,-1
556,35,1508,329,281,265,1,-1,-1,-1
557,35,1508,329,281,265,1,-1,-1,-1
558,35,1508,329,281,265,1,-1,-1,-1
559,35,1508,329,281,265,1,-1,-1,-1
560,35,1507,330,282,265,1,-1,-1,-1
561,35,1507,330,282,265,1,-1,-1,-1
562,35,1507,330,282,265,1,-1,-1,-1
563,35,1507,331,282,265,1,-1,-1,-1
564,35,1507,331,282,265,1,-1,-1,-1
565,35,1507,331,282,265,1,-1,-1,-1
566,35,1507,331,282,265,1,-1,-1,-1
567,35,1507,331,282,265,1,-1,-1,-1
568,35,1507,331,282,265,1,-1,-1,-1
569,35,1507,331,283,265,1,-1,-1,-1
570,35,1507,331,282,265,1,-1,-1,-1
571,35,1507,331,282,265,1,-1,-1,-1
572,35,1507,331,282,265,1,-1,-1,-1
573,35,1507,331,282,265,1,-1,-1,-1
574,35,1507,331,283,265,1,-1,-1,-1
575,35,1507,331,283,265,1,-1,-1,-1
576,35,1508,332,281,264,1,-1,-1,-1
577,35,1507,332,282,264,1,-1,-1,-1
578,35,1507,332,282,264,1,-1,-1,-1
579,35,1508,332,281,264,1,-1,-1,-1
580,35,1508,332,281,263,1,-1,-1,-1
581,35,1508,332,281,263,1,-1,-1,-1
582,35,1507,332,282,263,1,-1,-1,-1
583,35,1506,330,283,265,1,-1,-1,-1
584,35,1505,330,285,266,1,-1,-1,-1
585,35,1505,330,285,266,1,-1,-1,-1
586,35,1505,329,285,267,1,-1,-1,-1
587,35,1505,329,286,268,1,-1,-1,-1
588,35,1504,325,294,275,1,-1,-1,-1
589,35,1504,323,299,280,1,-1,-1,-1
590,35,1504,322,302,283,1,-1,-1,-1
591,35,1504,325,297,277,1,-1,-1,-1
592,35,1504,324,299,280,1,-1,-1,-1
593,35,1503,322,301,283,1,-1,-1,-1
594,35,1504,325,294,276,1,-1,-1,-1
595,35,1504,327,290,273,1,-1,-1,-1
596,35,1504,328,287,270,1,-1,-1,-1
597,35,1504,328,286,270,1,-1,-1,-1
598,35,1505,329,284,268,1,-1,-1,-1
599,35,1504,329,285,268,1,-1,-1,-1
600,35,1504,326,293,274,1,-1,-1,-1
601,35,1503,323,299,281,1,-1,-1,-1
602,35,1503,322,302,283,1,-1,-1,-1
603,35,1503,321,304,285,1,-1,-1,-1
604,35,1503,320,304,287,1,-1,-1,-1
605,35,1503,320,304,287,1,-1,-1,-1
606,35,1503,320,304,287,1,-1,-1,-1
607,35,1503,324,296,279,1,-1,-1,-1
608,35,1504,326,290,274,1,-1,-1,-1
609,35,1504,327,287,271,1,-1,-1,-1
610,35,1504,328,285,269,1,-1,-1,-1
611,35,1504,325,292,275,1,-1,-1,-1
612,35,1505,326,289,274,1,-1,-1,-1
613,35,1505,327,287,271,1,-1,-1,-1
614,35,1505,327,286,271,1,-1,-1,-1
615,35,1505,328,284,269,1,-1,-1,-1
616,35,1505,328,284,268,1,-1,-1,-1
617,35,1505,329,284,267,1,-1,-1,-1
618,35,1504,329,285,268,1,-1,-1,-1
619,35,1504,329,285,268,1,-1,-1,-1
620,35,1504,329,286,268,1,-1,-1,-1
621,35,1503,329,287,268,1,-1,-1,-1
622,35,1503,329,287,268,1,-1,-1,-1
623,35,1503,329,286,268,1,-1,-1,-1
624,35,1503,329,287,268,1,-1,-1,-1
625,35,1503,329,287,268,1,-1,-1,-1
626,35,1503,329,288,268,1,-1,-1,-1
627,35,1503,329,288,268,1,-1,-1,-1
628,35,1503,329,287,268,1,-1,-1,-1
629,35,1503,329,287,268,1,-1,-1,-1
630,35,1503,329,288,267,1,-1,-1,-1
631,35,1503,329,288,267,1,-1,-1,-1
632,35,1503,329,288,267,1,-1,-1,-1
633,35,1503,329,288,267,1,-1,-1,-1
634,35,1503,329,288,267,1,-1,-1,-1
635,35,1503,329,288,267,1,-1,-1,-1
636,35,1503,329,288,267,1,-1,-1,-1
637,35,1503,329,289,267,1,-1,-1,-1
638,35,1503,329,289,267,1,-1,-1,-1
639,35,1503,329,289,267,1,-1,-1,-1
640,35,1503,329,289,267,1,-1,-1,-1
641,35,1503,329,289,267,1,-1,-1,-1
642,35,1503,329,289,267,1,-1,-1,-1
643,35,1502,329,289,267,1,-1,-1,-1
644,35,1502,329,289,267,1,-1,-1,-1
645,35,1502,329,289,267,1,-1,-1,-1
646,35,1502,329,290,267,1,-1,-1,-1
647,35,1502,329,290,267,1,-1,-1,-1
648,35,1502,329,290,267,1,-1,-1,-1
649,35,1502,329,290,267,1,-1,-1,-1
650,35,1501,329,291,268,1,-1,-1,-1
651,35,1501,329,291,268,1,-1,-1,-1
652,35,1501,329,291,268,1,-1,-1,-1
653,35,1503,330,288,267,1,-1,-1,-1
654,35,1504,330,288,267,1,-1,-1,-1
655,35,1504,331,288,266,1,-1,-1,-1
656,35,1505,331,286,265,1,-1,-1,-1
657,35,1505,331,286,265,1,-1,-1,-1
658,35,1504,331,287,264,1,-1,-1,-1
659,35,1504,331,287,264,1,-1,-1,-1
660,35,1504,331,287,264,1,-1,-1,-1
661,35,1504,331,287,264,1,-1,-1,-1
662,35,1504,331,286,264,1,-1,-1,-1
663,35,1504,331,286,264,1,-1,-1,-1
663,38,1185,738,678,408,1,-1,-1,-1
664,35,1504,331,286,264,1,-1,-1,-1
664,38,908,720,670,402,1,-1,-1,-1
665,35,1505,331,285,264,1,-1,-1,-1
665,38,633,700,656,393,1,-1,-1,-1
666,35,1506,331,284,264,1,-1,-1,-1
666,38,371,670,667,398,1,-1,-1,-1
667,35,1506,331,284,263,1,-1,-1,-1
667,38,134,653,659,392,1,-1,-1,-1
668,35,1506,332,284,262,1,-1,-1,-1
668,38,-21,646,637,377,1,-1,-1,-1
669,35,1506,332,284,262,1,-1,-1,-1
669,38,-204,633,626,369,1,-1,-1,-1
670,35,1506,332,284,262,1,-1,-1,-1
670,38,-409,618,616,362,1,-1,-1,-1
671,35,1506,332,284,262,1,-1,-1,-1
672,35,1506,331,284,263,1,-1,-1,-1
673,35,1506,331,285,263,1,-1,-1,-1
674,35,1506,331,284,263,1,-1,-1,-1
675,35,1506,330,285,264,1,-1,-1,-1
676,35,1505,330,286,264,1,-1,-1,-1
677,35,1505,329,286,265,1,-1,-1,-1
678,35,1505,329,286,266,1,-1,-1,-1
679,35,1505,329,286,266,1,-1,-1,-1
680,35,1505,330,286,265,1,-1,-1,-1
681,35,1505,330,286,266,1,-1,-1,-1
682,35,1505,330,285,266,1,-1,-1,-1
683,35,1505,330,285,266,1,-1,-1,-1
684,35,1504,330,287,266,1,-1,-1,-1
685,35,1504,330,287,266,1,-1,-1,-1
686,35,1504,330,287,267,1,-1,-1,-1
687,35,1504,329,287,268,1,-1,-1,-1
688,35,1504,329,287,268,1,-1,-1,-1
689,35,1504,329,287,268,1,-1,-1,-1
690,35,1504,329,287,268,1,-1,-1,-1
691,35,1504,329,287,268,1,-1,-1,-1
692,35,1504,329,287,268,1,-1,-1,-1
693,35,1505,329,286,268,1,-1,-1,-1
694,35,1505,329,286,268,1,-1,-1,-1
695,35,1505,329,286,268,1,-1,-1,-1
696,35,1505,329,286,266,1,-1,-1,-1
697,35,1506,329,284,266,1,-1,-1,-1
698,35,1506,328,284,267,1,-1,-1,-1
699,35,1506,328,284,266,1,-1,-1,-1
700,35,1505,329,285,266,1,-1,-1,-1
700,39,1076,723,740,404,1,-1,-1,-1
701,35,1505,329,285,266,1,-1,-1,-1
701,39,823,696,745,405,1,-1,-1,-1
702,35,1505,329,285,266,1,-1,-1,-1
702,39,568,680,723,392,1,-1,-1,-1
703,35,1506,329,284,266,1,-1,-1,-1
703,39,331,658,729,394,1,-1,-1,-1
704,35,1506,329,284,266,1,-1,-1,-1
704,39,112,643,724,390,1,-1,-1,-1
705,35,1506,329,284,265,1,-1,-1,-1
705,39,-29,634,696,372,1,-1,-1,-1
706,35,1506,328,284,266,1,-1,-1,-1
706,39,-200,621,680,362,1,-1,-1,-1
707,35,1506,328,284,266,1,-1,-1,-1
707,39,-391,606,670,356,1,-1,-1,-1
708,35,1506,328,284,266,1,-1,-1,-1
709,35,1507,328,284,266,1,-1,-1,-1
710,35,1507,328,284,266,1,-1,-1,-1
711,35,1508,328,283,266,1,-1,-1,-1
712,35,1508,328,283,266,1,-1,-1,-1
713,35,1508,328,283,266,1,-1,-1,-1
714,35,1508,330,282,265,1,-1,-1,-1
715,35,1508,331,282,264,1,-1,-1,-1
716,35,1508,331,281,264,1,-1,-1,-1
717,35,1508,332,281,264,1,-1,-1,-1
718,35,1508,333,281,263,1,-1,-1,-1
719,35,1508,332,281,265,1,-1,-1,-1
720,35,1508,331,281,265,1,-1,-1,-1
721,35,1508,330,282,266,1,-1,-1,-1
722,35,1507,329,284,267,1,-1,-1,-1
723,35,1505,327,287,270,1,-1,-1,-1
724,35,1503,326,290,273,1,-1,-1,-1
725,35,1502,326,291,275,1,-1,-1,-1
726,35,1502,327,292,275,1,-1,-1,-1
727,35,1502,328,295,278,1,-1,-1,-1
728,35,1503,330,295,279,1,-1,-1,-1
729,35,1506,332,293,278,1,-1,-1,-1
730,35,1507,333,292,278,1,-1,-1,-1
731,35,1507,334,293,278,1,-1,-1,-1
733,35,1517,338,276,262,1,-1,-1,-1
734,35,1520,339,272,258,1,-1,-1,-1
735,35,1521,338,270,257,1,-1,-1,-1
736,35,1522,337,272,260,1,-1,-1,-1
737,35,1522,336,273,261,1,-1,-1,-1
738,35,1520,336,275,263,1,-1,-1,-1
739,35,1516,333,279,268,1,-1,-1,-1
740,35,1510,332,281,270,1,-1,-1,-1
740,40,960,713,792,416,1,-1,-1,-1
741,35,1508,331,280,269,1,-1,-1,-1
741,40,719,697,779,408,1,-1,-1,-1
742,35,1504,328,285,274,1,-1,-1,-1
742,40,456,675,769,402,1,-1,-1,-1
743,35,1501,325,288,278,1,-1,-1,-1
743,40,225,656,768,400,1,-1,-1,-1
744,35,1500,325,290,279,1,-1,-1,-1
744,40,32,642,767,398,1,-1,-1,-1
745,35,1504,328,284,273,1,-1,-1,-1
745,40,-165,627,763,395,1,-1,-1,-1
746,35,1507,330,279,269,1,-1,-1,-1
746,40,-366,611,758,392,1,-1,-1,-1
747,35,1507,331,279,268,1,-1,-1,-1
748,35,1506,331,280,269,1,-1,-1,-1
749,35,1506,332,279,268,1,-1,-1,-1
750,35,1505,331,281,270,1,-1,-1,-1
751,35,1504,331,283,271,1,-1,-1,-1
752,35,1506,332,281,268,1,-1,-1,-1
753,35,1508,332,277,266,1,-1,-1,-1
754,35,1509,332,277,265,1,-1,-1,-1
755,35,1510,333,276,263,1,-1,-1,-1
756,35,1510,332,277,263,1,-1,-1,-1
757,35,1510,332,277,263,1,-1,-1,-1
758,35,1509,332,278,263,1,-1,-1,-1
758,41,604,822,1127,879,1,-1,-1,-1
759,35,1509,331,278,264,1,-1,-1,-1
759,41,849,824,1143,890,1,-1,-1,-1
760,35,1509,331,278,264,1,-1,-1,-1
760,41,1034,822,1177,911,1,-1,-1,-1
761,35,1508,330,280,265,1,-1,-1,-1
761,41,1189,818,1194,918,1,-1,-1,-1
762,35,1509,330,279,265,1,-1,-1,-1
762,41,1343,818,1213,927,1,-1,-1,-1
763,35,1509,330,280,265,1,-1,-1,-1
763,41,1506,817,1225,937,1,-1,-1,-1
764,35,1509,330,280,265,1,-1,-1,-1
765,35,1509,330,280,265,1,-1,-1,-1
766,35,1510,330,279,265,1,-1,-1,-1
767,35,1510,330,279,264,1,-1,-1,-1
768,35,1509,330,280,265,1,-1,-1,-1
769,35,1506,328,284,269,1,-1,-1,-1
770,35,1506,328,285,269,1,-1,-1,-1
771,35,1507,329,283,268,1,-1,-1,-1
772,35,1507,329,283,268,1,-1,-1,-1
773,35,1507,329,283,268,1,-1,-1,-1
774,35,1507,330,283,267,1,-1,-1,-1
775,35,1508,330,281,267,1,-1,-1,-1
776,35,1507,330,282,267,1,-1,-1,-1
777,35,1507,331,281,266,1,-1,-1,-1
778,35,1507,330,281,266,1,-1,-1,-1
779,35,1507,330,281,266,1,-1,-1,-1
780,35,1507,330,281,266,1,-1,-1,-1
781,35,1507,329,281,266,1,-1,-1,-1
782,35,1507,329,282,266,1,-1,-1,-1
783,35,1507,329,282,266,1,-1,-1,-1
784,35,1506,329,282,266,1,-1,-1,-1
785,35,1507,329,282,266,1,-1,-1,-1
786,35,1507,330,282,266,1,-1,-1,-1
787,35,1507,330,282,266,1,-1,-1,-1
788,35,1508,330,281,266,1,-1,-1,-1
789,35,1508,331,281,265,1,-1,-1,-1
790,35,1508,331,281,264,1,-1,-1,-1
791,35,1508,331,281,264,1,-1,-1,-1
792,35,1508,331,281,264,1,-1,-1,-1
793,35,1508,331,281,264,1,-1,-1,-1
794,35,1508,330,281,265,1,-1,-1,-1
795,35,1507,330,282,264,1,-1,-1,-1
796,35,1507,330,282,264,1,-1,-1,-1
797,35,1507,329,282,265,1,-1,-1,-1
798,35,1507,329,282,265,1,-1,-1,-1
799,35,1507,329,282,265,1,-1,-1,-1
800,35,1507,329,282,265,1,-1,-1,-1
801,35,1507,329,283,265,1,-1,-1,-1
802,35,1507,329,282,265,1,-1,-1,-1
803,35,1507,329,282,265,1,-1,-1,-1
804,35,1507,329,282,265,1,-1,-1,-1
805,35,1507,329,282,265,1,-1,-1,-1
806,35,1507,329,282,265,1,-1,-1,-1
807,35,1507,329,282,265,1,-1,-1,-1
808,35,1507,329,282,265,1,-1,-1,-1
809,35,1507,329,282,265,1,-1,-1,-1
810,35,1507,329,282,265,1,-1,-1,-1
811,35,1507,329,282,265,1,-1,-1,-1
812,35,1507,329,282,265,1,-1,-1,-1
813,35,1506,329,283,265,1,-1,-1,-1
814,35,1506,329,283,265,1,-1,-1,-1
815,35,1506,329,283,265,1,-1,-1,-1
816,35,1506,330,283,265,1,-1,-1,-1
817,35,1507,330,283,265,1,-1,-1,-1
818,35,1507,330,283,265,1,-1,-1,-1
819,35,1507,331,283,265,1,-1,-1,-1
820,35,1507,331,283,265,1,-1,-1,-1
821,35,1507,330,283,265,1,-1,-1,-1
822,35,1507,330,283,265,1,-1,-1,-1
823,35,1507,330,283,265,1,-1,-1,-1
824,35,1507,329,283,265,1,-1,-1,-1
825,35,1507,329,283,265,1,-1,-1,-1
826,35,1507,329,283,265,1,-1,-1,-1
827,35,1507,329,283,265,1,-1,-1,-1
828,35,1506,329,284,266,1,-1,-1,-1
829,35,1506,329,285,266,1,-1,-1,-1
830,35,1505,329,285,266,1,-1,-1,-1
831,35,1505,329,285,267,1,-1,-1,-1
832,35,1505,329,285,267,1,-1,-1,-1
833,35,1505,329,285,267,1,-1,-1,-1
834,35,1506,330,284,266,1,-1,-1,-1
835,35,1506,330,284,266,1,-1,-1,-1
836,35,1505,331,285,266,1,-1,-1,-1
837,35,1505,331,285,266,1,-1,-1,-1
838,35,1504,332,286,266,1,-1,-1,-1
839,35,1505,331,286,267,1,-1,-1,-1
840,35,1504,331,287,268,1,-1,-1,-1
841,35,1504,331,288,268,1,-1,-1,-1
842,35,1504,330,287,269,1,-1,-1,-1
843,35,1499,324,295,277,1,-1,-1,-1
844,35,1493,323,299,280,1,-1,-1,-1
845,35,1493,323,300,281,1,-1,-1,-1
846,35,1501,328,294,276,1,-1,-1,-1
847,35,1504,330,292,275,1,-1,-1,-1
848,35,1504,330,292,275,1,-1,-1,-1
854,35,1498,322,298,281,1,-1,-1,-1
855,35,1501,325,293,276,1,-1,-1,-1
856,35,1499,325,295,278,1,-1,-1,-1
857,35,1501,326,291,276,1,-1,-1,-1
858,35,1503,328,287,272,1,-1,-1,-1
859,35,1504,328,285,270,1,-1,-1,-1
860,35,1505,329,283,268,1,-1,-1,-1
861,35,1506,329,282,267,1,-1,-1,-1
862,35,1506,330,282,266,1,-1,-1,-1
863,35,1507,330,282,266,1,-1,-1,-1
864,35,1507,330,282,266,1,-1,-1,-1
865,35,1507,330,282,266,1,-1,-1,-1
866,35,1507,330,282,266,1,-1,-1,-1
867,35,1508,330,280,266,1,-1,-1,-1
868,35,1508,331,281,265,1,-1,-1,-1
869,35,1508,331,281,265,1,-1,-1,-1
870,35,1508,331,281,265,1,-1,-1,-1
871,35,1508,331,282,265,1,-1,-1,-1
872,35,1508,331,282,265,1,-1,-1,-1
873,35,1509,331,280,265,1,-1,-1,-1
874,35,1508,331,281,264,1,-1,-1,-1
875,35,1508,331,282,264,1,-1,-1,-1
876,35,1508,331,282,264,1,-1,-1,-1
877,35,1507,331,283,264,1,-1,-1,-1
878,35,1507,331,283,264,1,-1,-1,-1
879,35,1507,331,283,264,1,-1,-1,-1
880,35,1507,331,283,264,1,-1,-1,-1
881,35,1507,331,283,264,1,-1,-1,-1
882,35,1508,331,283,264,1,-1,-1,-1
883,35,1508,331,283,264,1,-1,-1,-1
884,35,1508,331,283,264,1,-1,-1,-1
885,35,1507,331,284,264,1,-1,-1,-1
886,35,1507,331,284,264,1,-1,-1,-1
887,35,1507,331,284,264,1,-1,-1,-1
888,35,1507,331,284,264,1,-1,-1,-1
889,35,1507,331,284,264,1,-1,-1,-1
890,35,1507,331,283,264,1,-1,-1,-1
891,35,1507,331,283,264,1,-1,-1,-1
892,35,1508,331,283,263,1,-1,-1,-1
893,35,1508,331,283,264,1,-1,-1,-1
894,35,1508,331,283,264,1,-1,-1,-1
895,35,1508,331,283,264,1,-1,-1,-1
896,35,1508,331,284,264,1,-1,-1,-1
897,35,1507,331,284,265,1,-1,-1,-1
898,35,1507,331,284,265,1,-1,-1,-1
899,35,1507,331,284,265,1,-1,-1,-1
900,35,1507,331,284,265,1,-1,-1,-1
901,35,1506,330,285,266,1,-1,-1,-1
902,35,1506,330,285,266,1,-1,-1,-1
903,35,1506,329,285,267,1,-1,-1,-1
904,35,1506,329,285,267,1,-1,-1,-1
905,35,1506,328,286,268,1,-1,-1,-1
906,35,1507,328,285,267,1,-1,-1,-1
907,35,1507,328,285,267,1,-1,-1,-1
908,35,1507,328,285,267,1,-1,-1,-1
909,35,1507,328,285,266,1,-1,-1,-1
910,35,1507,328,285,266,1,-1,-1,-1
911,35,1507,329,285,266,1,-1,-1,-1
912,35,1507,329,284,266,1,-1,-1,-1
913,35,1507,329,284,266,1,-1,-1,-1
914,35,1507,330,285,266,1,-1,-1,-1
915,35,1507,330,285,266,1,-1,-1,-1
916,35,1507,331,285,266,1,-1,-1,-1
917,35,1507,331,285,266,1,-1,-1,-1
918,35,1507,331,285,266,1,-1,-1,-1
919,35,1507,331,285,266,1,-1,-1,-1
920,35,1507,331,284,266,1,-1,-1,-1
921,35,1507,331,284,266,1,-1,-1,-1
922,35,1507,331,284,266,1,-1,-1,-1
923,35,1507,331,284,266,1,-1,-1,-1
924,35,1507,331,284,266,1,-1,-1,-1
925,35,1507,331,285,266,1,-1,-1,-1
926,35,1507,331,285,266,1,-1,-1,-1
927,35,1507,331,284,266,1,-1,-1,-1
928,35,1507,331,285,266,1,-1,-1,-1
929,35,1507,331,285,266,1,-1,-1,-1
930,35,1507,331,285,266,1,-1,-1,-1
931,35,1507,331,285,266,1,-1,-1,-1
932,35,1507,331,285,266,1,-1,-1,-1
933,35,1507,331,285,266,1,-1,-1,-1
934,35,1507,331,285,266,1,-1,-1,-1
935,35,1508,331,284,266,1,-1,-1,-1
936,35,1508,331,284,266,1,-1,-1,-1
937,35,1508,331,284,266,1,-1,-1,-1
938,35,1507,331,284,266,1,-1,-1,-1
939,35,1507,331,284,266,1,-1,-1,-1
940,35,1507,331,284,266,1,-1,-1,-1
941,35,1507,331,284,266,1,-1,-1,-1
942,35,1507,329,284,266,1,-1,-1,-1
943,35,1507,329,284,266,1,-1,-1,-1
944,35,1507,328,284,266,1,-1,-1,-1
945,35,1507,328,284,266,1,-1,-1,-1
946,35,1508,327,282,266,1,-1,-1,-1
947,35,1508,327,282,266,1,-1,-1,-1
948,35,1508,328,282,265,1,-1,-1,-1
949,35,1509,328,281,265,1,-1,-1,-1
950,35,1509,328,281,265,1,-1,-1,-1
951,35,1510,328,280,265,1,-1,-1,-1
952,35,1509,328,281,265,1,-1,-1,-1
953,35,1510,328,280,265,1,-1,-1,-1
954,35,1510,328,280,265,1,-1,-1,-1
955,35,1510,328,280,265,1,-1,-1,-1
955,42,399,1031,1016,791,1,-1,-1,-1
956,35,1510,330,279,264,1,-1,-1,-1
956,42,575,1062,1021,791,1,-1,-1,-1
957,35,1510,330,280,264,1,-1,-1,-1
957,42,956,1097,1036,799,1,-1,-1,-1
958,35,1510,330,279,264,1,-1,-1,-1
958,42,1204,1123,1047,804,1,-1,-1,-1
959,35,1510,330,279,265,1,-1,-1,-1
959,42,1405,1147,1050,806,1,-1,-1,-1
960,35,1510,331,279,264,1,-1,-1,-1
961,35,1509,331,280,264,1,-1,-1,-1
962,35,1509,331,280,264,1,-1,-1,-1
963,35,1509,331,279,265,1,-1,-1,-1
964,35,1509,331,280,265,1,-1,-1,-1
965,35,1510,331,279,265,1,-1,-1,-1
966,35,1511,330,279,265,1,-1,-1,-1
967,35,1511,330,278,265,1,-1,-1,-1
968,35,1511,330,278,265,1,-1,-1,-1
969,35,1512,332,276,263,1,-1,-1,-1
970,35,1511,332,276,263,1,-1,-1,-1
971,35,1509,333,277,262,1,-1,-1,-1
972,35,1509,332,278,264,1,-1,-1,-1
973,35,1509,330,280,265,1,-1,-1,-1
974,35,1510,330,279,265,1,-1,-1,-1
975,35,1510,330,280,265,1,-1,-1,-1
976,35,1510,329,280,266,1,-1,-1,-1
977,35,1510,329,280,265,1,-1,-1,-1
978,35,1510,329,280,265,1,-1,-1,-1
979,35,1510,329,280,265,1,-1,-1,-1
980,35,1510,329,280,265,1,-1,-1,-1
981,35,1511,329,280,265,1,-1,-1,-1
982,35,1511,329,280,265,1,-1,-1,-1
983,35,1511,329,280,265,1,-1,-1,-1
984,35,1510,329,280,266,1,-1,-1,-1
985,35,1508,329,281,267,1,-1,-1,-1
986,35,1507,329,282,267,1,-1,-1,-1
987,35,1507,329,282,267,1,-1,-1,-1
988,35,1507,329,282,267,1,-1,-1,-1
989,35,1507,329,282,268,1,-1,-1,-1
990,35,1507,329,283,268,1,-1,-1,-1
991,35,1507,329,283,268,1,-1,-1,-1
992,35,1507,328,282,268,1,-1,-1,-1
993,35,1507,328,282,268,1,-1,-1,-1
994,35,1507,330,281,266,1,-1,-1,-1
995,35,1508,331,280,265,1,-1,-1,-1
996,35,1508,331,280,265,1,-1,-1,-1
997,35,1508,331,280,265,1,-1,-1,-1
998,35,1508,331,280,265,1,-1,-1,-1
999,35,1509,330,279,265,1,-1,-1,-1
1000,35,1508,330,280,265,1,-1,-1,-1
1001,35,1508,330,280,264,1,-1,-1,-1
1002,35,1508,330,280,264,1,-1,-1,-1
1003,35,1508,330,280,264,1,-1,-1,-1
1004,35,1507,329,281,265,1,-1,-1,-1
1005,35,1507,329,282,265,1,-1,-1,-1
1006,35,1507,329,281,265,1,-1,-1,-1
1007,35,1506,328,283,266,1,-1,-1,-1
1008,35,1506,328,283,266,1,-1,-1,-1
1009,35,1507,327,282,267,1,-1,-1,-1
1010,35,1507,328,282,267,1,-1,-1,-1
1011,35,1507,328,282,267,1,-1,-1,-1
1012,35,1507,328,282,267,1,-1,-1,-1
1013,35,1506,328,284,268,1,-1,-1,-1
1014,35,1506,328,284,268,1,-1,-1,-1
1015,35,1506,329,283,268,1,-1,-1,-1
1016,35,1506,329,283,268,1,-1,-1,-1
1017,35,1506,329,282,268,1,-1,-1,-1
1018,35,1506,330,282,267,1,-1,-1,-1
1019,35,1506,329,282,267,1,-1,-1,-1
1020,35,1506,329,283,267,1,-1,-1,-1
1021,35,1507,329,283,267,1,-1,-1,-1
1022,35,1507,328,283,268,1,-1,-1,-1
1023,35,1507,328,283,268,1,-1,-1,-1
1024,35,1507,329,282,267,1,-1,-1,-1
1025,35,1507,329,282,267,1,-1,-1,-1
1026,35,1506,329,283,268,1,-1,-1,-1
1027,35,1506,330,283,267,1,-1,-1,-1
1028,35,1506,330,283,267,1,-1,-1,-1
1029,35,1507,330,282,267,1,-1,-1,-1
1030,35,1507,330,282,267,1,-1,-1,-1
1031,35,1507,330,282,267,1,-1,-1,-1
1032,35,1507,330,282,266,1,-1,-1,-1
1033,35,1508,330,281,266,1,-1,-1,-1
1034,35,1508,330,281,266,1,-1,-1,-1
1035,35,1508,330,281,265,1,-1,-1,-1
1036,35,1508,330,281,265,1,-1,-1,-1
1037,35,1508,330,281,265,1,-1,-1,-1
1038,35,1508,330,281,265,1,-1,-1,-1
1039,35,1508,330,281,265,1,-1,-1,-1
1040,35,1508,330,281,265,1,-1,-1,-1
1041,35,1508,330,281,265,1,-1,-1,-1
1042,35,1509,330,280,265,1,-1,-1,-1
1043,35,1509,330,280,265,1,-1,-1,-1
1044,35,1509,330,280,264,1,-1,-1,-1
1045,35,1509,330,280,264,1,-1,-1,-1
1046,35,1509,330,280,264,1,-1,-1,-1
1047,35,1509,330,280,264,1,-1,-1,-1
1048,35,1509,330,280,264,1,-1,-1,-1
1049,35,1509,330,280,264,1,-1,-1,-1
1050,35,1509,330,280,264,1,-1,-1,-1
1051,35,1508,330,281,264,1,-1,-1,-1
1052,35,1509,330,280,264,1,-1,-1,-1
1053,35,1508,330,281,264,1,-1,-1,-1
1054,35,1508,330,280,264,1,-1,-1,-1
1055,35,1508,330,281,264,1,-1,-1,-1
1056,35,1508,330,281,265,1,-1,-1,-1
1057,35,1508,330,281,265,1,-1,-1,-1
1058,35,1508,330,281,265,1,-1,-1,-1
1059,35,1507,330,283,266,1,-1,-1,-1
1060,35,1507,330,283,266,1,-1,-1,-1
1061,35,1507,330,283,267,1,-1,-1,-1
1062,35,1507,330,283,267,1,-1,-1,-1
1063,35,1507,330,283,267,1,-1,-1,-1
1064,35,1507,330,283,267,1,-1,-1,-1
1065,35,1507,330,283,267,1,-1,-1,-1
1066,35,1507,330,283,267,1,-1,-1,-1
1067,35,1507,330,283,267,1,-1,-1,-1
1068,35,1507,330,283,267,1,-1,-1,-1
1069,35,1507,330,283,267,1,-1,-1,-1
1070,35,1507,330,283,267,1,-1,-1,-1
1071,35,1507,330,283,267,1,-1,-1,-1
1072,35,1507,330,283,267,1,-1,-1,-1
1073,35,1507,330,283,267,1,-1,-1,-1
1074,35,1507,330,282,266,1,-1,-1,-1
1075,35,1507,330,282,266,1,-1,-1,-1
1076,35,1508,330,281,266,1,-1,-1,-1
1077,35,1508,330,281,265,1,-1,-1,-1
1078,35,1508,330,281,265,1,-1,-1,-1
1079,35,1508,331,281,266,1,-1,-1,-1
1080,35,1508,330,280,266,1,-1,-1,-1
1081,35,1507,330,281,266,1,-1,-1,-1
1082,35,1507,330,281,266,1,-1,-1,-1
1083,35,1507,330,280,266,1,-1,-1,-1
1084,35,1507,330,280,266,1,-1,-1,-1
1085,35,1507,330,280,266,1,-1,-1,-1
1086,35,1507,330,280,265,1,-1,-1,-1
1087,35,1507,331,279,264,1,-1,-1,-1
1088,35,1507,331,279,264,1,-1,-1,-1
1089,35,1508,332,278,263,1,-1,-1,-1
1090,35,1508,332,279,264,1,-1,-1,-1
1091,35,1507,333,280,263,1,-1,-1,-1
1091,43,1190,644,969,564,1,-1,-1,-1
1092,35,1507,331,280,265,1,-1,-1,-1
1092,43,947,631,948,551,1,-1,-1,-1
1093,35,1507,331,281,264,1,-1,-1,-1
1093,43,750,615,958,556,1,-1,-1,-1
1094,35,1507,331,280,264,1,-1,-1,-1
1094,43,543,602,955,551,1,-1,-1,-1
1095,35,1507,331,281,264,1,-1,-1,-1
1095,43,330,590,932,535,1,-1,-1,-1
1096,35,1506,330,282,265,1,-1,-1,-1
1096,43,166,576,930,530,1,-1,-1,-1
1097,35,1506,330,282,265,1,-1,-1,-1
1097,43,57,564,944,533,1,-1,-1,-1
1098,35,1506,330,282,265,1,-1,-1,-1
1098,43,-33,550,946,531,1,-1,-1,-1
1099,35,1506,330,282,266,1,-1,-1,-1
1099,43,-104,541,949,528,1,-1,-1,-1
1100,35,1506,331,282,265,1,-1,-1,-1
1100,43,-212,530,951,526,1,-1,-1,-1
1101,35,1506,331,282,265,1,-1,-1,-1
1101,43,-346,518,945,523,1,-1,-1,-1
1102,35,1506,331,282,266,1,-1,-1,-1
1103,35,1505,332,283,265,1,-1,-1,-1
1104,35,1506,332,282,265,1,-1,-1,-1
1105,35,1506,332,283,265,1,-1,-1,-1
1106,35,1506,332,283,265,1,-1,-1,-1
1107,35,1506,332,282,265,1,-1,-1,-1
1108,35,1506,332,282,265,1,-1,-1,-1
1109,35,1506,333,282,264,1,-1,-1,-1
1110,35,1506,332,283,265,1,-1,-1,-1
1111,35,1506,332,283,265,1,-1,-1,-1
1112,35,1506,332,284,265,1,-1,-1,-1
1113,35,1506,332,284,265,1,-1,-1,-1
1114,35,1506,331,283,266,1,-1,-1,-1
1115,35,1506,332,283,265,1,-1,-1,-1
1116,35,1506,331,283,265,1,-1,-1,-1
1117,35,1505,330,284,266,1,-1,-1,-1
1118,35,1505,330,284,266,1,-1,-1,-1
1119,35,1506,329,284,266,1,-1,-1,-1
1120,35,1506,329,284,266,1,-1,-1,-1
1121,35,1505,328,284,266,1,-1,-1,-1
1122,35,1505,328,284,266,1,-1,-1,-1
1123,35,1505,328,284,266,1,-1,-1,-1
1124,35,1505,328,284,266,1,-1,-1,-1
1125,35,1506,328,283,266,1,-1,-1,-1
1126,35,1506,328,284,266,1,-1,-1,-1
1127,35,1506,328,283,266,1,-1,-1,-1
1128,35,1505,330,284,266,1,-1,-1,-1
1129,35,1505,330,284,266,1,-1,-1,-1
1130,35,1505,330,284,266,1,-1,-1,-1
1131,35,1506,331,282,266,1,-1,-1,-1
1132,35,1506,331,282,266,1,-1,-1,-1
1133,35,1505,332,283,265,1,-1,-1,-1
1134,35,1505,332,283,265,1,-1,-1,-1
1135,35,1505,332,284,265,1,-1,-1,-1
1136,35,1505,331,284,266,1,-1,-1,-1
1137,35,1505,330,284,266,1,-1,-1,-1
1138,35,1506,330,283,266,1,-1,-1,-1
1139,35,1505,329,285,267,1,-1,-1,-1
1140,35,1506,329,284,266,1,-1,-1,-1
1141,35,1506,328,284,267,1,-1,-1,-1
1142,35,1507,328,283,266,1,-1,-1,-1
1142,44,1171,774,903,454,1,-1,-1,-1
1143,35,1507,328,283,266,1,-1,-1,-1
1143,44,990,761,888,445,1,-1,-1,-1
1144,35,1507,328,283,266,1,-1,-1,-1
1144,44,796,737,890,445,1,-1,-1,-1
1145,35,1507,329,283,265,1,-1,-1,-1
1145,44,614,725,862,430,1,-1,-1,-1
1146,35,1507,329,283,265,1,-1,-1,-1
1146,44,431,712,847,421,1,-1,-1,-1
1147,35,1507,329,283,265,1,-1,-1,-1
1147,44,260,698,831,412,1,-1,-1,-1
1148,35,1508,330,281,264,1,-1,-1,-1
1148,44,103,683,824,407,1,-1,-1,-1
1149,35,1508,330,281,264,1,-1,-1,-1
1149,44,-15,666,815,401,1,-1,-1,-1
1150,35,1507,331,282,264,1,-1,-1,-1
1150,44,-150,651,807,395,1,-1,-1,-1
1151,35,1507,331,282,264,1,-1,-1,-1
1151,44,-299,637,792,388,1,-1,-1,-1
1152,35,1507,332,281,263,1,-1,-1,-1
1153,35,1507,332,281,263,1,-1,-1,-1
1154,35,1508,333,280,262,1,-1,-1,-1
1155,35,1507,333,281,263,1,-1,-1,-1
1156,35,1506,332,282,264,1,-1,-1,-1
1157,35,1506,332,282,265,1,-1,-1,-1
1158,35,1506,332,282,265,1,-1,-1,-1
1159,35,1505,332,283,265,1,-1,-1,-1
1160,35,1505,332,282,265,1,-1,-1,-1
1161,35,1506,332,282,265,1,-1,-1,-1
1162,35,1506,332,282,265,1,-1,-1,-1
1163,35,1506,332,282,265,1,-1,-1,-1
1164,35,1506,332,282,264,1,-1,-1,-1
1165,35,1507,332,281,264,1,-1,-1,-1
1166,35,1506,331,283,265,1,-1,-1,-1
1167,35,1506,330,283,265,1,-1,-1,-1
1168,35,1506,330,283,265,1,-1,-1,-1
1169,35,1506,329,283,266,1,-1,-1,-1
1170,35,1506,329,283,265,1,-1,-1,-1
1171,35,1506,329,283,265,1,-1,-1,-1
1172,35,1506,329,283,265,1,-1,-1,-1
1173,35,1506,329,283,265,1,-1,-1,-1
1174,35,1506,328,283,266,1,-1,-1,-1
1175,35,1506,328,284,266,1,-1,-1,-1
1176,35,1507,329,283,265,1,-1,-1,-1
1177,35,1508,329,282,265,1,-1,-1,-1
1178,35,1508,329,282,265,1,-1,-1,-1
1179,35,1508,329,283,265,1,-1,-1,-1
1180,35,1509,329,282,265,1,-1,-1,-1
1181,35,1509,330,281,264,1,-1,-1,-1
1182,35,1509,330,281,264,1,-1,-1,-1
1183,35,1509,330,281,264,1,-1,-1,-1
1184,35,1509,331,281,263,1,-1,-1,-1
1185,35,1509,331,281,263,1,-1,-1,-1
1186,35,1509,331,281,263,1,-1,-1,-1
1187,35,1509,331,281,263,1,-1,-1,-1
1188,35,1509,331,281,263,1,-1,-1,-1
1189,35,1509,331,281,263,1,-1,-1,-1
1190,35,1509,331,281,263,1,-1,-1,-1
1191,35,1509,331,281,263,1,-1,-1,-1
1192,35,1509,331,281,263,1,-1,-1,-1
1193,35,1509,331,281,263,1,-1,-1,-1
1194,35,1509,331,281,263,1,-1,-1,-1
1195,35,1508,331,281,264,1,-1,-1,-1
1196,35,1508,331,281,264,1,-1,-1,-1
1197,35,1508,331,281,264,1,-1,-1,-1
1198,35,1508,331,281,264,1,-1,-1,-1
1199,35,1508,331,280,263,1,-1,-1,-1
1200,35,1508,330,280,264,1,-1,-1,-1
1201,35,1508,330,281,264,1,-1,-1,-1
1202,35,1508,329,282,265,1,-1,-1,-1
1203,35,1507,329,283,265,1,-1,-1,-1
1204,35,1506,328,284,267,1,-1,-1,-1
1205,35,1506,328,284,267,1,-1,-1,-1
1206,35,1506,328,284,268,1,-1,-1,-1
1207,35,1507,328,282,267,1,-1,-1,-1
1208,35,1507,329,282,266,1,-1,-1,-1
1209,35,1508,329,281,266,1,-1,-1,-1
1210,35,1508,329,281,266,1,-1,-1,-1
1210,45,1386,710,815,478,1,-1,-1,-1
1211,35,1507,330,282,265,1,-1,-1,-1
1211,45,1243,704,801,469,1,-1,-1,-1
1212,35,1508,330,280,265,1,-1,-1,-1
1212,45,1090,692,799,467,1,-1,-1,-1
1213,35,1507,331,281,265,1,-1,-1,-1
1213,45,944,680,796,464,1,-1,-1,-1
1214,35,1507,331,281,265,1,-1,-1,-1
1214,45,799,672,803,465,1,-1,-1,-1
1215,35,1507,332,281,264,1,-1,-1,-1
1215,45,653,662,807,465,1,-1,-1,-1
1216,35,1506,332,281,264,1,-1,-1,-1
1216,45,496,649,814,467,1,-1,-1,-1
1217,35,1506,332,281,264,1,-1,-1,-1
1217,45,337,636,817,465,1,-1,-1,-1
1218,35,1506,332,282,264,1,-1,-1,-1
1218,45,191,629,804,454,1,-1,-1,-1
1219,35,1507,332,281,264,1,-1,-1,-1
1219,45,55,618,806,452,1,-1,-1,-1
1220,35,1507,332,281,264,1,-1,-1,-1
1220,45,-38,609,804,449,1,-1,-1,-1
1221,35,1507,332,281,264,1,-1,-1,-1
1221,45,-150,600,803,445,1,-1,-1,-1
1222,35,1507,332,281,264,1,-1,-1,-1
1222,45,-277,591,798,442,1,-1,-1,-1
1223,35,1507,331,282,264,1,-1,-1,-1
1224,35,1507,330,282,265,1,-1,-1,-1
1225,35,1506,330,283,265,1,-1,-1,-1
1226,35,1506,329,283,265,1,-1,-1,-1
1227,35,1506,329,283,265,1,-1,-1,-1
1228,35,1506,328,284,266,1,-1,-1,-1
1229,35,1506,328,284,266,1,-1,-1,-1
1230,35,1507,328,283,266,1,-1,-1,-1
1231,35,1507,328,283,266,1,-1,-1,-1
1232,35,1507,328,283,266,1,-1,-1,-1
1233,35,1507,330,282,265,1,-1,-1,-1
1234,35,1507,330,282,265,1,-1,-1,-1
1235,35,1506,330,282,265,1,-1,-1,-1
1236,35,1506,331,282,265,1,-1,-1,-1
1237,35,1506,331,282,265,1,-1,-1,-1
1238,35,1507,332,281,265,1,-1,-1,-1
1239,35,1507,332,281,265,1,-1,-1,-1
1240,35,1507,332,282,264,1,-1,-1,-1
1241,35,1507,332,282,264,1,-1,-1,-1
1242,35,1508,332,281,264,1,-1,-1,-1
1243,35,1508,332,281,264,1,-1,-1,-1
1244,35,1508,332,282,264,1,-1,-1,-1
1245,35,1507,333,283,263,1,-1,-1,-1
1246,35,1507,333,283,263,1,-1,-1,-1
1247,35,1507,333,283,264,1,-1,-1,-1
1248,35,1507,333,283,264,1,-1,-1,-1
1249,35,1506,333,283,264,1,-1,-1,-1
1250,35,1506,333,283,264,1,-1,-1,-1
1251,35,1505,333,284,264,1,-1,-1,-1
1252,35,1505,333,283,264,1,-1,-1,-1
1253,35,1505,333,283,264,1,-1,-1,-1
1254,35,1504,333,284,264,1,-1,-1,-1
1255,35,1505,333,284,264,1,-1,-1,-1
1256,35,1504,331,286,265,1,-1,-1,-1
1257,35,1504,331,286,265,1,-1,-1,-1
1258,35,1504,331,286,265,1,-1,-1,-1
1259,35,1504,330,286,265,1,-1,-1,-1
1260,35,1504,331,286,265,1,-1,-1,-1
1261,35,1504,331,286,265,1,-1,-1,-1
1262,35,1504,331,286,265,1,-1,-1,-1
1263,35,1504,331,286,266,1,-1,-1,-1
1264,35,1504,332,286,265,1,-1,-1,-1
1265,35,1504,332,286,266,1,-1,-1,-1
1266,35,1504,333,286,265,1,-1,-1,-1
1267,35,1504,333,286,265,1,-1,-1,-1
1268,35,1504,333,286,265,1,-1,-1,-1
1269,35,1504,333,286,265,1,-1,-1,-1
1270,35,1503,332,288,266,1,-1,-1,-1
1271,35,1503,332,288,266,1,-1,-1,-1
1272,35,1504,330,287,266,1,-1,-1,-1
1273,35,1505,330,287,266,1,-1,-1,-1
1274,35,1505,329,287,267,1,-1,-1,-1
1275,35,1505,329,287,266,1,-1,-1,-1
1276,35,1505,328,287,267,1,-1,-1,-1
1277,35,1505,328,287,266,1,-1,-1,-1
1278,35,1505,328,286,266,1,-1,-1,-1
1279,35,1505,328,286,266,1,-1,-1,-1
1280,35,1505,328,286,266,1,-1,-1,-1
1281,35,1506,328,285,266,1,-1,-1,-1
1282,35,1506,328,285,266,1,-1,-1,-1
1283,35,1506,328,286,266,1,-1,-1,-1
1284,35,1506,329,285,265,1,-1,-1,-1
1285,35,1507,329,284,265,1,-1,-1,-1
1286,35,1507,329,283,265,1,-1,-1,-1
1287,35,1507,330,283,264,1,-1,-1,-1
1288,35,1507,330,283,264,1,-1,-1,-1
1289,35,1507,331,283,263,1,-1,-1,-1
1290,35,1507,331,282,263,1,-1,-1,-1
1291,35,1507,331,282,263,1,-1,-1,-1
1292,35,1506,331,283,263,1,-1,-1,-1
1293,35,1506,331,283,263,1,-1,-1,-1
1294,35,1507,331,282,263,1,-1,-1,-1
1295,35,1507,331,282,263,1,-1,-1,-1
1296,35,1507,331,282,263,1,-1,-1,-1
1297,35,1507,331,282,263,1,-1,-1,-1
1298,35,1507,331,282,263,1,-1,-1,-1
1299,35,1507,331,281,263,1,-1,-1,-1
1300,35,1507,331,282,263,1,-1,-1,-1
1301,35,1507,331,282,263,1,-1,-1,-1
1302,35,1507,331,282,263,1,-1,-1,-1
1303,35,1508,331,281,263,1,-1,-1,-1
1304,35,1508,331,281,263,1,-1,-1,-1
1305,35,1508,331,281,263,1,-1,-1,-1
1306,35,1507,331,282,263,1,-1,-1,-1
1307,35,1507,331,282,263,1,-1,-1,-1
1308,35,1507,331,282,263,1,-1,-1,-1
1309,35,1507,331,282,263,1,-1,-1,-1
1310,35,1508,331,281,263,1,-1,-1,-1
1311,35,1508,331,282,263,1,-1,-1,-1
1312,35,1508,331,282,263,1,-1,-1,-1
1313,35,1508,331,281,263,1,-1,-1,-1
1314,35,1508,331,282,263,1,-1,-1,-1
1315,35,1508,331,282,263,1,-1,-1,-1
1316,35,1509,331,281,263,1,-1,-1,-1
1317,35,1509,331,281,263,1,-1,-1,-1
1318,35,1509,331,281,263,1,-1,-1,-1
1318,46,837,920,1198,948,1,-1,-1,-1
1319,35,1509,331,281,263,1,-1,-1,-1
1319,46,1080,928,1200,947,1,-1,-1,-1
1320,35,1508,331,282,265,1,-1,-1,-1
1320,46,1298,945,1175,924,1,-1,-1,-1
1321,35,1508,331,282,265,1,-1,-1,-1
1321,46,1506,962,1168,916,1,-1,-1,-1
1322,35,1508,331,282,266,1,-1,-1,-1
1322,46,1709,976,1163,911,1,-1,-1,-1
1323,35,1509,332,280,264,1,-1,-1,-1
1324,35,1509,332,279,263,1,-1,-1,-1
1325,35,1509,332,279,263,1,-1,-1,-1
1326,35,1509,332,279,263,1,-1,-1,-1
1327,35,1509,332,278,262,1,-1,-1,-1
1328,35,1509,332,278,262,1,-1,-1,-1
1329,35,1509,332,278,262,1,-1,-1,-1
1330,35,1508,332,279,262,1,-1,-1,-1
1331,35,1508,332,279,262,1,-1,-1,-1
1332,35,1509,332,279,262,1,-1,-1,-1
1333,35,1509,332,279,262,1,-1,-1,-1
1334,35,1509,332,279,262,1,-1,-1,-1
1335,35,1509,332,279,263,1,-1,-1,-1
1336,35,1509,332,279,263,1,-1,-1,-1
1337,35,1509,333,279,263,1,-1,-1,-1
1338,35,1508,333,279,263,1,-1,-1,-1
1339,35,1508,334,279,263,1,-1,-1,-1
1340,35,1507,334,279,263,1,-1,-1,-1
1341,35,1507,335,279,263,1,-1,-1,-1
1342,35,1506,335,280,263,1,-1,-1,-1
1343,35,1505,333,281,265,1,-1,-1,-1
1344,35,1505,331,282,266,1,-1,-1,-1
1345,35,1505,331,283,266,1,-1,-1,-1
1346,35,1505,331,283,266,1,-1,-1,-1
1347,35,1505,330,284,267,1,-1,-1,-1
1348,35,1505,329,284,267,1,-1,-1,-1
1349,35,1505,329,284,267,1,-1,-1,-1
1350,35,1505,329,284,267,1,-1,-1,-1
1351,35,1505,329,284,266,1,-1,-1,-1
1352,35,1505,329,284,266,1,-1,-1,-1
1353,35,1505,330,282,265,1,-1,-1,-1
1354,35,1505,330,282,265,1,-1,-1,-1
1355,35,1504,330,283,266,1,-1,-1,-1
1356,35,1504,331,283,265,1,-1,-1,-1
1357,35,1505,331,282,265,1,-1,-1,-1
1358,35,1505,331,282,266,1,-1,-1,-1
1359,35,1506,332,282,265,1,-1,-1,-1
1360,35,1506,332,282,265,1,-1,-1,-1
1361,35,1505,332,283,265,1,-1,-1,-1
1362,35,1505,331,283,266,1,-1,-1,-1
1363,35,1504,331,284,266,1,-1,-1,-1
1364,35,1505,331,283,266,1,-1,-1,-1
1365,35,1505,331,283,266,1,-1,-1,-1
1366,35,1505,331,282,266,1,-1,-1,-1
1367,35,1505,332,282,265,1,-1,-1,-1
1368,35,1505,332,282,265,1,-1,-1,-1
1369,35,1505,332,282,265,1,-1,-1,-1
1370,35,1505,332,283,265,1,-1,-1,-1
1371,35,1505,332,284,265,1,-1,-1,-1
1372,35,1504,331,285,267,1,-1,-1,-1
1373,35,1504,331,285,267,1,-1,-1,-1
1374,35,1504,331,285,267,1,-1,-1,-1
1375,35,1504,330,285,268,1,-1,-1,-1
1376,35,1504,330,285,268,1,-1,-1,-1
1377,35,1504,330,285,268,1,-1,-1,-1
1378,35,1504,330,285,268,1,-1,-1,-1
1379,35,1504,330,285,268,1,-1,-1,-1
1380,35,1505,331,284,267,1,-1,-1,-1
1381,35,1504,331,284,267,1,-1,-1,-1
1382,35,1504,331,284,267,1,-1,-1,-1
1383,35,1505,332,282,266,1,-1,-1,-1
1384,35,1505,332,282,266,1,-1,-1,-1
1385,35,1505,333,282,265,1,-1,-1,-1
1386,35,1505,333,282,265,1,-1,-1,-1
1387,35,1505,333,282,265,1,-1,-1,-1
1388,35,1505,333,282,265,1,-1,-1,-1
1389,35,1505,333,282,265,1,-1,-1,-1
1390,35,1505,333,282,265,1,-1,-1,-1
1391,35,1505,332,282,265,1,-1,-1,-1
1392,35,1505,332,282,265,1,-1,-1,-1
1393,35,1505,332,282,265,1,-1,-1,-1
1394,35,1505,331,282,265,1,-1,-1,-1
1395,35,1504,331,284,265,1,-1,-1,-1
1396,35,1504,330,284,266,1,-1,-1,-1
1397,35,1504,331,283,265,1,-1,-1,-1
1398,35,1504,331,283,265,1,-1,-1,-1
1399,35,1504,331,284,266,1,-1,-1,-1
1400,35,1504,332,284,265,1,-1,-1,-1
1401,35,1504,332,284,265,1,-1,-1,-1
1402,35,1504,333,284,265,1,-1,-1,-1
1403,35,1505,333,282,265,1,-1,-1,-1
1404,35,1505,332,283,265,1,-1,-1,-1
1405,35,1505,332,283,265,1,-1,-1,-1
1406,35,1505,332,284,265,1,-1,-1,-1
1407,35,1505,331,284,265,1,-1,-1,-1
1408,35,1505,331,284,265,1,-1,-1,-1
1409,35,1504,330,286,267,1,-1,-1,-1
1410,35,1505,331,284,266,1,-1,-1,-1
1411,35,1504,331,285,266,1,-1,-1,-1
1412,35,1504,331,285,267,1,-1,-1,-1
1413,35,1504,331,285,267,1,-1,-1,-1
1414,35,1504,331,285,267,1,-1,-1,-1
1415,35,1504,332,285,266,1,-1,-1,-1
1416,35,1505,332,283,265,1,-1,-1,-1
1417,35,1505,332,283,265,1,-1,-1,-1
1418,35,1505,332,283,265,1,-1,-1,-1
1419,35,1505,331,283,265,1,-1,-1,-1
1420,35,1504,331,285,265,1,-1,-1,-1
1421,35,1505,331,284,265,1,-1,-1,-1
1422,35,1505,330,284,266,1,-1,-1,-1
1423,35,1504,330,286,267,1,-1,-1,-1
1424,35,1505,330,284,267,1,-1,-1,-1
1425,35,1505,330,284,267,1,-1,-1,-1
1426,35,1505,330,284,267,1,-1,-1,-1
1427,35,1505,330,284,266,1,-1,-1,-1
1428,35,1506,330,283,266,1,-1,-1,-1
1429,35,1506,330,283,265,1,-1,-1,-1
1430,35,1506,330,283,265,1,-1,-1,-1
1431,35,1506,330,283,265,1,-1,-1,-1
1432,35,1506,330,283,265,1,-1,-1,-1
1433,35,1506,330,284,265,1,-1,-1,-1
1434,35,1506,330,284,265,1,-1,-1,-1
1435,35,1506,330,283,265,1,-1,-1,-1
1436,35,1506,330,283,265,1,-1,-1,-1
1437,35,1505,330,284,265,1,-1,-1,-1
1438,35,1505,330,284,265,1,-1,-1,-1
1439,35,1506,330,283,265,1,-1,-1,-1
1440,35,1505,330,283,265,1,-1,-1,-1
1441,35,1505,330,283,265,1,-1,-1,-1
1442,35,1505,331,283,265,1,-1,-1,-1
1443,35,1505,331,283,265,1,-1,-1,-1
1444,35,1505,331,283,265,1,-1,-1,-1
1445,35,1504,332,284,265,1,-1,-1,-1
1446,35,1504,332,283,265,1,-1,-1,-1
1447,35,1504,331,284,266,1,-1,-1,-1
1448,35,1505,331,284,266,1,-1,-1,-1
1449,35,1505,331,284,266,1,-1,-1,-1
1450,35,1505,331,284,266,1,-1,-1,-1
1451,35,1505,331,284,266,1,-1,-1,-1
1452,35,1505,330,285,267,1,-1,-1,-1
1453,35,1505,330,286,267,1,-1,-1,-1
1454,35,1506,330,285,268,1,-1,-1,-1
1455,35,1505,330,287,268,1,-1,-1,-1
1456,35,1505,330,287,268,1,-1,-1,-1
1457,35,1505,330,287,269,1,-1,-1,-1
1458,35,1506,331,286,268,1,-1,-1,-1
1459,35,1506,331,285,268,1,-1,-1,-1
1460,35,1506,331,285,268,1,-1,-1,-1
1461,35,1505,332,286,267,1,-1,-1,-1
1462,35,1505,332,285,265,1,-1,-1,-1
1463,35,1505,330,290,271,1,-1,-1,-1
1464,35,1505,330,288,270,1,-1,-1,-1
1465,35,1505,330,286,268,1,-1,-1,-1
1465,47,1210,766,744,445,1,-1,-1,-1
1466,35,1504,330,286,267,1,-1,-1,-1
1466,47,987,749,750,448,1,-1,-1,-1
1467,35,1504,330,286,267,1,-1,-1,-1
1467,47,737,736,756,448,1,-1,-1,-1
1468,35,1505,329,285,268,1,-1,-1,-1
1468,47,526,726,750,443,1,-1,-1,-1
1469,35,1505,330,285,267,1,-1,-1,-1
1469,47,329,713,750,439,1,-1,-1,-1
1470,35,1505,331,285,266,1,-1,-1,-1
1470,47,143,700,751,436,1,-1,-1,-1
1471,35,1505,331,285,266,1,-1,-1,-1
1471,47,-38,689,746,434,1,-1,-1,-1
1472,35,1506,332,283,265,1,-1,-1,-1
1473,35,1507,332,282,265,1,-1,-1,-1
1474,35,1507,333,282,264,1,-1,-1,-1
1475,35,1507,333,283,264,1,-1,-1,-1
1476,35,1507,332,284,265,1,-1,-1,-1
1477,35,1506,332,285,265,1,-1,-1,-1
1478,35,1506,332,284,265,1,-1,-1,-1
1479,35,1506,331,285,266,1,-1,-1,-1
1480,35,1506,331,284,266,1,-1,-1,-1
1481,35,1506,331,285,266,1,-1,-1,-1
1482,35,1507,331,284,266,1,-1,-1,-1
1483,35,1507,331,284,266,1,-1,-1,-1
1484,35,1508,332,283,265,1,-1,-1,-1
1485,35,1507,330,290,270,1,-1,-1,-1
1486,35,1507,331,288,269,1,-1,-1,-1
1487,35,1507,333,286,266,1,-1,-1,-1
1488,35,1508,333,284,265,1,-1,-1,-1
1489,35,1508,334,283,264,1,-1,-1,-1
1490,35,1507,332,289,269,1,-1,-1,-1
1491,35,1506,330,293,273,1,-1,-1,-1
1492,35,1506,330,295,275,1,-1,-1,-1
1493,35,1506,329,297,277,1,-1,-1,-1
1494,35,1506,329,298,277,1,-1,-1,-1
1495,35,1505,328,298,279,1,-1,-1,-1
1496,35,1505,328,298,279,1,-1,-1,-1
1497,35,1506,328,297,279,1,-1,-1,-1
1498,35,1506,328,297,279,1,-1,-1,-1
1499,35,1506,328,297,279,1,-1,-1,-1
1500,35,1505,330,290,272,1,-1,-1,-1
1501,35,1505,329,290,272,1,-1,-1,-1
1502,35,1505,329,290,272,1,-1,-1,-1
1503,35,1506,328,289,272,1,-1,-1,-1
1504,35,1505,328,290,272,1,-1,-1,-1
1505,35,1506,330,286,269,1,-1,-1,-1
1506,35,1506,332,284,267,1,-1,-1,-1
1507,35,1506,332,283,266,1,-1,-1,-1
1508,35,1506,331,285,268,1,-1,-1,-1
1509,35,1506,329,287,271,1,-1,-1,-1
1510,35,1506,329,291,274,1,-1,-1,-1
1511,35,1507,329,293,276,1,-1,-1,-1
1512,35,1507,328,294,277,1,-1,-1,-1
1513,35,1506,328,295,278,1,-1,-1,-1
1514,35,1507,328,294,279,1,-1,-1,-1
1515,35,1507,331,289,272,1,-1,-1,-1
1516,35,1507,331,290,273,1,-1,-1,-1
1517,35,1507,332,286,270,1,-1,-1,-1
1518,35,1507,333,283,267,1,-1,-1,-1
1519,35,1507,334,281,265,1,-1,-1,-1
1520,35,1507,334,281,264,1,-1,-1,-1
1521,35,1507,334,281,264,1,-1,-1,-1
1522,35,1506,334,282,264,1,-1,-1,-1
1523,35,1506,333,283,265,1,-1,-1,-1
1524,35,1506,333,283,265,1,-1,-1,-1
1525,35,1506,333,283,264,1,-1,-1,-1
1526,35,1505,333,284,264,1,-1,-1,-1
1527,35,1505,333,284,264,1,-1,-1,-1
1528,35,1505,333,284,264,1,-1,-1,-1
1529,35,1504,333,285,264,1,-1,-1,-1
1530,35,1504,330,292,271,1,-1,-1,-1
1531,35,1504,328,296,276,1,-1,-1,-1
1532,35,1502,330,292,271,1,-1,-1,-1
1533,35,1501,331,288,268,1,-1,-1,-1
1534,35,1500,332,286,265,1,-1,-1,-1
1535,35,1500,332,285,265,1,-1,-1,-1
1536,35,1502,331,291,269,1,-1,-1,-1
1537,35,1502,328,297,275,1,-1,-1,-1
1538,35,1504,328,298,276,1,-1,-1,-1
1539,35,1504,327,300,278,1,-1,-1,-1
1540,35,1505,327,300,279,1,-1,-1,-1
1541,35,1505,327,301,279,1,-1,-1,-1
1542,35,1504,327,301,279,1,-1,-1,-1
1543,35,1504,327,301,280,1,-1,-1,-1
1544,35,1505,327,300,280,1,-1,-1,-1
1545,35,1505,327,300,280,1,-1,-1,-1
1546,35,1505,327,300,280,1,-1,-1,-1
1547,35,1506,327,298,279,1,-1,-1,-1
1548,35,1505,329,293,273,1,-1,-1,-1
1549,35,1506,331,287,268,1,-1,-1,-1
1550,35,1506,332,284,266,1,-1,-1,-1
1551,35,1506,332,283,265,1,-1,-1,-1
1552,35,1506,333,282,263,1,-1,-1,-1
1553,35,1507,334,281,262,1,-1,-1,-1
1554,35,1507,334,281,262,1,-1,-1,-1
1555,35,1507,334,281,262,1,-1,-1,-1
1556,35,1507,334,282,262,1,-1,-1,-1
1557,35,1507,334,282,262,1,-1,-1,-1
1558,35,1507,334,282,262,1,-1,-1,-1
1559,35,1507,334,282,262,1,-1,-1,-1
1560,35,1506,334,283,262,1,-1,-1,-1
1561,35,1506,332,289,268,1,-1,-1,-1
1562,35,1506,331,293,272,1,-1,-1,-1
1563,35,1506,330,296,275,1,-1,-1,-1
1564,35,1503,330,296,276,1,-1,-1,-1
1565,35,1501,330,297,276,1,-1,-1,-1
1566,35,1499,330,297,276,1,-1,-1,-1
1567,35,1502,330,296,276,1,-1,-1,-1
1568,35,1504,332,291,270,1,-1,-1,-1
1569,35,1506,331,292,272,1,-1,-1,-1
1570,35,1504,328,294,275,1,-1,-1,-1
1571,35,1502,326,296,277,1,-1,-1,-1
1572,35,1502,326,295,276,1,-1,-1,-1
1573,35,1503,329,291,271,1,-1,-1,-1
1574,35,1505,332,286,268,1,-1,-1,-1
1575,35,1506,333,284,266,1,-1,-1,-1
1576,35,1507,333,283,266,1,-1,-1,-1
1577,35,1507,333,284,266,1,-1,-1,-1
1578,35,1505,333,285,266,1,-1,-1,-1
1579,35,1504,333,285,266,1,-1,-1,-1
1580,35,1505,333,284,265,1,-1,-1,-1
1581,35,1505,333,284,265,1,-1,-1,-1
1582,35,1504,333,286,266,1,-1,-1,-1
1583,35,1505,333,285,266,1,-1,-1,-1
1584,35,1503,329,290,272,1,-1,-1,-1
1585,35,1501,327,295,275,1,-1,-1,-1
1586,35,1500,325,297,277,1,-1,-1,-1
1587,35,1500,324,297,279,1,-1,-1,-1
1588,35,1500,324,297,279,1,-1,-1,-1
1589,35,1503,328,291,273,1,-1,-1,-1
1590,35,1506,331,286,268,1,-1,-1,-1
1591,35,1507,332,284,267,1,-1,-1,-1
1592,35,1508,333,282,265,1,-1,-1,-1
1593,35,1508,333,282,265,1,-1,-1,-1
1594,35,1508,334,282,264,1,-1,-1,-1
1595,35,1508,334,282,264,1,-1,-1,-1
1596,35,1508,334,282,264,1,-1,-1,-1
1597,35,1509,334,281,264,1,-1,-1,-1
1598,35,1508,331,286,269,1,-1,-1,-1
1599,35,1508,331,285,268,1,-1,-1,-1
1600,35,1506,329,292,273,1,-1,-1,-1
1601,35,1507,330,290,271,1,-1,-1,-1
1602,35,1507,331,287,268,1,-1,-1,-1
1603,35,1508,331,284,266,1,-1,-1,-1
1604,35,1508,331,284,266,1,-1,-1,-1
1605,35,1507,329,290,271,1,-1,-1,-1
1606,35,1509,330,287,269,1,-1,-1,-1
1607,35,1508,329,291,273,1,-1,-1,-1
1608,35,1508,328,294,276,1,-1,-1,-1
1609,35,1510,330,289,271,1,-1,-1,-1
1610,35,1511,331,284,268,1,-1,-1,-1
1611,35,1510,330,288,271,1,-1,-1,-1
1612,35,1508,329,292,274,1,-1,-1,-1
1613,35,1507,328,294,277,1,-1,-1,-1
1614,35,1507,328,295,278,1,-1,-1,-1
1615,35,1507,328,295,279,1,-1,-1,-1
1616,35,1507,328,295,279,1,-1,-1,-1
1617,35,1507,328,292,277,1,-1,-1,-1
1618,35,1506,331,287,271,1,-1,-1,-1
1619,35,1507,331,288,273,1,-1,-1,-1
1620,35,1507,331,288,272,1,-1,-1,-1
1621,35,1507,331,287,272,1,-1,-1,-1
1622,35,1508,332,284,269,1,-1,-1,-1
1623,35,1507,332,282,267,1,-1,-1,-1
1624,35,1504,329,287,272,1,-1,-1,-1
1625,35,1506,329,288,273,1,-1,-1,-1
1626,35,1508,330,287,271,1,-1,-1,-1
1627,35,1510,330,284,269,1,-1,-1,-1
1628,35,1510,332,282,267,1,-1,-1,-1
1629,35,1509,332,283,268,1,-1,-1,-1
1630,35,1510,332,283,268,1,-1,-1,-1
1631,35,1511,332,281,267,1,-1,-1,-1
1632,35,1511,333,282,268,1,-1,-1,-1
1633,35,1513,333,282,268,1,-1,-1,-1
1634,35,1518,335,279,266,1,-1,-1,-1
1635,35,1518,334,280,267,1,-1,-1,-1
1636,35,1517,334,281,270,1,-1,-1,-1
1637,35,1517,334,281,270,1,-1,-1,-1
1638,35,1518,334,279,270,1,-1,-1,-1
1639,35,1518,335,279,269,1,-1,-1,-1
1640,35,1519,334,278,270,1,-1,-1,-1
1641,35,1519,334,277,269,1,-1,-1,-1
1642,35,1518,334,275,268,1,-1,-1,-1
1643,35,1517,334,274,268,1,-1,-1,-1
1644,35,1517,334,273,266,1,-1,-1,-1
1645,35,1517,334,271,266,1,-1,-1,-1
1646,35,1517,334,271,266,1,-1,-1,-1
1647,35,1519,334,271,268,1,-1,-1,-1
1648,35,1520,335,270,267,1,-1,-1,-1
1649,35,1520,335,270,267,1,-1,-1,-1
1650,35,1519,334,271,268,1,-1,-1,-1
1651,35,1519,334,271,268,1,-1,-1,-1
1652,35,1520,334,270,268,1,-1,-1,-1
1653,35,1520,333,270,270,1,-1,-1,-1
1654,35,1519,333,271,270,1,-1,-1,-1
1655,35,1519,332,271,271,1,-1,-1,-1
1656,35,1520,333,269,270,1,-1,-1,-1
1657,35,1520,333,269,270,1,-1,-1,-1
1658,35,1521,333,267,270,1,-1,-1,-1
1659,35,1521,334,267,269,1,-1,-1,-1
1660,35,1522,334,265,268,1,-1,-1,-1
1661,35,1522,335,265,267,1,-1,-1,-1
1662,35,1523,335,264,266,1,-1,-1,-1
1663,35,1523,335,264,266,1,-1,-1,-1
1664,35,1523,335,264,266,1,-1,-1,-1
1665,35,1522,335,264,266,1,-1,-1,-1
1666,35,1522,335,264,266,1,-1,-1,-1
1667,35,1523,335,264,266,1,-1,-1,-1
1668,35,1525,335,263,266,1,-1,-1,-1
1669,35,1526,335,263,266,1,-1,-1,-1
1670,35,1527,335,262,266,1,-1,-1,-1
1671,35,1526,335,263,265,1,-1,-1,-1
1672,35,1525,335,262,265,1,-1,-1,-1
1673,35,1524,335,262,265,1,-1,-1,-1
1674,35,1526,336,260,264,1,-1,-1,-1
1675,35,1526,336,259,264,1,-1,-1,-1
1676,35,1525,336,259,263,1,-1,-1,-1
1677,35,1525,337,258,262,1,-1,-1,-1
1678,35,1524,337,258,261,1,-1,-1,-1
1679,35,1523,337,258,260,1,-1,-1,-1
1680,35,1522,337,259,261,1,-1,-1,-1
1681,35,1522,336,260,262,1,-1,-1,-1
1682,35,1522,337,259,260,1,-1,-1,-1
1683,35,1521,337,259,260,1,-1,-1,-1
1684,35,1519,338,261,259,1,-1,-1,-1
1685,35,1518,338,261,259,1,-1,-1,-1
1686,35,1518,338,261,259,1,-1,-1,-1
1687,35,1518,339,262,258,1,-1,-1,-1
1688,35,1517,338,264,259,1,-1,-1,-1
1689,35,1516,336,267,261,1,-1,-1,-1
1689,48,1088,943,824,753,1,-1,-1,-1
1690,35,1515,335,268,262,1,-1,-1,-1
1690,48,1418,975,828,753,1,-1,-1,-1
1691,35,1514,335,270,262,1,-1,-1,-1
1691,48,1658,978,822,745,1,-1,-1,-1
1692,35,1513,334,271,263,1,-1,-1,-1
1692,48,1904,989,825,743,1,-1,-1,-1
1693,35,1511,334,276,267,1,-1,-1,-1
1693,48,2148,1004,824,742,1,-1,-1,-1
1694,35,1510,334,279,270,1,-1,-1,-1
1695,35,1509,334,281,271,1,-1,-1,-1
1696,35,1509,335,281,271,1,-1,-1,-1
1697,35,1511,336,277,266,1,-1,-1,-1
1698,35,1510,336,278,267,1,-1,-1,-1
1699,35,1509,336,280,269,1,-1,-1,-1
1700,35,1508,335,283,270,1,-1,-1,-1
1701,35,1508,335,284,271,1,-1,-1,-1
1702,35,1507,335,285,272,1,-1,-1,-1
1703,35,1507,334,285,273,1,-1,-1,-1
1704,35,1507,334,286,273,1,-1,-1,-1
1705,35,1507,334,286,273,1,-1,-1,-1
1706,35,1507,333,286,274,1,-1,-1,-1
1707,35,1506,333,286,274,1,-1,-1,-1
1708,35,1504,333,288,274,1,-1,-1,-1
1709,35,1506,334,283,270,1,-1,-1,-1
1710,35,1508,335,279,266,1,-1,-1,-1
1711,35,1509,335,278,265,1,-1,-1,-1
1712,35,1510,335,277,264,1,-1,-1,-1
1713,35,1510,335,277,263,1,-1,-1,-1
1714,35,1509,335,278,262,1,-1,-1,-1
1715,35,1509,335,278,262,1,-1,-1,-1
1716,35,1508,334,280,264,1,-1,-1,-1
1717,35,1508,334,280,264,1,-1,-1,-1
1718,35,1507,333,281,265,1,-1,-1,-1
1719,35,1507,333,281,265,1,-1,-1,-1
1720,35,1507,333,282,265,1,-1,-1,-1
1721,35,1507,333,281,265,1,-1,-1,-1
1722,35,1507,333,281,265,1,-1,-1,-1
1723,35,1507,333,282,265,1,-1,-1,-1
1724,35,1507,333,281,264,1,-1,-1,-1
1725,35,1507,333,282,265,1,-1,-1,-1
1726,35,1506,333,283,265,1,-1,-1,-1
1727,35,1506,333,284,265,1,-1,-1,-1
1728,35,1507,333,283,265,1,-1,-1,-1
1729,35,1507,333,284,265,1,-1,-1,-1
1730,35,1507,334,284,264,1,-1,-1,-1
1731,35,1507,334,284,264,1,-1,-1,-1
1732,35,1507,334,284,264,1,-1,-1,-1
1733,35,1508,335,282,263,1,-1,-1,-1
1734,35,1508,335,282,263,1,-1,-1,-1
1735,35,1507,336,284,263,1,-1,-1,-1
1736,35,1507,336,284,263,1,-1,-1,-1
1737,35,1506,335,284,264,1,-1,-1,-1
1738,35,1506,335,285,264,1,-1,-1,-1
1739,35,1507,335,284,264,1,-1,-1,-1
1740,35,1506,335,285,264,1,-1,-1,-1
1741,35,1504,334,289,268,1,-1,-1,-1
1742,35,1502,333,293,272,1,-1,-1,-1
1743,35,1500,333,296,274,1,-1,-1,-1
1744,35,1502,333,292,271,1,-1,-1,-1
1745,35,1505,334,288,268,1,-1,-1,-1
1746,35,1506,334,286,266,1,-1,-1,-1
1747,35,1504,334,290,269,1,-1,-1,-1
1748,35,1505,334,287,267,1,-1,-1,-1
1749,35,1503,333,291,270,1,-1,-1,-1
1750,35,1502,333,293,272,1,-1,-1,-1
1751,35,1502,333,293,273,1,-1,-1,-1
1752,35,1501,332,295,275,1,-1,-1,-1
1753,35,1500,332,296,276,1,-1,-1,-1
1754,35,1500,331,296,277,1,-1,-1,-1
1755,35,1501,331,295,277,1,-1,-1,-1
1756,35,1500,331,296,277,1,-1,-1,-1
1757,35,1500,331,295,277,1,-1,-1,-1
1758,35,1501,331,295,277,1,-1,-1,-1
1759,35,1501,331,295,277,1,-1,-1,-1
1760,35,1501,331,295,277,1,-1,-1,-1
1761,35,1501,331,294,277,1,-1,-1,-1
1762,35,1501,331,294,277,1,-1,-1,-1
1763,35,1501,331,294,277,1,-1,-1,-1
1764,35,1501,331,294,277,1,-1,-1,-1
1765,35,1502,331,292,277,1,-1,-1,-1
1766,35,1502,331,292,277,1,-1,-1,-1
1767,35,1502,332,292,276,1,-1,-1,-1
1768,35,1502,332,292,276,1,-1,-1,-1
1769,35,1502,332,292,276,1,-1,-1,-1
1770,35,1503,333,290,275,1,-1,-1,-1
1771,35,1503,333,290,275,1,-1,-1,-1
1772,35,1503,334,290,274,1,-1,-1,-1
1773,35,1503,334,290,274,1,-1,-1,-1
1774,35,1503,334,290,274,1,-1,-1,-1
1775,35,1503,334,290,274,1,-1,-1,-1
1776,35,1503,334,290,274,1,-1,-1,-1
1777,35,1503,334,290,274,1,-1,-1,-1
1778,35,1503,334,290,273,1,-1,-1,-1
1779,35,1503,334,289,273,1,-1,-1,-1
1780,35,1503,334,289,273,1,-1,-1,-1
1781,35,1504,334,288,272,1,-1,-1,-1
1782,35,1504,334,288,272,1,-1,-1,-1
1783,35,1503,334,290,273,1,-1,-1,-1
1784,35,1503,334,290,273,1,-1,-1,-1
1785,35,1503,334,290,273,1,-1,-1,-1
1786,35,1503,334,290,274,1,-1,-1,-1
1787,35,1503,334,290,274,1,-1,-1,-1
1788,35,1505,334,285,270,1,-1,-1,-1
1789,35,1507,335,281,266,1,-1,-1,-1
1790,35,1509,336,278,263,1,-1,-1,-1
1791,35,1506,335,283,267,1,-1,-1,-1
1792,35,1507,335,282,266,1,-1,-1,-1
1793,35,1508,336,280,264,1,-1,-1,-1
1794,35,1509,336,278,263,1,-1,-1,-1
1795,35,1509,336,278,262,1,-1,-1,-1
1796,35,1509,337,278,261,1,-1,-1,-1
1797,35,1509,337,278,261,1,-1,-1,-1
1798,35,1509,337,278,261,1,-1,-1,-1
1799,35,1506,335,284,266,1,-1,-1,-1
1800,35,1505,335,286,268,1,-1,-1,-1
1801,35,1505,335,287,269,1,-1,-1,-1
1802,35,1504,334,289,271,1,-1,-1,-1
1803,35,1504,334,289,271,1,-1,-1,-1
1804,35,1504,334,288,272,1,-1,-1,-1
1805,35,1504,334,288,271,1,-1,-1,-1
1806,35,1504,334,288,271,1,-1,-1,-1
1807,35,1505,335,286,270,1,-1,-1,-1
1808,35,1505,335,286,270,1,-1,-1,-1
1809,35,1505,335,286,270,1,-1,-1,-1
1810,35,1505,336,286,269,1,-1,-1,-1
1811,35,1505,336,286,270,1,-1,-1,-1
1812,35,1505,336,286,270,1,-1,-1,-1
1813,35,1505,336,286,270,1,-1,-1,-1
1814,35,1505,335,286,271,1,-1,-1,-1
1815,35,1505,335,286,271,1,-1,-1,-1
1816,35,1505,335,286,271,1,-1,-1,-1
1817,35,1505,334,286,272,1,-1,-1,-1
1818,35,1505,334,286,272,1,-1,-1,-1
1819,35,1505,334,286,272,1,-1,-1,-1
1820,35,1505,334,286,272,1,-1,-1,-1
1821,35,1505,334,286,272,1,-1,-1,-1
1822,35,1505,334,286,272,1,-1,-1,-1
1823,35,1505,334,286,272,1,-1,-1,-1
1824,35,1505,334,286,272,1,-1,-1,-1
1825,35,1506,334,285,272,1,-1,-1,-1
1826,35,1505,334,286,272,1,-1,-1,-1
1827,35,1505,334,286,272,1,-1,-1,-1
1828,35,1505,333,286,273,1,-1,-1,-1
1829,35,1506,334,285,272,1,-1,-1,-1
1830,35,1506,334,285,272,1,-1,-1,-1
1831,35,1506,334,285,272,1,-1,-1,-1
1832,35,1506,334,284,272,1,-1,-1,-1
1833,35,1506,335,285,271,1,-1,-1,-1
1834,35,1506,334,285,272,1,-1,-1,-1
1835,35,1506,334,285,271,1,-1,-1,-1
1836,35,1506,334,284,271,1,-1,-1,-1
1837,35,1505,334,285,271,1,-1,-1,-1
1838,35,1505,334,285,271,1,-1,-1,-1
1839,35,1504,334,286,271,1,-1,-1,-1
1840,35,1504,334,286,272,1,-1,-1,-1
1841,35,1504,333,286,273,1,-1,-1,-1
1842,35,1504,333,286,272,1,-1,-1,-1
1842,49,1229,954,964,899,1,-1,-1,-1
1843,35,1504,332,286,273,1,-1,-1,-1
1843,49,1538,974,980,912,1,-1,-1,-1
1844,35,1504,332,286,273,1,-1,-1,-1
1844,49,1774,989,989,921,1,-1,-1,-1
1845,35,1504,332,286,272,1,-1,-1,-1
1846,35,1505,332,285,272,1,-1,-1,-1
1847,35,1505,332,285,272,1,-1,-1,-1
1848,35,1506,333,282,269,1,-1,-1,-1
1849,35,1507,333,279,266,1,-1,-1,-1
1850,35,1508,333,277,265,1,-1,-1,-1
1851,35,1508,334,277,263,1,-1,-1,-1
1852,35,1508,334,276,263,1,-1,-1,-1
1853,35,1508,335,276,262,1,-1,-1,-1
1854,35,1508,335,277,262,1,-1,-1,-1
1855,35,1506,334,281,267,1,-1,-1,-1
1856,35,1505,334,284,269,1,-1,-1,-1
1857,35,1505,334,284,270,1,-1,-1,-1
1858,35,1504,333,287,272,1,-1,-1,-1
1859,35,1504,333,287,273,1,-1,-1,-1
1860,35,1504,332,287,274,1,-1,-1,-1
1861,35,1503,332,288,274,1,-1,-1,-1
1862,35,1503,332,288,274,1,-1,-1,-1
1863,35,1503,332,288,274,1,-1,-1,-1
1864,35,1502,331,289,275,1,-1,-1,-1
1865,35,1502,332,288,274,1,-1,-1,-1
1866,35,1503,332,286,273,1,-1,-1,-1
1867,35,1503,332,286,273,1,-1,-1,-1
1868,35,1503,332,286,273,1,-1,-1,-1
1869,35,1503,332,286,273,1,-1,-1,-1
1870,35,1503,332,286,273,1,-1,-1,-1
1871,35,1503,332,287,273,1,-1,-1,-1
1872,35,1505,333,283,268,1,-1,-1,-1
1873,35,1508,334,279,265,1,-1,-1,-1
1874,35,1509,334,277,264,1,-1,-1,-1
1875,35,1509,335,276,262,1,-1,-1,-1
1876,35,1508,334,278,263,1,-1,-1,-1
1877,35,1507,334,278,263,1,-1,-1,-1
1878,35,1507,334,279,263,1,-1,-1,-1
1879,35,1506,334,280,263,1,-1,-1,-1
1880,35,1505,333,282,265,1,-1,-1,-1
1881,35,1505,333,282,265,1,-1,-1,-1
1882,35,1506,333,281,265,1,-1,-1,-1
1883,35,1506,333,281,264,1,-1,-1,-1
1884,35,1506,333,282,266,1,-1,-1,-1
1885,35,1505,335,281,263,1,-1,-1,-1
1886,35,1507,335,281,264,1,-1,-1,-1
1887,35,1508,336,284,265,1,-1,-1,-1
1888,35,1510,335,285,267,1,-1,-1,-1
1889,35,1510,335,287,268,1,-1,-1,-1
1890,35,1509,335,290,270,1,-1,-1,-1
1891,35,1509,335,290,270,1,-1,-1,-1
1892,35,1511,337,289,269,1,-1,-1,-1
1893,35,1511,338,291,270,1,-1,-1,-1
1894,35,1512,338,294,273,1,-1,-1,-1
1895,35,1513,339,295,273,1,-1,-1,-1
1896,35,1515,340,295,273,1,-1,-1,-1
1897,35,1518,343,292,269,1,-1,-1,-1
1898,35,1520,347,288,266,1,-1,-1,-1
1899,35,1519,349,289,265,1,-1,-1,-1
1900,35,1520,352,289,263,1,-1,-1,-1
1901,35,1523,353,295,268,1,-1,-1,-1
1902,35,1526,355,298,270,1,-1,-1,-1
1903,35,1530,357,302,272,1,-1,-1,-1
1904,35,1535,358,303,272,1,-1,-1,-1
1905,35,1538,360,306,272,1,-1,-1,-1
1906,35,1547,363,304,269,1,-1,-1,-1
1907,35,1553,364,306,270,1,-1,-1,-1
1908,35,1559,364,311,273,1,-1,-1,-1
1909,35,1564,364,313,272,1,-1,-1,-1
1910,35,1574,364,318,274,1,-1,-1,-1
1911,35,1582,363,324,277,1,-1,-1,-1
1912,35,1591,364,331,280,1,-1,-1,-1
1913,35,1601,366,338,284,1,-1,-1,-1
1914,35,1608,366,347,288,1,-1,-1,-1
1915,35,1617,367,353,290,1,-1,-1,-1
1916,35,1626,369,356,290,1,-1,-1,-1
1917,35,1633,370,362,292,1,-1,-1,-1
1918,35,1641,371,369,296,1,-1,-1,-1
1919,35,1649,373,379,298,1,-1,-1,-1
1920,35,1662,374,384,300,1,-1,-1,-1
1921,35,1679,376,388,300,1,-1,-1,-1
1922,35,1698,377,397,304,1,-1,-1,-1
1923,35,1716,378,406,307,1,-1,-1,-1
1924,35,1731,378,416,310,1,-1,-1,-1
1925,35,1747,382,420,310,1,-1,-1,-1
1926,35,1765,385,426,311,1,-1,-1,-1
1927,35,1782,386,434,313,1,-1,-1,-1
1928,35,1798,386,445,317,1,-1,-1,-1
1929,35,1815,387,451,318,1,-1,-1,-1
1930,35,1839,390,458,320,1,-1,-1,-1
1931,35,1859,393,466,321,1,-1,-1,-1
1932,35,1874,395,471,321,1,-1,-1,-1
1933,35,1885,395,475,322,1,-1,-1,-1
1934,35,1912,399,478,320,1,-1,-1,-1
1935,35,1936,402,481,320,1,-1,-1,-1
1936,35,1964,410,478,315,1,-1,-1,-1
1937,35,1989,409,485,316,1,-1,-1,-1
1938,35,2014,411,489,317,1,-1,-1,-1
1939,35,2038,415,489,315,1,-1,-1,-1
1940,35,2057,419,492,315,1,-1,-1,-1
1941,35,2070,422,494,314,1,-1,-1,-1
1942,35,2076,421,501,318,1,-1,-1,-1
1943,35,2086,423,506,319,1,-1,-1,-1
1944,35,2096,425,506,319,1,-1,-1,-1
1945,35,2105,425,509,322,1,-1,-1,-1
1946,35,2118,426,511,323,1,-1,-1,-1
1947,35,2134,428,512,323,1,-1,-1,-1
1960,35,2283,432,300,190,1,-1,-1,-1
1961,35,2284,433,290,184,1,-1,-1,-1
1962,35,2289,433,282,180,1,-1,-1,-1
1963,35,2292,433,277,179,1,-1,-1,-1
1964,35,2292,433,276,178,1,-1,-1,-1
1965,35,2293,433,274,179,1,-1,-1,-1
1966,35,2293,434,273,178,1,-1,-1,-1
1967,35,2293,434,272,178,1,-1,-1,-1
1968,35,2293,433,272,179,1,-1,-1,-1
1969,35,2291,432,275,182,1,-1,-1,-1
1970,35,2290,432,275,182,1,-1,-1,-1
1971,35,2290,432,275,183,1,-1,-1,-1
1972,35,2290,431,276,184,1,-1,-1,-1
1973,35,2290,431,275,184,1,-1,-1,-1
1974,35,2290,430,275,185,1,-1,-1,-1
1975,35,2291,430,274,185,1,-1,-1,-1
1976,35,2292,431,272,184,1,-1,-1,-1
1977,35,2292,431,271,184,1,-1,-1,-1
1978,35,2292,431,270,184,1,-1,-1,-1
1979,35,2292,431,270,184,1,-1,-1,-1
1980,35,2292,432,270,183,1,-1,-1,-1
1981,35,2293,432,268,183,1,-1,-1,-1
1982,35,2293,432,268,182,1,-1,-1,-1
1983,35,2294,432,266,182,1,-1,-1,-1
1984,35,2294,432,266,182,1,-1,-1,-1
1985,35,2295,433,265,181,1,-1,-1,-1
1986,35,2295,433,265,182,1,-1,-1,-1
1987,35,2295,433,265,182,1,-1,-1,-1
1988,35,2295,433,265,182,1,-1,-1,-1
1989,35,2295,433,265,182,1,-1,-1,-1
1990,35,2294,433,266,182,1,-1,-1,-1
1991,35,2295,433,264,182,1,-1,-1,-1
1992,35,2295,433,264,182,1,-1,-1,-1
1993,35,2295,433,264,181,1,-1,-1,-1
1994,35,2295,433,264,181,1,-1,-1,-1
1995,35,2295,433,264,182,1,-1,-1,-1
1996,35,2295,433,264,182,1,-1,-1,-1
1997,35,2295,433,264,182,1,-1,-1,-1
1998,35,2295,433,264,182,1,-1,-1,-1
1999,35,2295,433,264,182,1,-1,-1,-1
2000,35,2295,433,265,183,1,-1,-1,-1
2001,35,2295,433,265,183,1,-1,-1,-1
2002,35,2295,433,265,183,1,-1,-1,-1
2003,35,2296,433,263,183,1,-1,-1,-1
2004,35,2296,433,264,183,1,-1,-1,-1
2005,35,2296,434,264,183,1,-1,-1,-1
2006,35,2296,434,264,183,1,-1,-1,-1
2007,35,2296,434,264,183,1,-1,-1,-1
2008,35,2296,434,264,183,1,-1,-1,-1
2009,35,2296,433,265,184,1,-1,-1,-1
2010,35,2296,433,264,184,1,-1,-1,-1
2011,35,2296,433,265,184,1,-1,-1,-1
2012,35,2296,432,264,184,1,-1,-1,-1
2013,35,2296,432,264,184,1,-1,-1,-1
2014,35,2296,431,264,185,1,-1,-1,-1
2015,35,2296,431,264,185,1,-1,-1,-1
2016,35,2295,431,265,185,1,-1,-1,-1
2017,35,2296,431,264,186,1,-1,-1,-1
2018,35,2295,431,265,186,1,-1,-1,-1
2019,35,2294,431,267,186,1,-1,-1,-1
2020,35,2294,431,267,186,1,-1,-1,-1
2021,35,2294,430,267,188,1,-1,-1,-1
2022,35,2294,430,267,188,1,-1,-1,-1
2023,35,2294,430,267,189,1,-1,-1,-1
2024,35,2294,430,267,189,1,-1,-1,-1
2025,35,2295,430,265,188,1,-1,-1,-1
2026,35,2295,430,265,188,1,-1,-1,-1
2027,35,2295,430,265,188,1,-1,-1,-1
2028,35,2296,431,263,186,1,-1,-1,-1
2029,35,2296,431,263,186,1,-1,-1,-1
2030,35,2297,431,261,185,1,-1,-1,-1
2031,35,2298,432,259,184,1,-1,-1,-1
2032,35,2298,432,259,183,1,-1,-1,-1
2033,35,2298,433,259,182,1,-1,-1,-1
2034,35,2298,433,259,182,1,-1,-1,-1
2035,35,2298,433,259,182,1,-1,-1,-1
2036,35,2298,433,259,182,1,-1,-1,-1
2037,35,2298,433,259,182,1,-1,-1,-1
2038,35,2298,433,259,182,1,-1,-1,-1
2039,35,2298,433,259,182,1,-1,-1,-1
2040,35,2297,433,261,183,1,-1,-1,-1
2041,35,2297,433,261,183,1,-1,-1,-1
2042,35,2297,433,261,183,1,-1,-1,-1
2043,35,2297,433,261,184,1,-1,-1,-1
2044,35,2297,434,261,183,1,-1,-1,-1
2045,35,2297,434,261,184,1,-1,-1,-1
2046,35,2297,434,261,184,1,-1,-1,-1
2047,35,2297,434,261,184,1,-1,-1,-1
2048,35,2297,434,261,184,1,-1,-1,-1
2049,35,2296,432,263,186,1,-1,-1,-1
2050,35,2295,432,264,186,1,-1,-1,-1
2051,35,2295,432,264,186,1,-1,-1,-1
2052,35,2294,431,266,187,1,-1,-1,-1
2053,35,2294,431,266,187,1,-1,-1,-1
2054,35,2294,430,266,188,1,-1,-1,-1
2055,35,2294,430,266,188,1,-1,-1,-1
2056,35,2294,430,265,188,1,-1,-1,-1
2057,35,2295,430,264,188,1,-1,-1,-1
2058,35,2295,430,264,188,1,-1,-1,-1
2059,35,2295,430,264,187,1,-1,-1,-1
2060,35,2295,430,264,187,1,-1,-1,-1
2061,35,2295,430,264,187,1,-1,-1,-1
2062,35,2295,430,264,186,1,-1,-1,-1
2063,35,2295,430,264,186,1,-1,-1,-1
2064,35,2296,432,262,185,1,-1,-1,-1
2065,35,2296,432,262,185,1,-1,-1,-1
2066,35,2297,432,261,185,1,-1,-1,-1
2067,35,2297,433,261,185,1,-1,-1,-1
2068,35,2297,433,261,185,1,-1,-1,-1
2069,35,2297,432,262,186,1,-1,-1,-1
2070,35,2296,432,263,186,1,-1,-1,-1
2071,35,2296,432,263,186,1,-1,-1,-1
2072,35,2295,431,264,187,1,-1,-1,-1
2073,35,2295,431,264,187,1,-1,-1,-1
2074,35,2295,430,264,188,1,-1,-1,-1
2075,35,2295,430,264,188,1,-1,-1,-1
2076,35,2295,431,264,187,1,-1,-1,-1
2077,35,2296,431,263,187,1,-1,-1,-1
2078,35,2296,431,263,187,1,-1,-1,-1
2079,35,2296,431,263,186,1,-1,-1,-1
2080,35,2296,432,262,185,1,-1,-1,-1
2081,35,2296,432,262,185,1,-1,-1,-1
2082,35,2296,431,262,185,1,-1,-1,-1
2083,35,2296,431,262,185,1,-1,-1,-1
2084,35,2296,431,262,184,1,-1,-1,-1
2085,35,2296,430,262,185,1,-1,-1,-1
2086,35,2296,430,262,185,1,-1,-1,-1
2087,35,2296,430,262,185,1,-1,-1,-1
2088,35,2296,431,261,185,1,-1,-1,-1
2089,35,2296,432,260,184,1,-1,-1,-1
2090,35,2296,432,260,184,1,-1,-1,-1
2091,35,2296,433,260,183,1,-1,-1,-1
2092,35,2297,433,258,183,1,-1,-1,-1
2093,35,2297,434,258,182,1,-1,-1,-1
2094,35,2297,434,258,182,1,-1,-1,-1
2095,35,2297,434,258,181,1,-1,-1,-1
2096,35,2296,434,259,181,1,-1,-1,-1
2097,35,2296,434,260,181,1,-1,-1,-1
2098,35,2296,434,260,181,1,-1,-1,-1
2099,35,2295,434,261,182,1,-1,-1,-1
2100,35,2294,434,263,183,1,-1,-1,-1
2101,35,2294,434,264,183,1,-1,-1,-1
2102,35,2294,434,264,184,1,-1,-1,-1
2103,35,2293,434,265,184,1,-1,-1,-1
2104,35,2293,434,266,185,1,-1,-1,-1
2105,35,2293,434,266,185,1,-1,-1,-1
2106,35,2293,434,266,185,1,-1,-1,-1
2107,35,2293,434,266,185,1,-1,-1,-1
2108,35,2293,434,266,185,1,-1,-1,-1
2109,35,2293,434,266,185,1,-1,-1,-1
2110,35,2294,433,265,185,1,-1,-1,-1
2111,35,2294,432,266,186,1,-1,-1,-1
2112,35,2294,432,266,186,1,-1,-1,-1
2113,35,2294,431,266,187,1,-1,-1,-1
2114,35,2294,431,266,187,1,-1,-1,-1
2115,35,2294,431,266,186,1,-1,-1,-1
2116,35,2294,431,265,186,1,-1,-1,-1
2117,35,2294,431,264,185,1,-1,-1,-1
2118,35,2293,431,265,185,1,-1,-1,-1
2119,35,2294,431,264,185,1,-1,-1,-1
2120,35,2293,431,265,185,1,-1,-1,-1
2121,35,2293,431,266,186,1,-1,-1,-1
2122,35,2293,431,267,187,1,-1,-1,-1
2123,35,2293,431,268,187,1,-1,-1,-1
2124,35,2293,431,268,188,1,-1,-1,-1
2125,35,2293,431,270,188,1,-1,-1,-1
2126,35,2294,430,268,189,1,-1,-1,-1
2126,50,1137,687,922,495,1,-1,-1,-1
2127,35,2294,432,266,187,1,-1,-1,-1
2127,50,953,673,923,495,1,-1,-1,-1
2128,35,2294,432,265,186,1,-1,-1,-1
2128,50,779,660,925,495,1,-1,-1,-1
2129,35,2294,432,264,186,1,-1,-1,-1
2129,50,599,645,919,491,1,-1,-1,-1
2130,35,2295,433,264,185,1,-1,-1,-1
2130,50,412,628,917,489,1,-1,-1,-1
2131,35,2296,433,263,184,1,-1,-1,-1
2131,50,219,616,905,480,1,-1,-1,-1
2132,35,2296,433,263,184,1,-1,-1,-1
2132,50,65,609,883,467,1,-1,-1,-1
2133,35,2296,433,263,184,1,-1,-1,-1
2133,50,-50,598,868,457,1,-1,-1,-1
2134,35,2296,433,264,184,1,-1,-1,-1
2134,50,-186,586,859,450,1,-1,-1,-1
2135,35,2296,433,264,185,1,-1,-1,-1
2135,50,-336,574,849,445,1,-1,-1,-1
2136,35,2295,433,265,185,1,-1,-1,-1
2137,35,2295,433,265,185,1,-1,-1,-1
2138,35,2295,432,264,186,1,-1,-1,-1
2139,35,2295,432,265,186,1,-1,-1,-1
2140,35,2295,432,264,186,1,-1,-1,-1
2141,35,2295,431,265,187,1,-1,-1,-1
2142,35,2294,431,266,186,1,-1,-1,-1
2143,35,2294,430,266,187,1,-1,-1,-1
2144,35,2294,430,265,187,1,-1,-1,-1
2145,35,2295,430,264,187,1,-1,-1,-1
2146,35,2295,430,264,187,1,-1,-1,-1
2147,35,2294,430,266,188,1,-1,-1,-1
2148,35,2295,432,264,186,1,-1,-1,-1
2149,35,2295,432,263,186,1,-1,-1,-1
2150,35,2295,432,262,187,1,-1,-1,-1
2151,35,2295,433,262,186,1,-1,-1,-1
2152,35,2295,433,261,186,1,-1,-1,-1
2153,35,2295,434,262,185,1,-1,-1,-1
2154,35,2295,434,262,185,1,-1,-1,-1
2155,35,2295,434,262,185,1,-1,-1,-1
2156,35,2295,434,262,185,1,-1,-1,-1
2157,35,2295,434,262,185,1,-1,-1,-1
2158,35,2295,434,262,185,1,-1,-1,-1
2159,35,2294,434,263,185,1,-1,-1,-1
2160,35,2295,434,262,185,1,-1,-1,-1
2161,35,2295,434,262,185,1,-1,-1,-1
2162,35,2295,434,262,185,1,-1,-1,-1
2163,35,2295,434,262,185,1,-1,-1,-1
2164,35,2295,434,262,185,1,-1,-1,-1
2165,35,2295,434,262,185,1,-1,-1,-1
2166,35,2295,434,262,185,1,-1,-1,-1
2167,35,2294,434,264,185,1,-1,-1,-1
2168,35,2294,434,263,185,1,-1,-1,-1
2169,35,2294,434,264,185,1,-1,-1,-1
2170,35,2294,434,264,185,1,-1,-1,-1
2171,35,2294,434,263,185,1,-1,-1,-1
2172,35,2293,433,265,186,1,-1,-1,-1
2173,35,2293,433,265,185,1,-1,-1,-1
2174,35,2293,433,265,185,1,-1,-1,-1
2175,35,2293,432,264,186,1,-1,-1,-1
2176,35,2293,432,264,185,1,-1,-1,-1
2177,35,2294,432,264,185,1,-1,-1,-1
2178,35,2294,433,264,185,1,-1,-1,-1
2179,35,2294,433,264,185,1,-1,-1,-1
2180,35,2294,433,264,185,1,-1,-1,-1
2181,35,2294,434,264,185,1,-1,-1,-1
2182,35,2293,434,266,185,1,-1,-1,-1
2183,35,2293,434,266,185,1,-1,-1,-1
2184,35,2293,434,266,186,1,-1,-1,-1
2185,35,2293,434,266,186,1,-1,-1,-1
2186,35,2293,434,266,186,1,-1,-1,-1
2187,35,2293,434,266,186,1,-1,-1,-1
2188,35,2293,434,266,186,1,-1,-1,-1
2189,35,2293,434,266,186,1,-1,-1,-1
2190,35,2293,434,266,186,1,-1,-1,-1
2191,35,2293,434,266,186,1,-1,-1,-1
2192,35,2294,434,264,185,1,-1,-1,-1
2193,35,2294,434,264,185,1,-1,-1,-1
2194,35,2294,434,264,185,1,-1,-1,-1
2195,35,2294,434,264,184,1,-1,-1,-1
2196,35,2294,434,264,184,1,-1,-1,-1
2197,35,2294,434,264,184,1,-1,-1,-1
2198,35,2294,434,265,184,1,-1,-1,-1
2199,35,2295,434,263,184,1,-1,-1,-1
2200,35,2294,432,265,186,1,-1,-1,-1
2201,35,2294,432,266,185,1,-1,-1,-1
2202,35,2294,431,267,186,1,-1,-1,-1
2203,35,2294,432,265,185,1,-1,-1,-1
2204,35,2294,432,265,185,1,-1,-1,-1
2205,35,2295,432,263,185,1,-1,-1,-1
2206,35,2295,432,263,185,1,-1,-1,-1
2207,35,2295,433,262,183,1,-1,-1,-1
2208,35,2294,432,265,185,1,-1,-1,-1
2209,35,2294,432,265,185,1,-1,-1,-1
2210,35,2294,432,266,185,1,-1,-1,-1
2211,35,2294,431,266,186,1,-1,-1,-1
2212,35,2293,431,268,187,1,-1,-1,-1
2213,35,2293,430,268,188,1,-1,-1,-1
2214,35,2293,430,268,188,1,-1,-1,-1
2215,35,2293,430,268,189,1,-1,-1,-1
2216,35,2293,430,268,189,1,-1,-1,-1
2217,35,2294,430,267,189,1,-1,-1,-1
2218,35,2294,430,266,189,1,-1,-1,-1
2219,35,2294,430,266,189,1,-1,-1,-1
2220,35,2295,432,263,186,1,-1,-1,-1
2221,35,2295,432,262,186,1,-1,-1,-1
2222,35,2295,432,262,186,1,-1,-1,-1
2223,35,2296,433,260,184,1,-1,-1,-1
2224,35,2296,433,260,184,1,-1,-1,-1
2225,35,2296,434,260,183,1,-1,-1,-1
2226,35,2295,434,261,183,1,-1,-1,-1
2227,35,2295,434,261,183,1,-1,-1,-1
2228,35,2294,434,263,184,1,-1,-1,-1
2229,35,2294,434,263,184,1,-1,-1,-1
2230,35,2294,434,263,184,1,-1,-1,-1
2231,35,2294,434,263,185,1,-1,-1,-1
2232,35,2293,432,266,187,1,-1,-1,-1
2233,35,2293,432,266,187,1,-1,-1,-1
2234,35,2294,432,266,187,1,-1,-1,-1
2235,35,2293,431,268,188,1,-1,-1,-1
2236,35,2293,431,268,188,1,-1,-1,-1
2237,35,2293,430,268,189,1,-1,-1,-1
2238,35,2293,430,268,189,1,-1,-1,-1
2239,35,2294,430,267,189,1,-1,-1,-1
2240,35,2295,432,264,186,1,-1,-1,-1
2241,35,2295,433,262,185,1,-1,-1,-1
2242,35,2296,433,260,184,1,-1,-1,-1
2243,35,2296,434,260,183,1,-1,-1,-1
2244,35,2296,434,260,182,1,-1,-1,-1
2245,35,2296,434,260,182,1,-1,-1,-1
2246,35,2296,434,260,182,1,-1,-1,-1
2247,35,2296,435,260,181,1,-1,-1,-1
2248,35,2296,435,259,181,1,-1,-1,-1
2249,35,2296,435,260,181,1,-1,-1,-1
2250,35,2296,435,260,181,1,-1,-1,-1
2251,35,2296,435,260,181,1,-1,-1,-1
2252,35,2296,435,260,181,1,-1,-1,-1
2253,35,2295,435,262,181,1,-1,-1,-1
2254,35,2295,435,262,181,1,-1,-1,-1
2255,35,2295,435,262,181,1,-1,-1,-1
2256,35,2295,435,262,181,1,-1,-1,-1
2257,35,2295,435,262,181,1,-1,-1,-1
2258,35,2295,435,262,181,1,-1,-1,-1
2259,35,2295,435,262,181,1,-1,-1,-1
2260,35,2295,435,262,181,1,-1,-1,-1
2261,35,2295,435,262,181,1,-1,-1,-1
2262,35,2295,435,262,181,1,-1,-1,-1
2263,35,2295,435,262,181,1,-1,-1,-1
2264,35,2295,435,262,181,1,-1,-1,-1
2265,35,2295,435,262,181,1,-1,-1,-1
2266,35,2294,435,264,181,1,-1,-1,-1
2267,35,2294,435,264,181,1,-1,-1,-1
2268,35,2294,435,264,181,1,-1,-1,-1
2269,35,2294,435,264,181,1,-1,-1,-1
2270,35,2293,433,267,184,1,-1,-1,-1
2271,35,2293,433,268,184,1,-1,-1,-1
2272,35,2293,433,268,184,1,-1,-1,-1
2273,35,2292,432,268,186,1,-1,-1,-1
2274,35,2292,432,268,186,1,-1,-1,-1
2275,35,2292,432,268,186,1,-1,-1,-1
2276,35,2293,432,266,185,1,-1,-1,-1
2277,35,2293,432,266,185,1,-1,-1,-1
2278,35,2293,432,266,185,1,-1,-1,-1
2279,35,2293,432,266,184,1,-1,-1,-1
2280,35,2293,432,266,184,1,-1,-1,-1
2281,35,2293,432,266,184,1,-1,-1,-1
2282,35,2293,432,266,184,1,-1,-1,-1
2283,35,2293,432,266,184,1,-1,-1,-1
2284,35,2293,431,266,184,1,-1,-1,-1
2285,35,2293,431,266,184,1,-1,-1,-1
2286,35,2293,431,266,184,1,-1,-1,-1
2287,35,2293,431,266,184,1,-1,-1,-1
2288,35,2293,431,266,184,1,-1,-1,-1
2289,35,2293,431,266,184,1,-1,-1,-1
2290,35,2293,431,266,184,1,-1,-1,-1
2291,35,2293,431,266,184,1,-1,-1,-1
2292,35,2294,432,265,183,1,-1,-1,-1
2293,35,2294,432,265,183,1,-1,-1,-1
2294,35,2294,432,265,183,1,-1,-1,-1
2295,35,2295,433,263,182,1,-1,-1,-1
2296,35,2295,433,263,182,1,-1,-1,-1
2297,35,2295,434,263,181,1,-1,-1,-1
2298,35,2295,434,263,181,1,-1,-1,-1
2299,35,2294,434,264,181,1,-1,-1,-1
2300,35,2294,434,264,181,1,-1,-1,-1
2301,35,2294,434,264,181,1,-1,-1,-1
2302,35,2294,434,264,181,1,-1,-1,-1
2303,35,2294,434,264,181,1,-1,-1,-1
2304,35,2294,434,264,182,1,-1,-1,-1
2305,35,2294,434,264,182,1,-1,-1,-1
2306,35,2294,434,264,182,1,-1,-1,-1
2307,35,2293,434,266,183,1,-1,-1,-1
2308,35,2293,434,266,183,1,-1,-1,-1
2309,35,2293,434,266,184,1,-1,-1,-1
2310,35,2293,434,266,184,1,-1,-1,-1
2311,35,2293,434,266,184,1,-1,-1,-1
2312,35,2294,434,265,184,1,-1,-1,-1
2313,35,2293,432,268,186,1,-1,-1,-1
2314,35,2294,432,268,186,1,-1,-1,-1
2315,35,2294,432,268,186,1,-1,-1,-1
2315,51,1112,1112,905,785,1,-1,-1,-1
2316,35,2294,431,268,187,1,-1,-1,-1
2316,51,1275,1129,900,782,1,-1,-1,-1
2317,35,2294,431,268,187,1,-1,-1,-1
2318,35,2294,430,268,188,1,-1,-1,-1
2319,35,2294,430,268,188,1,-1,-1,-1
2320,35,2294,430,268,188,1,-1,-1,-1
2321,35,2294,430,268,188,1,-1,-1,-1
2322,35,2295,431,266,187,1,-1,-1,-1
2323,35,2296,433,263,185,1,-1,-1,-1
2324,35,2295,433,263,185,1,-1,-1,-1
2325,35,2295,433,262,185,1,-1,-1,-1
2326,35,2295,434,262,184,1,-1,-1,-1
2327,35,2296,434,260,184,1,-1,-1,-1
2328,35,2295,434,261,183,1,-1,-1,-1
2329,35,2295,434,261,183,1,-1,-1,-1
2330,35,2295,434,262,183,1,-1,-1,-1
2331,35,2295,434,262,182,1,-1,-1,-1
2332,35,2295,434,262,182,1,-1,-1,-1
2333,35,2295,434,262,182,1,-1,-1,-1
2334,35,2295,434,262,182,1,-1,-1,-1
2335,35,2295,434,262,182,1,-1,-1,-1
2336,35,2295,434,262,182,1,-1,-1,-1
2337,35,2295,434,262,182,1,-1,-1,-1
2338,35,2295,434,262,182,1,-1,-1,-1
2339,35,2295,434,262,182,1,-1,-1,-1
2340,35,2295,434,262,182,1,-1,-1,-1
2341,35,2295,434,262,182,1,-1,-1,-1
2342,35,2294,434,264,183,1,-1,-1,-1
2343,35,2294,434,264,183,1,-1,-1,-1
2344,35,2294,434,264,183,1,-1,-1,-1
2345,35,2293,434,266,184,1,-1,-1,-1
2346,35,2293,434,266,184,1,-1,-1,-1
2347,35,2293,434,266,185,1,-1,-1,-1
2348,35,2293,434,266,185,1,-1,-1,-1
2349,35,2293,434,266,185,1,-1,-1,-1
2350,35,2293,434,266,185,1,-1,-1,-1
2351,35,2293,434,266,185,1,-1,-1,-1
2352,35,2293,432,268,187,1,-1,-1,-1
2353,35,2293,432,268,187,1,-1,-1,-1
2354,35,2294,432,268,187,1,-1,-1,-1
2355,35,2294,431,268,188,1,-1,-1,-1
2356,35,2294,431,268,188,1,-1,-1,-1
2357,35,2294,430,268,189,1,-1,-1,-1
2358,35,2294,430,268,189,1,-1,-1,-1
2359,35,2294,430,268,189,1,-1,-1,-1
2360,35,2294,430,268,189,1,-1,-1,-1
2361,35,2295,430,267,189,1,-1,-1,-1
2362,35,2295,430,266,189,1,-1,-1,-1
2363,35,2295,430,266,189,1,-1,-1,-1
2364,35,2295,432,264,186,1,-1,-1,-1
2365,35,2296,432,262,186,1,-1,-1,-1
2365,52,1150,716,669,415,1,-1,-1,-1
2366,35,2295,432,262,186,1,-1,-1,-1
2366,52,866,698,662,410,1,-1,-1,-1
2367,35,2296,433,260,184,1,-1,-1,-1
2367,52,543,662,686,423,1,-1,-1,-1
2368,35,2296,433,260,184,1,-1,-1,-1
2368,52,265,648,674,414,1,-1,-1,-1
2369,35,2296,434,260,182,1,-1,-1,-1
2369,52,58,635,663,403,1,-1,-1,-1
2370,35,2296,434,260,182,1,-1,-1,-1
2370,52,-154,618,657,398,1,-1,-1,-1
2371,35,2296,434,260,182,1,-1,-1,-1
2371,52,-382,601,653,395,1,-1,-1,-1
2372,35,2296,433,260,183,1,-1,-1,-1
2373,35,2295,432,264,186,1,-1,-1,-1
2374,35,2295,432,265,186,1,-1,-1,-1
2375,35,2294,431,267,187,1,-1,-1,-1
2376,35,2294,431,265,187,1,-1,-1,-1
2377,35,2295,431,265,187,1,-1,-1,-1
2378,35,2294,431,265,187,1,-1,-1,-1
2379,35,2294,431,265,187,1,-1,-1,-1
2380,35,2294,431,265,187,1,-1,-1,-1
2381,35,2294,431,264,187,1,-1,-1,-1
2382,35,2294,431,264,187,1,-1,-1,-1
2383,35,2294,431,264,186,1,-1,-1,-1
2384,35,2295,432,262,185,1,-1,-1,-1
2385,35,2295,432,262,184,1,-1,-1,-1
2386,35,2296,433,260,183,1,-1,-1,-1
2387,35,2296,433,260,183,1,-1,-1,-1
2388,35,2296,434,260,182,1,-1,-1,-1
2389,35,2296,434,260,182,1,-1,-1,-1
2390,35,2296,434,260,182,1,-1,-1,-1
2391,35,2295,434,262,182,1,-1,-1,-1
2392,35,2295,434,262,182,1,-1,-1,-1
2393,35,2295,434,261,182,1,-1,-1,-1
2394,35,2295,434,261,182,1,-1,-1,-1
2395,35,2294,434,263,182,1,-1,-1,-1
2396,35,2294,434,263,182,1,-1,-1,-1
2397,35,2294,434,263,182,1,-1,-1,-1
2398,35,2294,434,263,182,1,-1,-1,-1
2399,35,2293,432,266,185,1,-1,-1,-1
2400,35,2293,432,266,185,1,-1,-1,-1
2401,35,2293,432,265,185,1,-1,-1,-1
2402,35,2293,432,265,186,1,-1,-1,-1
2403,35,2293,432,265,186,1,-1,-1,-1
2404,35,2294,433,263,184,1,-1,-1,-1
2405,35,2294,433,263,184,1,-1,-1,-1
2406,35,2294,433,263,184,1,-1,-1,-1
2407,35,2294,434,263,182,1,-1,-1,-1
2408,35,2294,434,263,182,1,-1,-1,-1
2409,35,2294,434,263,182,1,-1,-1,-1
2410,35,2294,434,263,182,1,-1,-1,-1
2411,35,2294,434,263,182,1,-1,-1,-1
2412,35,2294,434,264,182,1,-1,-1,-1
2413,35,2294,434,264,182,1,-1,-1,-1
2414,35,2294,434,264,182,1,-1,-1,-1
2415,35,2294,434,264,182,1,-1,-1,-1
2416,35,2294,434,264,182,1,-1,-1,-1
2417,35,2294,434,264,182,1,-1,-1,-1
2418,35,2294,434,264,182,1,-1,-1,-1
2419,35,2294,434,264,182,1,-1,-1,-1
2420,35,2294,434,264,182,1,-1,-1,-1
2421,35,2294,434,264,182,1,-1,-1,-1
