1,-1,942,200,144,138,0.9954472184181213,-1,-1,-1
1,-1,291,545,258,224,0.967867374420166,-1,-1,-1
1,-1,1531,357,308,161,0.6456378102302551,-1,-1,-1
2,-1,943,198,142,136,0.995240330696106,-1,-1,-1
2,-1,280,552,271,228,0.9783469438552856,-1,-1,-1
2,-1,1532,356,309,163,0.62559574842453,-1,-1,-1
3,-1,944,192,145,138,0.9940117001533508,-1,-1,-1
3,-1,277,558,269,229,0.9570853114128113,-1,-1,-1
3,-1,1531,356,310,163,0.6118369102478027,-1,-1,-1
4,-1,943,192,146,134,0.9906426072120667,-1,-1,-1
4,-1,263,566,280,228,0.9656508564949036,-1,-1,-1
4,-1,1531,356,310,163,0.6058790683746338,-1,-1,-1
5,-1,947,190,142,133,0.9945159554481506,-1,-1,-1
5,-1,253,570,283,232,0.9791070222854614,-1,-1,-1
5,-1,1531,356,311,163,0.6112120747566223,-1,-1,-1
6,-1,948,186,143,133,0.9937536120414734,-1,-1,-1
6,-1,251,572,283,235,0.9740139842033386,-1,-1,-1
6,-1,1531,356,310,163,0.6082548499107361,-1,-1,-1
7,-1,949,185,141,132,0.9982385635375977,-1,-1,-1
7,-1,248,575,285,236,0.9756592512130737,-1,-1,-1
7,-1,1519,359,318,158,0.6129655838012695,-1,-1,-1
8,-1,948,183,143,132,0.9938691854476929,-1,-1,-1
8,-1,242,581,291,237,0.947482168674469,-1,-1,-1
8,-1,1531,356,310,163,0.6074193716049194,-1,-1,-1
9,-1,948,181,144,132,0.9931273460388184,-1,-1,-1
9,-1,231,589,289,234,0.9524937868118286,-1,-1,-1
10,-1,950,178,145,131,0.9905110001564026,-1,-1,-1
10,-1,221,589,299,241,0.901837170124054,-1,-1,-1
11,-1,953,176,142,132,0.9938204884529114,-1,-1,-1
11,-1,202,595,314,243,0.9394946694374084,-1,-1,-1
11,-1,1530,355,316,164,0.6518620252609253,-1,-1,-1
12,-1,953,174,144,131,0.9933254718780518,-1,-1,-1
12,-1,205,596,306,251,0.9581763744354248,-1,-1,-1
12,-1,1530,355,315,163,0.6627638936042786,-1,-1,-1
13,-1,954,173,139,128,0.9968072175979614,-1,-1,-1
13,-1,192,605,306,249,0.9550889134407043,-1,-1,-1
13,-1,1530,356,312,163,0.6272345781326294,-1,-1,-1
14,-1,954,171,141,128,0.9928072690963745,-1,-1,-1
14,-1,195,606,306,257,0.9671760201454163,-1,-1,-1
14,-1,1530,355,313,163,0.6362335085868835,-1,-1,-1
15,-1,956,169,145,127,0.990643322467804,-1,-1,-1
15,-1,178,613,317,257,0.9734357595443726,-1,-1,-1
15,-1,1516,359,325,158,0.6022743582725525,-1,-1,-1
16,-1,962,163,140,127,0.9936835765838623,-1,-1,-1
16,-1,172,617,319,251,0.9584996700286865,-1,-1,-1
17,-1,962,164,139,124,0.9940940737724304,-1,-1,-1
17,-1,168,624,319,252,0.9663483500480652,-1,-1,-1
17,-1,1515,360,324,157,0.6020944118499756,-1,-1,-1
18,-1,962,161,140,125,0.9907904863357544,-1,-1,-1
18,-1,160,627,324,251,0.9432421326637268,-1,-1,-1
18,-1,1515,359,325,157,0.6030297875404358,-1,-1,-1
19,-1,965,159,140,124,0.9914121627807617,-1,-1,-1
19,-1,155,630,327,262,0.942687451839447,-1,-1,-1
19,-1,1515,359,325,158,0.6146818995475769,-1,-1,-1
20,-1,967,157,142,124,0.9931807518005371,-1,-1,-1
20,-1,151,637,327,259,0.9303499460220337,-1,-1,-1
20,-1,1530,356,310,163,0.6479849219322205,-1,-1,-1
21,-1,976,154,135,124,0.9942909479141235,-1,-1,-1
21,-1,141,644,335,255,0.9173843264579773,-1,-1,-1
21,-1,1515,358,325,159,0.620917797088623,-1,-1,-1
22,-1,975,153,141,123,0.9943258166313171,-1,-1,-1
22,-1,133,647,340,261,0.8972179889678955,-1,-1,-1
22,-1,1528,355,313,163,0.6290649175643921,-1,-1,-1
23,-1,978,152,141,122,0.9945118427276611,-1,-1,-1
23,-1,125,652,344,261,0.8971101641654968,-1,-1,-1
23,-1,1529,355,311,163,0.6336036324501038,-1,-1,-1
24,-1,980,151,143,119,0.9919769167900085,-1,-1,-1
24,-1,115,650,352,261,0.7428544163703918,-1,-1,-1
24,-1,1529,356,310,163,0.6221191883087158,-1,-1,-1
25,-1,987,148,141,120,0.9921666383743286,-1,-1,-1
25,-1,1515,359,319,157,0.609944224357605,-1,-1,-1
26,-1,994,146,136,119,0.9932451844215393,-1,-1,-1
26,-1,96,663,344,258,0.6664436459541321,-1,-1,-1
26,-1,1515,359,318,157,0.6102644801139832,-1,-1,-1
27,-1,999,143,137,119,0.9918198585510254,-1,-1,-1
27,-1,1515,360,318,157,0.6149621605873108,-1,-1,-1
28,-1,1003,140,139,119,0.9847538471221924,-1,-1,-1
28,-1,1515,359,319,157,0.6065198183059692,-1,-1,-1
29,-1,1008,138,138,120,0.9838799834251404,-1,-1,-1
30,-1,1015,136,137,121,0.9830344915390015,-1,-1,-1
31,-1,1021,134,138,120,0.9879463315010071,-1,-1,-1
32,-1,1027,132,139,119,0.983997106552124,-1,-1,-1
33,-1,1031,131,140,118,0.9852828979492188,-1,-1,-1
34,-1,1036,129,140,119,0.9851230978965759,-1,-1,-1
35,-1,1046,128,137,119,0.9853445887565613,-1,-1,-1
36,-1,1052,127,140,115,0.9865372180938721,-1,-1,-1
37,-1,1059,125,138,115,0.9865678548812866,-1,-1,-1
37,-1,1514,358,337,159,0.6086328625679016,-1,-1,-1
38,-1,1067,123,141,115,0.9822825789451599,-1,-1,-1
38,-1,1514,359,336,159,0.611000657081604,-1,-1,-1
39,-1,1072,123,143,114,0.9853793382644653,-1,-1,-1
40,-1,1082,122,138,114,0.9899393916130066,-1,-1,-1
40,-1,1515,358,335,158,0.6079201698303223,-1,-1,-1
41,-1,1088,119,142,114,0.988081693649292,-1,-1,-1
42,-1,1096,118,140,113,0.9891941547393799,-1,-1,-1
43,-1,1106,115,137,113,0.9898607730865479,-1,-1,-1
44,-1,1115,114,138,114,0.9905423521995544,-1,-1,-1
45,-1,1123,114,137,110,0.9902229309082031,-1,-1,-1
46,-1,1131,110,136,113,0.9876272678375244,-1,-1,-1
47,-1,1140,111,135,109,0.986021101474762,-1,-1,-1
48,-1,1152,110,135,109,0.9830902814865112,-1,-1,-1
49,-1,1156,109,133,106,0.984370768070221,-1,-1,-1
49,-1,1516,355,332,162,0.6191898584365845,-1,-1,-1
50,-1,1163,108,133,107,0.9852747917175293,-1,-1,-1
50,-1,1516,356,328,161,0.6230688095092773,-1,-1,-1
51,-1,1170,107,134,107,0.9844093918800354,-1,-1,-1
51,-1,1530,354,317,166,0.646120548248291,-1,-1,-1
52,-1,1174,106,136,107,0.9862806797027588,-1,-1,-1
52,-1,1515,356,329,162,0.6152548789978027,-1,-1,-1
53,-1,1184,106,132,106,0.9855867624282837,-1,-1,-1
53,-1,1514,355,332,163,0.6050164103507996,-1,-1,-1
54,-1,1189,105,133,107,0.9853434562683105,-1,-1,-1
54,-1,1514,355,333,163,0.6070040464401245,-1,-1,-1
55,-1,1200,106,132,103,0.9850137829780579,-1,-1,-1
55,-1,1514,355,332,163,0.6132750511169434,-1,-1,-1
56,-1,1209,102,131,106,0.9811465740203857,-1,-1,-1
56,-1,1514,356,333,163,0.6103788614273071,-1,-1,-1
57,-1,1214,101,132,104,0.9768688082695007,-1,-1,-1
57,-1,1514,356,332,163,0.6038359999656677,-1,-1,-1
58,-1,1220,102,137,99,0.9730839133262634,-1,-1,-1
59,-1,1229,99,140,100,0.9374099373817444,-1,-1,-1
60,-1,1236,98,135,101,0.9241966009140015,-1,-1,-1
60,-1,1516,357,329,161,0.6192899346351624,-1,-1,-1
61,-1,1523,360,308,156,0.6347070932388306,-1,-1,-1
62,-1,1589,732,330,296,0.6514006853103638,-1,-1,-1
62,-1,1523,360,307,156,0.6307986974716187,-1,-1,-1
63,-1,1585,721,331,287,0.8216204047203064,-1,-1,-1
63,-1,1522,359,310,157,0.6154419779777527,-1,-1,-1
64,-1,1573,709,341,290,0.7716056704521179,-1,-1,-1
65,-1,1570,702,335,281,0.8237444162368774,-1,-1,-1
66,-1,1542,689,363,282,0.9117257595062256,-1,-1,-1
67,-1,1537,681,363,281,0.9364938139915466,-1,-1,-1
68,-1,1537,668,346,281,0.9020150899887085,-1,-1,-1
69,-1,1514,665,359,270,0.9669068455696106,-1,-1,-1
70,-1,1508,656,345,260,0.9721293449401855,-1,-1,-1
71,-1,1488,649,346,254,0.9722616076469421,-1,-1,-1
72,-1,1478,639,339,256,0.9723767638206482,-1,-1,-1
73,-1,1462,631,337,251,0.9737066030502319,-1,-1,-1
74,-1,1456,620,321,251,0.9770464301109314,-1,-1,-1
75,-1,1442,613,323,243,0.9643700122833252,-1,-1,-1
76,-1,1431,608,315,238,0.979842483997345,-1,-1,-1
77,-1,1420,598,312,237,0.9794164896011353,-1,-1,-1
78,-1,1414,591,308,230,0.9763293266296387,-1,-1,-1
79,-1,1401,581,302,236,0.9805636405944824,-1,-1,-1
79,-1,1360,69,121,101,0.6416642665863037,-1,-1,-1
80,-1,1387,570,300,237,0.9773197174072266,-1,-1,-1
81,-1,1381,564,294,232,0.9821781516075134,-1,-1,-1
82,-1,1375,563,285,223,0.9853574633598328,-1,-1,-1
83,-1,1363,554,281,220,0.984649121761322,-1,-1,-1
84,-1,1354,547,280,212,0.982957124710083,-1,-1,-1
84,-1,1520,359,313,156,0.610878586769104,-1,-1,-1
85,-1,1353,540,259,212,0.975100040435791,-1,-1,-1
86,-1,1335,528,268,214,0.9785480499267578,-1,-1,-1
87,-1,1328,522,267,213,0.9757274389266968,-1,-1,-1
88,-1,1318,512,261,211,0.9569115042686462,-1,-1,-1
89,-1,1312,508,253,206,0.9767127633094788,-1,-1,-1
90,-1,1304,504,251,202,0.977351188659668,-1,-1,-1
91,-1,1296,495,250,200,0.9877333641052246,-1,-1,-1
92,-1,1292,492,247,196,0.9917663931846619,-1,-1,-1
93,-1,1287,490,239,185,0.981541633605957,-1,-1,-1
94,-1,1280,479,232,183,0.966490626335144,-1,-1,-1
95,-1,1273,475,231,185,0.9815071821212769,-1,-1,-1
95,-1,1530,357,305,161,0.6213837265968323,-1,-1,-1
96,-1,1263,467,230,181,0.9755393266677856,-1,-1,-1
96,-1,1530,356,309,163,0.6200065612792969,-1,-1,-1
97,-1,1256,459,228,181,0.984372615814209,-1,-1,-1
97,-1,1520,359,317,156,0.6323962807655334,-1,-1,-1
98,-1,1258,453,223,180,0.9887657165527344,-1,-1,-1
98,-1,1519,359,318,157,0.648023247718811,-1,-1,-1
99,-1,1252,441,212,180,0.9809347987174988,-1,-1,-1
99,-1,1520,359,319,157,0.6396220326423645,-1,-1,-1
100,-1,1248,437,214,174,0.9737920761108398,-1,-1,-1
100,-1,1519,358,319,159,0.6118556261062622,-1,-1,-1
101,-1,1237,424,209,175,0.9454151391983032,-1,-1,-1
101,-1,1527,357,305,161,0.6593692898750305,-1,-1,-1
102,-1,1238,419,205,176,0.9821752905845642,-1,-1,-1
102,-1,1527,357,307,162,0.6592175364494324,-1,-1,-1
103,-1,1227,413,206,167,0.9758836627006531,-1,-1,-1
103,-1,1527,357,304,162,0.6607540249824524,-1,-1,-1
104,-1,1218,404,206,169,0.9841237664222717,-1,-1,-1
104,-1,1528,360,304,157,0.6909377574920654,-1,-1,-1
105,-1,1210,396,203,168,0.9760757684707642,-1,-1,-1
105,-1,1527,359,305,157,0.6785270571708679,-1,-1,-1
105,-1,1399,632,520,412,0.676268994808197,-1,-1,-1
106,-1,1201,388,203,163,0.9790018796920776,-1,-1,-1
106,-1,1382,619,525,399,0.8521543145179749,-1,-1,-1
107,-1,1367,609,517,395,0.949748694896698,-1,-1,-1
107,-1,1186,376,203,165,0.9418412446975708,-1,-1,-1
108,-1,1177,374,200,159,0.9778627157211304,-1,-1,-1
108,-1,1376,602,483,384,0.9070594310760498,-1,-1,-1
109,-1,1163,360,198,163,0.9513910412788391,-1,-1,-1
109,-1,1358,598,477,368,0.9320136904716492,-1,-1,-1
110,-1,1154,352,193,161,0.9663352966308594,-1,-1,-1
110,-1,1344,589,472,357,0.9447519779205322,-1,-1,-1
111,-1,1135,349,200,157,0.9750170707702637,-1,-1,-1
111,-1,1324,585,464,352,0.9497123956680298,-1,-1,-1
112,-1,1126,337,200,163,0.9790592193603516,-1,-1,-1
112,-1,1325,573,439,346,0.9569752812385559,-1,-1,-1
113,-1,1113,335,194,155,0.9844973087310791,-1,-1,-1
113,-1,1313,569,432,338,0.9610185623168945,-1,-1,-1
114,-1,1105,331,192,151,0.9895959496498108,-1,-1,-1
114,-1,1320,557,406,333,0.9700628519058228,-1,-1,-1
115,-1,1090,317,194,158,0.9823973178863525,-1,-1,-1
115,-1,1301,547,410,324,0.9681438207626343,-1,-1,-1
116,-1,1078,311,189,154,0.9883516430854797,-1,-1,-1
116,-1,1296,540,393,320,0.9820804595947266,-1,-1,-1
117,-1,1076,313,185,147,0.9904404878616333,-1,-1,-1
117,-1,1292,533,388,310,0.9766521453857422,-1,-1,-1
118,-1,1066,305,184,154,0.988114595413208,-1,-1,-1
118,-1,1280,522,386,310,0.9741383194923401,-1,-1,-1
119,-1,1055,302,185,148,0.9871895909309387,-1,-1,-1
119,-1,1273,522,362,293,0.985403299331665,-1,-1,-1
120,-1,1046,293,179,146,0.9917799830436707,-1,-1,-1
120,-1,1275,512,360,297,0.9855179786682129,-1,-1,-1
121,-1,1041,292,174,142,0.9940497875213623,-1,-1,-1
121,-1,1272,503,350,293,0.9839807152748108,-1,-1,-1
121,-1,1522,360,310,154,0.6985716819763184,-1,-1,-1
122,-1,1028,288,176,141,0.990313708782196,-1,-1,-1
122,-1,1270,499,341,290,0.9875360131263733,-1,-1,-1
122,-1,1523,361,308,154,0.6900772452354431,-1,-1,-1
123,-1,1023,280,170,142,0.982564389705658,-1,-1,-1
123,-1,1250,493,343,275,0.9797558784484863,-1,-1,-1
123,-1,1523,360,308,154,0.6698282957077026,-1,-1,-1
124,-1,1014,274,171,141,0.9881525635719299,-1,-1,-1
124,-1,1252,487,331,274,0.9808050394058228,-1,-1,-1
124,-1,1522,360,310,154,0.6569806933403015,-1,-1,-1
125,-1,1007,273,171,139,0.9950677156448364,-1,-1,-1
125,-1,1242,481,331,270,0.9839787483215332,-1,-1,-1
125,-1,1521,360,314,155,0.652839720249176,-1,-1,-1
126,-1,998,266,168,138,0.9915459752082825,-1,-1,-1
126,-1,1247,470,324,270,0.9894324541091919,-1,-1,-1
126,-1,1522,360,313,155,0.6447276473045349,-1,-1,-1
127,-1,995,263,165,137,0.9900259971618652,-1,-1,-1
127,-1,1238,465,310,264,0.9878355860710144,-1,-1,-1
127,-1,1523,361,310,154,0.626588761806488,-1,-1,-1
128,-1,1237,458,307,266,0.9849820137023926,-1,-1,-1
128,-1,987,255,166,140,0.9795042872428894,-1,-1,-1
129,-1,984,255,160,134,0.9944943785667419,-1,-1,-1
129,-1,1234,458,299,247,0.9804644584655762,-1,-1,-1
130,-1,982,250,158,136,0.9905851483345032,-1,-1,-1
130,-1,1235,451,289,251,0.9751101136207581,-1,-1,-1
130,-1,1523,360,308,155,0.6009635329246521,-1,-1,-1
131,-1,977,247,157,130,0.989248514175415,-1,-1,-1
131,-1,1229,441,298,253,0.980643630027771,-1,-1,-1
131,-1,1524,360,308,156,0.6197521686553955,-1,-1,-1
132,-1,977,242,153,133,0.9965124726295471,-1,-1,-1
132,-1,1230,439,290,242,0.9877163767814636,-1,-1,-1
132,-1,1523,360,308,156,0.6137224435806274,-1,-1,-1
133,-1,977,233,150,134,0.9944971203804016,-1,-1,-1
133,-1,1229,433,278,238,0.9838367104530334,-1,-1,-1
133,-1,1523,360,308,155,0.6265678405761719,-1,-1,-1
134,-1,978,230,147,136,0.9948287606239319,-1,-1,-1
134,-1,1217,426,282,233,0.9751225709915161,-1,-1,-1
134,-1,1522,361,308,155,0.6237232685089111,-1,-1,-1
135,-1,975,226,146,132,0.9906818866729736,-1,-1,-1
135,-1,1220,416,274,234,0.9762583374977112,-1,-1,-1
135,-1,1521,361,312,155,0.6357682347297668,-1,-1,-1
136,-1,972,223,148,132,0.9873429536819458,-1,-1,-1
136,-1,1222,409,265,235,0.9776455163955688,-1,-1,-1
136,-1,1522,360,309,155,0.6368412971496582,-1,-1,-1
137,-1,975,220,140,131,0.9945436716079712,-1,-1,-1
137,-1,1205,401,263,229,0.983910083770752,-1,-1,-1
137,-1,1531,357,306,162,0.6382479667663574,-1,-1,-1
138,-1,974,217,144,129,0.9913203120231628,-1,-1,-1
138,-1,1205,393,258,226,0.9823800325393677,-1,-1,-1
138,-1,1521,360,314,156,0.6304237246513367,-1,-1,-1
139,-1,975,213,139,130,0.9954326152801514,-1,-1,-1
139,-1,1201,391,258,219,0.978991687297821,-1,-1,-1
139,-1,1521,360,315,156,0.6285000443458557,-1,-1,-1
140,-1,972,210,145,132,0.9947893619537354,-1,-1,-1
140,-1,1198,380,256,221,0.983497142791748,-1,-1,-1
140,-1,1521,360,315,157,0.6406295299530029,-1,-1,-1
141,-1,974,209,140,127,0.9866394400596619,-1,-1,-1
141,-1,1200,373,248,220,0.9838088154792786,-1,-1,-1
141,-1,1523,360,308,155,0.6674474477767944,-1,-1,-1
142,-1,1193,367,248,220,0.9872506856918335,-1,-1,-1
142,-1,975,205,139,126,0.9867955446243286,-1,-1,-1
142,-1,1524,360,311,155,0.6798551082611084,-1,-1,-1
143,-1,973,201,134,123,0.9936192631721497,-1,-1,-1
143,-1,1189,358,247,218,0.9861029386520386,-1,-1,-1
143,-1,1524,361,304,154,0.6605655550956726,-1,-1,-1
144,-1,973,201,134,121,0.991465151309967,-1,-1,-1
144,-1,1185,350,245,216,0.9793528914451599,-1,-1,-1
144,-1,1523,361,309,154,0.6649757623672485,-1,-1,-1
145,-1,975,198,136,120,0.9882053136825562,-1,-1,-1
145,-1,1174,343,245,214,0.9697097539901733,-1,-1,-1
145,-1,1520,359,316,157,0.6260503530502319,-1,-1,-1
146,-1,971,194,136,120,0.9875901937484741,-1,-1,-1
146,-1,1174,338,239,207,0.9643277525901794,-1,-1,-1
147,-1,971,193,134,116,0.9865272641181946,-1,-1,-1
147,-1,1172,334,232,204,0.9755439758300781,-1,-1,-1
148,-1,972,190,134,116,0.9871752858161926,-1,-1,-1
148,-1,1168,327,229,203,0.9836777448654175,-1,-1,-1
148,-1,1528,360,307,156,0.684186577796936,-1,-1,-1
149,-1,972,186,134,117,0.9903814196586609,-1,-1,-1
149,-1,1165,323,227,197,0.980820894241333,-1,-1,-1
149,-1,1528,361,305,155,0.7122918963432312,-1,-1,-1
150,-1,972,182,135,116,0.9878780841827393,-1,-1,-1
150,-1,1162,313,225,193,0.9822677969932556,-1,-1,-1
150,-1,1519,360,311,157,0.6051649451255798,-1,-1,-1
151,-1,976,182,132,114,0.984846830368042,-1,-1,-1
151,-1,1162,304,223,192,0.9713804125785828,-1,-1,-1
152,-1,979,178,133,116,0.9892086386680603,-1,-1,-1
152,-1,1166,300,218,190,0.9120221138000488,-1,-1,-1
152,-1,1521,361,304,154,0.6560704708099365,-1,-1,-1
153,-1,981,174,133,117,0.9863702058792114,-1,-1,-1
153,-1,1156,296,217,187,0.9603239297866821,-1,-1,-1
153,-1,1519,361,309,154,0.6147717833518982,-1,-1,-1
154,-1,982,172,133,114,0.9853135943412781,-1,-1,-1
154,-1,1143,291,222,184,0.9718437194824219,-1,-1,-1
154,-1,1519,361,308,155,0.6206657290458679,-1,-1,-1
155,-1,987,170,130,111,0.9871383309364319,-1,-1,-1
155,-1,1147,283,212,179,0.9709710478782654,-1,-1,-1
155,-1,1518,361,312,155,0.6034613847732544,-1,-1,-1
156,-1,987,167,134,112,0.9891135692596436,-1,-1,-1
156,-1,1146,278,211,177,0.9715006351470947,-1,-1,-1
156,-1,1519,361,310,154,0.6207093596458435,-1,-1,-1
157,-1,995,163,130,112,0.9865818023681641,-1,-1,-1
157,-1,1143,272,207,178,0.9710962176322937,-1,-1,-1
157,-1,1519,361,307,154,0.6258280277252197,-1,-1,-1
158,-1,997,161,131,111,0.991841197013855,-1,-1,-1
158,-1,1142,262,202,179,0.9648472666740417,-1,-1,-1
158,-1,1520,361,307,154,0.6206963658332825,-1,-1,-1
159,-1,1005,160,130,111,0.9850415587425232,-1,-1,-1
159,-1,1140,255,201,180,0.9613903760910034,-1,-1,-1
159,-1,1519,361,311,155,0.6135936379432678,-1,-1,-1
160,-1,1007,158,131,109,0.9855858683586121,-1,-1,-1
160,-1,1131,252,204,176,0.9565957188606262,-1,-1,-1
160,-1,1519,361,309,154,0.6055688858032227,-1,-1,-1
161,-1,1012,155,129,106,0.9794806241989136,-1,-1,-1
161,-1,1128,250,204,175,0.9766052961349487,-1,-1,-1
161,-1,1514,359,322,158,0.629615843296051,-1,-1,-1
162,-1,1017,153,129,106,0.9832847714424133,-1,-1,-1
162,-1,1122,247,203,170,0.9734660387039185,-1,-1,-1
162,-1,1515,359,321,157,0.6399379968643188,-1,-1,-1
163,-1,1021,153,133,104,0.9856947064399719,-1,-1,-1
163,-1,1114,240,203,169,0.9504557847976685,-1,-1,-1
163,-1,1514,360,322,157,0.6401665210723877,-1,-1,-1
164,-1,1029,150,130,107,0.9898408055305481,-1,-1,-1
164,-1,1121,235,192,167,0.958360493183136,-1,-1,-1
164,-1,1513,359,325,158,0.6088325381278992,-1,-1,-1
165,-1,1036,147,129,106,0.9855434894561768,-1,-1,-1
165,-1,1113,232,198,165,0.8751740455627441,-1,-1,-1
165,-1,1513,359,325,158,0.6050159931182861,-1,-1,-1
166,-1,1044,145,129,107,0.9719467759132385,-1,-1,-1
166,-1,1117,227,189,160,0.8413097858428955,-1,-1,-1
166,-1,1514,359,324,159,0.6088767051696777,-1,-1,-1
167,-1,1052,141,129,106,0.9712926745414734,-1,-1,-1
167,-1,1113,222,184,163,0.9288721084594727,-1,-1,-1
168,-1,1058,138,131,105,0.941070556640625,-1,-1,-1
168,-1,1109,219,189,163,0.9146202802658081,-1,-1,-1
169,-1,1065,133,127,110,0.8530516624450684,-1,-1,-1
169,-1,1109,216,186,162,0.808513879776001,-1,-1,-1
170,-1,1074,134,130,106,0.9167084097862244,-1,-1,-1
170,-1,1113,211,176,158,0.9077293276786804,-1,-1,-1
171,-1,1078,132,133,105,0.968669056892395,-1,-1,-1
171,-1,1110,205,177,157,0.9326697587966919,-1,-1,-1
171,-1,1513,358,326,161,0.6313614845275879,-1,-1,-1
172,-1,1089,130,127,104,0.9118381142616272,-1,-1,-1
172,-1,1104,205,178,159,0.8057125210762024,-1,-1,-1
172,-1,1513,358,325,161,0.6365155577659607,-1,-1,-1
173,-1,1097,129,126,103,0.929039716720581,-1,-1,-1
173,-1,1108,197,175,155,0.9128036499023438,-1,-1,-1
173,-1,1513,357,329,161,0.6210018396377563,-1,-1,-1
174,-1,1103,195,180,155,0.8611908555030823,-1,-1,-1
174,-1,1103,126,130,102,0.8605979681015015,-1,-1,-1
174,-1,1513,358,328,160,0.6249977946281433,-1,-1,-1
175,-1,1108,193,166,150,0.9454284310340881,-1,-1,-1
175,-1,1110,128,128,101,0.9410449266433716,-1,-1,-1
175,-1,1514,358,324,159,0.6319106221199036,-1,-1,-1
176,-1,1118,126,128,101,0.9678290486335754,-1,-1,-1
176,-1,1108,191,163,145,0.8310651779174805,-1,-1,-1
176,-1,1514,357,328,159,0.6403024196624756,-1,-1,-1
177,-1,1125,123,130,100,0.9701098799705505,-1,-1,-1
177,-1,1103,187,163,147,0.9134690165519714,-1,-1,-1
177,-1,1513,357,330,161,0.6278326511383057,-1,-1,-1
178,-1,1133,123,127,97,0.9739097356796265,-1,-1,-1
178,-1,1104,185,158,147,0.9599689245223999,-1,-1,-1
178,-1,1512,357,331,161,0.6299211978912354,-1,-1,-1
179,-1,1139,123,129,97,0.973290205001831,-1,-1,-1
179,-1,1105,181,157,145,0.9383804798126221,-1,-1,-1
179,-1,1513,357,331,161,0.6066317558288574,-1,-1,-1
180,-1,1147,122,128,96,0.9572540521621704,-1,-1,-1
180,-1,1105,180,156,145,0.8887661695480347,-1,-1,-1
180,-1,1513,357,329,161,0.6049404740333557,-1,-1,-1
181,-1,1155,119,127,95,0.9338089227676392,-1,-1,-1
181,-1,1103,177,161,139,0.8432139158248901,-1,-1,-1
181,-1,1516,360,325,158,0.6314345002174377,-1,-1,-1
182,-1,1160,118,130,95,0.9597956538200378,-1,-1,-1
182,-1,1102,174,155,141,0.9042778015136719,-1,-1,-1
182,-1,1525,357,317,160,0.6327754259109497,-1,-1,-1
183,-1,1168,118,130,93,0.9129527807235718,-1,-1,-1
183,-1,1108,171,150,138,0.8549305200576782,-1,-1,-1
184,-1,1105,165,153,141,0.8461474180221558,-1,-1,-1
184,-1,1181,116,124,92,0.6635420322418213,-1,-1,-1
184,-1,1514,359,327,160,0.6107397079467773,-1,-1,-1
185,-1,1100,158,155,143,0.9678487181663513,-1,-1,-1
185,-1,1549,711,367,355,0.6366217136383057,-1,-1,-1
185,-1,1190,109,129,98,0.6353053450584412,-1,-1,-1
185,-1,1514,359,326,160,0.6205874085426331,-1,-1,-1
186,-1,1102,157,157,141,0.9586122632026672,-1,-1,-1
186,-1,1548,696,364,356,0.7733795046806335,-1,-1,-1
186,-1,1515,358,330,159,0.6130085587501526,-1,-1,-1
187,-1,1108,155,162,137,0.9441754221916199,-1,-1,-1
187,-1,1541,690,373,351,0.821345865726471,-1,-1,-1
188,-1,1110,151,156,140,0.9516544938087463,-1,-1,-1
188,-1,1532,688,376,352,0.8096996545791626,-1,-1,-1
188,-1,1515,358,330,161,0.6064499020576477,-1,-1,-1
189,-1,1113,153,154,133,0.9508705139160156,-1,-1,-1
189,-1,1518,672,393,341,0.8421812653541565,-1,-1,-1
190,-1,1116,152,151,133,0.9666996598243713,-1,-1,-1
190,-1,1498,663,410,332,0.8933867812156677,-1,-1,-1
191,-1,1519,649,400,340,0.9406901597976685,-1,-1,-1
191,-1,1124,145,153,139,0.9082172513008118,-1,-1,-1
192,-1,1497,641,409,336,0.9547647833824158,-1,-1,-1
192,-1,1125,139,161,138,0.7065226435661316,-1,-1,-1
193,-1,1489,635,412,326,0.9574662446975708,-1,-1,-1
193,-1,1130,142,158,141,0.9532052874565125,-1,-1,-1
194,-1,1486,626,397,320,0.9679020643234253,-1,-1,-1
195,-1,1474,624,395,305,0.9736680388450623,-1,-1,-1
195,-1,1143,132,157,135,0.8514095544815063,-1,-1,-1
195,-1,997,40,229,156,0.6335565447807312,-1,-1,-1
196,-1,1463,613,390,309,0.9746198654174805,-1,-1,-1
196,-1,1149,128,159,138,0.8824055790901184,-1,-1,-1
196,-1,988,39,220,158,0.6414719223976135,-1,-1,-1
197,-1,1454,605,383,306,0.9815897345542908,-1,-1,-1
197,-1,1157,130,157,132,0.9617897272109985,-1,-1,-1
197,-1,969,44,226,155,0.9354545474052429,-1,-1,-1
198,-1,957,46,223,156,0.9773316979408264,-1,-1,-1
198,-1,1446,592,381,302,0.9697769284248352,-1,-1,-1
198,-1,1166,128,154,130,0.8372561931610107,-1,-1,-1
199,-1,947,45,227,159,0.9809251427650452,-1,-1,-1
199,-1,1436,582,376,296,0.9732043743133545,-1,-1,-1
199,-1,1184,129,146,127,0.6877971291542053,-1,-1,-1
200,-1,931,47,227,159,0.9909976720809937,-1,-1,-1
200,-1,1434,575,365,293,0.9742476940155029,-1,-1,-1
201,-1,1427,568,358,290,0.9803473949432373,-1,-1,-1
201,-1,920,46,231,160,0.972823441028595,-1,-1,-1
202,-1,912,46,227,161,0.9851121306419373,-1,-1,-1
202,-1,1423,559,349,286,0.9827373623847961,-1,-1,-1
203,-1,1415,555,348,277,0.9827402830123901,-1,-1,-1
203,-1,893,45,232,165,0.9797598719596863,-1,-1,-1
204,-1,1408,552,332,269,0.9854835867881775,-1,-1,-1
204,-1,880,48,234,166,0.9772256016731262,-1,-1,-1
205,-1,1396,542,331,273,0.9832237958908081,-1,-1,-1
205,-1,867,45,235,170,0.9726700186729431,-1,-1,-1
205,-1,1514,358,328,158,0.6471999287605286,-1,-1,-1
206,-1,1392,540,323,264,0.9918754696846008,-1,-1,-1
206,-1,859,49,231,168,0.9655941724777222,-1,-1,-1
206,-1,1523,358,323,157,0.6889009475708008,-1,-1,-1
207,-1,1388,529,318,258,0.9880236387252808,-1,-1,-1
207,-1,841,50,236,169,0.9770658612251282,-1,-1,-1
207,-1,1515,358,327,159,0.6457055807113647,-1,-1,-1
208,-1,1375,520,313,261,0.974899411201477,-1,-1,-1
208,-1,828,53,239,168,0.9718833565711975,-1,-1,-1
208,-1,1259,98,156,130,0.7495288252830505,-1,-1,-1
208,-1,1515,357,328,159,0.6396629810333252,-1,-1,-1
209,-1,1363,515,311,254,0.9821668863296509,-1,-1,-1
209,-1,825,55,225,166,0.9785711169242859,-1,-1,-1
209,-1,1269,96,156,128,0.8340898752212524,-1,-1,-1
209,-1,1515,358,326,158,0.6400672793388367,-1,-1,-1
210,-1,1359,511,303,249,0.9879971742630005,-1,-1,-1
210,-1,808,54,236,170,0.9736829996109009,-1,-1,-1
210,-1,1516,358,327,158,0.6197969913482666,-1,-1,-1
211,-1,1355,502,289,248,0.9841992855072021,-1,-1,-1
211,-1,799,57,231,167,0.9824321866035461,-1,-1,-1
212,-1,1348,499,291,239,0.9801643490791321,-1,-1,-1
212,-1,783,60,236,169,0.9696774482727051,-1,-1,-1
213,-1,1334,495,293,234,0.9702844619750977,-1,-1,-1
213,-1,771,62,237,169,0.9575855135917664,-1,-1,-1
214,-1,1332,481,283,240,0.9684423804283142,-1,-1,-1
214,-1,763,62,235,169,0.9582912921905518,-1,-1,-1
215,-1,1321,480,276,232,0.9858428835868835,-1,-1,-1
215,-1,752,62,238,171,0.9401764869689941,-1,-1,-1
216,-1,1315,474,272,225,0.9698464274406433,-1,-1,-1
216,-1,744,61,245,175,0.8988526463508606,-1,-1,-1
217,-1,1305,464,270,228,0.9809792637825012,-1,-1,-1
217,-1,731,63,248,173,0.9304364919662476,-1,-1,-1
218,-1,1296,461,266,223,0.9801202416419983,-1,-1,-1
218,-1,729,67,245,171,0.871285617351532,-1,-1,-1
219,-1,1285,451,270,224,0.9751992225646973,-1,-1,-1
219,-1,717,64,234,176,0.8642899394035339,-1,-1,-1
220,-1,1274,448,265,218,0.9786810278892517,-1,-1,-1
220,-1,710,67,235,176,0.8737457990646362,-1,-1,-1
221,-1,1277,440,255,218,0.980954647064209,-1,-1,-1
221,-1,701,68,227,177,0.919009268283844,-1,-1,-1
221,-1,1530,354,332,159,0.6150699257850647,-1,-1,-1
222,-1,1272,439,249,212,0.9715054035186768,-1,-1,-1
222,-1,696,64,226,183,0.8918277621269226,-1,-1,-1
223,-1,1265,430,248,212,0.9844319820404053,-1,-1,-1
223,-1,690,66,226,184,0.8483545780181885,-1,-1,-1
224,-1,1261,423,242,203,0.9796733856201172,-1,-1,-1
224,-1,686,68,219,182,0.721041202545166,-1,-1,-1
224,-1,1531,354,331,160,0.6208773255348206,-1,-1,-1
225,-1,1250,413,246,207,0.9810706377029419,-1,-1,-1
225,-1,1531,354,331,160,0.6206443309783936,-1,-1,-1
226,-1,1251,410,236,201,0.9652853608131409,-1,-1,-1
226,-1,665,76,219,180,0.637722373008728,-1,-1,-1
226,-1,1530,354,333,161,0.619936466217041,-1,-1,-1
227,-1,1249,405,230,199,0.9629124402999878,-1,-1,-1
227,-1,666,80,217,181,0.7367963790893555,-1,-1,-1
227,-1,1529,355,333,160,0.6200533509254456,-1,-1,-1
228,-1,1240,400,230,193,0.9675973057746887,-1,-1,-1
228,-1,1529,355,331,160,0.6121771931648254,-1,-1,-1
229,-1,1235,392,230,193,0.9652480483055115,-1,-1,-1
229,-1,1524,358,327,158,0.6642422676086426,-1,-1,-1
230,-1,1234,384,221,190,0.9735541343688965,-1,-1,-1
230,-1,1522,357,331,160,0.6590694189071655,-1,-1,-1
230,-1,636,88,208,185,0.6322216987609863,-1,-1,-1
231,-1,1230,381,220,185,0.9806867241859436,-1,-1,-1
232,-1,1228,374,213,184,0.9729743003845215,-1,-1,-1
232,-1,1528,352,333,165,0.6190888285636902,-1,-1,-1
233,-1,1220,365,214,188,0.9322519302368164,-1,-1,-1
234,-1,1221,363,209,179,0.9792122840881348,-1,-1,-1
235,-1,1214,354,211,182,0.9622333645820618,-1,-1,-1
236,-1,1204,349,213,175,0.937560498714447,-1,-1,-1
237,-1,1208,335,199,178,0.9377371072769165,-1,-1,-1
238,-1,1201,331,199,176,0.9341298937797546,-1,-1,-1
239,-1,1196,328,203,171,0.9677582383155823,-1,-1,-1
240,-1,1196,324,199,168,0.9864400029182434,-1,-1,-1
241,-1,1195,317,194,166,0.9731133580207825,-1,-1,-1
241,-1,1517,358,331,157,0.6925996541976929,-1,-1,-1
242,-1,1192,312,195,166,0.9565653800964355,-1,-1,-1
242,-1,1516,359,329,156,0.7055872082710266,-1,-1,-1
243,-1,1192,308,191,161,0.9571030139923096,-1,-1,-1
243,-1,1516,358,332,157,0.7033308744430542,-1,-1,-1
244,-1,1188,299,185,163,0.9511650204658508,-1,-1,-1
244,-1,1517,359,327,156,0.7082610726356506,-1,-1,-1
245,-1,1179,295,190,162,0.9704331755638123,-1,-1,-1
245,-1,1518,359,327,157,0.6808812618255615,-1,-1,-1
246,-1,1181,292,183,158,0.9853652119636536,-1,-1,-1
246,-1,575,117,198,211,0.7390995621681213,-1,-1,-1
246,-1,1517,359,329,157,0.6847735643386841,-1,-1,-1
247,-1,1180,289,184,156,0.974507212638855,-1,-1,-1
247,-1,564,117,205,213,0.8024671673774719,-1,-1,-1
247,-1,1516,358,330,157,0.6586273908615112,-1,-1,-1
248,-1,1175,282,179,153,0.9937585592269897,-1,-1,-1
248,-1,561,119,211,216,0.8610185980796814,-1,-1,-1
248,-1,1515,358,334,158,0.6610298752784729,-1,-1,-1
249,-1,1173,279,177,153,0.9945827126502991,-1,-1,-1
249,-1,1516,358,332,158,0.650140106678009,-1,-1,-1
249,-1,556,123,209,213,0.6348822712898254,-1,-1,-1
250,-1,1170,272,177,154,0.9893026947975159,-1,-1,-1
250,-1,1516,357,332,158,0.6651592254638672,-1,-1,-1
250,-1,556,123,203,224,0.6434341669082642,-1,-1,-1
251,-1,1164,268,177,153,0.9836524724960327,-1,-1,-1
251,-1,552,128,210,219,0.8650988340377808,-1,-1,-1
251,-1,1518,360,329,157,0.6838425397872925,-1,-1,-1
252,-1,1162,262,175,151,0.9848916530609131,-1,-1,-1
252,-1,548,129,210,220,0.8310982584953308,-1,-1,-1
252,-1,1517,359,330,157,0.6659812927246094,-1,-1,-1
252,-1,1035,764,459,300,0.6405330896377563,-1,-1,-1
253,-1,1161,256,172,151,0.9870087504386902,-1,-1,-1
253,-1,1049,754,446,313,0.8498344421386719,-1,-1,-1
253,-1,546,134,215,224,0.8404134511947632,-1,-1,-1
253,-1,1517,359,330,159,0.6548765897750854,-1,-1,-1
254,-1,1160,254,167,147,0.9855278134346008,-1,-1,-1
254,-1,1052,744,442,319,0.8459062576293945,-1,-1,-1
254,-1,540,134,216,225,0.8406962156295776,-1,-1,-1
254,-1,1530,358,315,161,0.6600989103317261,-1,-1,-1
255,-1,1155,248,168,149,0.9875245094299316,-1,-1,-1
255,-1,1055,732,423,312,0.9001184701919556,-1,-1,-1
255,-1,538,137,218,225,0.81622713804245,-1,-1,-1
255,-1,1517,359,327,158,0.6522907018661499,-1,-1,-1
256,-1,1154,246,165,144,0.9939297437667847,-1,-1,-1
256,-1,1054,720,423,316,0.9488196969032288,-1,-1,-1
256,-1,536,135,219,232,0.8778741359710693,-1,-1,-1
256,-1,1530,358,311,162,0.6269524097442627,-1,-1,-1
257,-1,1151,241,164,143,0.9911212921142578,-1,-1,-1
257,-1,1066,709,400,312,0.9504274129867554,-1,-1,-1
257,-1,537,138,217,229,0.8655830025672913,-1,-1,-1
257,-1,1517,359,326,159,0.6200540065765381,-1,-1,-1
258,-1,1146,237,164,141,0.9955257773399353,-1,-1,-1
258,-1,1062,701,405,312,0.9687848091125488,-1,-1,-1
258,-1,536,144,211,233,0.7523953914642334,-1,-1,-1
258,-1,1517,358,328,159,0.6374123096466064,-1,-1,-1
259,-1,1142,233,165,142,0.9896578192710876,-1,-1,-1
259,-1,1069,695,383,299,0.9573992490768433,-1,-1,-1
259,-1,1517,359,327,159,0.6382582783699036,-1,-1,-1
260,-1,1143,231,158,142,0.987418532371521,-1,-1,-1
260,-1,1072,679,385,297,0.9711089134216309,-1,-1,-1
260,-1,526,150,222,237,0.7147894501686096,-1,-1,-1
260,-1,1517,359,328,159,0.6415944695472717,-1,-1,-1
261,-1,1140,227,162,141,0.9917198419570923,-1,-1,-1
261,-1,1069,670,391,294,0.9047536253929138,-1,-1,-1
261,-1,527,153,223,240,0.8337485790252686,-1,-1,-1
261,-1,1515,359,329,159,0.6731973886489868,-1,-1,-1
262,-1,1136,220,160,139,0.9935787916183472,-1,-1,-1
262,-1,1069,664,367,284,0.9381052255630493,-1,-1,-1
262,-1,526,155,218,242,0.8753358721733093,-1,-1,-1
262,-1,1515,359,329,159,0.662533700466156,-1,-1,-1
263,-1,1133,217,159,138,0.9905102849006653,-1,-1,-1
263,-1,1075,656,363,281,0.9267380833625793,-1,-1,-1
263,-1,523,157,223,239,0.8464013934135437,-1,-1,-1
263,-1,1514,359,332,160,0.6643006801605225,-1,-1,-1
264,-1,1129,213,156,137,0.9914174675941467,-1,-1,-1
264,-1,1063,653,357,274,0.948039174079895,-1,-1,-1
264,-1,519,157,229,246,0.8766475319862366,-1,-1,-1
264,-1,1514,359,330,159,0.6541495323181152,-1,-1,-1
265,-1,1127,210,153,137,0.989473283290863,-1,-1,-1
265,-1,1071,646,353,261,0.8895921111106873,-1,-1,-1
265,-1,517,156,231,249,0.8517134189605713,-1,-1,-1
265,-1,1513,359,327,158,0.6352819800376892,-1,-1,-1
266,-1,1127,208,153,139,0.9895921945571899,-1,-1,-1
266,-1,1065,632,346,271,0.9494527578353882,-1,-1,-1
266,-1,506,154,238,262,0.8092895150184631,-1,-1,-1
266,-1,1513,359,329,158,0.6308061480522156,-1,-1,-1
267,-1,1124,202,155,137,0.9871312975883484,-1,-1,-1
267,-1,1068,624,347,264,0.9175316095352173,-1,-1,-1
267,-1,497,157,242,264,0.8208367824554443,-1,-1,-1
267,-1,1513,359,329,157,0.6365362405776978,-1,-1,-1
268,-1,1121,197,154,138,0.991231381893158,-1,-1,-1
268,-1,1060,609,342,260,0.8864204287528992,-1,-1,-1
268,-1,490,166,249,250,0.7284470200538635,-1,-1,-1
268,-1,1512,358,331,159,0.6305541396141052,-1,-1,-1
269,-1,1117,194,153,136,0.9858943223953247,-1,-1,-1
269,-1,1052,606,330,253,0.9138619899749756,-1,-1,-1
269,-1,490,172,251,261,0.7656509280204773,-1,-1,-1
269,-1,1513,359,329,158,0.6299663782119751,-1,-1,-1
270,-1,1118,191,147,134,0.9891652464866638,-1,-1,-1
270,-1,1058,596,326,249,0.7866227030754089,-1,-1,-1
270,-1,479,179,259,248,0.7433624863624573,-1,-1,-1
270,-1,1513,359,329,158,0.6374721527099609,-1,-1,-1
271,-1,1118,190,147,133,0.9912534356117249,-1,-1,-1
271,-1,1041,591,317,243,0.8917818069458008,-1,-1,-1
271,-1,480,181,255,249,0.8045016527175903,-1,-1,-1
271,-1,1513,360,330,158,0.6548128128051758,-1,-1,-1
272,-1,1115,186,146,130,0.9860467314720154,-1,-1,-1
272,-1,1038,583,325,242,0.8753136992454529,-1,-1,-1
272,-1,469,179,256,261,0.8236110806465149,-1,-1,-1
272,-1,1513,360,329,157,0.6587710380554199,-1,-1,-1
273,-1,1115,183,142,132,0.992691695690155,-1,-1,-1
273,-1,473,185,251,266,0.8912990689277649,-1,-1,-1
273,-1,1044,571,311,241,0.8661352396011353,-1,-1,-1
273,-1,1513,360,329,157,0.6616178154945374,-1,-1,-1
274,-1,1115,180,142,129,0.9826677441596985,-1,-1,-1
274,-1,472,189,252,269,0.8978095650672913,-1,-1,-1
274,-1,1040,569,305,228,0.8478800654411316,-1,-1,-1
274,-1,1514,360,328,157,0.646176815032959,-1,-1,-1
275,-1,1113,177,143,130,0.9872703552246094,-1,-1,-1
275,-1,460,190,260,278,0.8929912447929382,-1,-1,-1
275,-1,1034,566,284,228,0.8120632171630859,-1,-1,-1
275,-1,1513,360,331,157,0.6564409732818604,-1,-1,-1
276,-1,1113,173,140,129,0.9948228597640991,-1,-1,-1
276,-1,461,192,260,285,0.9356563091278076,-1,-1,-1
276,-1,1034,550,289,233,0.816070556640625,-1,-1,-1
276,-1,1514,360,330,157,0.6570565700531006,-1,-1,-1
277,-1,1113,170,141,128,0.9910047054290771,-1,-1,-1
277,-1,456,198,256,281,0.9058204293251038,-1,-1,-1
277,-1,1034,544,282,227,0.7573133707046509,-1,-1,-1
277,-1,1517,360,325,156,0.6674967408180237,-1,-1,-1
278,-1,1117,169,142,129,0.9905130863189697,-1,-1,-1
278,-1,457,200,259,277,0.9090271592140198,-1,-1,-1
278,-1,1034,543,261,215,0.6539849042892456,-1,-1,-1
278,-1,1518,361,323,155,0.6524648070335388,-1,-1,-1
279,-1,1115,166,143,123,0.98777836561203,-1,-1,-1
279,-1,451,205,261,276,0.9091446995735168,-1,-1,-1
279,-1,1019,527,294,221,0.7451540231704712,-1,-1,-1
279,-1,1517,361,324,155,0.6374983787536621,-1,-1,-1
280,-1,1119,163,140,126,0.9946377873420715,-1,-1,-1
280,-1,439,210,272,280,0.8928204774856567,-1,-1,-1
280,-1,1027,522,276,218,0.6629666090011597,-1,-1,-1
280,-1,1517,361,327,156,0.658906102180481,-1,-1,-1
281,-1,1123,158,137,128,0.9933722019195557,-1,-1,-1
281,-1,429,215,273,285,0.9158849716186523,-1,-1,-1
281,-1,1021,522,263,210,0.6807332038879395,-1,-1,-1
281,-1,1514,360,334,157,0.6339426636695862,-1,-1,-1
282,-1,1124,158,141,122,0.9877421855926514,-1,-1,-1
282,-1,423,218,272,299,0.849226176738739,-1,-1,-1
282,-1,1514,359,336,158,0.6473782062530518,-1,-1,-1
283,-1,1128,155,144,123,0.9935278296470642,-1,-1,-1
283,-1,419,220,286,306,0.9413825273513794,-1,-1,-1
283,-1,1514,359,336,158,0.658566415309906,-1,-1,-1
284,-1,1131,152,141,124,0.9899808764457703,-1,-1,-1
284,-1,413,224,286,303,0.9403774738311768,-1,-1,-1
284,-1,969,48,144,101,0.8921815752983093,-1,-1,-1
284,-1,1184,67,128,103,0.6671978831291199,-1,-1,-1
284,-1,1515,359,335,158,0.6543477773666382,-1,-1,-1
285,-1,1134,149,142,125,0.9864498972892761,-1,-1,-1
285,-1,402,219,296,306,0.940801739692688,-1,-1,-1
285,-1,980,48,144,102,0.9404668807983398,-1,-1,-1
285,-1,1515,359,334,158,0.6568660736083984,-1,-1,-1
286,-1,1144,147,139,124,0.9874574542045593,-1,-1,-1
286,-1,404,229,295,312,0.9619734883308411,-1,-1,-1
286,-1,993,49,134,103,0.8635298609733582,-1,-1,-1
286,-1,1017,489,243,196,0.7832713723182678,-1,-1,-1
286,-1,1515,359,334,157,0.6620451807975769,-1,-1,-1
286,-1,1160,74,129,99,0.6419834494590759,-1,-1,-1
287,-1,1145,148,146,118,0.9897835850715637,-1,-1,-1
287,-1,999,50,133,102,0.9535538554191589,-1,-1,-1
287,-1,397,231,297,319,0.9451006054878235,-1,-1,-1
287,-1,1016,479,256,199,0.8558170199394226,-1,-1,-1
287,-1,1148,75,133,100,0.8200369477272034,-1,-1,-1
287,-1,1515,359,333,156,0.6624773740768433,-1,-1,-1
288,-1,1153,146,141,119,0.9820383787155151,-1,-1,-1
288,-1,386,232,302,315,0.954619288444519,-1,-1,-1
288,-1,1009,53,131,100,0.9122710824012756,-1,-1,-1
288,-1,1137,75,133,102,0.8637087345123291,-1,-1,-1
288,-1,1011,475,249,197,0.7984034419059753,-1,-1,-1
288,-1,1515,359,333,156,0.6495565176010132,-1,-1,-1
289,-1,1157,143,144,115,0.9820850491523743,-1,-1,-1
289,-1,384,240,303,322,0.9388808012008667,-1,-1,-1
289,-1,1017,54,129,102,0.8766703605651855,-1,-1,-1
289,-1,1121,76,135,103,0.8239325284957886,-1,-1,-1
289,-1,1009,472,248,186,0.8108339309692383,-1,-1,-1
289,-1,1514,360,331,156,0.6302787661552429,-1,-1,-1
290,-1,1168,141,141,118,0.9822046160697937,-1,-1,-1
290,-1,384,241,300,337,0.9630998969078064,-1,-1,-1
290,-1,1110,78,134,101,0.8459154963493347,-1,-1,-1
290,-1,1020,464,231,184,0.694359302520752,-1,-1,-1
290,-1,1513,360,333,157,0.6204681396484375,-1,-1,-1
291,-1,1176,139,143,111,0.9770215153694153,-1,-1,-1
291,-1,377,250,309,327,0.9064790606498718,-1,-1,-1
291,-1,1096,83,132,97,0.8916734457015991,-1,-1,-1
291,-1,1014,461,229,184,0.6476120948791504,-1,-1,-1
291,-1,1513,358,333,159,0.6098736524581909,-1,-1,-1
292,-1,1182,137,147,115,0.9746764302253723,-1,-1,-1
292,-1,1084,85,130,96,0.9378362894058228,-1,-1,-1
292,-1,370,249,316,336,0.9104082584381104,-1,-1,-1
292,-1,1022,457,226,184,0.769924521446228,-1,-1,-1
292,-1,1513,358,335,159,0.6102343797683716,-1,-1,-1
293,-1,1191,135,145,115,0.9689314365386963,-1,-1,-1
293,-1,360,246,317,351,0.8960368037223816,-1,-1,-1
293,-1,1064,86,135,101,0.8945609927177429,-1,-1,-1
293,-1,1514,359,330,158,0.6138367056846619,-1,-1,-1
294,-1,354,254,322,350,0.9347354769706726,-1,-1,-1
294,-1,1051,80,135,110,0.8430635333061218,-1,-1,-1
294,-1,1012,440,235,181,0.8352132439613342,-1,-1,-1
294,-1,1201,131,147,116,0.6427789926528931,-1,-1,-1
294,-1,1513,358,331,159,0.6040753126144409,-1,-1,-1
295,-1,352,263,318,351,0.9240053296089172,-1,-1,-1
295,-1,1035,85,138,109,0.7784970998764038,-1,-1,-1
295,-1,1012,433,225,178,0.718338131904602,-1,-1,-1
295,-1,1526,356,321,163,0.6379310488700867,-1,-1,-1
296,-1,1015,89,140,105,0.9255529046058655,-1,-1,-1
296,-1,357,255,313,369,0.9089447259902954,-1,-1,-1
296,-1,1014,431,227,169,0.7843103408813477,-1,-1,-1
296,-1,1218,126,144,116,0.6743484735488892,-1,-1,-1
296,-1,1515,359,330,158,0.6417251825332642,-1,-1,-1
297,-1,1004,97,138,98,0.9561917185783386,-1,-1,-1
297,-1,351,266,318,361,0.942103385925293,-1,-1,-1
297,-1,1027,420,219,174,0.6670646071434021,-1,-1,-1
297,-1,1513,358,335,159,0.6260887980461121,-1,-1,-1
298,-1,1237,126,142,111,0.9716618061065674,-1,-1,-1
298,-1,988,98,142,101,0.9657410979270935,-1,-1,-1
298,-1,341,282,326,357,0.9361315965652466,-1,-1,-1
298,-1,1525,355,326,165,0.6274077296257019,-1,-1,-1
299,-1,975,97,140,105,0.9785382151603699,-1,-1,-1
299,-1,1249,120,142,114,0.9583611488342285,-1,-1,-1
299,-1,332,284,336,348,0.8896052241325378,-1,-1,-1
299,-1,1525,354,327,166,0.6393465399742126,-1,-1,-1
300,-1,961,100,138,106,0.9863747358322144,-1,-1,-1
300,-1,1256,118,142,114,0.9810152053833008,-1,-1,-1
300,-1,313,283,347,359,0.8938567638397217,-1,-1,-1
300,-1,1524,354,327,166,0.6364203095436096,-1,-1,-1
301,-1,945,102,137,105,0.9816437363624573,-1,-1,-1
301,-1,325,293,345,371,0.9108514785766602,-1,-1,-1
301,-1,1265,116,142,112,0.865776777267456,-1,-1,-1
301,-1,1046,396,215,172,0.6836062669754028,-1,-1,-1
301,-1,1524,358,313,162,0.6634607315063477,-1,-1,-1
302,-1,934,105,138,104,0.9865099787712097,-1,-1,-1
302,-1,1281,112,137,110,0.9228346943855286,-1,-1,-1
302,-1,315,302,350,377,0.8875685930252075,-1,-1,-1
302,-1,1512,360,326,158,0.6635939478874207,-1,-1,-1
302,-1,1052,390,211,170,0.6206344962120056,-1,-1,-1
303,-1,914,106,143,104,0.9803276658058167,-1,-1,-1
303,-1,1288,107,140,113,0.9182223677635193,-1,-1,-1
303,-1,313,306,358,372,0.9088726043701172,-1,-1,-1
303,-1,1064,379,206,168,0.6860790848731995,-1,-1,-1
303,-1,1513,360,323,158,0.6511461734771729,-1,-1,-1
304,-1,902,108,138,105,0.9863112568855286,-1,-1,-1
304,-1,296,313,370,366,0.9073758721351624,-1,-1,-1
304,-1,1067,376,208,169,0.6738070249557495,-1,-1,-1
304,-1,1513,360,326,158,0.6632673144340515,-1,-1,-1
305,-1,892,109,132,106,0.9912755489349365,-1,-1,-1
305,-1,285,315,380,375,0.9103244543075562,-1,-1,-1
305,-1,1081,372,204,168,0.7425726056098938,-1,-1,-1
305,-1,1306,106,143,109,0.6677073836326599,-1,-1,-1
305,-1,1513,360,325,158,0.6617410778999329,-1,-1,-1
305,-1,1049,67,121,106,0.6175896525382996,-1,-1,-1
306,-1,872,112,143,106,0.9848023056983948,-1,-1,-1
306,-1,278,324,383,379,0.9419587254524231,-1,-1,-1
306,-1,1086,370,201,163,0.664717972278595,-1,-1,-1
306,-1,1522,360,317,159,0.6622849106788635,-1,-1,-1
306,-1,1047,68,123,107,0.6315802931785583,-1,-1,-1
307,-1,860,112,142,109,0.9828478097915649,-1,-1,-1
307,-1,273,325,389,384,0.932392954826355,-1,-1,-1
307,-1,1047,68,122,109,0.8978361487388611,-1,-1,-1
307,-1,1090,367,203,154,0.8630426526069641,-1,-1,-1
307,-1,1513,360,324,158,0.6468399167060852,-1,-1,-1
308,-1,845,112,140,110,0.9863177537918091,-1,-1,-1
308,-1,1044,68,121,110,0.9303414821624756,-1,-1,-1
308,-1,1329,106,142,107,0.9278457760810852,-1,-1,-1
308,-1,266,337,400,379,0.8576558828353882,-1,-1,-1
308,-1,1516,359,322,159,0.676253616809845,-1,-1,-1
308,-1,1099,351,204,162,0.6006206274032593,-1,-1,-1
309,-1,825,115,146,109,0.9736508727073669,-1,-1,-1
309,-1,1040,70,125,107,0.9368728995323181,-1,-1,-1
309,-1,254,328,408,396,0.8807582259178162,-1,-1,-1
309,-1,1113,346,199,162,0.7403597235679626,-1,-1,-1
309,-1,1516,359,322,159,0.677177369594574,-1,-1,-1
309,-1,1337,102,139,109,0.6568109393119812,-1,-1,-1
310,-1,815,117,142,113,0.987165629863739,-1,-1,-1
310,-1,1038,70,124,109,0.9455953240394592,-1,-1,-1
310,-1,243,333,412,398,0.8984480500221252,-1,-1,-1
310,-1,1116,346,200,153,0.7947049140930176,-1,-1,-1
310,-1,1515,359,323,160,0.6623141169548035,-1,-1,-1
