1,-1,1340,100,272,183,0.7214706540107727,-1,-1,-1
2,-1,1325,94,286,186,0.9260257482528687,-1,-1,-1
3,-1,1305,93,293,188,0.8884392380714417,-1,-1,-1
4,-1,1293,90,291,191,0.8048490285873413,-1,-1,-1
5,-1,1282,94,289,184,0.9467265605926514,-1,-1,-1
6,-1,1255,91,298,188,0.9564945101737976,-1,-1,-1
7,-1,1232,95,311,184,0.836749255657196,-1,-1,-1
8,-1,1225,89,307,185,0.9317269325256348,-1,-1,-1
9,-1,1208,91,289,183,0.8756658434867859,-1,-1,-1
10,-1,1180,92,306,178,0.9599401354789734,-1,-1,-1
11,-1,1171,91,281,179,0.9581351280212402,-1,-1,-1
12,-1,1150,90,305,179,0.8749001026153564,-1,-1,-1
13,-1,1125,89,296,175,0.9345434904098511,-1,-1,-1
14,-1,1109,88,298,174,0.8971427083015442,-1,-1,-1
15,-1,1086,88,292,172,0.9340779781341553,-1,-1,-1
16,-1,1065,88,298,175,0.9124329090118408,-1,-1,-1
17,-1,1050,88,282,176,0.9342713952064514,-1,-1,-1
18,-1,1024,87,291,175,0.948026180267334,-1,-1,-1
19,-1,997,87,298,170,0.9472573399543762,-1,-1,-1
20,-1,976,87,303,170,0.9207082390785217,-1,-1,-1
21,-1,948,85,305,168,0.9141288995742798,-1,-1,-1
22,-1,913,85,321,169,0.878405749797821,-1,-1,-1
23,-1,916,86,300,167,0.6141301393508911,-1,-1,-1
25,-1,841,86,324,167,0.7374601364135742,-1,-1,-1
26,-1,810,85,327,164,0.9029527306556702,-1,-1,-1
26,-1,1601,416,317,380,0.6620005965232849,-1,-1,-1
27,-1,795,85,318,163,0.7716674208641052,-1,-1,-1
27,-1,1552,397,361,373,0.6039592623710632,-1,-1,-1
28,-1,1504,383,405,365,0.7673037648200989,-1,-1,-1
29,-1,1472,375,419,347,0.9044612646102905,-1,-1,-1
30,-1,1439,368,430,335,0.9488426446914673,-1,-1,-1
31,-1,1400,367,415,319,0.9250757098197937,-1,-1,-1
32,-1,1372,360,407,309,0.8320928812026978,-1,-1,-1
32,-1,759,94,248,149,0.6603211164474487,-1,-1,-1
33,-1,1336,333,410,323,0.9119899868965149,-1,-1,-1
34,-1,1312,337,383,304,0.9252581596374512,-1,-1,-1
35,-1,1275,333,380,300,0.9574425220489502,-1,-1,-1
36,-1,1262,334,360,278,0.9557791352272034,-1,-1,-1
37,-1,1217,329,373,272,0.9717935919761658,-1,-1,-1
38,-1,1214,324,351,264,0.9541516304016113,-1,-1,-1
39,-1,1181,316,344,265,0.9802842736244202,-1,-1,-1
40,-1,1170,311,335,260,0.9833393096923828,-1,-1,-1
41,-1,1148,306,330,257,0.9848661422729492,-1,-1,-1
42,-1,1134,306,301,247,0.9830005168914795,-1,-1,-1
43,-1,1111,299,312,246,0.9847787022590637,-1,-1,-1
44,-1,1099,294,291,238,0.9843904376029968,-1,-1,-1
45,-1,1086,289,290,240,0.9904477596282959,-1,-1,-1
46,-1,1074,285,279,233,0.9843072295188904,-1,-1,-1
47,-1,1063,279,268,229,0.987509548664093,-1,-1,-1
48,-1,1052,275,268,227,0.9889946579933167,-1,-1,-1
49,-1,1051,271,257,227,0.989753007888794,-1,-1,-1
50,-1,1048,269,248,216,0.9876323938369751,-1,-1,-1
51,-1,1043,265,248,213,0.9870719313621521,-1,-1,-1
52,-1,1045,262,234,209,0.9840871691703796,-1,-1,-1
53,-1,1039,250,231,215,0.984957218170166,-1,-1,-1
54,-1,1044,248,220,210,0.98233562707901,-1,-1,-1
55,-1,1051,251,209,200,0.9754496216773987,-1,-1,-1
56,-1,1051,250,206,195,0.9853860139846802,-1,-1,-1
57,-1,1055,248,208,187,0.9863497614860535,-1,-1,-1
58,-1,1059,245,213,186,0.9708288908004761,-1,-1,-1
59,-1,1061,244,216,180,0.9391371607780457,-1,-1,-1
60,-1,1076,237,214,184,0.9544811248779297,-1,-1,-1
61,-1,1088,233,215,184,0.9338666796684265,-1,-1,-1
62,-1,1099,233,217,178,0.9421159625053406,-1,-1,-1
63,-1,1112,228,218,179,0.8190233707427979,-1,-1,-1
64,-1,1130,223,214,181,0.7791151404380798,-1,-1,-1
65,-1,1141,222,216,176,0.8832755088806152,-1,-1,-1
66,-1,1156,220,225,169,0.9074947237968445,-1,-1,-1
67,-1,1175,216,223,169,0.8241590261459351,-1,-1,-1
68,-1,1194,214,219,169,0.859666109085083,-1,-1,-1
69,-1,1213,213,218,168,0.8120185732841492,-1,-1,-1
70,-1,1231,215,208,165,0.6601735949516296,-1,-1,-1
71,-1,1244,210,217,168,0.8193367719650269,-1,-1,-1
72,-1,1270,210,210,166,0.6324162483215332,-1,-1,-1
83,-1,776,158,144,92,0.8332298398017883,-1,-1,-1
84,-1,793,157,160,96,0.8182426691055298,-1,-1,-1
85,-1,798,160,192,92,0.8944136500358582,-1,-1,-1
86,-1,836,158,249,99,0.6927846074104309,-1,-1,-1
87,-1,870,154,221,105,0.9607961177825928,-1,-1,-1
88,-1,913,152,220,110,0.9518670439720154,-1,-1,-1
89,-1,970,152,200,103,0.9196434617042542,-1,-1,-1
90,-1,995,154,215,98,0.9302774667739868,-1,-1,-1
91,-1,1042,154,228,102,0.8818361759185791,-1,-1,-1
92,-1,1080,151,239,105,0.933875560760498,-1,-1,-1
93,-1,1117,152,223,103,0.9551703929901123,-1,-1,-1
94,-1,1158,152,215,101,0.9532864689826965,-1,-1,-1
95,-1,1201,151,214,101,0.9605579376220703,-1,-1,-1
96,-1,1249,150,208,102,0.9553893804550171,-1,-1,-1
97,-1,1285,149,219,103,0.95628821849823,-1,-1,-1
98,-1,1324,152,209,99,0.8664317727088928,-1,-1,-1
103,-1,1593,146,192,107,0.7988623976707458,-1,-1,-1
104,-1,1618,150,214,100,0.6914111375808716,-1,-1,-1
105,-1,1631,149,240,100,0.6533898115158081,-1,-1,-1
111,-1,1388,167,159,116,0.8639115691184998,-1,-1,-1
111,-1,804,168,175,103,0.8205969929695129,-1,-1,-1
112,-1,814,167,213,115,0.9102583527565002,-1,-1,-1
112,-1,1365,170,162,112,0.880012571811676,-1,-1,-1
113,-1,1352,166,167,115,0.9793463945388794,-1,-1,-1
113,-1,844,165,194,120,0.9500982165336609,-1,-1,-1
114,-1,816,167,234,117,0.9819707870483398,-1,-1,-1
114,-1,1323,162,175,117,0.9411006569862366,-1,-1,-1
115,-1,854,166,216,122,0.9885244965553284,-1,-1,-1
115,-1,1310,161,164,116,0.9553713202476501,-1,-1,-1
116,-1,876,167,224,125,0.985811710357666,-1,-1,-1
116,-1,1285,160,164,115,0.9173821210861206,-1,-1,-1
117,-1,899,163,224,130,0.9877381324768066,-1,-1,-1
117,-1,1263,158,171,120,0.9662736654281616,-1,-1,-1
118,-1,916,166,223,129,0.9827319979667664,-1,-1,-1
118,-1,1239,158,164,110,0.9542869329452515,-1,-1,-1
119,-1,943,166,222,129,0.986513078212738,-1,-1,-1
119,-1,1216,157,165,111,0.9607481360435486,-1,-1,-1
120,-1,966,166,215,137,0.9875192642211914,-1,-1,-1
120,-1,1194,157,165,110,0.8923581838607788,-1,-1,-1
121,-1,987,166,213,131,0.9854874610900879,-1,-1,-1
121,-1,1166,157,168,108,0.8791773319244385,-1,-1,-1
122,-1,1012,167,209,133,0.9833068251609802,-1,-1,-1
123,-1,1026,166,215,137,0.9757360816001892,-1,-1,-1
124,-1,1052,167,204,135,0.9690507054328918,-1,-1,-1
125,-1,1068,159,213,144,0.9654020071029663,-1,-1,-1
126,-1,1089,162,213,142,0.934585452079773,-1,-1,-1
127,-1,1096,164,213,141,0.9803008437156677,-1,-1,-1
128,-1,1116,167,199,139,0.9871172308921814,-1,-1,-1
129,-1,1128,169,198,139,0.9914982914924622,-1,-1,-1
129,-1,965,149,170,104,0.9585500359535217,-1,-1,-1
130,-1,1145,170,191,141,0.9916531443595886,-1,-1,-1
130,-1,937,148,167,102,0.9486750364303589,-1,-1,-1
131,-1,1156,170,189,142,0.9919265508651733,-1,-1,-1
132,-1,1165,169,189,144,0.992394208908081,-1,-1,-1
132,-1,1625,106,253,123,0.6955668330192566,-1,-1,-1
133,-1,1171,170,186,144,0.9862073659896851,-1,-1,-1
134,-1,1178,171,182,144,0.9935654997825623,-1,-1,-1
134,-1,830,140,164,111,0.8359053134918213,-1,-1,-1
135,-1,1184,171,179,145,0.9952464699745178,-1,-1,-1
135,-1,806,146,168,102,0.9545735120773315,-1,-1,-1
136,-1,1188,171,179,148,0.9941074848175049,-1,-1,-1
136,-1,787,145,162,98,0.9346981048583984,-1,-1,-1
136,-1,1481,103,271,124,0.7095891833305359,-1,-1,-1
137,-1,1190,170,176,151,0.9949424862861633,-1,-1,-1
138,-1,1195,171,172,152,0.9955272078514099,-1,-1,-1
139,-1,1195,173,171,153,0.9945928454399109,-1,-1,-1
139,-1,1373,107,247,124,0.8922554850578308,-1,-1,-1
140,-1,1190,176,175,153,0.9963818788528442,-1,-1,-1
140,-1,1328,105,264,125,0.9339936375617981,-1,-1,-1
141,-1,1189,176,177,155,0.9959245920181274,-1,-1,-1
141,-1,1298,108,243,119,0.8606601357460022,-1,-1,-1
142,-1,1186,175,182,157,0.9923557043075562,-1,-1,-1
142,-1,1255,106,268,122,0.8012725710868835,-1,-1,-1
143,-1,1178,176,184,157,0.9961373209953308,-1,-1,-1
143,-1,1226,107,259,117,0.9124645590782166,-1,-1,-1
144,-1,1171,178,192,159,0.9948785305023193,-1,-1,-1
144,-1,1204,107,263,116,0.9256691336631775,-1,-1,-1
145,-1,1161,177,197,162,0.992906928062439,-1,-1,-1
145,-1,1171,110,260,112,0.8661752939224243,-1,-1,-1
146,-1,1150,177,202,164,0.9908151626586914,-1,-1,-1
146,-1,1135,112,245,111,0.9233719706535339,-1,-1,-1
147,-1,1142,175,200,171,0.9933931231498718,-1,-1,-1
147,-1,1098,110,228,118,0.9027828574180603,-1,-1,-1
148,-1,1136,175,203,173,0.9952660799026489,-1,-1,-1
148,-1,1061,112,236,119,0.9276266694068909,-1,-1,-1
149,-1,1123,178,206,173,0.99253910779953,-1,-1,-1
149,-1,1034,115,247,118,0.9283307194709778,-1,-1,-1
150,-1,1111,181,211,173,0.9944204688072205,-1,-1,-1
150,-1,1004,116,223,121,0.950619637966156,-1,-1,-1
151,-1,1100,185,211,170,0.9906388521194458,-1,-1,-1
151,-1,976,117,229,120,0.970067024230957,-1,-1,-1
152,-1,1079,189,223,169,0.9928398132324219,-1,-1,-1
152,-1,948,116,247,122,0.9641673564910889,-1,-1,-1
153,-1,1076,187,216,174,0.9886724352836609,-1,-1,-1
153,-1,916,117,240,120,0.9617907404899597,-1,-1,-1
154,-1,1053,188,231,175,0.9857583045959473,-1,-1,-1
154,-1,918,116,222,119,0.9568914175033569,-1,-1,-1
155,-1,1047,189,228,176,0.9857596755027771,-1,-1,-1
155,-1,887,114,224,124,0.9767910242080688,-1,-1,-1
156,-1,1033,192,234,178,0.9877497553825378,-1,-1,-1
156,-1,846,112,227,124,0.9831167459487915,-1,-1,-1
157,-1,1016,193,238,182,0.9851559400558472,-1,-1,-1
157,-1,799,115,234,119,0.9805002212524414,-1,-1,-1
158,-1,1004,195,240,179,0.9853556752204895,-1,-1,-1
158,-1,792,113,230,122,0.9731953144073486,-1,-1,-1
159,-1,992,194,241,184,0.9896284341812134,-1,-1,-1
159,-1,776,117,210,119,0.9748318195343018,-1,-1,-1
160,-1,980,195,245,187,0.9875698685646057,-1,-1,-1
160,-1,778,118,185,112,0.8113664984703064,-1,-1,-1
161,-1,965,198,246,186,0.9861686825752258,-1,-1,-1
162,-1,943,201,252,188,0.9805361032485962,-1,-1,-1
163,-1,923,202,262,190,0.9844837784767151,-1,-1,-1
164,-1,919,204,258,191,0.9875615835189819,-1,-1,-1
165,-1,901,204,269,197,0.9818238615989685,-1,-1,-1
166,-1,893,211,268,195,0.9751967191696167,-1,-1,-1
167,-1,873,208,278,202,0.9832392334938049,-1,-1,-1
168,-1,863,211,274,204,0.9663017988204956,-1,-1,-1
169,-1,851,210,276,211,0.9714767932891846,-1,-1,-1
170,-1,847,211,268,211,0.9344543814659119,-1,-1,-1
171,-1,829,213,263,214,0.9842768907546997,-1,-1,-1
172,-1,822,216,265,216,0.9869980812072754,-1,-1,-1
173,-1,809,220,268,220,0.9778236150741577,-1,-1,-1
174,-1,804,224,267,220,0.9791034460067749,-1,-1,-1
175,-1,794,221,279,230,0.9718993306159973,-1,-1,-1
176,-1,785,228,280,228,0.9830273389816284,-1,-1,-1
177,-1,776,229,277,233,0.981999397277832,-1,-1,-1
178,-1,770,233,279,240,0.9771757125854492,-1,-1,-1
179,-1,765,237,280,242,0.9731817841529846,-1,-1,-1
180,-1,756,242,287,246,0.9712424278259277,-1,-1,-1
181,-1,753,244,286,251,0.9592475295066833,-1,-1,-1
182,-1,749,252,293,248,0.9606856107711792,-1,-1,-1
183,-1,748,256,288,257,0.9603651165962219,-1,-1,-1
184,-1,747,258,295,260,0.9326398968696594,-1,-1,-1
185,-1,759,264,304,258,0.912554919719696,-1,-1,-1
186,-1,748,268,308,263,0.9485501050949097,-1,-1,-1
186,-1,1516,387,388,343,0.765802800655365,-1,-1,-1
187,-1,750,272,314,268,0.9640953540802002,-1,-1,-1
187,-1,1505,374,408,345,0.7356811761856079,-1,-1,-1
188,-1,742,275,329,272,0.9586715698242188,-1,-1,-1
188,-1,1472,366,442,335,0.8863615393638611,-1,-1,-1
189,-1,736,280,336,275,0.9471186399459839,-1,-1,-1
189,-1,1454,358,433,334,0.7673778533935547,-1,-1,-1
190,-1,737,285,347,281,0.9577236771583557,-1,-1,-1
190,-1,1425,359,417,315,0.8037519454956055,-1,-1,-1
191,-1,743,289,352,280,0.9612904787063599,-1,-1,-1
191,-1,1398,346,407,313,0.8620072603225708,-1,-1,-1
192,-1,742,292,360,291,0.9624489545822144,-1,-1,-1
192,-1,1365,346,399,305,0.8089346885681152,-1,-1,-1
193,-1,742,293,376,301,0.9716264605522156,-1,-1,-1
193,-1,1335,348,398,284,0.9294494986534119,-1,-1,-1
194,-1,749,298,380,302,0.9741365909576416,-1,-1,-1
194,-1,1319,333,377,294,0.8963066935539246,-1,-1,-1
195,-1,756,299,385,306,0.9807131290435791,-1,-1,-1
195,-1,1304,331,354,278,0.9582415223121643,-1,-1,-1
196,-1,760,303,395,318,0.9797099828720093,-1,-1,-1
196,-1,1264,321,369,280,0.9327849745750427,-1,-1,-1
197,-1,769,307,401,327,0.9626255631446838,-1,-1,-1
197,-1,1248,323,352,266,0.9250081181526184,-1,-1,-1
198,-1,774,310,420,332,0.9604227542877197,-1,-1,-1
198,-1,1209,303,368,278,0.9184243679046631,-1,-1,-1
198,-1,339,486,855,593,0.6050013899803162,-1,-1,-1
199,-1,788,318,440,331,0.9766627550125122,-1,-1,-1
199,-1,1199,310,353,263,0.9318467974662781,-1,-1,-1
200,-1,799,322,446,344,0.9793694615364075,-1,-1,-1
200,-1,1186,303,338,259,0.9386158585548401,-1,-1,-1
201,-1,809,329,458,349,0.9883546829223633,-1,-1,-1
201,-1,1157,297,345,254,0.7086688280105591,-1,-1,-1
202,-1,822,327,472,366,0.9845094084739685,-1,-1,-1
203,-1,838,335,483,369,0.9802522659301758,-1,-1,-1
203,-1,349,492,836,587,0.6533225774765015,-1,-1,-1
204,-1,852,341,481,380,0.9833353757858276,-1,-1,-1
204,-1,351,487,805,592,0.6580836176872253,-1,-1,-1
205,-1,876,339,505,389,0.9769534468650818,-1,-1,-1
205,-1,359,483,796,596,0.7141315340995789,-1,-1,-1
206,-1,893,345,530,415,0.979951798915863,-1,-1,-1
206,-1,355,480,802,599,0.7114803194999695,-1,-1,-1
207,-1,911,352,562,430,0.9799053072929382,-1,-1,-1
207,-1,357,481,803,598,0.769780695438385,-1,-1,-1
208,-1,936,361,591,441,0.9820437431335449,-1,-1,-1
208,-1,1073,277,249,122,0.8409113883972168,-1,-1,-1
208,-1,379,497,811,582,0.6833107471466064,-1,-1,-1
209,-1,958,371,598,453,0.9833788275718689,-1,-1,-1
209,-1,356,473,794,606,0.6472278237342834,-1,-1,-1
210,-1,977,387,631,463,0.9910804629325867,-1,-1,-1
210,-1,1063,269,256,161,0.6496276259422302,-1,-1,-1
210,-1,373,486,807,593,0.6302943229675293,-1,-1,-1
211,-1,1011,396,654,481,0.9915934801101685,-1,-1,-1
211,-1,862,173,214,119,0.6684654951095581,-1,-1,-1
212,-1,1048,393,646,499,0.9943934679031372,-1,-1,-1
212,-1,871,175,194,112,0.9492198824882507,-1,-1,-1
212,-1,1067,260,247,206,0.638488233089447,-1,-1,-1
212,-1,361,484,815,595,0.6383138298988342,-1,-1,-1
213,-1,1084,401,672,520,0.994500994682312,-1,-1,-1
213,-1,889,172,194,119,0.9672165513038635,-1,-1,-1
213,-1,1067,255,243,207,0.7454603314399719,-1,-1,-1
214,-1,1120,402,713,550,0.99081951379776,-1,-1,-1
214,-1,901,171,210,126,0.9669291377067566,-1,-1,-1
214,-1,1078,255,229,202,0.9547173976898193,-1,-1,-1
215,-1,1140,433,768,557,0.9874119758605957,-1,-1,-1
215,-1,943,178,192,118,0.9662453532218933,-1,-1,-1
215,-1,1082,252,218,201,0.956667423248291,-1,-1,-1
216,-1,1172,435,747,597,0.9872753620147705,-1,-1,-1
216,-1,963,178,191,118,0.9735393524169922,-1,-1,-1
216,-1,1082,249,218,198,0.9486954212188721,-1,-1,-1
217,-1,1230,468,689,588,0.9701077342033386,-1,-1,-1
217,-1,1084,248,219,192,0.9190574884414673,-1,-1,-1
217,-1,980,172,207,125,0.8864169716835022,-1,-1,-1
218,-1,1258,457,661,611,0.9390098452568054,-1,-1,-1
218,-1,1092,245,220,191,0.9010655879974365,-1,-1,-1
218,-1,997,173,217,125,0.8027577996253967,-1,-1,-1
219,-1,1091,242,230,188,0.955808699131012,-1,-1,-1
219,-1,1298,490,621,589,0.9045018553733826,-1,-1,-1
219,-1,1017,173,211,123,0.7719564437866211,-1,-1,-1
220,-1,1101,240,226,186,0.9320403337478638,-1,-1,-1
220,-1,1342,502,577,577,0.7973952889442444,-1,-1,-1
220,-1,1024,176,236,124,0.7209761738777161,-1,-1,-1
221,-1,1108,237,227,184,0.9146727919578552,-1,-1,-1
222,-1,1107,238,235,177,0.7369499802589417,-1,-1,-1
223,-1,1132,233,224,179,0.7832352519035339,-1,-1,-1
224,-1,1141,227,229,182,0.7470433712005615,-1,-1,-1
225,-1,1155,227,229,180,0.6960816979408264,-1,-1,-1
226,-1,1168,230,226,174,0.8855686187744141,-1,-1,-1
227,-1,1170,197,247,196,0.6739630699157715,-1,-1,-1
230,-1,1230,217,235,167,0.7399699091911316,-1,-1,-1
231,-1,1259,221,221,160,0.6096200942993164,-1,-1,-1
232,-1,1275,216,219,162,0.6972591876983643,-1,-1,-1
235,-1,1207,178,163,141,0.842433750629425,-1,-1,-1
236,-1,1209,183,164,142,0.9802901148796082,-1,-1,-1
237,-1,1213,180,162,143,0.9898372292518616,-1,-1,-1
238,-1,1216,184,161,145,0.965747594833374,-1,-1,-1
239,-1,1211,186,163,146,0.9883964657783508,-1,-1,-1
240,-1,1205,186,170,147,0.9825080037117004,-1,-1,-1
241,-1,1198,190,174,149,0.986596405506134,-1,-1,-1
242,-1,1192,191,174,150,0.9862281084060669,-1,-1,-1
243,-1,1184,191,177,152,0.9767603278160095,-1,-1,-1
244,-1,1173,193,185,151,0.9731087684631348,-1,-1,-1
245,-1,1163,194,189,153,0.9778499603271484,-1,-1,-1
246,-1,1144,197,193,153,0.9894692897796631,-1,-1,-1
247,-1,1125,197,205,156,0.9900978803634644,-1,-1,-1
248,-1,1118,198,201,161,0.9876996278762817,-1,-1,-1
249,-1,1109,200,206,159,0.9881004095077515,-1,-1,-1
250,-1,1096,201,207,161,0.9859530925750732,-1,-1,-1
251,-1,1082,202,209,161,0.9799247980117798,-1,-1,-1
252,-1,1060,204,214,164,0.9838433861732483,-1,-1,-1
253,-1,1050,202,215,167,0.9896358847618103,-1,-1,-1
254,-1,1037,203,216,168,0.9862962961196899,-1,-1,-1
255,-1,1023,203,215,171,0.9889240860939026,-1,-1,-1
256,-1,998,208,223,171,0.9866364598274231,-1,-1,-1
257,-1,980,209,230,175,0.9900839328765869,-1,-1,-1
258,-1,973,208,225,176,0.9836746454238892,-1,-1,-1
259,-1,947,212,235,178,0.9809726476669312,-1,-1,-1
260,-1,931,214,241,180,0.9894763231277466,-1,-1,-1
261,-1,923,216,243,183,0.9813657999038696,-1,-1,-1
262,-1,902,219,252,180,0.964404821395874,-1,-1,-1
263,-1,888,221,248,182,0.9378893375396729,-1,-1,-1
264,-1,862,223,257,186,0.9634565711021423,-1,-1,-1
265,-1,856,223,260,190,0.9618973731994629,-1,-1,-1
266,-1,845,224,253,193,0.9486862421035767,-1,-1,-1
267,-1,832,225,252,196,0.9685146808624268,-1,-1,-1
268,-1,818,225,252,200,0.979781985282898,-1,-1,-1
269,-1,804,233,255,197,0.9632932543754578,-1,-1,-1
270,-1,787,230,256,208,0.962476909160614,-1,-1,-1
271,-1,779,235,257,208,0.9753507971763611,-1,-1,-1
272,-1,763,237,258,214,0.9745838642120361,-1,-1,-1
272,-1,1401,165,154,119,0.6251003742218018,-1,-1,-1
273,-1,757,246,257,206,0.9825980067253113,-1,-1,-1
273,-1,1389,159,157,122,0.7423309683799744,-1,-1,-1
274,-1,749,245,252,214,0.986419141292572,-1,-1,-1
274,-1,1375,163,178,121,0.6935852766036987,-1,-1,-1
275,-1,729,246,265,224,0.9799853563308716,-1,-1,-1
275,-1,1352,165,172,115,0.9631765484809875,-1,-1,-1
276,-1,726,249,261,227,0.9835837483406067,-1,-1,-1
276,-1,1340,156,169,123,0.9693519473075867,-1,-1,-1
277,-1,720,255,263,226,0.9810807108879089,-1,-1,-1
277,-1,1312,157,174,123,0.8909984827041626,-1,-1,-1
278,-1,716,262,259,228,0.9660118222236633,-1,-1,-1
278,-1,1297,155,165,120,0.9434719085693359,-1,-1,-1
279,-1,712,263,259,234,0.9693195819854736,-1,-1,-1
279,-1,1271,154,166,118,0.9277070164680481,-1,-1,-1
280,-1,709,268,258,235,0.9811874628067017,-1,-1,-1
280,-1,1247,157,168,115,0.9676326513290405,-1,-1,-1
281,-1,706,273,258,235,0.9839252233505249,-1,-1,-1
281,-1,1236,154,165,118,0.9783145785331726,-1,-1,-1
