1,-1,1684,1148,279,179,0.9929252862930298,-1,-1,-1
1,-1,344,677,243,166,0.9759282469749451,-1,-1,-1
1,-1,1579,1353,487,468,0.6818096041679382,-1,-1,-1
2,-1,1685,1149,280,178,0.992416262626648,-1,-1,-1
2,-1,346,680,247,164,0.9772516489028931,-1,-1,-1
2,-1,1573,1349,484,464,0.6747838854789734,-1,-1,-1
3,-1,1697,1146,271,179,0.9894710779190063,-1,-1,-1
3,-1,347,679,246,165,0.974967896938324,-1,-1,-1
3,-1,1572,1349,485,464,0.638013482093811,-1,-1,-1
4,-1,1701,1148,273,179,0.9892815351486206,-1,-1,-1
4,-1,346,679,247,165,0.9762027859687805,-1,-1,-1
4,-1,1572,1349,484,464,0.6427090764045715,-1,-1,-1
5,-1,1701,1148,273,179,0.9893325567245483,-1,-1,-1
5,-1,346,679,247,165,0.9747617840766907,-1,-1,-1
5,-1,1573,1350,483,464,0.6309217214584351,-1,-1,-1
6,-1,1685,1148,280,179,0.9923924207687378,-1,-1,-1
6,-1,346,680,248,166,0.9764580726623535,-1,-1,-1
6,-1,1574,1349,482,464,0.6241275072097778,-1,-1,-1
7,-1,1684,1148,280,179,0.9924252033233643,-1,-1,-1
7,-1,346,680,248,166,0.9763107299804688,-1,-1,-1
7,-1,1573,1349,483,464,0.6130415797233582,-1,-1,-1
8,-1,1701,1148,273,179,0.9892545938491821,-1,-1,-1
8,-1,346,680,249,166,0.9763839840888977,-1,-1,-1
8,-1,1574,1350,482,463,0.6268285512924194,-1,-1,-1
9,-1,1701,1148,273,179,0.9892206788063049,-1,-1,-1
9,-1,346,680,249,166,0.9769402742385864,-1,-1,-1
9,-1,1587,1361,484,449,0.6244261264801025,-1,-1,-1
10,-1,1701,1148,273,179,0.9892277717590332,-1,-1,-1
10,-1,346,680,249,166,0.9775797724723816,-1,-1,-1
10,-1,1573,1350,482,464,0.6225848197937012,-1,-1,-1
11,-1,1701,1148,273,179,0.9891963005065918,-1,-1,-1
11,-1,346,680,249,166,0.9767597317695618,-1,-1,-1
11,-1,1572,1350,485,464,0.613347589969635,-1,-1,-1
12,-1,1697,1146,271,180,0.9893726706504822,-1,-1,-1
12,-1,345,680,249,166,0.9772108793258667,-1,-1,-1
12,-1,1572,1349,485,464,0.6222162246704102,-1,-1,-1
13,-1,1698,1146,269,179,0.989540159702301,-1,-1,-1
13,-1,346,679,248,165,0.9781208634376526,-1,-1,-1
13,-1,1574,1350,484,463,0.6390141248703003,-1,-1,-1
14,-1,1698,1146,269,179,0.9895590543746948,-1,-1,-1
14,-1,346,679,248,165,0.9782125353813171,-1,-1,-1
14,-1,1573,1350,483,463,0.6548229455947876,-1,-1,-1
15,-1,1698,1146,269,179,0.9895416498184204,-1,-1,-1
15,-1,346,679,247,165,0.9781978726387024,-1,-1,-1
15,-1,1582,1353,481,465,0.6848950982093811,-1,-1,-1
16,-1,1686,1149,278,178,0.9921958446502686,-1,-1,-1
16,-1,346,679,248,165,0.9780399799346924,-1,-1,-1
16,-1,1582,1353,482,465,0.6841779947280884,-1,-1,-1
17,-1,1698,1146,270,179,0.9898103475570679,-1,-1,-1
17,-1,345,679,248,165,0.9782347083091736,-1,-1,-1
17,-1,1582,1353,482,465,0.6749914884567261,-1,-1,-1
18,-1,1698,1146,270,179,0.9898121953010559,-1,-1,-1
18,-1,345,679,248,165,0.9783505797386169,-1,-1,-1
18,-1,1581,1353,482,465,0.6722255349159241,-1,-1,-1
19,-1,1702,1148,271,179,0.9895821809768677,-1,-1,-1
19,-1,345,679,248,165,0.9787864685058594,-1,-1,-1
19,-1,1581,1353,483,466,0.6648187637329102,-1,-1,-1
20,-1,1697,1146,270,179,0.9899528622627258,-1,-1,-1
20,-1,346,679,248,165,0.9783243536949158,-1,-1,-1
20,-1,1571,1350,482,463,0.6652854084968567,-1,-1,-1
21,-1,1697,1146,270,179,0.9898838996887207,-1,-1,-1
21,-1,346,679,248,166,0.978609561920166,-1,-1,-1
21,-1,1574,1350,480,462,0.6497451066970825,-1,-1,-1
22,-1,1698,1146,270,179,0.9898483157157898,-1,-1,-1
22,-1,346,679,249,166,0.9785218834877014,-1,-1,-1
22,-1,1581,1355,482,453,0.6636794209480286,-1,-1,-1
23,-1,1702,1148,271,179,0.9895289540290833,-1,-1,-1
23,-1,346,680,249,166,0.9783811569213867,-1,-1,-1
23,-1,1582,1353,481,465,0.6787801384925842,-1,-1,-1
24,-1,1702,1148,271,179,0.9895248413085938,-1,-1,-1
24,-1,345,679,249,166,0.9785496592521667,-1,-1,-1
24,-1,1574,1350,479,462,0.6786226034164429,-1,-1,-1
25,-1,1685,1148,279,179,0.9921563863754272,-1,-1,-1
25,-1,347,680,247,166,0.9777659177780151,-1,-1,-1
25,-1,1575,1351,477,462,0.6831820607185364,-1,-1,-1
26,-1,1697,1146,270,179,0.9896965026855469,-1,-1,-1
26,-1,347,680,248,166,0.9778549671173096,-1,-1,-1
26,-1,1576,1351,477,462,0.6759315133094788,-1,-1,-1
27,-1,1685,1148,279,179,0.9922188520431519,-1,-1,-1
27,-1,347,680,247,166,0.9778123497962952,-1,-1,-1
27,-1,1576,1351,477,462,0.6779908537864685,-1,-1,-1
28,-1,1685,1148,279,179,0.9921818971633911,-1,-1,-1
28,-1,347,680,247,166,0.9776925444602966,-1,-1,-1
28,-1,1576,1351,476,462,0.6939055323600769,-1,-1,-1
29,-1,1685,1148,279,179,0.992220938205719,-1,-1,-1
29,-1,347,680,247,166,0.9774242639541626,-1,-1,-1
29,-1,1575,1351,478,462,0.6896955370903015,-1,-1,-1
30,-1,1685,1148,279,179,0.9921934604644775,-1,-1,-1
30,-1,347,680,248,166,0.9775681495666504,-1,-1,-1
30,-1,1575,1351,477,462,0.6888485550880432,-1,-1,-1
31,-1,1685,1148,279,179,0.9921899437904358,-1,-1,-1
31,-1,347,680,248,166,0.977350115776062,-1,-1,-1
31,-1,1574,1350,477,462,0.6966212391853333,-1,-1,-1
32,-1,1685,1148,279,179,0.9921634197235107,-1,-1,-1
32,-1,347,680,248,166,0.9776558876037598,-1,-1,-1
32,-1,1573,1350,478,463,0.6956943273544312,-1,-1,-1
33,-1,1685,1148,279,179,0.9920977354049683,-1,-1,-1
33,-1,347,680,248,166,0.9777461290359497,-1,-1,-1
33,-1,1573,1350,478,463,0.6937873959541321,-1,-1,-1
34,-1,1685,1148,279,179,0.9920245409011841,-1,-1,-1
34,-1,347,680,248,166,0.9775092601776123,-1,-1,-1
34,-1,1573,1350,478,463,0.6993451714515686,-1,-1,-1
35,-1,1685,1148,279,179,0.992023229598999,-1,-1,-1
35,-1,346,679,249,167,0.9777464866638184,-1,-1,-1
35,-1,1573,1350,478,463,0.7076305150985718,-1,-1,-1
36,-1,1685,1148,279,179,0.992053747177124,-1,-1,-1
36,-1,346,680,248,166,0.9774417877197266,-1,-1,-1
36,-1,1574,1351,477,462,0.7215543985366821,-1,-1,-1
37,-1,1685,1148,279,179,0.9921741485595703,-1,-1,-1
37,-1,347,679,248,166,0.977260410785675,-1,-1,-1
37,-1,1575,1351,478,461,0.7171241641044617,-1,-1,-1
38,-1,1685,1148,279,179,0.9922176599502563,-1,-1,-1
38,-1,347,679,248,166,0.9770007729530334,-1,-1,-1
38,-1,1582,1354,481,464,0.7245724201202393,-1,-1,-1
39,-1,1685,1148,279,179,0.9922613501548767,-1,-1,-1
39,-1,346,679,248,166,0.9771608114242554,-1,-1,-1
39,-1,1582,1354,481,464,0.7179640531539917,-1,-1,-1
40,-1,1685,1148,279,179,0.992228090763092,-1,-1,-1
40,-1,346,679,249,166,0.9771360158920288,-1,-1,-1
40,-1,1575,1351,477,461,0.7142243981361389,-1,-1,-1
41,-1,1685,1148,279,179,0.9921510219573975,-1,-1,-1
41,-1,346,679,249,167,0.9769200086593628,-1,-1,-1
41,-1,1582,1353,481,464,0.7095298171043396,-1,-1,-1
42,-1,1685,1148,279,179,0.9921178221702576,-1,-1,-1
42,-1,346,679,249,167,0.9772428870201111,-1,-1,-1
42,-1,1582,1353,481,464,0.6975501179695129,-1,-1,-1
43,-1,1685,1148,279,179,0.9921356439590454,-1,-1,-1
43,-1,346,679,249,167,0.9768933057785034,-1,-1,-1
43,-1,1575,1351,477,461,0.7059284448623657,-1,-1,-1
44,-1,1685,1148,279,179,0.9921741485595703,-1,-1,-1
44,-1,347,679,248,167,0.9767087697982788,-1,-1,-1
44,-1,1575,1351,477,461,0.7102441191673279,-1,-1,-1
45,-1,1685,1148,279,179,0.9921463131904602,-1,-1,-1
45,-1,347,679,248,167,0.9769909977912903,-1,-1,-1
45,-1,1576,1351,476,461,0.71323561668396,-1,-1,-1
46,-1,1685,1148,279,179,0.9922310709953308,-1,-1,-1
46,-1,347,679,248,167,0.9771248698234558,-1,-1,-1
46,-1,1582,1354,480,463,0.6968896389007568,-1,-1,-1
47,-1,1685,1148,279,179,0.992226243019104,-1,-1,-1
47,-1,347,679,248,167,0.9772785305976868,-1,-1,-1
47,-1,1576,1351,478,461,0.69681715965271,-1,-1,-1
48,-1,1685,1148,279,179,0.9921899437904358,-1,-1,-1
48,-1,347,679,248,167,0.9773863554000854,-1,-1,-1
48,-1,1575,1351,479,461,0.6879115700721741,-1,-1,-1
49,-1,1686,1149,279,178,0.9920748472213745,-1,-1,-1
49,-1,346,680,248,165,0.9771011471748352,-1,-1,-1
49,-1,1577,1351,478,460,0.6993977427482605,-1,-1,-1
50,-1,1686,1149,279,179,0.9920239448547363,-1,-1,-1
50,-1,346,680,248,165,0.9770280122756958,-1,-1,-1
50,-1,1578,1351,477,460,0.6993724703788757,-1,-1,-1
51,-1,1685,1149,279,179,0.9920478463172913,-1,-1,-1
51,-1,347,680,248,165,0.9767580628395081,-1,-1,-1
51,-1,1580,1352,474,460,0.7355874180793762,-1,-1,-1
52,-1,1685,1149,279,179,0.9920910596847534,-1,-1,-1
52,-1,346,680,248,165,0.9768902063369751,-1,-1,-1
52,-1,1579,1352,474,460,0.7453606724739075,-1,-1,-1
53,-1,1685,1149,279,179,0.992180585861206,-1,-1,-1
53,-1,346,680,248,165,0.9767088890075684,-1,-1,-1
53,-1,1579,1352,473,460,0.7447941303253174,-1,-1,-1
54,-1,1685,1149,279,179,0.992175281047821,-1,-1,-1
54,-1,346,680,248,165,0.9768680334091187,-1,-1,-1
54,-1,1591,1360,475,450,0.7195625305175781,-1,-1,-1
55,-1,1685,1149,279,178,0.9921974539756775,-1,-1,-1
55,-1,346,680,248,165,0.9770345687866211,-1,-1,-1
55,-1,1579,1352,473,460,0.746563732624054,-1,-1,-1
56,-1,1685,1149,279,178,0.9921718835830688,-1,-1,-1
56,-1,346,680,248,165,0.976901113986969,-1,-1,-1
56,-1,1578,1352,474,460,0.7324481010437012,-1,-1,-1
57,-1,1685,1149,279,178,0.9921565055847168,-1,-1,-1
57,-1,346,680,248,165,0.9771720767021179,-1,-1,-1
57,-1,1579,1352,473,460,0.7311685681343079,-1,-1,-1
58,-1,1685,1149,279,179,0.9921801090240479,-1,-1,-1
58,-1,346,680,248,165,0.9769101142883301,-1,-1,-1
58,-1,1579,1352,473,460,0.7329087853431702,-1,-1,-1
59,-1,1685,1149,279,179,0.9921720027923584,-1,-1,-1
59,-1,346,680,248,165,0.9768734574317932,-1,-1,-1
59,-1,1579,1352,473,460,0.7354073524475098,-1,-1,-1
60,-1,1685,1149,279,178,0.9921208620071411,-1,-1,-1
60,-1,346,680,248,165,0.9769428968429565,-1,-1,-1
60,-1,1579,1352,473,459,0.7336184978485107,-1,-1,-1
61,-1,1685,1149,279,178,0.9921194314956665,-1,-1,-1
61,-1,347,680,248,166,0.9771694540977478,-1,-1,-1
61,-1,1584,1355,474,462,0.7257791757583618,-1,-1,-1
62,-1,1685,1149,279,178,0.9920957684516907,-1,-1,-1
62,-1,347,680,248,165,0.9767771363258362,-1,-1,-1
62,-1,1578,1352,470,460,0.7168273329734802,-1,-1,-1
63,-1,1685,1149,279,178,0.9921785593032837,-1,-1,-1
63,-1,347,680,248,165,0.9765539169311523,-1,-1,-1
63,-1,1584,1355,475,462,0.7131456136703491,-1,-1,-1
64,-1,1685,1149,279,178,0.9922018051147461,-1,-1,-1
64,-1,347,680,247,165,0.9763147830963135,-1,-1,-1
64,-1,1583,1356,476,452,0.7074478268623352,-1,-1,-1
65,-1,1685,1149,279,178,0.9922034740447998,-1,-1,-1
65,-1,347,680,247,164,0.9758668541908264,-1,-1,-1
65,-1,1583,1356,477,452,0.7110837697982788,-1,-1,-1
66,-1,1685,1149,279,178,0.9922095537185669,-1,-1,-1
66,-1,347,680,248,164,0.9758791327476501,-1,-1,-1
66,-1,1584,1355,476,452,0.7188224792480469,-1,-1,-1
67,-1,1685,1149,279,178,0.9921838641166687,-1,-1,-1
67,-1,347,680,248,165,0.9767321944236755,-1,-1,-1
67,-1,1583,1355,477,453,0.7127935886383057,-1,-1,-1
68,-1,1685,1149,279,178,0.9922006726264954,-1,-1,-1
68,-1,346,680,248,165,0.9773920774459839,-1,-1,-1
68,-1,1583,1355,478,453,0.7151594758033752,-1,-1,-1
69,-1,1685,1149,279,178,0.9922223687171936,-1,-1,-1
69,-1,346,680,248,166,0.9775661826133728,-1,-1,-1
69,-1,1578,1352,470,460,0.7222836017608643,-1,-1,-1
70,-1,1685,1149,279,178,0.9922007918357849,-1,-1,-1
70,-1,346,680,248,165,0.9778940677642822,-1,-1,-1
70,-1,1578,1352,470,460,0.7229408621788025,-1,-1,-1
71,-1,1692,1145,277,183,0.9899818301200867,-1,-1,-1
71,-1,349,680,245,164,0.9766180515289307,-1,-1,-1
71,-1,1585,1354,485,453,0.6208323836326599,-1,-1,-1
72,-1,1693,1145,276,183,0.9898900985717773,-1,-1,-1
72,-1,349,680,244,163,0.977222740650177,-1,-1,-1
72,-1,1585,1354,485,453,0.6397745013237,-1,-1,-1
73,-1,1685,1150,277,178,0.9923804998397827,-1,-1,-1
73,-1,348,679,244,165,0.9791262149810791,-1,-1,-1
73,-1,1587,1353,478,453,0.6776586174964905,-1,-1,-1
74,-1,1685,1150,277,178,0.9923926591873169,-1,-1,-1
74,-1,348,679,244,165,0.9788177609443665,-1,-1,-1
74,-1,1587,1353,479,453,0.6726487874984741,-1,-1,-1
75,-1,1694,1145,275,186,0.9890917539596558,-1,-1,-1
75,-1,348,679,244,165,0.9774237275123596,-1,-1,-1
75,-1,1587,1353,478,453,0.6786953210830688,-1,-1,-1
76,-1,1693,1145,275,186,0.9891691207885742,-1,-1,-1
76,-1,348,679,245,164,0.9771621823310852,-1,-1,-1
76,-1,1587,1353,479,453,0.6915132999420166,-1,-1,-1
77,-1,1693,1145,275,186,0.9891547560691833,-1,-1,-1
77,-1,348,679,245,165,0.9777547717094421,-1,-1,-1
77,-1,1587,1353,479,453,0.6889780759811401,-1,-1,-1
78,-1,1693,1145,276,186,0.9891646504402161,-1,-1,-1
78,-1,348,679,245,165,0.9779586791992188,-1,-1,-1
78,-1,1587,1353,479,453,0.6860631704330444,-1,-1,-1
79,-1,1693,1145,276,186,0.9891858100891113,-1,-1,-1
79,-1,348,679,245,165,0.9785236120223999,-1,-1,-1
79,-1,1586,1353,479,453,0.6848948001861572,-1,-1,-1
80,-1,1693,1145,276,186,0.989189624786377,-1,-1,-1
80,-1,348,679,245,165,0.9796253442764282,-1,-1,-1
80,-1,1586,1353,480,453,0.6808100342750549,-1,-1,-1
81,-1,1693,1145,276,186,0.9891302585601807,-1,-1,-1
81,-1,348,679,245,165,0.9792786836624146,-1,-1,-1
81,-1,1586,1353,479,454,0.6621019244194031,-1,-1,-1
82,-1,1693,1145,276,186,0.9891200065612793,-1,-1,-1
82,-1,348,679,246,165,0.9793581366539001,-1,-1,-1
82,-1,1586,1353,479,454,0.662043035030365,-1,-1,-1
83,-1,1693,1145,276,186,0.9891342520713806,-1,-1,-1
83,-1,348,680,245,165,0.9790219068527222,-1,-1,-1
83,-1,1586,1353,478,453,0.6584240794181824,-1,-1,-1
84,-1,1693,1145,276,186,0.9891129732131958,-1,-1,-1
84,-1,348,680,245,165,0.9787924885749817,-1,-1,-1
84,-1,1587,1353,478,454,0.6722666621208191,-1,-1,-1
85,-1,1693,1145,276,186,0.9889965057373047,-1,-1,-1
85,-1,348,679,245,166,0.9784306883811951,-1,-1,-1
85,-1,1586,1353,481,453,0.660731315612793,-1,-1,-1
86,-1,1693,1145,276,186,0.9889427423477173,-1,-1,-1
86,-1,348,679,245,166,0.9785377979278564,-1,-1,-1
86,-1,1586,1353,480,453,0.6609817743301392,-1,-1,-1
87,-1,1693,1145,276,186,0.9889765381813049,-1,-1,-1
87,-1,348,679,245,166,0.9786010384559631,-1,-1,-1
87,-1,1586,1353,480,453,0.6706041693687439,-1,-1,-1
88,-1,1693,1145,276,186,0.9888912439346313,-1,-1,-1
88,-1,348,679,245,166,0.979138195514679,-1,-1,-1
88,-1,1586,1354,478,453,0.6776599884033203,-1,-1,-1
89,-1,1693,1145,276,186,0.9888293147087097,-1,-1,-1
89,-1,348,679,246,166,0.9794020652770996,-1,-1,-1
89,-1,1586,1354,478,452,0.6808969378471375,-1,-1,-1
90,-1,1693,1145,276,186,0.988903820514679,-1,-1,-1
90,-1,347,679,246,166,0.9797137379646301,-1,-1,-1
90,-1,2243,1302,191,147,0.726624608039856,-1,-1,-1
90,-1,1587,1354,476,453,0.6840969324111938,-1,-1,-1
91,-1,1692,1145,276,186,0.9889060258865356,-1,-1,-1
91,-1,348,679,246,168,0.9797602295875549,-1,-1,-1
91,-1,1586,1354,478,452,0.6626493334770203,-1,-1,-1
92,-1,1692,1145,276,186,0.9888198971748352,-1,-1,-1
92,-1,348,679,246,167,0.9790209531784058,-1,-1,-1
92,-1,2208,1294,188,145,0.7938350439071655,-1,-1,-1
92,-1,1585,1353,477,452,0.6457766890525818,-1,-1,-1
93,-1,1692,1145,276,186,0.9887691736221313,-1,-1,-1
93,-1,348,679,246,167,0.9786706566810608,-1,-1,-1
93,-1,2196,1290,186,147,0.6702098846435547,-1,-1,-1
93,-1,1585,1353,481,453,0.6436678767204285,-1,-1,-1
94,-1,1692,1145,277,186,0.9883649349212646,-1,-1,-1
94,-1,2153,1283,216,156,0.9827103018760681,-1,-1,-1
94,-1,348,679,246,167,0.978434681892395,-1,-1,-1
94,-1,1585,1353,480,452,0.6509246826171875,-1,-1,-1
95,-1,1692,1145,277,186,0.9875940680503845,-1,-1,-1
95,-1,2132,1275,220,155,0.9854610562324524,-1,-1,-1
95,-1,348,679,246,167,0.9786520600318909,-1,-1,-1
95,-1,1585,1354,481,452,0.6305604577064514,-1,-1,-1
96,-1,1692,1145,276,186,0.9878441095352173,-1,-1,-1
96,-1,2104,1269,237,162,0.986068844795227,-1,-1,-1
96,-1,347,679,248,167,0.9800311326980591,-1,-1,-1
96,-1,1586,1354,481,452,0.6398945450782776,-1,-1,-1
97,-1,1692,1145,276,186,0.9870680570602417,-1,-1,-1
97,-1,349,679,245,167,0.9796661734580994,-1,-1,-1
97,-1,2065,1258,259,166,0.9719175696372986,-1,-1,-1
97,-1,1585,1354,482,452,0.6238194108009338,-1,-1,-1
98,-1,1692,1145,275,186,0.9871319532394409,-1,-1,-1
98,-1,348,679,246,166,0.9795859456062317,-1,-1,-1
98,-1,2053,1255,243,167,0.9613829851150513,-1,-1,-1
98,-1,1586,1354,482,452,0.6298918128013611,-1,-1,-1
99,-1,1684,1149,275,178,0.9916653037071228,-1,-1,-1
99,-1,348,679,246,166,0.979977548122406,-1,-1,-1
99,-1,2029,1253,244,159,0.9734199643135071,-1,-1,-1
99,-1,1587,1354,478,452,0.6456427574157715,-1,-1,-1
100,-1,1685,1149,275,178,0.9908307790756226,-1,-1,-1
100,-1,2007,1246,234,161,0.9834383130073547,-1,-1,-1
100,-1,348,679,246,167,0.9799742698669434,-1,-1,-1
100,-1,1586,1355,477,451,0.633763313293457,-1,-1,-1
101,-1,1697,1147,264,178,0.9860333800315857,-1,-1,-1
101,-1,1982,1238,253,169,0.9820793867111206,-1,-1,-1
101,-1,344,680,250,165,0.98134845495224,-1,-1,-1
101,-1,1593,1362,472,449,0.7628654837608337,-1,-1,-1
102,-1,344,680,250,165,0.9811004400253296,-1,-1,-1
102,-1,1703,1149,269,179,0.9807519912719727,-1,-1,-1
102,-1,1952,1233,273,171,0.9778136014938354,-1,-1,-1
102,-1,1594,1361,467,449,0.7818553447723389,-1,-1,-1
103,-1,1913,1221,263,177,0.9830923676490784,-1,-1,-1
103,-1,1686,1149,280,179,0.9807040691375732,-1,-1,-1
103,-1,342,680,254,167,0.9793314933776855,-1,-1,-1
103,-1,1587,1359,476,450,0.7635199427604675,-1,-1,-1
104,-1,1872,1212,279,181,0.9911933541297913,-1,-1,-1
104,-1,342,680,254,167,0.9795540571212769,-1,-1,-1
104,-1,1697,1147,258,171,0.8916710615158081,-1,-1,-1
104,-1,1586,1360,475,450,0.7432839870452881,-1,-1,-1
105,-1,1841,1206,288,190,0.9875965714454651,-1,-1,-1
105,-1,345,679,249,165,0.9807525277137756,-1,-1,-1
105,-1,1597,1361,457,449,0.7436218857765198,-1,-1,-1
105,-1,1676,1147,244,164,0.659134030342102,-1,-1,-1
106,-1,1790,1191,317,195,0.9940590858459473,-1,-1,-1
106,-1,345,679,249,165,0.9811586141586304,-1,-1,-1
106,-1,1597,1362,456,447,0.7590136528015137,-1,-1,-1
107,-1,1774,1177,308,201,0.9950054287910461,-1,-1,-1
107,-1,342,679,254,168,0.9806622862815857,-1,-1,-1
107,-1,1589,1362,474,448,0.7645294070243835,-1,-1,-1
108,-1,1731,1166,320,211,0.9934837222099304,-1,-1,-1
108,-1,342,679,253,167,0.9797506928443909,-1,-1,-1
108,-1,15,1302,1029,616,0.8303350210189819,-1,-1,-1
108,-1,1589,1364,470,447,0.7634642124176025,-1,-1,-1
109,-1,1693,1161,329,216,0.9941352605819702,-1,-1,-1
109,-1,341,680,256,166,0.9787508249282837,-1,-1,-1
109,-1,39,1279,1149,625,0.8465657234191895,-1,-1,-1
109,-1,1598,1371,459,432,0.7808932065963745,-1,-1,-1
110,-1,1604,1152,386,221,0.9847168922424316,-1,-1,-1
110,-1,341,680,256,165,0.9779245853424072,-1,-1,-1
110,-1,206,1270,1105,556,0.9416385889053345,-1,-1,-1
110,-1,1598,1371,458,431,0.7675795555114746,-1,-1,-1
111,-1,1596,1146,369,217,0.9896635413169861,-1,-1,-1
111,-1,488,1263,888,491,0.9804993271827698,-1,-1,-1
111,-1,344,681,252,163,0.9784314036369324,-1,-1,-1
111,-1,1589,1364,458,445,0.8104195594787598,-1,-1,-1
112,-1,1570,1142,394,216,0.9861071109771729,-1,-1,-1
112,-1,343,681,252,163,0.9780204892158508,-1,-1,-1
112,-1,749,1263,742,428,0.9757936000823975,-1,-1,-1
112,-1,1584,1365,463,444,0.8120079636573792,-1,-1,-1
113,-1,901,1259,647,404,0.9866964221000671,-1,-1,-1
113,-1,343,680,253,164,0.9797713160514832,-1,-1,-1
113,-1,1535,1131,437,228,0.9789840579032898,-1,-1,-1
113,-1,1578,1362,466,449,0.8630589842796326,-1,-1,-1
114,-1,1019,1267,588,365,0.988660454750061,-1,-1,-1
114,-1,342,680,254,165,0.9803304076194763,-1,-1,-1
114,-1,1476,1127,495,229,0.9675728678703308,-1,-1,-1
114,-1,1564,1359,481,458,0.8529324531555176,-1,-1,-1
115,-1,1125,1263,515,337,0.9908294677734375,-1,-1,-1
115,-1,342,680,254,164,0.9801368713378906,-1,-1,-1
115,-1,1392,1113,503,237,0.9520118832588196,-1,-1,-1
115,-1,1574,1361,476,449,0.8472729325294495,-1,-1,-1
116,-1,1221,1256,462,328,0.9902082085609436,-1,-1,-1
116,-1,342,680,254,164,0.9798554182052612,-1,-1,-1
116,-1,1343,1101,417,243,0.9715743660926819,-1,-1,-1
116,-1,1718,1149,251,179,0.9689591526985168,-1,-1,-1
116,-1,1571,1367,476,442,0.8179559111595154,-1,-1,-1
117,-1,1303,1265,433,292,0.9890179634094238,-1,-1,-1
117,-1,1707,1150,265,177,0.9879314303398132,-1,-1,-1
117,-1,342,680,254,164,0.9801169037818909,-1,-1,-1
117,-1,1266,1091,461,245,0.9754531979560852,-1,-1,-1
117,-1,1564,1368,489,437,0.781655490398407,-1,-1,-1
118,-1,1712,1150,263,177,0.9819450378417969,-1,-1,-1
118,-1,342,680,254,165,0.9804865121841431,-1,-1,-1
118,-1,1205,1083,467,244,0.9778615832328796,-1,-1,-1
118,-1,1378,1262,485,281,0.9302850365638733,-1,-1,-1
118,-1,1531,1344,503,464,0.8134240508079529,-1,-1,-1
119,-1,1708,1150,267,177,0.9840744733810425,-1,-1,-1
119,-1,1134,1074,502,265,0.9833754897117615,-1,-1,-1
119,-1,342,680,254,164,0.9802928566932678,-1,-1,-1
119,-1,1540,1313,512,496,0.8045206665992737,-1,-1,-1
120,-1,1051,1067,537,283,0.9845665097236633,-1,-1,-1
120,-1,1702,1147,269,180,0.9841055274009705,-1,-1,-1
120,-1,342,680,254,164,0.9802062511444092,-1,-1,-1
120,-1,1585,1366,451,429,0.7286898493766785,-1,-1,-1
121,-1,1698,1148,270,180,0.9788357615470886,-1,-1,-1
121,-1,344,681,251,161,0.9774718880653381,-1,-1,-1
121,-1,956,1052,554,299,0.9765489101409912,-1,-1,-1
122,-1,854,1042,602,317,0.9796643257141113,-1,-1,-1
122,-1,345,681,251,161,0.9767909049987793,-1,-1,-1
122,-1,1698,1148,269,178,0.9734635353088379,-1,-1,-1
122,-1,1571,1330,484,477,0.6070653200149536,-1,-1,-1
123,-1,1702,1149,267,179,0.9803572297096252,-1,-1,-1
123,-1,737,1027,660,345,0.976987361907959,-1,-1,-1
123,-1,345,680,250,162,0.9758563041687012,-1,-1,-1
123,-1,1667,1267,316,193,0.667971670627594,-1,-1,-1
124,-1,613,1018,708,365,0.9761618971824646,-1,-1,-1
124,-1,346,677,240,166,0.9745523929595947,-1,-1,-1
124,-1,1702,1149,267,177,0.973568856716156,-1,-1,-1
124,-1,1703,1272,307,185,0.6084395051002502,-1,-1,-1
125,-1,1701,1147,271,176,0.9775310158729553,-1,-1,-1
125,-1,346,677,241,167,0.9722874164581299,-1,-1,-1
125,-1,452,997,788,399,0.9547700881958008,-1,-1,-1
125,-1,1730,1269,295,190,0.7719126343727112,-1,-1,-1
125,-1,1597,1353,441,441,0.7627357244491577,-1,-1,-1
126,-1,1699,1148,269,172,0.9797296524047852,-1,-1,-1
126,-1,346,677,241,167,0.9700841903686523,-1,-1,-1
126,-1,313,986,828,428,0.968643844127655,-1,-1,-1
126,-1,1766,1271,283,200,0.8410511612892151,-1,-1,-1
126,-1,1600,1359,442,449,0.8053894639015198,-1,-1,-1
127,-1,1693,1148,278,172,0.9833186864852905,-1,-1,-1
127,-1,346,677,241,167,0.9702558517456055,-1,-1,-1
127,-1,109,972,935,464,0.9659125804901123,-1,-1,-1
127,-1,1821,1284,267,193,0.9599485397338867,-1,-1,-1
127,-1,1602,1358,443,447,0.8207330107688904,-1,-1,-1
128,-1,1693,1149,278,174,0.9868789315223694,-1,-1,-1
128,-1,0,955,939,506,0.9688655138015747,-1,-1,-1
128,-1,1861,1291,258,190,0.9687415361404419,-1,-1,-1
128,-1,337,679,257,165,0.9663788080215454,-1,-1,-1
128,-1,1597,1344,466,470,0.7778478264808655,-1,-1,-1
129,-1,1693,1148,276,176,0.9876601099967957,-1,-1,-1
129,-1,337,678,257,165,0.9647586345672607,-1,-1,-1
129,-1,1891,1297,249,184,0.9614806175231934,-1,-1,-1
129,-1,1596,1345,467,466,0.7837453484535217,-1,-1,-1
130,-1,1693,1147,276,177,0.9875002503395081,-1,-1,-1
130,-1,345,676,241,169,0.9688413143157959,-1,-1,-1
130,-1,1924,1298,244,183,0.9655241370201111,-1,-1,-1
130,-1,1595,1349,478,462,0.7361234426498413,-1,-1,-1
131,-1,1695,1148,270,176,0.9873958230018616,-1,-1,-1
131,-1,345,676,242,169,0.9765422344207764,-1,-1,-1
131,-1,1950,1300,287,184,0.9077802896499634,-1,-1,-1
131,-1,1596,1357,446,451,0.7490531206130981,-1,-1,-1
132,-1,1693,1147,274,179,0.9892048835754395,-1,-1,-1
132,-1,345,677,242,167,0.977969765663147,-1,-1,-1
132,-1,1983,1303,272,180,0.7996050715446472,-1,-1,-1
132,-1,1600,1355,439,439,0.746651828289032,-1,-1,-1
133,-1,1696,1147,269,177,0.9882737398147583,-1,-1,-1
133,-1,346,677,241,167,0.9813480377197266,-1,-1,-1
133,-1,2012,1310,252,160,0.7668530941009521,-1,-1,-1
133,-1,1592,1357,454,451,0.7611327171325684,-1,-1,-1
134,-1,1697,1147,269,178,0.9881596565246582,-1,-1,-1
134,-1,346,677,241,166,0.9820380210876465,-1,-1,-1
134,-1,1592,1356,455,451,0.7511032223701477,-1,-1,-1
135,-1,1697,1147,269,178,0.9884812831878662,-1,-1,-1
135,-1,2064,1314,214,174,0.9874038696289062,-1,-1,-1
135,-1,346,677,241,166,0.9821507930755615,-1,-1,-1
135,-1,1593,1356,457,451,0.7536334991455078,-1,-1,-1
136,-1,2080,1320,216,166,0.9933443069458008,-1,-1,-1
136,-1,1697,1147,269,178,0.9883558750152588,-1,-1,-1
136,-1,344,679,251,166,0.9821729063987732,-1,-1,-1
136,-1,1591,1356,457,451,0.7555450201034546,-1,-1,-1
137,-1,2103,1316,218,173,0.9919514656066895,-1,-1,-1
137,-1,1697,1147,270,178,0.9885326623916626,-1,-1,-1
137,-1,346,677,242,167,0.9819822311401367,-1,-1,-1
137,-1,1591,1356,458,452,0.7512481212615967,-1,-1,-1
138,-1,2127,1323,216,168,0.992478609085083,-1,-1,-1
138,-1,1697,1147,270,178,0.9886744618415833,-1,-1,-1
138,-1,345,677,242,166,0.9821273684501648,-1,-1,-1
138,-1,1591,1356,459,452,0.7451615333557129,-1,-1,-1
139,-1,1693,1146,275,181,0.9890841841697693,-1,-1,-1
139,-1,345,677,241,166,0.9818441271781921,-1,-1,-1
139,-1,2170,1338,191,151,0.9789299964904785,-1,-1,-1
139,-1,1592,1356,461,453,0.7425625920295715,-1,-1,-1
140,-1,1693,1146,275,181,0.9896710515022278,-1,-1,-1
140,-1,344,679,251,166,0.9820032715797424,-1,-1,-1
140,-1,2196,1345,191,144,0.9666540026664734,-1,-1,-1
140,-1,1592,1355,463,453,0.7403721213340759,-1,-1,-1
141,-1,1697,1149,274,179,0.9907321333885193,-1,-1,-1
141,-1,343,679,253,166,0.9824903607368469,-1,-1,-1
141,-1,2203,1346,205,145,0.8847509026527405,-1,-1,-1
141,-1,1591,1355,469,454,0.7640816569328308,-1,-1,-1
142,-1,1696,1149,274,179,0.9908615350723267,-1,-1,-1
142,-1,343,679,253,166,0.9825580716133118,-1,-1,-1
142,-1,2236,1353,189,138,0.8340466618537903,-1,-1,-1
142,-1,1590,1356,470,454,0.7412678003311157,-1,-1,-1
143,-1,1696,1149,274,179,0.9906958341598511,-1,-1,-1
143,-1,344,679,253,166,0.9826818704605103,-1,-1,-1
143,-1,2258,1360,179,127,0.7816435694694519,-1,-1,-1
143,-1,1587,1352,488,465,0.6871829032897949,-1,-1,-1
144,-1,1696,1149,275,180,0.9907646179199219,-1,-1,-1
144,-1,345,679,250,166,0.9818259477615356,-1,-1,-1
144,-1,2277,1363,187,135,0.9410859942436218,-1,-1,-1
145,-1,1691,1146,278,182,0.9900642037391663,-1,-1,-1
145,-1,342,679,254,165,0.9821938276290894,-1,-1,-1
145,-1,2298,1365,189,138,0.9387158751487732,-1,-1,-1
146,-1,1691,1146,278,182,0.9901335835456848,-1,-1,-1
146,-1,342,679,254,165,0.9821959733963013,-1,-1,-1
146,-1,2317,1365,189,139,0.9507291913032532,-1,-1,-1
147,-1,1691,1146,278,182,0.9901368618011475,-1,-1,-1
147,-1,342,679,254,165,0.9822977781295776,-1,-1,-1
147,-1,2332,1369,183,137,0.707450807094574,-1,-1,-1
148,-1,1691,1146,278,182,0.9901706576347351,-1,-1,-1
148,-1,342,679,254,165,0.9822544455528259,-1,-1,-1
148,-1,2347,1373,179,128,0.6233039498329163,-1,-1,-1
149,-1,1691,1146,278,182,0.9903192520141602,-1,-1,-1
149,-1,342,679,253,166,0.9826231002807617,-1,-1,-1
150,-1,1691,1146,278,182,0.9904288053512573,-1,-1,-1
150,-1,342,679,253,166,0.9825516939163208,-1,-1,-1
150,-1,1585,1352,499,469,0.6070073246955872,-1,-1,-1
151,-1,1690,1145,278,183,0.9902910590171814,-1,-1,-1
151,-1,342,679,253,167,0.9810832142829895,-1,-1,-1
151,-1,1586,1352,485,469,0.6654960513114929,-1,-1,-1
152,-1,1690,1145,277,183,0.9900978803634644,-1,-1,-1
152,-1,341,679,255,166,0.9797394871711731,-1,-1,-1
152,-1,1592,1356,463,454,0.7494747638702393,-1,-1,-1
153,-1,1691,1145,277,183,0.9900347590446472,-1,-1,-1
153,-1,341,679,255,166,0.9799490571022034,-1,-1,-1
153,-1,1592,1357,464,453,0.7814785242080688,-1,-1,-1
154,-1,1691,1145,277,183,0.9896745085716248,-1,-1,-1
154,-1,343,679,252,167,0.9816137552261353,-1,-1,-1
154,-1,1591,1357,464,452,0.800609827041626,-1,-1,-1
155,-1,1691,1145,277,183,0.9896144270896912,-1,-1,-1
155,-1,341,679,255,165,0.9798853993415833,-1,-1,-1
155,-1,1585,1353,466,459,0.8030610680580139,-1,-1,-1
156,-1,1691,1145,277,183,0.9896430969238281,-1,-1,-1
156,-1,341,679,255,165,0.9799802303314209,-1,-1,-1
156,-1,1585,1353,465,459,0.803713321685791,-1,-1,-1
157,-1,1689,1145,278,183,0.9901331663131714,-1,-1,-1
157,-1,345,680,251,165,0.980476975440979,-1,-1,-1
157,-1,1586,1354,465,459,0.8009596467018127,-1,-1,-1
158,-1,1689,1145,278,183,0.9900088310241699,-1,-1,-1
158,-1,345,680,251,165,0.9803687930107117,-1,-1,-1
158,-1,1585,1354,465,459,0.7870726585388184,-1,-1,-1
159,-1,1689,1145,278,183,0.9900588393211365,-1,-1,-1
159,-1,344,680,252,166,0.9805976748466492,-1,-1,-1
159,-1,1585,1354,464,459,0.7885434031486511,-1,-1,-1
160,-1,1690,1145,278,183,0.9900946021080017,-1,-1,-1
160,-1,344,680,251,166,0.980542778968811,-1,-1,-1
160,-1,1585,1354,464,459,0.7916275262832642,-1,-1,-1
161,-1,1701,1150,272,178,0.9887608885765076,-1,-1,-1
161,-1,342,679,252,168,0.9819344282150269,-1,-1,-1
161,-1,1578,1351,466,461,0.7607194185256958,-1,-1,-1
162,-1,1693,1146,274,182,0.9889271259307861,-1,-1,-1
162,-1,343,679,252,168,0.9819061756134033,-1,-1,-1
162,-1,1577,1350,466,462,0.76130610704422,-1,-1,-1
163,-1,1693,1146,274,182,0.9891930222511292,-1,-1,-1
163,-1,342,679,252,168,0.9819381237030029,-1,-1,-1
163,-1,1578,1351,466,461,0.7603083252906799,-1,-1,-1
164,-1,1693,1146,274,182,0.9892917275428772,-1,-1,-1
164,-1,342,679,252,168,0.9819452166557312,-1,-1,-1
164,-1,1577,1350,467,462,0.7520648241043091,-1,-1,-1
165,-1,1693,1146,274,182,0.9891512393951416,-1,-1,-1
165,-1,342,679,253,168,0.9821281433105469,-1,-1,-1
165,-1,1575,1350,467,462,0.7592867612838745,-1,-1,-1
166,-1,1692,1146,274,182,0.989924430847168,-1,-1,-1
166,-1,342,679,253,169,0.9823248386383057,-1,-1,-1
166,-1,1576,1351,467,462,0.7662968039512634,-1,-1,-1
167,-1,1693,1146,274,182,0.9897148013114929,-1,-1,-1
167,-1,342,678,253,169,0.9824984073638916,-1,-1,-1
167,-1,1575,1351,467,462,0.7745746374130249,-1,-1,-1
168,-1,1693,1146,274,182,0.9898694157600403,-1,-1,-1
168,-1,342,678,252,169,0.982546865940094,-1,-1,-1
168,-1,1574,1351,469,462,0.7719703316688538,-1,-1,-1
169,-1,1686,1150,276,177,0.9914836287498474,-1,-1,-1
169,-1,342,678,253,168,0.9815673232078552,-1,-1,-1
169,-1,1583,1356,464,453,0.7485594749450684,-1,-1,-1
170,-1,1686,1150,276,177,0.9915220737457275,-1,-1,-1
170,-1,342,678,253,168,0.9814574122428894,-1,-1,-1
170,-1,1584,1357,464,453,0.7531800866127014,-1,-1,-1
171,-1,1696,1147,270,178,0.9888687133789062,-1,-1,-1
171,-1,344,678,250,167,0.981075644493103,-1,-1,-1
171,-1,1579,1351,463,461,0.7657917737960815,-1,-1,-1
172,-1,1696,1147,270,178,0.9887800216674805,-1,-1,-1
172,-1,344,678,250,167,0.9810429811477661,-1,-1,-1
172,-1,1578,1351,462,461,0.77190762758255,-1,-1,-1
173,-1,1697,1148,270,178,0.9886900782585144,-1,-1,-1
173,-1,344,678,250,167,0.9808433651924133,-1,-1,-1
173,-1,1577,1350,462,462,0.7771104574203491,-1,-1,-1
174,-1,1697,1148,270,178,0.9886828064918518,-1,-1,-1
174,-1,344,678,250,167,0.9808359146118164,-1,-1,-1
174,-1,1577,1350,462,462,0.7617442607879639,-1,-1,-1
175,-1,1697,1148,269,178,0.988754391670227,-1,-1,-1
175,-1,344,678,250,167,0.9806393980979919,-1,-1,-1
175,-1,1577,1350,462,462,0.7575822472572327,-1,-1,-1
176,-1,1697,1148,269,178,0.9888097643852234,-1,-1,-1
176,-1,344,679,250,167,0.9806931614875793,-1,-1,-1
176,-1,1578,1351,461,462,0.7553042769432068,-1,-1,-1
177,-1,1695,1147,275,184,0.9886073470115662,-1,-1,-1
177,-1,343,679,254,166,0.9795921444892883,-1,-1,-1
177,-1,1576,1351,463,462,0.7493360638618469,-1,-1,-1
178,-1,1703,1150,271,177,0.9885772466659546,-1,-1,-1
178,-1,343,679,254,167,0.9799547791481018,-1,-1,-1
178,-1,1587,1358,461,451,0.7378252148628235,-1,-1,-1
179,-1,1696,1147,274,184,0.988515317440033,-1,-1,-1
179,-1,343,679,253,167,0.9795916676521301,-1,-1,-1
179,-1,1587,1358,460,451,0.7286624312400818,-1,-1,-1
180,-1,1704,1150,270,177,0.9885529279708862,-1,-1,-1
180,-1,343,679,253,167,0.9798734188079834,-1,-1,-1
180,-1,1586,1358,461,451,0.7282459139823914,-1,-1,-1
181,-1,1699,1147,269,179,0.989483654499054,-1,-1,-1
181,-1,345,679,249,166,0.9791472554206848,-1,-1,-1
181,-1,1584,1356,462,453,0.7175297737121582,-1,-1,-1
182,-1,1699,1147,269,179,0.989388108253479,-1,-1,-1
182,-1,345,679,248,166,0.9787580370903015,-1,-1,-1
182,-1,1583,1356,463,453,0.7128753066062927,-1,-1,-1
183,-1,1699,1147,269,179,0.9894828200340271,-1,-1,-1
183,-1,345,679,248,166,0.9788625240325928,-1,-1,-1
183,-1,1584,1356,462,453,0.7107106447219849,-1,-1,-1
184,-1,1699,1147,269,179,0.9894872903823853,-1,-1,-1
184,-1,345,679,249,166,0.9788765907287598,-1,-1,-1
184,-1,1584,1356,462,453,0.7058215141296387,-1,-1,-1
185,-1,1699,1147,269,179,0.9894610047340393,-1,-1,-1
185,-1,345,679,248,166,0.9790913462638855,-1,-1,-1
185,-1,2321,1327,175,126,0.8379436135292053,-1,-1,-1
185,-1,1584,1356,462,453,0.7077524662017822,-1,-1,-1
186,-1,1699,1147,269,179,0.989425539970398,-1,-1,-1
186,-1,345,679,248,166,0.9786460995674133,-1,-1,-1
186,-1,2308,1328,174,121,0.9062157273292542,-1,-1,-1
186,-1,1583,1355,462,453,0.7023672461509705,-1,-1,-1
187,-1,1699,1147,269,179,0.9893574118614197,-1,-1,-1
187,-1,345,679,248,166,0.9787583351135254,-1,-1,-1
187,-1,2297,1324,164,120,0.9193558096885681,-1,-1,-1
187,-1,1582,1355,463,453,0.6915109157562256,-1,-1,-1
188,-1,1699,1147,269,179,0.9893960356712341,-1,-1,-1
188,-1,345,679,248,166,0.9783874750137329,-1,-1,-1
188,-1,2284,1323,159,117,0.9059461355209351,-1,-1,-1
188,-1,1582,1355,463,453,0.688943088054657,-1,-1,-1
189,-1,1699,1147,269,179,0.9893587827682495,-1,-1,-1
189,-1,346,679,247,165,0.9776968955993652,-1,-1,-1
189,-1,2266,1320,159,121,0.8827945590019226,-1,-1,-1
189,-1,1582,1355,462,453,0.6940012574195862,-1,-1,-1
190,-1,1699,1147,269,179,0.9894511103630066,-1,-1,-1
190,-1,346,679,247,165,0.9778673648834229,-1,-1,-1
190,-1,2255,1314,163,125,0.8681515455245972,-1,-1,-1
190,-1,1583,1355,462,453,0.7008790969848633,-1,-1,-1
191,-1,1699,1147,269,179,0.9893990755081177,-1,-1,-1
191,-1,345,679,247,165,0.9771721959114075,-1,-1,-1
191,-1,2242,1310,165,128,0.9144866466522217,-1,-1,-1
191,-1,1584,1356,461,453,0.7161194682121277,-1,-1,-1
192,-1,1699,1147,269,179,0.9892116785049438,-1,-1,-1
192,-1,346,679,247,165,0.9777318835258484,-1,-1,-1
192,-1,2224,1306,169,132,0.8916720151901245,-1,-1,-1
192,-1,1583,1355,462,453,0.7024810910224915,-1,-1,-1
193,-1,1699,1147,270,179,0.9890329837799072,-1,-1,-1
193,-1,346,679,247,165,0.9767667055130005,-1,-1,-1
193,-1,2203,1295,178,144,0.9121275544166565,-1,-1,-1
193,-1,1585,1356,460,453,0.7138708829879761,-1,-1,-1
194,-1,1699,1147,269,179,0.9888486862182617,-1,-1,-1
194,-1,346,679,247,165,0.9773809909820557,-1,-1,-1
194,-1,2193,1293,174,142,0.913707435131073,-1,-1,-1
194,-1,1584,1355,461,453,0.7017044425010681,-1,-1,-1
195,-1,1699,1147,270,178,0.9888026118278503,-1,-1,-1
195,-1,346,679,247,165,0.9767559766769409,-1,-1,-1
195,-1,2151,1296,196,140,0.8722127079963684,-1,-1,-1
195,-1,1584,1356,462,453,0.6989396810531616,-1,-1,-1
196,-1,1704,1150,269,177,0.9872623085975647,-1,-1,-1
196,-1,346,679,247,165,0.977286696434021,-1,-1,-1
196,-1,2135,1284,203,144,0.9541174173355103,-1,-1,-1
196,-1,1585,1356,461,453,0.7151488661766052,-1,-1,-1
197,-1,1704,1150,269,177,0.9873150587081909,-1,-1,-1
197,-1,2119,1281,205,143,0.9785056114196777,-1,-1,-1
197,-1,346,679,247,166,0.9774059653282166,-1,-1,-1
197,-1,1585,1356,460,452,0.713760495185852,-1,-1,-1
198,-1,1699,1148,267,178,0.9873282313346863,-1,-1,-1
198,-1,346,679,247,165,0.9774248600006104,-1,-1,-1
198,-1,2094,1274,207,147,0.956977367401123,-1,-1,-1
198,-1,1585,1356,460,452,0.707199215888977,-1,-1,-1
199,-1,1698,1148,267,178,0.9871680736541748,-1,-1,-1
199,-1,346,679,247,165,0.9770892262458801,-1,-1,-1
199,-1,2070,1266,214,156,0.9732909798622131,-1,-1,-1
199,-1,1585,1357,461,452,0.6988154053688049,-1,-1,-1
200,-1,1704,1150,268,177,0.9866880774497986,-1,-1,-1
200,-1,2045,1262,199,150,0.9832628965377808,-1,-1,-1
200,-1,346,679,247,165,0.9768604040145874,-1,-1,-1
200,-1,1586,1357,459,451,0.6996771097183228,-1,-1,-1
201,-1,1697,1149,267,177,0.9863320589065552,-1,-1,-1
201,-1,343,679,251,167,0.9800946712493896,-1,-1,-1
201,-1,2027,1257,221,156,0.9645967483520508,-1,-1,-1
201,-1,1582,1355,469,461,0.7293515801429749,-1,-1,-1
202,-1,1696,1148,267,178,0.9853357672691345,-1,-1,-1
202,-1,343,679,251,167,0.9803712964057922,-1,-1,-1
202,-1,2011,1253,239,162,0.9597519040107727,-1,-1,-1
202,-1,1582,1355,467,461,0.730125904083252,-1,-1,-1
203,-1,1702,1151,268,176,0.9847031235694885,-1,-1,-1
203,-1,343,679,252,168,0.9813841581344604,-1,-1,-1
203,-1,1970,1247,259,162,0.9424631595611572,-1,-1,-1
203,-1,1582,1356,467,460,0.732580304145813,-1,-1,-1
204,-1,344,679,250,168,0.9816344380378723,-1,-1,-1
204,-1,1704,1151,271,177,0.97995525598526,-1,-1,-1
204,-1,1960,1244,231,161,0.9589092135429382,-1,-1,-1
204,-1,1572,1352,476,466,0.7342826724052429,-1,-1,-1
205,-1,1689,1149,279,177,0.9859083294868469,-1,-1,-1
205,-1,1914,1235,244,168,0.981715977191925,-1,-1,-1
205,-1,344,678,251,167,0.9811367392539978,-1,-1,-1
205,-1,1581,1357,474,460,0.6952159404754639,-1,-1,-1
206,-1,1884,1226,253,171,0.9896480441093445,-1,-1,-1
206,-1,343,678,251,166,0.9802632927894592,-1,-1,-1
206,-1,1694,1148,269,175,0.9491140842437744,-1,-1,-1
206,-1,1581,1357,474,460,0.6993669271469116,-1,-1,-1
207,-1,1847,1219,266,177,0.9809074997901917,-1,-1,-1
207,-1,343,679,251,167,0.9804815649986267,-1,-1,-1
207,-1,1692,1147,250,169,0.8227747082710266,-1,-1,-1
207,-1,1582,1357,475,461,0.7041668891906738,-1,-1,-1
208,-1,1827,1213,261,179,0.9939879179000854,-1,-1,-1
208,-1,344,679,251,167,0.9804091453552246,-1,-1,-1
208,-1,1677,1148,233,158,0.7792368531227112,-1,-1,-1
208,-1,1583,1359,475,458,0.7074522376060486,-1,-1,-1
209,-1,1787,1203,274,188,0.9935787916183472,-1,-1,-1
209,-1,344,679,251,167,0.9809010624885559,-1,-1,-1
209,-1,1583,1359,470,458,0.6907598376274109,-1,-1,-1
210,-1,1753,1194,280,190,0.9939676523208618,-1,-1,-1
210,-1,344,679,251,167,0.9808778762817383,-1,-1,-1
210,-1,1583,1360,468,456,0.6842184066772461,-1,-1,-1
211,-1,1716,1182,290,196,0.9899513125419617,-1,-1,-1
211,-1,344,678,251,167,0.9812597632408142,-1,-1,-1
211,-1,1591,1364,455,447,0.6882002949714661,-1,-1,-1
212,-1,1655,1162,314,209,0.9826337695121765,-1,-1,-1
212,-1,344,678,251,167,0.9814220666885376,-1,-1,-1
212,-1,1578,1359,469,455,0.6799381375312805,-1,-1,-1
213,-1,1596,1154,350,214,0.9857585430145264,-1,-1,-1
213,-1,344,678,251,167,0.981626033782959,-1,-1,-1
213,-1,1592,1363,452,447,0.7072076201438904,-1,-1,-1
214,-1,343,679,251,167,0.9809366464614868,-1,-1,-1
214,-1,1557,1157,394,212,0.9571689963340759,-1,-1,-1
214,-1,1576,1359,472,456,0.7253194451332092,-1,-1,-1
215,-1,344,678,251,167,0.9808105826377869,-1,-1,-1
215,-1,1511,1152,421,214,0.9133090972900391,-1,-1,-1
215,-1,1590,1361,455,449,0.7391064763069153,-1,-1,-1
216,-1,344,678,251,167,0.9808025360107422,-1,-1,-1
216,-1,1602,1147,357,201,0.8515473008155823,-1,-1,-1
216,-1,1589,1360,458,451,0.7413312792778015,-1,-1,-1
216,-1,1456,1140,399,213,0.6470798850059509,-1,-1,-1
217,-1,342,678,255,167,0.9792181253433228,-1,-1,-1
217,-1,1407,1137,367,211,0.9379587769508362,-1,-1,-1
217,-1,1705,1148,262,177,0.8895564675331116,-1,-1,-1
217,-1,1582,1358,467,452,0.7462524771690369,-1,-1,-1
218,-1,1721,1148,247,180,0.9840865731239319,-1,-1,-1
218,-1,1350,1123,377,220,0.9799687266349792,-1,-1,-1
218,-1,345,676,242,167,0.9791841506958008,-1,-1,-1
218,-1,1579,1357,472,454,0.7221013307571411,-1,-1,-1
219,-1,1707,1150,266,179,0.9889287352561951,-1,-1,-1
219,-1,1311,1120,381,223,0.98026442527771,-1,-1,-1
219,-1,345,676,242,167,0.9786438345909119,-1,-1,-1
219,-1,1578,1358,475,460,0.6977843046188354,-1,-1,-1
220,-1,1704,1147,262,179,0.989166796207428,-1,-1,-1
220,-1,1237,1111,410,228,0.9847216010093689,-1,-1,-1
220,-1,345,676,242,167,0.9789323210716248,-1,-1,-1
220,-1,1578,1357,476,461,0.6914405822753906,-1,-1,-1
221,-1,1708,1150,265,178,0.9879928827285767,-1,-1,-1
221,-1,1139,1099,461,243,0.9830122590065002,-1,-1,-1
221,-1,343,677,250,167,0.9797735810279846,-1,-1,-1
221,-1,1572,1351,484,464,0.6348058581352234,-1,-1,-1
222,-1,1692,1150,273,177,0.990079402923584,-1,-1,-1
222,-1,1078,1088,465,254,0.9863485097885132,-1,-1,-1
222,-1,343,677,251,167,0.979681134223938,-1,-1,-1
222,-1,1571,1350,484,465,0.6357921361923218,-1,-1,-1
223,-1,1690,1150,274,177,0.9924424886703491,-1,-1,-1
223,-1,1013,1079,485,264,0.9849157333374023,-1,-1,-1
223,-1,343,678,251,167,0.9800839424133301,-1,-1,-1
223,-1,1570,1350,487,464,0.6274479627609253,-1,-1,-1
224,-1,1691,1146,276,182,0.9895809888839722,-1,-1,-1
224,-1,953,1074,501,273,0.9847449660301208,-1,-1,-1
224,-1,341,678,252,167,0.9799984097480774,-1,-1,-1
224,-1,1570,1350,486,466,0.6110782623291016,-1,-1,-1
225,-1,1689,1145,278,182,0.9899678230285645,-1,-1,-1
225,-1,342,678,252,167,0.9793971180915833,-1,-1,-1
225,-1,819,1057,550,294,0.9782713055610657,-1,-1,-1
226,-1,1689,1145,278,182,0.9897199273109436,-1,-1,-1
226,-1,342,678,252,167,0.9790730476379395,-1,-1,-1
226,-1,725,1044,585,314,0.9715489149093628,-1,-1,-1
227,-1,1690,1146,277,182,0.9895776510238647,-1,-1,-1
227,-1,342,678,252,167,0.9791592359542847,-1,-1,-1
227,-1,588,1039,626,329,0.9756438136100769,-1,-1,-1
228,-1,1690,1146,277,182,0.9898158311843872,-1,-1,-1
228,-1,341,677,252,168,0.9768803119659424,-1,-1,-1
228,-1,413,1019,730,363,0.962890088558197,-1,-1,-1
229,-1,1696,1147,270,178,0.9895524382591248,-1,-1,-1
229,-1,342,677,252,169,0.9756727814674377,-1,-1,-1
229,-1,276,1013,755,379,0.966386079788208,-1,-1,-1
229,-1,1578,1349,479,466,0.6392867565155029,-1,-1,-1
230,-1,1696,1147,270,178,0.9898557662963867,-1,-1,-1
230,-1,342,676,252,170,0.9744622111320496,-1,-1,-1
230,-1,79,1001,828,407,0.9654641151428223,-1,-1,-1
230,-1,1578,1349,480,466,0.6357839703559875,-1,-1,-1
231,-1,1690,1146,277,181,0.9897451996803284,-1,-1,-1
231,-1,340,679,255,167,0.9730626940727234,-1,-1,-1
231,-1,0,983,813,436,0.9371499419212341,-1,-1,-1
231,-1,1578,1358,467,454,0.7182015180587769,-1,-1,-1
232,-1,1690,1146,277,181,0.9898982644081116,-1,-1,-1
232,-1,340,678,255,168,0.9689494371414185,-1,-1,-1
232,-1,0,938,708,490,0.7313408255577087,-1,-1,-1
232,-1,1578,1358,466,454,0.7254667282104492,-1,-1,-1
233,-1,1690,1146,277,181,0.9899510741233826,-1,-1,-1
233,-1,340,679,255,166,0.972626268863678,-1,-1,-1
233,-1,1577,1357,466,454,0.7224928736686707,-1,-1,-1
234,-1,1691,1146,277,181,0.9898959398269653,-1,-1,-1
234,-1,341,676,249,170,0.9773499369621277,-1,-1,-1
234,-1,1585,1354,469,454,0.7157971262931824,-1,-1,-1
235,-1,1695,1147,271,178,0.9898348450660706,-1,-1,-1
235,-1,341,680,254,165,0.9782986044883728,-1,-1,-1
235,-1,1583,1354,471,454,0.7025949358940125,-1,-1,-1
236,-1,1695,1147,271,178,0.9898040294647217,-1,-1,-1
236,-1,342,678,250,166,0.9794057011604309,-1,-1,-1
236,-1,1584,1354,470,454,0.7011575102806091,-1,-1,-1
237,-1,1695,1147,271,178,0.989815354347229,-1,-1,-1
237,-1,342,678,250,166,0.9796294569969177,-1,-1,-1
237,-1,1583,1354,469,454,0.7053231000900269,-1,-1,-1
238,-1,1693,1146,277,184,0.9892910122871399,-1,-1,-1
238,-1,341,680,253,164,0.9797490239143372,-1,-1,-1
238,-1,1583,1354,471,454,0.7176246643066406,-1,-1,-1
239,-1,1693,1146,277,184,0.9893233180046082,-1,-1,-1
239,-1,342,678,250,166,0.9797666072845459,-1,-1,-1
239,-1,1584,1354,470,454,0.7314437031745911,-1,-1,-1
240,-1,1693,1146,277,184,0.9893067479133606,-1,-1,-1
240,-1,342,678,250,166,0.9795610308647156,-1,-1,-1
240,-1,1577,1350,471,460,0.7652803063392639,-1,-1,-1
241,-1,1695,1147,273,178,0.9892439842224121,-1,-1,-1
241,-1,345,679,247,166,0.9830801486968994,-1,-1,-1
241,-1,1581,1354,470,453,0.7055427432060242,-1,-1,-1
242,-1,1695,1147,273,178,0.9893013834953308,-1,-1,-1
242,-1,346,679,246,166,0.9827718138694763,-1,-1,-1
242,-1,1582,1354,470,453,0.7089179754257202,-1,-1,-1
243,-1,1695,1147,273,178,0.9892776012420654,-1,-1,-1
243,-1,346,679,246,165,0.9827384352684021,-1,-1,-1
243,-1,1578,1353,477,462,0.7069738507270813,-1,-1,-1
244,-1,1695,1147,273,178,0.9892982244491577,-1,-1,-1
244,-1,345,679,246,166,0.983004093170166,-1,-1,-1
244,-1,1583,1354,470,453,0.7086039781570435,-1,-1,-1
245,-1,1695,1147,273,178,0.9892799258232117,-1,-1,-1
245,-1,346,679,246,166,0.9827154874801636,-1,-1,-1
245,-1,1583,1354,469,453,0.7174015045166016,-1,-1,-1
246,-1,1695,1147,273,178,0.989470362663269,-1,-1,-1
246,-1,345,678,247,166,0.9833980798721313,-1,-1,-1
246,-1,1583,1354,468,453,0.7272524237632751,-1,-1,-1
247,-1,1696,1147,273,178,0.9894593954086304,-1,-1,-1
247,-1,345,678,247,166,0.9835420846939087,-1,-1,-1
247,-1,1582,1354,470,453,0.7202850580215454,-1,-1,-1
248,-1,1696,1147,273,178,0.9894518256187439,-1,-1,-1
248,-1,346,678,247,166,0.9836597442626953,-1,-1,-1
248,-1,1582,1354,470,453,0.7168191075325012,-1,-1,-1
249,-1,1696,1147,273,178,0.9894096851348877,-1,-1,-1
249,-1,345,678,248,166,0.9838647842407227,-1,-1,-1
249,-1,1582,1354,469,453,0.726232647895813,-1,-1,-1
250,-1,1696,1147,273,178,0.989395797252655,-1,-1,-1
250,-1,345,678,247,166,0.9839240908622742,-1,-1,-1
250,-1,1582,1354,470,453,0.7181369662284851,-1,-1,-1
251,-1,1692,1148,276,178,0.98945552110672,-1,-1,-1
251,-1,345,678,248,167,0.9834981560707092,-1,-1,-1
251,-1,1581,1353,468,454,0.7040975093841553,-1,-1,-1
252,-1,1692,1148,276,178,0.9894004464149475,-1,-1,-1
252,-1,345,678,248,167,0.9836249351501465,-1,-1,-1
252,-1,1581,1354,468,452,0.7090694308280945,-1,-1,-1
253,-1,1692,1148,275,178,0.9892753958702087,-1,-1,-1
253,-1,345,676,239,168,0.9832384586334229,-1,-1,-1
253,-1,1580,1353,471,453,0.6722927689552307,-1,-1,-1
254,-1,1692,1148,276,178,0.9892879724502563,-1,-1,-1
254,-1,346,676,239,168,0.9833320379257202,-1,-1,-1
254,-1,1580,1353,472,454,0.6780914068222046,-1,-1,-1
255,-1,1696,1147,273,178,0.9893430471420288,-1,-1,-1
255,-1,345,678,247,166,0.9831668734550476,-1,-1,-1
255,-1,1579,1352,472,455,0.6783509254455566,-1,-1,-1
256,-1,1696,1147,273,178,0.9894242882728577,-1,-1,-1
256,-1,345,678,247,167,0.9833942651748657,-1,-1,-1
256,-1,1580,1352,471,455,0.6978164911270142,-1,-1,-1
257,-1,1696,1147,273,178,0.9893814325332642,-1,-1,-1
257,-1,345,678,247,167,0.9834834337234497,-1,-1,-1
257,-1,1580,1352,472,455,0.6848611831665039,-1,-1,-1
258,-1,1692,1148,276,178,0.9893948435783386,-1,-1,-1
258,-1,345,678,247,167,0.9834068417549133,-1,-1,-1
258,-1,1580,1352,472,455,0.6819949746131897,-1,-1,-1
259,-1,1692,1148,276,178,0.9893707036972046,-1,-1,-1
259,-1,346,678,247,167,0.9836190342903137,-1,-1,-1
259,-1,1580,1353,472,454,0.6854496598243713,-1,-1,-1
260,-1,1692,1148,276,178,0.9893789887428284,-1,-1,-1
260,-1,346,676,239,168,0.9834902286529541,-1,-1,-1
260,-1,1580,1353,472,454,0.6841405630111694,-1,-1,-1
261,-1,1692,1148,276,178,0.989373505115509,-1,-1,-1
261,-1,346,676,239,168,0.9831961393356323,-1,-1,-1
261,-1,1580,1353,472,455,0.6893861889839172,-1,-1,-1
262,-1,1696,1147,274,178,0.9893634915351868,-1,-1,-1
262,-1,346,676,239,168,0.9833126664161682,-1,-1,-1
262,-1,1580,1353,472,455,0.6944867372512817,-1,-1,-1
263,-1,1696,1147,274,178,0.9893581867218018,-1,-1,-1
263,-1,346,676,239,168,0.9833382368087769,-1,-1,-1
263,-1,1580,1353,472,455,0.6951422095298767,-1,-1,-1
264,-1,1695,1147,274,178,0.9893715381622314,-1,-1,-1
264,-1,346,676,239,168,0.9832878708839417,-1,-1,-1
264,-1,1580,1353,471,455,0.6953369975090027,-1,-1,-1
265,-1,1695,1147,274,178,0.9894899725914001,-1,-1,-1
265,-1,346,676,238,168,0.9837259650230408,-1,-1,-1
265,-1,1581,1353,468,455,0.700939416885376,-1,-1,-1
266,-1,1695,1147,274,178,0.9895199537277222,-1,-1,-1
266,-1,346,676,239,168,0.9837366938591003,-1,-1,-1
266,-1,1582,1353,468,454,0.6982318758964539,-1,-1,-1
267,-1,1695,1147,274,178,0.9895129799842834,-1,-1,-1
267,-1,346,676,239,168,0.9838359951972961,-1,-1,-1
267,-1,1582,1353,468,454,0.698043942451477,-1,-1,-1
268,-1,1695,1147,274,178,0.9895172715187073,-1,-1,-1
268,-1,346,676,239,168,0.9837289452552795,-1,-1,-1
268,-1,1582,1353,469,454,0.6933704614639282,-1,-1,-1
269,-1,1695,1147,274,178,0.9895069003105164,-1,-1,-1
269,-1,346,676,238,168,0.9836663007736206,-1,-1,-1
269,-1,1582,1353,469,455,0.6953646540641785,-1,-1,-1
270,-1,1695,1147,274,178,0.9894794821739197,-1,-1,-1
270,-1,346,676,238,168,0.9836580157279968,-1,-1,-1
270,-1,1581,1353,469,454,0.6922175288200378,-1,-1,-1
271,-1,1692,1146,276,181,0.9889931082725525,-1,-1,-1
271,-1,349,679,244,169,0.9837822318077087,-1,-1,-1
271,-1,1579,1352,474,455,0.6720920205116272,-1,-1,-1
272,-1,1693,1147,276,184,0.9888418912887573,-1,-1,-1
272,-1,348,677,238,167,0.9830153584480286,-1,-1,-1
272,-1,1575,1356,467,453,0.6825069785118103,-1,-1,-1
273,-1,1693,1147,276,184,0.9888591766357422,-1,-1,-1
273,-1,349,679,245,169,0.9831925630569458,-1,-1,-1
273,-1,1574,1356,468,453,0.6795848608016968,-1,-1,-1
274,-1,1693,1147,276,184,0.9888582229614258,-1,-1,-1
274,-1,348,677,238,168,0.9830272793769836,-1,-1,-1
274,-1,1574,1356,467,453,0.6846464276313782,-1,-1,-1
275,-1,1691,1146,277,181,0.9891201257705688,-1,-1,-1
275,-1,348,677,238,168,0.9831086993217468,-1,-1,-1
275,-1,2315,1332,170,126,0.7459079623222351,-1,-1,-1
275,-1,1575,1356,466,453,0.6889553070068359,-1,-1,-1
276,-1,1692,1146,277,181,0.988970160484314,-1,-1,-1
276,-1,348,677,238,168,0.9830098748207092,-1,-1,-1
276,-1,2305,1333,168,121,0.7795634865760803,-1,-1,-1
276,-1,1579,1352,471,455,0.6713086366653442,-1,-1,-1
277,-1,1693,1147,274,181,0.9897444844245911,-1,-1,-1
277,-1,349,677,238,167,0.9829806089401245,-1,-1,-1
277,-1,2288,1327,164,122,0.886044442653656,-1,-1,-1
277,-1,1581,1354,462,454,0.6643477082252502,-1,-1,-1
278,-1,1693,1147,274,181,0.9896064400672913,-1,-1,-1
278,-1,350,679,244,168,0.9831551313400269,-1,-1,-1
278,-1,2276,1333,165,110,0.9039585590362549,-1,-1,-1
278,-1,1582,1354,462,453,0.6530482172966003,-1,-1,-1
279,-1,1693,1147,274,181,0.9895735383033752,-1,-1,-1
279,-1,344,679,251,168,0.9846369028091431,-1,-1,-1
279,-1,2262,1325,164,119,0.8733841776847839,-1,-1,-1
279,-1,1583,1354,462,454,0.6539760231971741,-1,-1,-1
280,-1,1693,1147,274,181,0.9894822835922241,-1,-1,-1
280,-1,349,677,238,167,0.9829924702644348,-1,-1,-1
280,-1,2250,1325,163,114,0.925368070602417,-1,-1,-1
280,-1,1583,1353,462,454,0.6504198312759399,-1,-1,-1
281,-1,1693,1147,274,181,0.9895263910293579,-1,-1,-1
281,-1,349,677,238,167,0.9827725291252136,-1,-1,-1
281,-1,2240,1320,165,125,0.8817012310028076,-1,-1,-1
281,-1,1582,1353,463,454,0.6540820002555847,-1,-1,-1
282,-1,1693,1147,274,181,0.9894225001335144,-1,-1,-1
282,-1,349,677,238,167,0.9828386902809143,-1,-1,-1
282,-1,2219,1313,172,131,0.9490353465080261,-1,-1,-1
282,-1,1582,1353,464,454,0.6518750190734863,-1,-1,-1
283,-1,1693,1147,274,181,0.989385724067688,-1,-1,-1
283,-1,349,677,238,167,0.9826630353927612,-1,-1,-1
283,-1,2205,1312,176,127,0.9504640102386475,-1,-1,-1
283,-1,1582,1353,463,454,0.6416992545127869,-1,-1,-1
284,-1,1693,1147,274,181,0.9891646504402161,-1,-1,-1
284,-1,349,677,238,167,0.9826786518096924,-1,-1,-1
284,-1,2202,1307,160,133,0.8732317090034485,-1,-1,-1
284,-1,1582,1353,462,454,0.6399450302124023,-1,-1,-1
285,-1,1693,1147,274,181,0.9890102744102478,-1,-1,-1
285,-1,349,677,238,167,0.9826297760009766,-1,-1,-1
285,-1,2141,1299,203,137,0.9602238535881042,-1,-1,-1
285,-1,1582,1353,465,454,0.6323200464248657,-1,-1,-1
286,-1,1702,1150,271,178,0.9883373379707336,-1,-1,-1
286,-1,349,677,238,167,0.9826294183731079,-1,-1,-1
286,-1,2129,1292,196,143,0.9759817719459534,-1,-1,-1
286,-1,1581,1353,464,454,0.6293846964836121,-1,-1,-1
287,-1,1702,1150,270,178,0.9884353876113892,-1,-1,-1
287,-1,349,677,238,167,0.9826483130455017,-1,-1,-1
287,-1,2099,1286,207,143,0.9741955399513245,-1,-1,-1
287,-1,1582,1353,464,454,0.6344072222709656,-1,-1,-1
288,-1,1702,1150,270,177,0.9883070588111877,-1,-1,-1
288,-1,349,677,238,167,0.9826077818870544,-1,-1,-1
288,-1,2083,1287,203,136,0.9640063643455505,-1,-1,-1
288,-1,1583,1354,464,454,0.6343485116958618,-1,-1,-1
289,-1,1697,1147,268,180,0.9881282448768616,-1,-1,-1
289,-1,347,679,249,166,0.9799773693084717,-1,-1,-1
289,-1,2049,1279,184,129,0.9600732922554016,-1,-1,-1
289,-1,1581,1354,465,453,0.607928454875946,-1,-1,-1
290,-1,1702,1151,269,177,0.9874224662780762,-1,-1,-1
290,-1,350,679,244,168,0.9822016358375549,-1,-1,-1
290,-1,2036,1272,205,140,0.9471830129623413,-1,-1,-1
290,-1,1581,1355,462,452,0.609689474105835,-1,-1,-1
291,-1,1703,1151,268,177,0.9870380163192749,-1,-1,-1
291,-1,347,679,249,166,0.9802516102790833,-1,-1,-1
291,-1,2009,1268,232,143,0.9640147686004639,-1,-1,-1
292,-1,1703,1151,268,177,0.9855005145072937,-1,-1,-1
292,-1,347,680,249,166,0.980346143245697,-1,-1,-1
292,-1,1984,1258,232,150,0.9583694934844971,-1,-1,-1
292,-1,1583,1357,460,450,0.6000332236289978,-1,-1,-1
293,-1,1699,1150,270,178,0.9850859642028809,-1,-1,-1
293,-1,1961,1255,226,152,0.9840677976608276,-1,-1,-1
293,-1,346,676,239,167,0.9812690615653992,-1,-1,-1
293,-1,1585,1359,466,449,0.6273811459541321,-1,-1,-1
294,-1,1689,1150,283,178,0.9852868318557739,-1,-1,-1
294,-1,1937,1248,234,155,0.985098123550415,-1,-1,-1
294,-1,341,678,253,169,0.9810509085655212,-1,-1,-1
294,-1,1583,1359,468,450,0.6285467743873596,-1,-1,-1
295,-1,1898,1240,255,161,0.9809368252754211,-1,-1,-1
295,-1,341,678,253,169,0.9804194569587708,-1,-1,-1
295,-1,1687,1151,281,174,0.9786407351493835,-1,-1,-1
295,-1,1585,1359,466,449,0.6604209542274475,-1,-1,-1
295,-1,94,1236,1220,673,0.6049752235412598,-1,-1,-1
296,-1,1865,1234,258,162,0.9842612743377686,-1,-1,-1
296,-1,341,678,253,169,0.9801202416419983,-1,-1,-1
296,-1,1693,1149,267,168,0.9446164965629578,-1,-1,-1
296,-1,24,1232,1192,648,0.8036710023880005,-1,-1,-1
296,-1,1583,1359,470,449,0.6509078741073608,-1,-1,-1
297,-1,1838,1227,259,164,0.9807003736495972,-1,-1,-1
297,-1,341,678,253,168,0.9800629615783691,-1,-1,-1
297,-1,306,1231,997,567,0.9131654500961304,-1,-1,-1
297,-1,1685,1148,258,165,0.8025116920471191,-1,-1,-1
297,-1,1583,1360,467,449,0.6670927405357361,-1,-1,-1
298,-1,1808,1215,273,175,0.9840350151062012,-1,-1,-1
298,-1,341,678,254,168,0.9800048470497131,-1,-1,-1
298,-1,546,1227,850,505,0.9496985077857971,-1,-1,-1
298,-1,1582,1356,472,457,0.6840987205505371,-1,-1,-1
298,-1,1679,1148,235,162,0.6599846482276917,-1,-1,-1
299,-1,1763,1211,283,169,0.9909076690673828,-1,-1,-1
299,-1,341,678,253,168,0.9801210165023804,-1,-1,-1
299,-1,747,1231,741,445,0.9789199829101562,-1,-1,-1
299,-1,1578,1357,467,454,0.7188233733177185,-1,-1,-1
300,-1,1740,1204,286,174,0.9917111396789551,-1,-1,-1
300,-1,898,1233,646,416,0.9818642139434814,-1,-1,-1
300,-1,341,678,253,168,0.9801502227783203,-1,-1,-1
300,-1,1575,1361,469,447,0.6757492423057556,-1,-1,-1
301,-1,1715,1201,275,169,0.9885313510894775,-1,-1,-1
301,-1,1002,1237,588,380,0.9840579628944397,-1,-1,-1
301,-1,340,678,255,169,0.9798969626426697,-1,-1,-1
301,-1,1551,1354,490,454,0.6557895541191101,-1,-1,-1
302,-1,1619,1176,327,187,0.9846028089523315,-1,-1,-1
302,-1,341,676,250,169,0.9795606732368469,-1,-1,-1
302,-1,1106,1237,548,357,0.977552056312561,-1,-1,-1
302,-1,1550,1354,491,455,0.6068856120109558,-1,-1,-1
303,-1,1584,1180,327,178,0.9824733734130859,-1,-1,-1
303,-1,344,679,251,167,0.9813399910926819,-1,-1,-1
303,-1,1206,1238,514,335,0.9751237034797668,-1,-1,-1
303,-1,1548,1360,483,461,0.7747107148170471,-1,-1,-1
304,-1,344,679,250,167,0.9814830422401428,-1,-1,-1
304,-1,1552,1176,327,178,0.9796947836875916,-1,-1,-1
304,-1,1280,1243,495,314,0.967282235622406,-1,-1,-1
304,-1,1564,1356,471,464,0.7504185438156128,-1,-1,-1
305,-1,346,676,240,167,0.9802504777908325,-1,-1,-1
305,-1,1514,1172,326,177,0.9612252712249756,-1,-1,-1
305,-1,1360,1245,516,305,0.9276630282402039,-1,-1,-1
305,-1,1741,1148,226,178,0.91294264793396,-1,-1,-1
305,-1,1561,1347,478,476,0.7473812103271484,-1,-1,-1
306,-1,1479,1152,329,190,0.9816962480545044,-1,-1,-1
306,-1,346,677,240,167,0.9801285862922668,-1,-1,-1
306,-1,1725,1149,243,176,0.9587883353233337,-1,-1,-1
306,-1,1503,1307,541,503,0.6683673858642578,-1,-1,-1
307,-1,1723,1147,250,182,0.9806088805198669,-1,-1,-1
307,-1,346,677,240,167,0.9802783131599426,-1,-1,-1
307,-1,1420,1146,340,181,0.9592157006263733,-1,-1,-1
307,-1,1516,1281,546,543,0.6233241558074951,-1,-1,-1
308,-1,1712,1148,264,185,0.9891974329948425,-1,-1,-1
308,-1,346,677,240,167,0.9799347519874573,-1,-1,-1
308,-1,1382,1140,333,181,0.9697856307029724,-1,-1,-1
308,-1,1566,1306,494,506,0.6549010276794434,-1,-1,-1
309,-1,346,677,241,167,0.9797341227531433,-1,-1,-1
309,-1,1710,1150,262,178,0.9686257243156433,-1,-1,-1
309,-1,1301,1128,376,206,0.9671356678009033,-1,-1,-1
309,-1,1629,1257,308,193,0.6363540887832642,-1,-1,-1
309,-1,2325,1334,159,118,0.6231865286827087,-1,-1,-1
310,-1,1235,1127,390,205,0.9805169701576233,-1,-1,-1
310,-1,346,677,240,167,0.9800349473953247,-1,-1,-1
310,-1,1707,1148,262,175,0.9693567752838135,-1,-1,-1
310,-1,2311,1333,152,117,0.8241358995437622,-1,-1,-1
310,-1,1559,1294,491,517,0.6551758050918579,-1,-1,-1
311,-1,347,677,240,167,0.980034589767456,-1,-1,-1
311,-1,1192,1119,400,211,0.9784755706787109,-1,-1,-1
311,-1,1713,1148,260,173,0.971877932548523,-1,-1,-1
311,-1,2296,1329,148,113,0.8594415187835693,-1,-1,-1
311,-1,1690,1266,309,203,0.7246056795120239,-1,-1,-1
311,-1,1578,1335,462,482,0.6653455495834351,-1,-1,-1
312,-1,1096,1108,431,222,0.9834042191505432,-1,-1,-1
312,-1,347,677,240,167,0.9799373745918274,-1,-1,-1
312,-1,1709,1148,254,176,0.9742754697799683,-1,-1,-1
312,-1,2277,1330,159,110,0.8738288879394531,-1,-1,-1
312,-1,1567,1342,476,468,0.7207835912704468,-1,-1,-1
312,-1,1727,1258,308,217,0.7165839076042175,-1,-1,-1
313,-1,347,679,246,166,0.9821444749832153,-1,-1,-1
313,-1,1027,1102,449,229,0.9767662286758423,-1,-1,-1
313,-1,1711,1148,259,174,0.9743090271949768,-1,-1,-1
313,-1,1767,1276,301,207,0.8782680034637451,-1,-1,-1
313,-1,2262,1325,158,118,0.8706379532814026,-1,-1,-1
313,-1,1583,1329,463,482,0.8272585272789001,-1,-1,-1
314,-1,347,679,247,167,0.982376217842102,-1,-1,-1
314,-1,1706,1149,266,172,0.9779419302940369,-1,-1,-1
314,-1,962,1101,475,231,0.9615822434425354,-1,-1,-1
314,-1,1813,1281,274,205,0.936281144618988,-1,-1,-1
314,-1,2249,1326,158,114,0.9262961149215698,-1,-1,-1
314,-1,1572,1319,471,485,0.8026204109191895,-1,-1,-1
315,-1,1696,1148,274,173,0.9850383400917053,-1,-1,-1
315,-1,347,679,247,167,0.9826378226280212,-1,-1,-1
315,-1,857,1085,519,254,0.9726178050041199,-1,-1,-1
315,-1,1847,1292,272,200,0.9505499601364136,-1,-1,-1
315,-1,2231,1316,159,126,0.8243560791015625,-1,-1,-1
315,-1,1595,1343,467,470,0.7244746088981628,-1,-1,-1
316,-1,1696,1148,273,174,0.9882646799087524,-1,-1,-1
316,-1,347,678,240,167,0.9814303517341614,-1,-1,-1
316,-1,749,1075,567,269,0.9701535105705261,-1,-1,-1
316,-1,1883,1298,263,195,0.9542378783226013,-1,-1,-1
316,-1,1597,1341,463,470,0.7664843797683716,-1,-1,-1
316,-1,2211,1313,158,126,0.6769311428070068,-1,-1,-1
317,-1,1698,1147,271,178,0.9874459505081177,-1,-1,-1
317,-1,347,678,240,168,0.9809962511062622,-1,-1,-1
317,-1,638,1065,616,283,0.9708536863327026,-1,-1,-1
317,-1,1918,1296,245,200,0.9197128415107727,-1,-1,-1
317,-1,1595,1345,471,466,0.7119262218475342,-1,-1,-1
318,-1,1704,1151,269,176,0.9869186282157898,-1,-1,-1
318,-1,347,678,240,168,0.9801793098449707,-1,-1,-1
318,-1,524,1057,649,299,0.973774790763855,-1,-1,-1
318,-1,1944,1302,275,192,0.96214759349823,-1,-1,-1
318,-1,1594,1349,477,466,0.6139213442802429,-1,-1,-1
319,-1,1703,1151,270,176,0.9872251152992249,-1,-1,-1
319,-1,347,678,240,168,0.9779771566390991,-1,-1,-1
319,-1,1968,1301,324,193,0.9741910099983215,-1,-1,-1
319,-1,416,1054,672,316,0.9650499820709229,-1,-1,-1
319,-1,1599,1355,436,442,0.6470329165458679,-1,-1,-1
320,-1,1703,1151,270,176,0.9874246716499329,-1,-1,-1
320,-1,347,677,240,169,0.9756104350090027,-1,-1,-1
320,-1,225,1045,755,336,0.9660208225250244,-1,-1,-1
320,-1,1988,1291,311,197,0.9456693530082703,-1,-1,-1
320,-1,1568,1349,466,459,0.6836082339286804,-1,-1,-1
321,-1,1703,1150,270,177,0.9872881174087524,-1,-1,-1
321,-1,347,677,240,169,0.9751139879226685,-1,-1,-1
321,-1,66,1035,839,354,0.9551895260810852,-1,-1,-1
321,-1,1567,1348,467,460,0.6945034861564636,-1,-1,-1
322,-1,1703,1150,270,177,0.9868035912513733,-1,-1,-1
322,-1,341,679,255,169,0.9705919623374939,-1,-1,-1
322,-1,2024,1311,260,191,0.8810497522354126,-1,-1,-1
322,-1,0,1028,785,385,0.8104754090309143,-1,-1,-1
322,-1,1568,1348,467,460,0.684973418712616,-1,-1,-1
323,-1,2049,1319,255,183,0.9885116815567017,-1,-1,-1
323,-1,1702,1150,270,178,0.9857849478721619,-1,-1,-1
323,-1,346,676,241,170,0.9745441675186157,-1,-1,-1
323,-1,1569,1349,467,460,0.6866577863693237,-1,-1,-1
324,-1,2066,1318,251,190,0.9928709864616394,-1,-1,-1
324,-1,1702,1150,269,178,0.9847145676612854,-1,-1,-1
324,-1,347,676,240,169,0.976711094379425,-1,-1,-1
324,-1,1584,1356,457,462,0.6950611472129822,-1,-1,-1
325,-1,2090,1331,247,176,0.9901748895645142,-1,-1,-1
325,-1,1702,1150,270,178,0.9838044047355652,-1,-1,-1
325,-1,346,676,240,168,0.9782701730728149,-1,-1,-1
325,-1,1957,1255,232,138,0.724051296710968,-1,-1,-1
325,-1,1588,1359,457,450,0.6695139408111572,-1,-1,-1
326,-1,1688,1149,282,179,0.9864787459373474,-1,-1,-1
326,-1,2112,1333,245,176,0.9827372431755066,-1,-1,-1
326,-1,346,677,240,167,0.9799771308898926,-1,-1,-1
326,-1,1945,1249,215,153,0.9686050415039062,-1,-1,-1
326,-1,1590,1360,460,449,0.651045024394989,-1,-1,-1
327,-1,1903,1240,235,158,0.9835457801818848,-1,-1,-1
327,-1,1687,1150,281,176,0.982014000415802,-1,-1,-1
327,-1,343,679,253,167,0.9808701872825623,-1,-1,-1
327,-1,2170,1342,201,166,0.9721131920814514,-1,-1,-1
327,-1,1592,1360,456,449,0.6601856350898743,-1,-1,-1
328,-1,1870,1232,244,164,0.9896085858345032,-1,-1,-1
328,-1,346,677,240,167,0.9810605049133301,-1,-1,-1
328,-1,2196,1356,195,147,0.9639633893966675,-1,-1,-1
328,-1,1693,1149,268,171,0.9311631917953491,-1,-1,-1
328,-1,1593,1361,456,449,0.6602377891540527,-1,-1,-1
329,-1,1828,1228,246,159,0.9857673645019531,-1,-1,-1
329,-1,343,679,253,167,0.9809640645980835,-1,-1,-1
329,-1,2212,1352,191,155,0.9647111296653748,-1,-1,-1
329,-1,1688,1147,258,165,0.8312152624130249,-1,-1,-1
329,-1,1592,1362,461,448,0.6894863843917847,-1,-1,-1
330,-1,1794,1219,256,163,0.992393970489502,-1,-1,-1
330,-1,343,679,253,167,0.9811821579933167,-1,-1,-1
330,-1,2236,1357,184,153,0.9220921397209167,-1,-1,-1
330,-1,1592,1363,462,447,0.6705039739608765,-1,-1,-1
330,-1,1677,1148,237,157,0.6323341727256775,-1,-1,-1
331,-1,1755,1208,258,168,0.9923906922340393,-1,-1,-1
331,-1,343,679,253,167,0.9811781644821167,-1,-1,-1
331,-1,2236,1359,195,148,0.8880445957183838,-1,-1,-1
331,-1,1593,1362,456,448,0.6660946607589722,-1,-1,-1
332,-1,1716,1202,260,170,0.9909917116165161,-1,-1,-1
332,-1,343,679,253,167,0.9811896085739136,-1,-1,-1
332,-1,1594,1361,454,448,0.641097903251648,-1,-1,-1
333,-1,1669,1188,283,181,0.9864843487739563,-1,-1,-1
333,-1,343,679,253,167,0.9803085327148438,-1,-1,-1
333,-1,2271,1363,190,148,0.9442607164382935,-1,-1,-1
333,-1,1587,1360,453,446,0.6785227060317993,-1,-1,-1
334,-1,1591,1177,318,185,0.985537588596344,-1,-1,-1
334,-1,343,679,253,167,0.9803849458694458,-1,-1,-1
334,-1,2279,1364,196,141,0.891878068447113,-1,-1,-1
334,-1,1589,1360,451,447,0.6924940943717957,-1,-1,-1
335,-1,1530,1170,322,190,0.9827423095703125,-1,-1,-1
335,-1,343,679,253,167,0.9799718260765076,-1,-1,-1
335,-1,2294,1368,192,142,0.9568279385566711,-1,-1,-1
335,-1,1588,1358,453,448,0.7207696437835693,-1,-1,-1
335,-1,1725,1152,255,176,0.6221319437026978,-1,-1,-1
336,-1,1497,1169,324,186,0.9812507629394531,-1,-1,-1
336,-1,343,679,253,167,0.9796106815338135,-1,-1,-1
336,-1,1735,1147,237,181,0.9686249494552612,-1,-1,-1
336,-1,2304,1370,193,141,0.9254512786865234,-1,-1,-1
336,-1,1584,1358,457,449,0.7217073440551758,-1,-1,-1
337,-1,1457,1160,320,192,0.986568808555603,-1,-1,-1
337,-1,343,679,254,168,0.9842267632484436,-1,-1,-1
337,-1,1728,1148,245,180,0.9804068207740784,-1,-1,-1
337,-1,2308,1370,196,140,0.8214133977890015,-1,-1,-1
337,-1,1583,1357,464,451,0.733483076095581,-1,-1,-1
338,-1,1408,1151,330,198,0.985914945602417,-1,-1,-1
338,-1,1717,1148,255,180,0.9847912192344666,-1,-1,-1
338,-1,343,679,254,169,0.9842966198921204,-1,-1,-1
338,-1,1580,1356,467,452,0.7032811641693115,-1,-1,-1
339,-1,1337,1142,350,203,0.9887784123420715,-1,-1,-1
339,-1,1702,1146,268,180,0.9886172413825989,-1,-1,-1
339,-1,346,679,249,167,0.9833215475082397,-1,-1,-1
339,-1,2338,1377,187,139,0.7297484874725342,-1,-1,-1
339,-1,1577,1355,470,453,0.6972419619560242,-1,-1,-1
340,-1,1697,1147,272,178,0.9863515496253967,-1,-1,-1
340,-1,1277,1141,368,202,0.9851925373077393,-1,-1,-1
340,-1,345,679,250,167,0.9830130934715271,-1,-1,-1
340,-1,1578,1355,472,453,0.6886666417121887,-1,-1,-1
340,-1,2351,1377,179,138,0.6029497385025024,-1,-1,-1
341,-1,1699,1147,269,180,0.9901102185249329,-1,-1,-1
341,-1,1193,1130,389,215,0.9846845269203186,-1,-1,-1
341,-1,345,679,250,168,0.9832339286804199,-1,-1,-1
341,-1,1579,1355,471,453,0.6899550557136536,-1,-1,-1
342,-1,1692,1151,273,176,0.9887228012084961,-1,-1,-1
342,-1,1110,1119,411,230,0.9836347103118896,-1,-1,-1
342,-1,345,679,250,168,0.9832395911216736,-1,-1,-1
342,-1,1582,1355,470,453,0.6892197728157043,-1,-1,-1
343,-1,1687,1150,278,177,0.9927430152893066,-1,-1,-1
343,-1,1022,1110,440,244,0.9834226369857788,-1,-1,-1
343,-1,344,679,251,167,0.9828065633773804,-1,-1,-1
343,-1,1581,1356,470,451,0.6966142058372498,-1,-1,-1
344,-1,1684,1150,279,177,0.9925883412361145,-1,-1,-1
344,-1,920,1102,497,264,0.9840480089187622,-1,-1,-1
344,-1,344,679,251,167,0.9826735854148865,-1,-1,-1
344,-1,1582,1356,470,451,0.6852555871009827,-1,-1,-1
345,-1,1684,1150,279,177,0.9925204515457153,-1,-1,-1
345,-1,344,679,251,167,0.9824582934379578,-1,-1,-1
345,-1,794,1092,535,286,0.9780817627906799,-1,-1,-1
345,-1,1581,1356,470,452,0.6538401246070862,-1,-1,-1
346,-1,1690,1146,279,181,0.9894389510154724,-1,-1,-1
346,-1,343,679,252,167,0.9815270304679871,-1,-1,-1
346,-1,645,1084,589,301,0.979798436164856,-1,-1,-1
346,-1,1581,1356,470,451,0.6367114186286926,-1,-1,-1
347,-1,1689,1146,280,181,0.9897671341896057,-1,-1,-1
347,-1,343,679,252,168,0.9808467030525208,-1,-1,-1
347,-1,503,1079,634,312,0.9770147800445557,-1,-1,-1
347,-1,1582,1356,470,451,0.6265029907226562,-1,-1,-1
348,-1,1689,1146,279,181,0.9898908138275146,-1,-1,-1
348,-1,343,678,252,168,0.9794913530349731,-1,-1,-1
348,-1,329,1067,729,347,0.9600734114646912,-1,-1,-1
348,-1,1582,1355,471,451,0.6353524327278137,-1,-1,-1
349,-1,1696,1150,274,178,0.990832507610321,-1,-1,-1
349,-1,343,679,253,168,0.9743927121162415,-1,-1,-1
349,-1,114,1052,785,368,0.9630220532417297,-1,-1,-1
349,-1,1581,1355,467,452,0.6584637761116028,-1,-1,-1
350,-1,1696,1150,274,178,0.9908573031425476,-1,-1,-1
350,-1,343,679,253,168,0.9752467274665833,-1,-1,-1
350,-1,0,1037,765,409,0.8885520696640015,-1,-1,-1
350,-1,1582,1355,466,452,0.6602844595909119,-1,-1,-1
351,-1,1695,1150,274,178,0.9908134341239929,-1,-1,-1
351,-1,343,679,253,167,0.9746544361114502,-1,-1,-1
351,-1,1585,1355,462,451,0.7008386254310608,-1,-1,-1
352,-1,1696,1150,274,178,0.9907872080802917,-1,-1,-1
352,-1,345,679,248,166,0.9775779247283936,-1,-1,-1
352,-1,1587,1356,461,451,0.7127313017845154,-1,-1,-1
353,-1,1690,1146,279,181,0.9891576766967773,-1,-1,-1
353,-1,341,679,254,167,0.9751483201980591,-1,-1,-1
353,-1,1582,1354,468,451,0.6139425039291382,-1,-1,-1
354,-1,1691,1146,278,185,0.9890469908714294,-1,-1,-1
354,-1,341,679,254,167,0.9756985306739807,-1,-1,-1
354,-1,1584,1355,467,451,0.617304801940918,-1,-1,-1
355,-1,1691,1146,278,185,0.9890333414077759,-1,-1,-1
355,-1,341,679,254,167,0.9751128554344177,-1,-1,-1
356,-1,1691,1147,278,184,0.9890505075454712,-1,-1,-1
356,-1,341,679,254,168,0.9765695929527283,-1,-1,-1
357,-1,1689,1146,279,181,0.9894954562187195,-1,-1,-1
357,-1,341,679,253,168,0.9761501550674438,-1,-1,-1
357,-1,1582,1354,467,452,0.6195495128631592,-1,-1,-1
358,-1,1690,1146,279,181,0.9893833994865417,-1,-1,-1
358,-1,341,679,253,168,0.9759031534194946,-1,-1,-1
358,-1,1583,1354,466,452,0.6169828176498413,-1,-1,-1
359,-1,1692,1146,278,184,0.9890445470809937,-1,-1,-1
359,-1,341,679,253,168,0.9767994284629822,-1,-1,-1
359,-1,1583,1354,466,452,0.6016955971717834,-1,-1,-1
360,-1,1700,1150,274,177,0.9890449047088623,-1,-1,-1
360,-1,341,679,253,168,0.9762752652168274,-1,-1,-1
361,-1,1702,1150,272,177,0.9890030026435852,-1,-1,-1
361,-1,342,677,250,167,0.9786737561225891,-1,-1,-1
362,-1,1702,1150,272,178,0.9889922142028809,-1,-1,-1
362,-1,342,677,250,167,0.9784059524536133,-1,-1,-1
363,-1,1702,1150,271,178,0.9890183210372925,-1,-1,-1
363,-1,342,677,250,167,0.9785684943199158,-1,-1,-1
364,-1,1702,1150,271,178,0.9890060424804688,-1,-1,-1
364,-1,343,676,242,168,0.9774608612060547,-1,-1,-1
365,-1,1703,1150,271,177,0.9890066385269165,-1,-1,-1
365,-1,342,677,250,167,0.9785681366920471,-1,-1,-1
366,-1,1702,1150,272,178,0.9889673590660095,-1,-1,-1
366,-1,342,677,250,167,0.9784566164016724,-1,-1,-1
367,-1,1702,1150,272,178,0.988990306854248,-1,-1,-1
367,-1,342,677,250,167,0.9786080718040466,-1,-1,-1
368,-1,1702,1150,272,177,0.9889773726463318,-1,-1,-1
368,-1,342,677,250,167,0.9787876009941101,-1,-1,-1
369,-1,1702,1150,272,177,0.9889853000640869,-1,-1,-1
369,-1,342,677,250,167,0.9785559177398682,-1,-1,-1
370,-1,1702,1150,272,177,0.9890061616897583,-1,-1,-1
370,-1,342,677,250,167,0.9786080718040466,-1,-1,-1
371,-1,1685,1150,279,177,0.9916953444480896,-1,-1,-1
371,-1,342,677,250,167,0.979022204875946,-1,-1,-1
372,-1,1702,1150,272,177,0.9890650510787964,-1,-1,-1
372,-1,342,677,250,167,0.9791305661201477,-1,-1,-1
373,-1,1701,1150,272,177,0.9889450669288635,-1,-1,-1
373,-1,341,677,251,167,0.9797955751419067,-1,-1,-1
374,-1,1684,1150,279,177,0.9918050765991211,-1,-1,-1
374,-1,342,677,250,167,0.9799302816390991,-1,-1,-1
375,-1,1684,1150,279,177,0.9917840957641602,-1,-1,-1
375,-1,342,677,251,167,0.9797978401184082,-1,-1,-1
376,-1,1685,1150,279,177,0.9917287230491638,-1,-1,-1
376,-1,341,677,251,167,0.9794721603393555,-1,-1,-1
377,-1,1685,1150,279,177,0.9916472434997559,-1,-1,-1
377,-1,339,679,256,166,0.9754413366317749,-1,-1,-1
378,-1,1702,1150,272,178,0.9889562726020813,-1,-1,-1
378,-1,339,679,256,165,0.9752480983734131,-1,-1,-1
379,-1,1692,1146,278,185,0.989625871181488,-1,-1,-1
379,-1,343,676,243,169,0.9757240414619446,-1,-1,-1
379,-1,1585,1355,466,451,0.6307408809661865,-1,-1,-1
380,-1,1692,1146,278,185,0.9895269870758057,-1,-1,-1
380,-1,340,679,254,166,0.9725373387336731,-1,-1,-1
380,-1,1586,1355,467,451,0.6293657422065735,-1,-1,-1
381,-1,1692,1146,278,185,0.9895986318588257,-1,-1,-1
381,-1,341,677,250,168,0.9735882878303528,-1,-1,-1
381,-1,1584,1355,469,451,0.6150111556053162,-1,-1,-1
382,-1,1692,1146,278,185,0.9894800186157227,-1,-1,-1
382,-1,341,677,250,168,0.9730809926986694,-1,-1,-1
382,-1,11,839,731,502,0.6900659203529358,-1,-1,-1
382,-1,1585,1356,468,451,0.6390463709831238,-1,-1,-1
383,-1,1692,1146,278,185,0.989514946937561,-1,-1,-1
383,-1,341,677,251,169,0.9708834886550903,-1,-1,-1
383,-1,33,876,815,477,0.843889057636261,-1,-1,-1
383,-1,1585,1356,468,451,0.6572678089141846,-1,-1,-1
384,-1,1692,1146,278,185,0.9894611239433289,-1,-1,-1
384,-1,340,677,252,169,0.9695011973381042,-1,-1,-1
384,-1,61,874,883,481,0.9312683939933777,-1,-1,-1
384,-1,1585,1355,468,451,0.6601196527481079,-1,-1,-1
385,-1,1693,1146,276,185,0.9893420934677124,-1,-1,-1
385,-1,342,677,251,170,0.9722892045974731,-1,-1,-1
385,-1,53,873,1027,491,0.9552023410797119,-1,-1,-1
385,-1,1584,1355,474,452,0.6867310404777527,-1,-1,-1
386,-1,1693,1146,276,185,0.9892942905426025,-1,-1,-1
386,-1,343,678,250,169,0.9751860499382019,-1,-1,-1
386,-1,132,886,1017,482,0.9601843953132629,-1,-1,-1
386,-1,1585,1355,470,451,0.7016485333442688,-1,-1,-1
387,-1,1693,1146,276,185,0.989306628704071,-1,-1,-1
387,-1,343,678,250,170,0.9738436937332153,-1,-1,-1
387,-1,208,897,991,475,0.9671199321746826,-1,-1,-1
387,-1,1585,1356,470,451,0.7254058718681335,-1,-1,-1
388,-1,1693,1146,277,185,0.9893410801887512,-1,-1,-1
388,-1,342,678,250,169,0.9732282161712646,-1,-1,-1
388,-1,325,929,911,446,0.9727566838264465,-1,-1,-1
388,-1,1563,1349,483,457,0.6696979403495789,-1,-1,-1
389,-1,1691,1146,276,182,0.9889302849769592,-1,-1,-1
389,-1,410,952,836,434,0.9777426719665527,-1,-1,-1
389,-1,344,680,251,168,0.9766826629638672,-1,-1,-1
389,-1,1573,1353,484,462,0.6376686692237854,-1,-1,-1
390,-1,1690,1146,277,182,0.9889934659004211,-1,-1,-1
390,-1,345,679,249,169,0.9778283834457397,-1,-1,-1
390,-1,501,976,820,414,0.964982271194458,-1,-1,-1
390,-1,1574,1353,483,461,0.6410655379295349,-1,-1,-1
391,-1,1690,1146,277,181,0.988959789276123,-1,-1,-1
391,-1,346,679,248,169,0.9800884127616882,-1,-1,-1
391,-1,596,1005,731,388,0.9643917083740234,-1,-1,-1
391,-1,1577,1354,476,453,0.6337780952453613,-1,-1,-1
392,-1,1690,1146,277,181,0.9888408780097961,-1,-1,-1
392,-1,347,679,246,169,0.9824057221412659,-1,-1,-1
392,-1,679,1005,712,382,0.9754476547241211,-1,-1,-1
392,-1,1576,1353,476,454,0.6201288104057312,-1,-1,-1
393,-1,1689,1146,278,181,0.9889554381370544,-1,-1,-1
393,-1,347,679,245,168,0.984028160572052,-1,-1,-1
393,-1,744,1021,694,371,0.9835290908813477,-1,-1,-1
393,-1,1577,1354,476,453,0.6500986814498901,-1,-1,-1
394,-1,1689,1146,278,181,0.9891151189804077,-1,-1,-1
394,-1,347,679,244,168,0.9858484268188477,-1,-1,-1
394,-1,804,1038,674,357,0.9812877774238586,-1,-1,-1
394,-1,1577,1354,476,453,0.6536099314689636,-1,-1,-1
395,-1,1689,1146,278,181,0.989012598991394,-1,-1,-1
395,-1,348,679,244,168,0.9864010214805603,-1,-1,-1
395,-1,875,1046,646,348,0.9819173216819763,-1,-1,-1
395,-1,1576,1354,476,453,0.6366220116615295,-1,-1,-1
396,-1,1685,1150,277,177,0.9924666285514832,-1,-1,-1
396,-1,348,680,243,167,0.9864985942840576,-1,-1,-1
396,-1,941,1064,627,332,0.9836720824241638,-1,-1,-1
396,-1,1574,1353,477,454,0.6189253926277161,-1,-1,-1
397,-1,1689,1150,275,177,0.9917260408401489,-1,-1,-1
397,-1,347,680,244,166,0.9861723780632019,-1,-1,-1
397,-1,1017,1070,600,328,0.9808829426765442,-1,-1,-1
397,-1,1566,1348,484,468,0.6286848187446594,-1,-1,-1
398,-1,1093,1081,556,319,0.9878110289573669,-1,-1,-1
398,-1,1698,1148,268,178,0.9874224662780762,-1,-1,-1
398,-1,347,680,244,166,0.9859864711761475,-1,-1,-1
398,-1,1573,1356,480,452,0.6530023217201233,-1,-1,-1
399,-1,1699,1147,269,179,0.987374484539032,-1,-1,-1
399,-1,1137,1093,556,310,0.9866133332252502,-1,-1,-1
399,-1,347,679,245,165,0.97923743724823,-1,-1,-1
399,-1,1576,1350,478,465,0.6634689569473267,-1,-1,-1
400,-1,1209,1103,509,301,0.9923237562179565,-1,-1,-1
400,-1,1701,1147,267,180,0.9864685535430908,-1,-1,-1
400,-1,347,679,246,165,0.9790838360786438,-1,-1,-1
400,-1,1581,1356,472,453,0.6730666160583496,-1,-1,-1
401,-1,1284,1119,467,289,0.9888485670089722,-1,-1,-1
401,-1,1698,1150,269,177,0.984928548336029,-1,-1,-1
401,-1,347,680,246,164,0.9786216616630554,-1,-1,-1
401,-1,1571,1352,482,464,0.6900108456611633,-1,-1,-1
402,-1,1313,1126,449,282,0.9905003905296326,-1,-1,-1
402,-1,1700,1149,266,176,0.9851174354553223,-1,-1,-1
402,-1,346,679,246,165,0.9786010980606079,-1,-1,-1
402,-1,1585,1355,470,455,0.6690611839294434,-1,-1,-1
403,-1,1373,1135,429,276,0.9865473508834839,-1,-1,-1
403,-1,1715,1147,254,180,0.9809715151786804,-1,-1,-1
403,-1,346,679,247,165,0.9794961810112,-1,-1,-1
403,-1,1589,1358,463,451,0.6474233269691467,-1,-1,-1
404,-1,1443,1139,423,274,0.9872120022773743,-1,-1,-1
404,-1,345,679,248,165,0.9798353910446167,-1,-1,-1
404,-1,1736,1150,237,180,0.9640507102012634,-1,-1,-1
404,-1,1590,1362,456,447,0.6207485198974609,-1,-1,-1
405,-1,1493,1150,424,258,0.9864898920059204,-1,-1,-1
405,-1,345,679,248,165,0.9798057675361633,-1,-1,-1
405,-1,1749,1151,217,177,0.7102851867675781,-1,-1,-1
405,-1,1590,1364,459,449,0.6916610598564148,-1,-1,-1
406,-1,1526,1155,409,260,0.9888491630554199,-1,-1,-1
406,-1,346,679,247,165,0.979670524597168,-1,-1,-1
406,-1,1593,1363,451,444,0.6509706974029541,-1,-1,-1
407,-1,1572,1163,385,258,0.9915525317192078,-1,-1,-1
407,-1,345,679,248,165,0.9799324870109558,-1,-1,-1
408,-1,1610,1164,369,266,0.9866403937339783,-1,-1,-1
408,-1,345,679,248,165,0.9799708127975464,-1,-1,-1
409,-1,1652,1188,371,244,0.9872952103614807,-1,-1,-1
409,-1,345,679,247,165,0.9817602038383484,-1,-1,-1
410,-1,1708,1158,352,285,0.9868854284286499,-1,-1,-1
410,-1,346,679,247,166,0.9816771745681763,-1,-1,-1
410,-1,1599,1360,444,449,0.6125431656837463,-1,-1,-1
411,-1,1728,1159,361,283,0.9895066618919373,-1,-1,-1
411,-1,342,680,252,163,0.9810327291488647,-1,-1,-1
411,-1,1595,1364,451,446,0.6149004697799683,-1,-1,-1
412,-1,1762,1194,346,255,0.986509382724762,-1,-1,-1
412,-1,345,678,248,165,0.9810587763786316,-1,-1,-1
413,-1,1802,1219,325,220,0.9921965599060059,-1,-1,-1
413,-1,346,676,240,166,0.9806367754936218,-1,-1,-1
413,-1,1680,1148,224,153,0.6626792550086975,-1,-1,-1
413,-1,1602,1361,433,450,0.6052456498146057,-1,-1,-1
414,-1,1842,1219,302,228,0.9849889278411865,-1,-1,-1
414,-1,345,678,247,166,0.9813752174377441,-1,-1,-1
414,-1,1680,1149,251,156,0.8257517218589783,-1,-1,-1
414,-1,1585,1349,455,465,0.6468146443367004,-1,-1,-1
415,-1,1872,1231,309,213,0.9878090620040894,-1,-1,-1
415,-1,345,678,248,165,0.9814712405204773,-1,-1,-1
415,-1,1690,1147,267,167,0.9664549827575684,-1,-1,-1
415,-1,1569,1347,471,460,0.6670635938644409,-1,-1,-1
416,-1,344,678,249,165,0.9815889596939087,-1,-1,-1
416,-1,1690,1148,275,174,0.9735366702079773,-1,-1,-1
416,-1,1921,1242,270,209,0.9531238675117493,-1,-1,-1
416,-1,1596,1356,447,452,0.6275177001953125,-1,-1,-1
417,-1,1702,1149,270,177,0.9845139384269714,-1,-1,-1
417,-1,344,678,249,165,0.9813370108604431,-1,-1,-1
417,-1,1947,1242,331,215,0.9483132362365723,-1,-1,-1
417,-1,1597,1356,445,453,0.6179352402687073,-1,-1,-1
418,-1,1700,1149,276,179,0.984732449054718,-1,-1,-1
418,-1,344,678,249,166,0.981537938117981,-1,-1,-1
418,-1,1985,1256,294,201,0.7599532008171082,-1,-1,-1
