47,-1,2211,399,292,163,0.89549320936203,-1,-1,-1
48,-1,2187,401,292,157,0.6898100972175598,-1,-1,-1
53,-1,2081,394,306,155,0.834696888923645,-1,-1,-1
54,-1,2067,396,308,152,0.7533993721008301,-1,-1,-1
55,-1,2037,393,324,153,0.8797792196273804,-1,-1,-1
56,-1,2018,386,305,162,0.9467377662658691,-1,-1,-1
57,-1,1994,383,305,159,0.9076969027519226,-1,-1,-1
58,-1,1956,381,320,157,0.8426153063774109,-1,-1,-1
59,-1,1924,378,325,155,0.8654975891113281,-1,-1,-1
60,-1,1889,378,327,155,0.930622398853302,-1,-1,-1
61,-1,1892,376,321,158,0.9700596332550049,-1,-1,-1
62,-1,1868,377,331,152,0.9650439620018005,-1,-1,-1
63,-1,1869,374,309,155,0.9523143768310547,-1,-1,-1
64,-1,1857,374,297,158,0.9523682594299316,-1,-1,-1
65,-1,1832,373,309,157,0.9529969692230225,-1,-1,-1
66,-1,1829,373,303,147,0.824492871761322,-1,-1,-1
67,-1,1763,371,339,149,0.9242188930511475,-1,-1,-1
68,-1,1763,367,336,150,0.9087014198303223,-1,-1,-1
69,-1,1747,365,354,150,0.6863695979118347,-1,-1,-1
73,-1,1681,364,304,141,0.7408162951469421,-1,-1,-1
76,-1,1609,343,313,156,0.97267085313797,-1,-1,-1
77,-1,1611,349,312,152,0.975124716758728,-1,-1,-1
78,-1,1592,351,309,151,0.9529502987861633,-1,-1,-1
79,-1,1578,348,321,152,0.9793241620063782,-1,-1,-1
80,-1,1575,349,317,149,0.974815845489502,-1,-1,-1
81,-1,1564,353,305,143,0.9649670124053955,-1,-1,-1
82,-1,1550,348,307,148,0.961373507976532,-1,-1,-1
83,-1,1541,347,313,147,0.965751588344574,-1,-1,-1
84,-1,1534,349,308,146,0.9439610242843628,-1,-1,-1
85,-1,1528,347,309,146,0.9711465835571289,-1,-1,-1
86,-1,1509,345,301,148,0.9476557374000549,-1,-1,-1
87,-1,1495,344,307,146,0.9279747605323792,-1,-1,-1
88,-1,1499,343,318,150,0.9707236289978027,-1,-1,-1
89,-1,1484,341,321,150,0.9636313915252686,-1,-1,-1
90,-1,1492,343,319,150,0.949555516242981,-1,-1,-1
91,-1,1480,343,306,149,0.9316256642341614,-1,-1,-1
92,-1,1466,341,307,148,0.9304853081703186,-1,-1,-1
93,-1,1460,339,325,153,0.9289929866790771,-1,-1,-1
94,-1,1442,341,319,152,0.950820803642273,-1,-1,-1
95,-1,1431,341,309,152,0.9605686068534851,-1,-1,-1
96,-1,1424,341,309,155,0.9783625602722168,-1,-1,-1
97,-1,1409,341,315,156,0.9788035750389099,-1,-1,-1
98,-1,1409,338,311,162,0.9819695949554443,-1,-1,-1
99,-1,1401,340,304,160,0.9783864617347717,-1,-1,-1
100,-1,1397,340,306,161,0.9816919565200806,-1,-1,-1
101,-1,1391,342,303,159,0.9802364706993103,-1,-1,-1
102,-1,1379,342,313,161,0.9849846363067627,-1,-1,-1
103,-1,1382,341,306,161,0.9916645884513855,-1,-1,-1
104,-1,1379,341,301,162,0.9920518398284912,-1,-1,-1
105,-1,1362,342,300,163,0.9858894348144531,-1,-1,-1
106,-1,1350,343,309,163,0.9880616664886475,-1,-1,-1
107,-1,1346,342,308,164,0.9889655113220215,-1,-1,-1
108,-1,1340,343,292,161,0.9867743253707886,-1,-1,-1
109,-1,1338,345,299,163,0.9857014417648315,-1,-1,-1
110,-1,1347,349,283,161,0.9903150200843811,-1,-1,-1
111,-1,1334,345,288,168,0.9871323108673096,-1,-1,-1
112,-1,1330,346,275,165,0.989318311214447,-1,-1,-1
113,-1,1332,347,263,164,0.9909176230430603,-1,-1,-1
114,-1,1328,349,263,165,0.987739622592926,-1,-1,-1
115,-1,1325,352,263,164,0.981826663017273,-1,-1,-1
116,-1,1323,354,257,165,0.9659265875816345,-1,-1,-1
117,-1,1322,355,246,165,0.9604588150978088,-1,-1,-1
118,-1,1329,354,238,170,0.970740795135498,-1,-1,-1
119,-1,1331,358,235,167,0.9721526503562927,-1,-1,-1
120,-1,1325,357,233,174,0.9666417241096497,-1,-1,-1
121,-1,1323,360,230,172,0.949042022228241,-1,-1,-1
122,-1,1329,361,221,175,0.9770404100418091,-1,-1,-1
123,-1,1329,363,214,177,0.9428353905677795,-1,-1,-1
124,-1,1329,367,206,178,0.9256322383880615,-1,-1,-1
125,-1,1334,366,201,181,0.9725412726402283,-1,-1,-1
126,-1,1336,375,196,173,0.9715108871459961,-1,-1,-1
127,-1,1335,376,196,176,0.9811381101608276,-1,-1,-1
128,-1,1338,377,198,177,0.9895228743553162,-1,-1,-1
129,-1,1341,381,196,176,0.9916597008705139,-1,-1,-1
130,-1,1343,382,196,180,0.9903889298439026,-1,-1,-1
131,-1,1344,384,200,181,0.98888099193573,-1,-1,-1
132,-1,1347,385,201,185,0.9902679324150085,-1,-1,-1
132,-1,0,1039,1399,880,0.9278638958930969,-1,-1,-1
132,-1,1865,386,228,123,0.6140927672386169,-1,-1,-1
133,-1,1349,387,203,187,0.9890543222427368,-1,-1,-1
133,-1,56,1071,1809,848,0.6689030528068542,-1,-1,-1
134,-1,1350,389,208,191,0.9874979853630066,-1,-1,-1
134,-1,115,1119,1464,795,0.641755223274231,-1,-1,-1
135,-1,1352,389,209,195,0.989648699760437,-1,-1,-1
136,-1,1356,393,207,194,0.9889710545539856,-1,-1,-1
137,-1,1357,395,209,197,0.9873801469802856,-1,-1,-1
138,-1,1357,400,215,194,0.9871318340301514,-1,-1,-1
139,-1,1360,401,216,197,0.9912810921669006,-1,-1,-1
140,-1,1360,402,221,200,0.9908626079559326,-1,-1,-1
141,-1,1359,403,224,201,0.9893250465393066,-1,-1,-1
142,-1,1363,406,217,207,0.9807524085044861,-1,-1,-1
143,-1,1361,410,225,208,0.990177571773529,-1,-1,-1
144,-1,1361,413,229,213,0.9884487986564636,-1,-1,-1
145,-1,1363,418,235,213,0.987686276435852,-1,-1,-1
146,-1,1363,416,235,219,0.9890417456626892,-1,-1,-1
147,-1,1369,422,231,218,0.9923896193504333,-1,-1,-1
148,-1,1370,423,232,225,0.9964070916175842,-1,-1,-1
149,-1,1370,424,238,222,0.9936890602111816,-1,-1,-1
150,-1,1368,427,245,230,0.9872718453407288,-1,-1,-1
151,-1,1371,429,246,234,0.9824909567832947,-1,-1,-1
152,-1,1374,434,249,238,0.9892575144767761,-1,-1,-1
153,-1,1375,436,251,241,0.9799261689186096,-1,-1,-1
154,-1,1377,443,252,243,0.9866851568222046,-1,-1,-1
155,-1,1379,442,252,252,0.9849054217338562,-1,-1,-1
156,-1,1383,446,252,252,0.9851462244987488,-1,-1,-1
157,-1,1383,452,258,256,0.9827554821968079,-1,-1,-1
158,-1,1384,455,259,259,0.983405590057373,-1,-1,-1
159,-1,1389,459,267,263,0.988036036491394,-1,-1,-1
160,-1,1392,464,269,261,0.9896642565727234,-1,-1,-1
161,-1,1396,467,272,265,0.9922088384628296,-1,-1,-1
161,-1,1397,857,1094,630,0.8745817542076111,-1,-1,-1
162,-1,1396,469,273,280,0.9932060241699219,-1,-1,-1
162,-1,1034,824,1274,651,0.8887132406234741,-1,-1,-1
163,-1,1391,470,285,274,0.9902799725532532,-1,-1,-1
163,-1,650,794,1644,715,0.7820881009101868,-1,-1,-1
164,-1,1397,472,285,283,0.9858971238136292,-1,-1,-1
164,-1,357,762,1839,728,0.8462144136428833,-1,-1,-1
165,-1,1398,475,291,289,0.9847716689109802,-1,-1,-1
165,-1,0,727,1835,744,0.8388104438781738,-1,-1,-1
166,-1,1403,478,296,291,0.9797449707984924,-1,-1,-1
166,-1,0,700,1542,747,0.9030271172523499,-1,-1,-1
167,-1,1401,484,300,283,0.9811058640480042,-1,-1,-1
167,-1,0,669,1212,728,0.8698076605796814,-1,-1,-1
168,-1,1408,488,302,286,0.9838590025901794,-1,-1,-1
169,-1,1408,490,314,291,0.9802261590957642,-1,-1,-1
170,-1,1409,493,317,302,0.9746288657188416,-1,-1,-1
171,-1,1410,497,317,313,0.9910625219345093,-1,-1,-1
172,-1,1415,503,324,310,0.9920719265937805,-1,-1,-1
173,-1,1419,509,325,311,0.9926813244819641,-1,-1,-1
174,-1,1424,511,331,316,0.9890517592430115,-1,-1,-1
175,-1,1421,510,341,327,0.9878312945365906,-1,-1,-1
176,-1,1429,514,348,339,0.9789053201675415,-1,-1,-1
177,-1,1434,522,350,337,0.9821891188621521,-1,-1,-1
178,-1,1438,526,349,338,0.983863115310669,-1,-1,-1
179,-1,1430,532,360,331,0.9803853034973145,-1,-1,-1
180,-1,1436,533,359,333,0.9819309711456299,-1,-1,-1
181,-1,1437,537,368,344,0.9838575720787048,-1,-1,-1
182,-1,1436,537,379,356,0.983768880367279,-1,-1,-1
183,-1,1446,541,376,354,0.9832770824432373,-1,-1,-1
184,-1,1449,546,389,358,0.9850489497184753,-1,-1,-1
185,-1,1452,551,394,364,0.9790375232696533,-1,-1,-1
186,-1,1459,547,384,363,0.9801728129386902,-1,-1,-1
187,-1,1455,553,407,371,0.9851171970367432,-1,-1,-1
188,-1,1459,556,410,379,0.9843150973320007,-1,-1,-1
189,-1,1458,559,417,379,0.9842076897621155,-1,-1,-1
190,-1,1461,562,421,383,0.9787455797195435,-1,-1,-1
191,-1,1462,569,429,384,0.9870316386222839,-1,-1,-1
191,-1,754,1095,1558,820,0.663431704044342,-1,-1,-1
192,-1,1468,573,429,384,0.9866147637367249,-1,-1,-1
192,-1,666,1045,1620,867,0.9091848134994507,-1,-1,-1
193,-1,1469,575,433,394,0.9865567088127136,-1,-1,-1
193,-1,520,1020,1538,808,0.9141548871994019,-1,-1,-1
194,-1,1473,580,437,395,0.985016942024231,-1,-1,-1
194,-1,374,978,1514,776,0.9381691813468933,-1,-1,-1
195,-1,1484,583,444,393,0.9847815036773682,-1,-1,-1
195,-1,162,958,1568,737,0.9354245662689209,-1,-1,-1
196,-1,1486,583,449,398,0.9852690100669861,-1,-1,-1
196,-1,75,931,1394,697,0.9168580174446106,-1,-1,-1
197,-1,1491,587,451,400,0.9839771389961243,-1,-1,-1
197,-1,32,893,1202,666,0.9094663858413696,-1,-1,-1
198,-1,1479,587,457,404,0.9856644868850708,-1,-1,-1
198,-1,0,893,1009,622,0.8342494964599609,-1,-1,-1
199,-1,1478,583,471,405,0.9870167374610901,-1,-1,-1
199,-1,0,841,897,621,0.804218590259552,-1,-1,-1
200,-1,1492,587,457,411,0.9860094785690308,-1,-1,-1
201,-1,1500,586,462,417,0.9835083484649658,-1,-1,-1
202,-1,1500,587,467,424,0.983130156993866,-1,-1,-1
203,-1,1499,588,472,427,0.9821922183036804,-1,-1,-1
204,-1,1494,592,477,421,0.9830559492111206,-1,-1,-1
205,-1,1494,589,491,423,0.984216570854187,-1,-1,-1
206,-1,1494,590,495,423,0.9834086894989014,-1,-1,-1
207,-1,1495,592,497,423,0.9827035665512085,-1,-1,-1
208,-1,1498,594,493,422,0.981717050075531,-1,-1,-1
209,-1,1513,604,475,418,0.9832715392112732,-1,-1,-1
210,-1,1515,604,473,418,0.9822348952293396,-1,-1,-1
211,-1,1493,592,499,422,0.9840307235717773,-1,-1,-1
212,-1,1493,591,498,422,0.9839437007904053,-1,-1,-1
213,-1,1494,591,497,422,0.9832081198692322,-1,-1,-1
214,-1,1494,590,497,422,0.9829772710800171,-1,-1,-1
215,-1,1493,590,497,423,0.9825170636177063,-1,-1,-1
216,-1,1495,591,495,422,0.9826120138168335,-1,-1,-1
217,-1,1495,590,495,422,0.9830461144447327,-1,-1,-1
218,-1,1494,590,496,422,0.9830875992774963,-1,-1,-1
219,-1,1494,590,497,422,0.982957124710083,-1,-1,-1
220,-1,1495,591,496,421,0.9831816554069519,-1,-1,-1
221,-1,1513,604,476,415,0.9840092658996582,-1,-1,-1
222,-1,1497,593,494,419,0.9835927486419678,-1,-1,-1
223,-1,1497,593,493,420,0.9835239052772522,-1,-1,-1
224,-1,1497,593,493,420,0.9830999374389648,-1,-1,-1
225,-1,1497,594,492,419,0.9829334616661072,-1,-1,-1
226,-1,1497,594,492,419,0.9828124642372131,-1,-1,-1
227,-1,1498,594,492,419,0.9829158782958984,-1,-1,-1
228,-1,1513,603,476,416,0.9836997985839844,-1,-1,-1
229,-1,1514,603,473,416,0.9836254715919495,-1,-1,-1
230,-1,1514,603,472,416,0.9835401177406311,-1,-1,-1
231,-1,1513,604,477,416,0.9838169813156128,-1,-1,-1
232,-1,1512,604,477,416,0.9834749698638916,-1,-1,-1
233,-1,1512,604,477,416,0.9834954142570496,-1,-1,-1
234,-1,1513,604,477,416,0.9834858179092407,-1,-1,-1
235,-1,1513,604,477,416,0.9829407334327698,-1,-1,-1
236,-1,1513,604,477,416,0.9831508994102478,-1,-1,-1
237,-1,1513,604,477,416,0.9832597970962524,-1,-1,-1
238,-1,1512,604,477,416,0.983262300491333,-1,-1,-1
239,-1,1512,604,477,416,0.9830257296562195,-1,-1,-1
240,-1,1513,604,476,416,0.983159065246582,-1,-1,-1
241,-1,1513,605,478,415,0.9846523404121399,-1,-1,-1
242,-1,1513,605,477,415,0.9846816062927246,-1,-1,-1
243,-1,1513,605,478,415,0.9848151206970215,-1,-1,-1
244,-1,1513,605,478,415,0.9848957061767578,-1,-1,-1
245,-1,1513,604,478,416,0.9846017360687256,-1,-1,-1
246,-1,1513,604,478,416,0.9845810532569885,-1,-1,-1
247,-1,1513,604,477,416,0.9845173954963684,-1,-1,-1
248,-1,1513,604,478,416,0.9844085574150085,-1,-1,-1
249,-1,1513,604,478,416,0.9845325350761414,-1,-1,-1
250,-1,1513,604,478,416,0.9845870733261108,-1,-1,-1
251,-1,1513,603,479,417,0.9844073057174683,-1,-1,-1
252,-1,1512,603,479,417,0.984339714050293,-1,-1,-1
253,-1,1512,604,479,417,0.9840013980865479,-1,-1,-1
254,-1,1498,595,494,420,0.9831429123878479,-1,-1,-1
255,-1,1512,604,479,417,0.9841862320899963,-1,-1,-1
256,-1,1512,603,479,417,0.9841398000717163,-1,-1,-1
257,-1,1498,594,494,420,0.9832462668418884,-1,-1,-1
258,-1,1512,604,479,417,0.9841095805168152,-1,-1,-1
259,-1,1512,604,479,416,0.9841399192810059,-1,-1,-1
260,-1,1512,603,479,417,0.9841406345367432,-1,-1,-1
261,-1,1512,604,479,417,0.984363853931427,-1,-1,-1
262,-1,1511,604,480,417,0.9839558005332947,-1,-1,-1
263,-1,1498,594,493,419,0.982205331325531,-1,-1,-1
263,-1,1795,914,758,543,0.6037699580192566,-1,-1,-1
264,-1,1496,594,487,413,0.9785968065261841,-1,-1,-1
264,-1,1509,885,977,555,0.9323285222053528,-1,-1,-1
265,-1,1495,592,493,390,0.9460463523864746,-1,-1,-1
265,-1,1213,877,1167,557,0.9102053046226501,-1,-1,-1
266,-1,951,859,1227,547,0.8401603698730469,-1,-1,-1
267,-1,458,801,1385,575,0.9062515497207642,-1,-1,-1
268,-1,1509,602,479,410,0.903356671333313,-1,-1,-1
268,-1,227,783,1252,554,0.866003692150116,-1,-1,-1
269,-1,1512,603,479,416,0.9820647835731506,-1,-1,-1
269,-1,0,773,1207,537,0.8790294528007507,-1,-1,-1
270,-1,1513,604,477,416,0.983391523361206,-1,-1,-1
270,-1,10,728,1112,573,0.6552505493164062,-1,-1,-1
271,-1,1513,604,477,416,0.9832748770713806,-1,-1,-1
271,-1,0,692,826,577,0.6041613221168518,-1,-1,-1
272,-1,1513,604,478,415,0.9832838773727417,-1,-1,-1
273,-1,1512,604,479,416,0.9837498664855957,-1,-1,-1
274,-1,1512,604,479,416,0.9839388728141785,-1,-1,-1
275,-1,1512,604,479,416,0.9838026762008667,-1,-1,-1
276,-1,1512,604,479,415,0.9840015172958374,-1,-1,-1
277,-1,1494,594,497,420,0.9824647307395935,-1,-1,-1
278,-1,1494,594,497,421,0.9823153018951416,-1,-1,-1
279,-1,1494,594,497,421,0.9822584390640259,-1,-1,-1
280,-1,1495,594,496,420,0.9822731614112854,-1,-1,-1
281,-1,1495,594,497,421,0.982153594493866,-1,-1,-1
282,-1,1495,594,497,420,0.9822523593902588,-1,-1,-1
283,-1,1497,593,495,420,0.9823572635650635,-1,-1,-1
284,-1,1497,593,494,420,0.9822612404823303,-1,-1,-1
285,-1,1497,593,494,420,0.9824163913726807,-1,-1,-1
286,-1,1497,593,494,420,0.9819936156272888,-1,-1,-1
287,-1,1497,593,494,420,0.9819163084030151,-1,-1,-1
288,-1,1497,594,493,420,0.9818496108055115,-1,-1,-1
289,-1,1498,593,493,420,0.9822472929954529,-1,-1,-1
290,-1,1497,593,493,420,0.9823024868965149,-1,-1,-1
291,-1,1497,593,493,420,0.9822090864181519,-1,-1,-1
292,-1,1497,593,493,420,0.9822371602058411,-1,-1,-1
293,-1,1497,593,493,420,0.9821749329566956,-1,-1,-1
294,-1,1497,593,493,420,0.982060432434082,-1,-1,-1
295,-1,1497,593,492,420,0.9822136163711548,-1,-1,-1
296,-1,1497,593,494,420,0.9821694493293762,-1,-1,-1
297,-1,1497,593,493,420,0.9822392463684082,-1,-1,-1
298,-1,1497,593,493,420,0.9822328090667725,-1,-1,-1
299,-1,1497,593,493,420,0.982070803642273,-1,-1,-1
300,-1,1497,593,493,420,0.9820375442504883,-1,-1,-1
301,-1,1497,593,493,420,0.9818955063819885,-1,-1,-1
302,-1,1497,593,494,421,0.9821768999099731,-1,-1,-1
303,-1,1497,593,494,421,0.9821596741676331,-1,-1,-1
304,-1,1497,593,493,421,0.98223477602005,-1,-1,-1
305,-1,1497,593,493,420,0.9823064208030701,-1,-1,-1
306,-1,1497,593,493,421,0.98223876953125,-1,-1,-1
307,-1,1497,593,493,421,0.9821198582649231,-1,-1,-1
308,-1,1497,593,492,420,0.9821611642837524,-1,-1,-1
309,-1,1497,593,492,420,0.9821462035179138,-1,-1,-1
310,-1,1497,593,493,420,0.9820528626441956,-1,-1,-1
311,-1,1497,593,493,420,0.9821715354919434,-1,-1,-1
312,-1,1497,593,493,420,0.982289731502533,-1,-1,-1
313,-1,1497,592,493,421,0.9822172522544861,-1,-1,-1
314,-1,1496,592,494,421,0.9824494123458862,-1,-1,-1
315,-1,1497,592,494,421,0.9825173020362854,-1,-1,-1
316,-1,1497,593,493,420,0.9827796220779419,-1,-1,-1
317,-1,1496,591,494,423,0.9836530685424805,-1,-1,-1
318,-1,1496,591,494,423,0.9836243391036987,-1,-1,-1
318,-1,0,1054,1249,865,0.8722991943359375,-1,-1,-1
319,-1,1496,591,494,422,0.98390132188797,-1,-1,-1
320,-1,1497,592,493,422,0.983623743057251,-1,-1,-1
321,-1,1512,602,475,420,0.9835857152938843,-1,-1,-1
322,-1,1499,593,490,425,0.9857347011566162,-1,-1,-1
323,-1,1499,592,489,424,0.9854370951652527,-1,-1,-1
324,-1,1500,593,486,422,0.9846903085708618,-1,-1,-1
325,-1,1498,592,490,422,0.9847197532653809,-1,-1,-1
326,-1,1499,593,490,421,0.9847241640090942,-1,-1,-1
327,-1,1515,604,475,414,0.984557032585144,-1,-1,-1
328,-1,1515,604,475,415,0.9845081567764282,-1,-1,-1
329,-1,1514,603,478,416,0.9849596619606018,-1,-1,-1
330,-1,1514,603,477,416,0.9846720099449158,-1,-1,-1
331,-1,1514,603,476,415,0.9846858978271484,-1,-1,-1
332,-1,1498,594,491,418,0.9845696091651917,-1,-1,-1
333,-1,1499,595,491,417,0.9836877584457397,-1,-1,-1
334,-1,1498,595,491,417,0.9843140840530396,-1,-1,-1
335,-1,1512,603,480,417,0.9840108752250671,-1,-1,-1
336,-1,1497,594,494,419,0.9834676384925842,-1,-1,-1
337,-1,1496,592,495,421,0.9833278059959412,-1,-1,-1
338,-1,1496,592,495,421,0.9833248853683472,-1,-1,-1
339,-1,1496,593,495,421,0.9833614230155945,-1,-1,-1
340,-1,1496,593,495,421,0.9832231402397156,-1,-1,-1
341,-1,1496,593,494,420,0.9833201766014099,-1,-1,-1
342,-1,1496,593,495,420,0.9831426739692688,-1,-1,-1
343,-1,1496,593,495,420,0.9832617044448853,-1,-1,-1
344,-1,1497,593,494,420,0.9832030534744263,-1,-1,-1
345,-1,1497,594,494,420,0.9829733371734619,-1,-1,-1
346,-1,1496,593,495,420,0.982980489730835,-1,-1,-1
347,-1,1513,602,477,417,0.9834725856781006,-1,-1,-1
348,-1,1513,602,478,416,0.9834049940109253,-1,-1,-1
349,-1,1495,591,497,421,0.982583224773407,-1,-1,-1
350,-1,1495,591,497,421,0.982738196849823,-1,-1,-1
351,-1,1495,591,497,421,0.982670247554779,-1,-1,-1
352,-1,1495,591,497,422,0.9828747510910034,-1,-1,-1
353,-1,1495,591,496,421,0.9826907515525818,-1,-1,-1
354,-1,1495,590,496,422,0.9819706678390503,-1,-1,-1
355,-1,1494,590,496,421,0.9816818833351135,-1,-1,-1
355,-1,1525,939,938,488,0.7819061279296875,-1,-1,-1
356,-1,1496,593,489,413,0.9811120629310608,-1,-1,-1
356,-1,1266,923,1172,501,0.8201419711112976,-1,-1,-1
357,-1,1494,588,496,407,0.9658092856407166,-1,-1,-1
357,-1,977,919,1207,477,0.6746395230293274,-1,-1,-1
358,-1,1508,593,470,402,0.957308292388916,-1,-1,-1
359,-1,1492,597,501,412,0.9788762331008911,-1,-1,-1
359,-1,698,867,1206,509,0.7679643034934998,-1,-1,-1
360,-1,1498,594,493,417,0.9813777804374695,-1,-1,-1
360,-1,73,827,1148,494,0.7204226851463318,-1,-1,-1
361,-1,1497,595,495,418,0.981600284576416,-1,-1,-1
361,-1,126,820,1179,499,0.7095897793769836,-1,-1,-1
362,-1,1497,595,495,418,0.9826188087463379,-1,-1,-1
362,-1,110,786,1074,511,0.7301209568977356,-1,-1,-1
363,-1,1497,595,495,418,0.982515811920166,-1,-1,-1
364,-1,1497,595,495,417,0.9824564456939697,-1,-1,-1
365,-1,1498,595,494,417,0.9821746349334717,-1,-1,-1
366,-1,1498,595,494,417,0.9822849035263062,-1,-1,-1
367,-1,1512,604,479,415,0.9829304814338684,-1,-1,-1
368,-1,1497,594,495,419,0.9830068349838257,-1,-1,-1
369,-1,1497,593,494,419,0.9826574921607971,-1,-1,-1
370,-1,1497,594,494,419,0.9826871752738953,-1,-1,-1
371,-1,1512,604,478,415,0.9823998212814331,-1,-1,-1
372,-1,1512,604,478,415,0.9827029705047607,-1,-1,-1
373,-1,1511,604,478,415,0.9822521209716797,-1,-1,-1
374,-1,1511,604,478,415,0.9823166728019714,-1,-1,-1
375,-1,1512,604,478,415,0.9823221564292908,-1,-1,-1
376,-1,1511,604,479,415,0.9824778437614441,-1,-1,-1
377,-1,1495,591,497,421,0.9823437929153442,-1,-1,-1
378,-1,1495,591,497,422,0.9821686148643494,-1,-1,-1
379,-1,1495,591,496,422,0.9819197058677673,-1,-1,-1
380,-1,1495,591,496,421,0.9817912578582764,-1,-1,-1
381,-1,1495,591,495,421,0.9814888834953308,-1,-1,-1
382,-1,1496,591,494,422,0.9804242849349976,-1,-1,-1
382,-1,1706,963,835,509,0.8915924429893494,-1,-1,-1
383,-1,1495,592,492,417,0.9803118705749512,-1,-1,-1
383,-1,1337,947,1077,508,0.9525997042655945,-1,-1,-1
384,-1,1494,594,490,411,0.9738413691520691,-1,-1,-1
384,-1,1019,921,1121,502,0.9142907857894897,-1,-1,-1
385,-1,1493,590,492,417,0.9530443549156189,-1,-1,-1
385,-1,673,895,1115,488,0.8017831444740295,-1,-1,-1
386,-1,1511,595,485,422,0.973474383354187,-1,-1,-1
386,-1,255,862,1160,498,0.8626601099967957,-1,-1,-1
387,-1,1520,598,482,430,0.9828669428825378,-1,-1,-1
387,-1,0,855,1076,484,0.8304408192634583,-1,-1,-1
388,-1,1503,600,500,430,0.9793251156806946,-1,-1,-1
388,-1,46,809,1104,498,0.7238278985023499,-1,-1,-1
389,-1,1505,601,509,432,0.9747889637947083,-1,-1,-1
390,-1,1500,599,519,436,0.9732807874679565,-1,-1,-1
391,-1,1497,600,535,441,0.976969838142395,-1,-1,-1
392,-1,1504,598,549,446,0.9793871641159058,-1,-1,-1
393,-1,1527,609,552,452,0.9826818704605103,-1,-1,-1
394,-1,1526,613,579,444,0.9797263145446777,-1,-1,-1
395,-1,1530,616,616,460,0.9769033193588257,-1,-1,-1
396,-1,1520,621,642,456,0.9793950915336609,-1,-1,-1
397,-1,1555,633,667,454,0.979498565196991,-1,-1,-1
398,-1,1554,638,704,449,0.9755564332008362,-1,-1,-1
399,-1,1571,643,723,469,0.9754157066345215,-1,-1,-1
400,-1,1589,650,758,483,0.9626820087432861,-1,-1,-1
401,-1,1611,655,794,482,0.9684321880340576,-1,-1,-1
402,-1,1624,660,840,488,0.9663211703300476,-1,-1,-1
403,-1,1676,672,859,498,0.9593546986579895,-1,-1,-1
404,-1,1676,679,883,504,0.9429851174354553,-1,-1,-1
405,-1,1702,690,857,509,0.8973742723464966,-1,-1,-1
406,-1,1755,696,804,528,0.8473103642463684,-1,-1,-1
407,-1,1766,699,793,541,0.8140227794647217,-1,-1,-1
409,-1,1866,389,228,121,0.6343834400177002,-1,-1,-1
410,-1,1866,389,228,121,0.6468390226364136,-1,-1,-1
411,-1,1865,387,230,123,0.6732566356658936,-1,-1,-1
412,-1,1864,386,231,123,0.671272873878479,-1,-1,-1
413,-1,1871,388,230,121,0.6386488080024719,-1,-1,-1
414,-1,1871,388,230,121,0.6528674960136414,-1,-1,-1
415,-1,1871,388,230,121,0.6548134088516235,-1,-1,-1
416,-1,1871,388,230,121,0.6606820821762085,-1,-1,-1
417,-1,1867,389,230,121,0.6311519742012024,-1,-1,-1
418,-1,1866,387,230,123,0.6448140740394592,-1,-1,-1
419,-1,1866,387,230,122,0.6344567537307739,-1,-1,-1
420,-1,1866,387,230,122,0.6375476121902466,-1,-1,-1
427,-1,1868,387,230,125,0.644931435585022,-1,-1,-1
428,-1,1867,387,230,125,0.6394063830375671,-1,-1,-1
429,-1,1867,387,230,125,0.6333157420158386,-1,-1,-1
430,-1,1867,388,230,125,0.6126457452774048,-1,-1,-1
431,-1,1867,387,230,125,0.6277666091918945,-1,-1,-1
432,-1,1867,387,231,125,0.6153506636619568,-1,-1,-1
