1,-1,1122,155,118,107,0.9767178893089294,-1,-1,-1
1,-1,175,427,286,237,0.9718195199966431,-1,-1,-1
1,-1,1412,720,422,352,0.9055837392807007,-1,-1,-1
2,-1,1121,156,116,104,0.9819552302360535,-1,-1,-1
2,-1,165,428,293,237,0.9759023785591125,-1,-1,-1
2,-1,1408,719,423,354,0.8907936215400696,-1,-1,-1
3,-1,1120,156,116,106,0.9784907698631287,-1,-1,-1
3,-1,175,426,289,237,0.9753202795982361,-1,-1,-1
3,-1,1409,720,422,353,0.8955139517784119,-1,-1,-1
4,-1,1126,157,115,106,0.9836241006851196,-1,-1,-1
4,-1,175,428,288,237,0.9787160754203796,-1,-1,-1
4,-1,1410,720,425,351,0.8713039755821228,-1,-1,-1
5,-1,180,428,288,237,0.9792580008506775,-1,-1,-1
5,-1,1124,156,118,107,0.9774881601333618,-1,-1,-1
5,-1,1410,721,423,350,0.8835451006889343,-1,-1,-1
6,-1,1123,156,118,106,0.9802297353744507,-1,-1,-1
6,-1,168,429,290,237,0.9759741425514221,-1,-1,-1
6,-1,1411,719,422,354,0.8962996006011963,-1,-1,-1
7,-1,166,428,290,236,0.9749196171760559,-1,-1,-1
7,-1,1119,156,117,106,0.9733201265335083,-1,-1,-1
7,-1,1409,720,421,354,0.9027331471443176,-1,-1,-1
8,-1,176,425,287,238,0.975226879119873,-1,-1,-1
8,-1,1120,156,116,106,0.9746943116188049,-1,-1,-1
8,-1,1408,719,422,354,0.8833839893341064,-1,-1,-1
9,-1,1122,157,115,104,0.9763050079345703,-1,-1,-1
9,-1,168,424,289,243,0.9755519032478333,-1,-1,-1
9,-1,1410,720,422,354,0.8915566205978394,-1,-1,-1
10,-1,174,429,288,237,0.9780340790748596,-1,-1,-1
10,-1,1124,156,118,107,0.9776656627655029,-1,-1,-1
10,-1,1409,722,424,351,0.8811334371566772,-1,-1,-1
11,-1,1123,157,118,107,0.9825918674468994,-1,-1,-1
11,-1,175,428,286,238,0.9741513133049011,-1,-1,-1
11,-1,1408,721,425,353,0.8601539134979248,-1,-1,-1
12,-1,1121,156,117,104,0.9803463220596313,-1,-1,-1
12,-1,165,430,293,236,0.9754979014396667,-1,-1,-1
12,-1,1409,721,420,353,0.8693580627441406,-1,-1,-1
13,-1,1122,156,115,106,0.9767654538154602,-1,-1,-1
13,-1,166,425,291,240,0.9727925658226013,-1,-1,-1
13,-1,1408,719,422,354,0.8690207600593567,-1,-1,-1
14,-1,174,429,289,235,0.9775369167327881,-1,-1,-1
14,-1,1128,157,113,105,0.9729123711585999,-1,-1,-1
14,-1,1410,721,423,352,0.8560929894447327,-1,-1,-1
15,-1,174,429,290,235,0.977687418460846,-1,-1,-1
15,-1,1123,156,118,107,0.9700855016708374,-1,-1,-1
15,-1,1409,722,424,351,0.8703857064247131,-1,-1,-1
16,-1,1126,155,113,108,0.9742684364318848,-1,-1,-1
16,-1,174,428,289,236,0.9739894866943359,-1,-1,-1
16,-1,1409,720,424,352,0.8704790472984314,-1,-1,-1
17,-1,1120,156,117,105,0.9732902646064758,-1,-1,-1
17,-1,166,424,291,240,0.9715139269828796,-1,-1,-1
17,-1,1407,721,422,352,0.8771985173225403,-1,-1,-1
18,-1,1123,155,114,107,0.9847143292427063,-1,-1,-1
18,-1,172,426,295,233,0.9751446843147278,-1,-1,-1
18,-1,1408,721,420,352,0.8768229484558105,-1,-1,-1
19,-1,1125,156,116,108,0.9773697257041931,-1,-1,-1
19,-1,176,427,289,237,0.9743735790252686,-1,-1,-1
19,-1,1408,722,424,351,0.8635582327842712,-1,-1,-1
20,-1,1124,156,117,107,0.9761083722114563,-1,-1,-1
20,-1,175,428,289,236,0.9732893705368042,-1,-1,-1
20,-1,1408,722,426,352,0.8601041436195374,-1,-1,-1
21,-1,166,430,292,234,0.9759834408760071,-1,-1,-1
21,-1,1122,156,116,105,0.9757846593856812,-1,-1,-1
21,-1,1407,721,423,353,0.847985029220581,-1,-1,-1
22,-1,1122,156,115,104,0.9803541302680969,-1,-1,-1
22,-1,176,426,288,237,0.9789072871208191,-1,-1,-1
22,-1,1406,721,423,352,0.8505915403366089,-1,-1,-1
23,-1,1123,154,115,108,0.9823954701423645,-1,-1,-1
23,-1,164,430,294,234,0.9732268452644348,-1,-1,-1
23,-1,1407,720,422,354,0.856844961643219,-1,-1,-1
24,-1,1123,157,120,107,0.9795554280281067,-1,-1,-1
24,-1,174,428,290,235,0.9729456305503845,-1,-1,-1
24,-1,1407,720,424,354,0.8144575953483582,-1,-1,-1
25,-1,1124,156,117,107,0.9802753329277039,-1,-1,-1
25,-1,182,427,289,234,0.9663519859313965,-1,-1,-1
25,-1,1407,720,427,353,0.8166096806526184,-1,-1,-1
26,-1,1123,156,115,105,0.9836621880531311,-1,-1,-1
26,-1,163,429,295,235,0.9731974601745605,-1,-1,-1
26,-1,1404,714,420,358,0.8545777797698975,-1,-1,-1
27,-1,1122,156,115,105,0.9859480857849121,-1,-1,-1
27,-1,162,429,297,234,0.9701977372169495,-1,-1,-1
27,-1,1403,713,419,358,0.8478922843933105,-1,-1,-1
28,-1,1122,156,117,106,0.9839763641357422,-1,-1,-1
28,-1,164,431,294,233,0.9690536260604858,-1,-1,-1
28,-1,1406,722,422,352,0.8678930997848511,-1,-1,-1
29,-1,1123,155,117,107,0.9828065633773804,-1,-1,-1
29,-1,181,428,289,235,0.9692632555961609,-1,-1,-1
29,-1,1407,722,424,351,0.8356281518936157,-1,-1,-1
30,-1,1124,156,118,107,0.9807515144348145,-1,-1,-1
30,-1,174,429,291,235,0.9711110591888428,-1,-1,-1
30,-1,1406,722,426,351,0.840241551399231,-1,-1,-1
31,-1,1124,157,116,105,0.9843320846557617,-1,-1,-1
31,-1,180,427,290,236,0.971088707447052,-1,-1,-1
31,-1,1408,721,423,351,0.8655579090118408,-1,-1,-1
32,-1,1124,154,114,108,0.9847434759140015,-1,-1,-1
32,-1,164,430,295,233,0.9686421751976013,-1,-1,-1
32,-1,1407,721,423,353,0.8576263785362244,-1,-1,-1
33,-1,1121,156,117,105,0.9833211898803711,-1,-1,-1
33,-1,163,427,293,235,0.9732374548912048,-1,-1,-1
33,-1,1406,721,422,354,0.8781163692474365,-1,-1,-1
34,-1,1121,156,118,104,0.9870158433914185,-1,-1,-1
34,-1,165,427,293,235,0.9725112915039062,-1,-1,-1
34,-1,801,733,368,316,0.9512584805488586,-1,-1,-1
34,-1,1405,721,423,354,0.8804685473442078,-1,-1,-1
35,-1,1123,154,116,109,0.9825824499130249,-1,-1,-1
35,-1,814,702,354,305,0.9745106101036072,-1,-1,-1
35,-1,169,423,293,240,0.9687031507492065,-1,-1,-1
35,-1,1406,721,423,352,0.8597640991210938,-1,-1,-1
35,-1,522,273,168,139,0.6683867573738098,-1,-1,-1
36,-1,1121,155,120,108,0.9797763228416443,-1,-1,-1
36,-1,819,673,341,298,0.9739485383033752,-1,-1,-1
36,-1,175,428,286,236,0.9736449122428894,-1,-1,-1
36,-1,1406,722,426,351,0.8233026266098022,-1,-1,-1
37,-1,1127,157,115,106,0.9791584610939026,-1,-1,-1
37,-1,838,648,325,285,0.9748883247375488,-1,-1,-1
37,-1,175,427,288,237,0.9722862839698792,-1,-1,-1
37,-1,1409,722,424,352,0.8676549792289734,-1,-1,-1
38,-1,847,626,312,275,0.9844141006469727,-1,-1,-1
38,-1,1123,157,118,105,0.9833707809448242,-1,-1,-1
38,-1,171,426,294,238,0.973676860332489,-1,-1,-1
38,-1,1410,721,422,353,0.8750264048576355,-1,-1,-1
39,-1,1121,156,118,104,0.9833417534828186,-1,-1,-1
39,-1,164,429,294,234,0.9704315066337585,-1,-1,-1
39,-1,845,597,317,269,0.9618934392929077,-1,-1,-1
39,-1,1406,722,423,353,0.8395969867706299,-1,-1,-1
40,-1,1120,156,117,104,0.9840264320373535,-1,-1,-1
40,-1,164,427,293,236,0.974814236164093,-1,-1,-1
40,-1,855,579,298,257,0.9599069952964783,-1,-1,-1
40,-1,1405,722,423,353,0.8358309864997864,-1,-1,-1
41,-1,1121,156,116,104,0.9841618537902832,-1,-1,-1
41,-1,164,428,294,235,0.9717375636100769,-1,-1,-1
41,-1,863,559,291,258,0.9581277966499329,-1,-1,-1
41,-1,1404,722,423,354,0.8210642337799072,-1,-1,-1
42,-1,1124,156,117,106,0.9824098348617554,-1,-1,-1
42,-1,169,426,290,240,0.9753432273864746,-1,-1,-1
42,-1,869,537,287,252,0.9362063407897949,-1,-1,-1
42,-1,1407,722,422,353,0.8434427976608276,-1,-1,-1
42,-1,523,272,168,139,0.6706094741821289,-1,-1,-1
43,-1,1125,156,114,107,0.9798780083656311,-1,-1,-1
43,-1,179,428,289,236,0.9775364398956299,-1,-1,-1
43,-1,884,526,275,245,0.9599429965019226,-1,-1,-1
43,-1,1406,722,426,351,0.8607558608055115,-1,-1,-1
44,-1,179,428,289,237,0.9790382385253906,-1,-1,-1
44,-1,1123,158,118,105,0.9784592390060425,-1,-1,-1
44,-1,876,507,276,240,0.9405760169029236,-1,-1,-1
44,-1,1404,723,428,351,0.8627200126647949,-1,-1,-1
45,-1,1124,154,115,108,0.9809783697128296,-1,-1,-1
45,-1,169,426,290,242,0.9762851595878601,-1,-1,-1
45,-1,887,496,259,228,0.9762189984321594,-1,-1,-1
45,-1,1408,720,422,354,0.8470591306686401,-1,-1,-1
46,-1,889,484,262,225,0.982883632183075,-1,-1,-1
46,-1,164,429,293,237,0.9780120849609375,-1,-1,-1
46,-1,1121,156,115,106,0.9708969593048096,-1,-1,-1
46,-1,1407,721,422,352,0.8728430867195129,-1,-1,-1
47,-1,899,463,249,223,0.9794209003448486,-1,-1,-1
47,-1,163,428,296,236,0.977869987487793,-1,-1,-1
47,-1,1121,155,115,103,0.9745115637779236,-1,-1,-1
47,-1,1404,719,424,356,0.8096334338188171,-1,-1,-1
48,-1,903,455,242,218,0.9899706244468689,-1,-1,-1
48,-1,163,428,297,236,0.9755687117576599,-1,-1,-1
48,-1,1121,155,115,104,0.9728628396987915,-1,-1,-1
48,-1,1403,720,426,354,0.8535743951797485,-1,-1,-1
49,-1,904,440,245,215,0.9797603487968445,-1,-1,-1
49,-1,1124,154,115,108,0.9787792563438416,-1,-1,-1
49,-1,165,430,293,236,0.9767901301383972,-1,-1,-1
49,-1,1409,721,422,352,0.8792157769203186,-1,-1,-1
50,-1,918,435,233,204,0.9881516098976135,-1,-1,-1
50,-1,173,428,290,236,0.9767688512802124,-1,-1,-1
50,-1,1125,155,115,107,0.9719818830490112,-1,-1,-1
50,-1,1409,721,422,352,0.8882479071617126,-1,-1,-1
51,-1,920,423,226,201,0.990165650844574,-1,-1,-1
51,-1,169,426,292,243,0.9769203662872314,-1,-1,-1
51,-1,1121,155,119,108,0.9636890888214111,-1,-1,-1
51,-1,1409,720,421,353,0.8853613138198853,-1,-1,-1
52,-1,925,413,218,197,0.9795715808868408,-1,-1,-1
52,-1,164,431,293,235,0.9792258739471436,-1,-1,-1
52,-1,1123,153,116,109,0.969112753868103,-1,-1,-1
52,-1,1410,721,420,353,0.8721491694450378,-1,-1,-1
53,-1,926,404,215,194,0.9900709986686707,-1,-1,-1
53,-1,164,427,294,237,0.9740228056907654,-1,-1,-1
53,-1,1121,155,116,104,0.9698050618171692,-1,-1,-1
53,-1,1406,721,422,354,0.8436709046363831,-1,-1,-1
54,-1,929,394,208,189,0.9782969951629639,-1,-1,-1
54,-1,163,426,293,236,0.974060595035553,-1,-1,-1
54,-1,1119,155,118,107,0.9576169848442078,-1,-1,-1
54,-1,1405,720,422,355,0.8071067929267883,-1,-1,-1
55,-1,935,386,208,187,0.9905017614364624,-1,-1,-1
55,-1,169,425,294,236,0.9744666218757629,-1,-1,-1
55,-1,1124,154,115,108,0.9727156162261963,-1,-1,-1
55,-1,1406,721,423,354,0.8254196047782898,-1,-1,-1
56,-1,940,381,202,182,0.9897034764289856,-1,-1,-1
56,-1,173,428,288,236,0.9775480628013611,-1,-1,-1
56,-1,1125,155,115,108,0.9732398390769958,-1,-1,-1
56,-1,1406,721,427,355,0.8208476901054382,-1,-1,-1
57,-1,941,371,204,183,0.990257978439331,-1,-1,-1
57,-1,174,429,288,235,0.9763233065605164,-1,-1,-1
57,-1,1126,155,115,108,0.9635716080665588,-1,-1,-1
57,-1,1407,721,426,353,0.8255713582038879,-1,-1,-1
58,-1,945,364,196,176,0.9783651828765869,-1,-1,-1
58,-1,182,424,281,242,0.9779149293899536,-1,-1,-1
58,-1,1126,154,115,109,0.9679732322692871,-1,-1,-1
58,-1,1408,720,425,353,0.8486416339874268,-1,-1,-1
59,-1,947,356,189,172,0.9907682538032532,-1,-1,-1
59,-1,164,431,294,235,0.977787971496582,-1,-1,-1
59,-1,1122,154,116,110,0.969676673412323,-1,-1,-1
59,-1,1406,722,425,352,0.8944714069366455,-1,-1,-1
60,-1,949,348,187,173,0.9885093569755554,-1,-1,-1
60,-1,164,429,295,235,0.9781907796859741,-1,-1,-1
60,-1,1119,155,119,108,0.9622061848640442,-1,-1,-1
60,-1,1405,721,425,354,0.8634338974952698,-1,-1,-1
61,-1,951,341,184,168,0.9880328178405762,-1,-1,-1
61,-1,164,430,294,234,0.9798833727836609,-1,-1,-1
61,-1,1121,155,117,106,0.9711838364601135,-1,-1,-1
61,-1,1407,722,424,351,0.8551355004310608,-1,-1,-1
62,-1,956,337,181,164,0.9938283562660217,-1,-1,-1
62,-1,179,424,284,242,0.9771336317062378,-1,-1,-1
62,-1,1124,154,116,110,0.9683729410171509,-1,-1,-1
62,-1,1409,722,424,352,0.875671923160553,-1,-1,-1
63,-1,958,327,178,163,0.9872683882713318,-1,-1,-1
63,-1,173,429,291,235,0.9778904318809509,-1,-1,-1
63,-1,1127,155,113,109,0.9465287327766418,-1,-1,-1
63,-1,1407,721,427,354,0.8222442269325256,-1,-1,-1
64,-1,960,323,179,162,0.9917582869529724,-1,-1,-1
64,-1,183,424,281,243,0.9778504967689514,-1,-1,-1
64,-1,1127,155,113,109,0.952193558216095,-1,-1,-1
64,-1,1409,722,427,353,0.8426553010940552,-1,-1,-1
65,-1,962,316,174,160,0.9935516119003296,-1,-1,-1
65,-1,182,423,280,243,0.9737831354141235,-1,-1,-1
65,-1,1121,155,120,109,0.9698502421379089,-1,-1,-1
65,-1,1411,721,424,352,0.879051923751831,-1,-1,-1
66,-1,963,311,171,156,0.9892134070396423,-1,-1,-1
66,-1,164,431,294,233,0.9785787463188171,-1,-1,-1
66,-1,1123,155,115,108,0.964663565158844,-1,-1,-1
66,-1,1409,721,423,353,0.8846508860588074,-1,-1,-1
67,-1,963,305,170,155,0.9929735660552979,-1,-1,-1
67,-1,164,430,294,235,0.977739155292511,-1,-1,-1
67,-1,1123,156,115,107,0.9703242182731628,-1,-1,-1
67,-1,1407,721,425,354,0.8570500612258911,-1,-1,-1
68,-1,967,300,164,151,0.9939414262771606,-1,-1,-1
68,-1,1123,153,115,109,0.9761625528335571,-1,-1,-1
68,-1,175,427,290,235,0.9748621582984924,-1,-1,-1
68,-1,1408,721,424,354,0.8669971823692322,-1,-1,-1
69,-1,971,294,164,151,0.9950813055038452,-1,-1,-1
69,-1,177,430,291,237,0.981204628944397,-1,-1,-1
69,-1,1124,155,116,109,0.9764173030853271,-1,-1,-1
69,-1,1410,722,423,351,0.8717494606971741,-1,-1,-1
70,-1,974,290,163,148,0.9930589199066162,-1,-1,-1
70,-1,175,430,296,234,0.975806474685669,-1,-1,-1
70,-1,1127,157,115,107,0.9671661257743835,-1,-1,-1
70,-1,1409,723,424,349,0.8661184310913086,-1,-1,-1
71,-1,975,286,161,143,0.994895875453949,-1,-1,-1
71,-1,182,424,284,244,0.9786439538002014,-1,-1,-1
71,-1,1127,157,115,106,0.9722400903701782,-1,-1,-1
71,-1,1408,722,424,350,0.8692139387130737,-1,-1,-1
72,-1,974,281,160,144,0.9943203926086426,-1,-1,-1
72,-1,172,429,288,237,0.9736726880073547,-1,-1,-1
72,-1,1124,154,115,109,0.9667438864707947,-1,-1,-1
72,-1,1410,723,422,350,0.8796727657318115,-1,-1,-1
73,-1,975,274,157,145,0.9933770298957825,-1,-1,-1
73,-1,164,431,293,234,0.9767532348632812,-1,-1,-1
73,-1,1123,155,116,105,0.9639918804168701,-1,-1,-1
73,-1,1407,722,423,352,0.8832278251647949,-1,-1,-1
73,-1,364,351,226,175,0.6030133366584778,-1,-1,-1
74,-1,979,270,151,141,0.9930805563926697,-1,-1,-1
74,-1,175,426,289,236,0.9739684462547302,-1,-1,-1
74,-1,1120,155,117,107,0.9669297933578491,-1,-1,-1
74,-1,1405,722,422,351,0.8784019947052002,-1,-1,-1
75,-1,978,266,152,136,0.9895586967468262,-1,-1,-1
75,-1,164,432,294,233,0.977588415145874,-1,-1,-1
75,-1,1123,155,116,107,0.9630361199378967,-1,-1,-1
75,-1,1406,722,425,351,0.8774429559707642,-1,-1,-1
76,-1,981,262,151,137,0.9951039552688599,-1,-1,-1
76,-1,179,428,289,236,0.9775541424751282,-1,-1,-1
76,-1,1121,154,120,109,0.9628631472587585,-1,-1,-1
76,-1,1409,722,424,350,0.8896653056144714,-1,-1,-1
77,-1,983,258,151,137,0.9954525828361511,-1,-1,-1
77,-1,182,425,283,242,0.9769415259361267,-1,-1,-1
77,-1,1125,155,115,108,0.9715030193328857,-1,-1,-1
77,-1,1408,724,426,348,0.8984057903289795,-1,-1,-1
78,-1,985,253,147,138,0.995105504989624,-1,-1,-1
78,-1,173,429,288,235,0.974521815776825,-1,-1,-1
78,-1,1121,155,120,109,0.9599520564079285,-1,-1,-1
78,-1,1409,722,425,350,0.8966483473777771,-1,-1,-1
79,-1,983,251,144,128,0.9939581155776978,-1,-1,-1
79,-1,165,432,293,234,0.9786449670791626,-1,-1,-1
79,-1,1119,154,120,109,0.9498703479766846,-1,-1,-1
79,-1,1409,722,423,352,0.899907648563385,-1,-1,-1
80,-1,984,246,142,131,0.9963346719741821,-1,-1,-1
80,-1,164,431,295,234,0.9783663749694824,-1,-1,-1
80,-1,1121,155,117,105,0.9684230089187622,-1,-1,-1
80,-1,1406,721,425,353,0.8847014307975769,-1,-1,-1
81,-1,981,244,144,127,0.9943566918373108,-1,-1,-1
81,-1,164,430,295,233,0.9756293892860413,-1,-1,-1
81,-1,1119,154,119,109,0.9565359354019165,-1,-1,-1
81,-1,1405,717,422,358,0.8860787153244019,-1,-1,-1
82,-1,983,240,145,125,0.9919471144676208,-1,-1,-1
82,-1,177,428,288,236,0.9762149453163147,-1,-1,-1
82,-1,1122,153,117,110,0.9657477736473083,-1,-1,-1
82,-1,1407,722,425,352,0.8978447318077087,-1,-1,-1
83,-1,990,234,138,129,0.9944837689399719,-1,-1,-1
83,-1,181,425,282,242,0.9779961109161377,-1,-1,-1
83,-1,1126,155,114,108,0.9750564098358154,-1,-1,-1
83,-1,1410,722,424,352,0.8811448216438293,-1,-1,-1
84,-1,988,232,141,124,0.9915217161178589,-1,-1,-1
84,-1,182,425,283,241,0.9777855277061462,-1,-1,-1
84,-1,1127,155,114,108,0.9682393670082092,-1,-1,-1
84,-1,1408,722,426,351,0.891564667224884,-1,-1,-1
85,-1,986,229,141,123,0.9921758770942688,-1,-1,-1
85,-1,172,428,285,237,0.9745277166366577,-1,-1,-1
85,-1,1125,156,114,107,0.9740201234817505,-1,-1,-1
85,-1,1410,718,422,356,0.8748369812965393,-1,-1,-1
86,-1,987,227,137,119,0.9933702945709229,-1,-1,-1
86,-1,165,425,291,241,0.9711228609085083,-1,-1,-1
86,-1,1122,156,116,104,0.9665501713752747,-1,-1,-1
86,-1,1407,717,423,356,0.8423975110054016,-1,-1,-1
87,-1,986,225,134,116,0.9943034648895264,-1,-1,-1
87,-1,164,429,294,236,0.9765169620513916,-1,-1,-1
87,-1,1121,156,116,105,0.9668457508087158,-1,-1,-1
87,-1,1405,718,423,355,0.8577696681022644,-1,-1,-1
88,-1,987,221,136,117,0.9942487478256226,-1,-1,-1
88,-1,163,429,295,237,0.9747326970100403,-1,-1,-1
88,-1,1121,156,116,105,0.964369535446167,-1,-1,-1
88,-1,1405,718,423,356,0.8518361449241638,-1,-1,-1
89,-1,990,218,134,116,0.993736982345581,-1,-1,-1
89,-1,172,428,288,237,0.9745811820030212,-1,-1,-1
89,-1,1121,156,118,107,0.9615560173988342,-1,-1,-1
89,-1,1408,718,422,356,0.8625354170799255,-1,-1,-1
90,-1,991,215,134,117,0.993130624294281,-1,-1,-1
90,-1,165,427,296,239,0.9708207845687866,-1,-1,-1
90,-1,1124,154,116,108,0.9618571400642395,-1,-1,-1
90,-1,1409,720,423,353,0.8816985487937927,-1,-1,-1
91,-1,991,212,134,116,0.995145857334137,-1,-1,-1
91,-1,172,427,298,235,0.9760145545005798,-1,-1,-1
91,-1,1123,155,117,107,0.9553959965705872,-1,-1,-1
91,-1,1409,720,424,353,0.8920911550521851,-1,-1,-1
91,-1,369,354,228,173,0.6277931332588196,-1,-1,-1
92,-1,990,207,132,117,0.9951890707015991,-1,-1,-1
92,-1,171,427,289,237,0.9750661253929138,-1,-1,-1
92,-1,1124,154,115,107,0.9662272334098816,-1,-1,-1
92,-1,1408,717,423,356,0.8762442469596863,-1,-1,-1
92,-1,521,272,169,140,0.6241273283958435,-1,-1,-1
93,-1,990,203,130,116,0.99458247423172,-1,-1,-1
93,-1,162,430,298,237,0.9752548933029175,-1,-1,-1
93,-1,1119,155,119,107,0.9477224349975586,-1,-1,-1
93,-1,1406,719,426,354,0.8802004456520081,-1,-1,-1
94,-1,992,202,126,113,0.9959802627563477,-1,-1,-1
94,-1,163,429,297,237,0.9741084575653076,-1,-1,-1
94,-1,1120,155,119,106,0.9489984512329102,-1,-1,-1
94,-1,1405,718,424,355,0.8616694211959839,-1,-1,-1
94,-1,366,351,224,175,0.651084840297699,-1,-1,-1
95,-1,991,202,127,109,0.9969430565834045,-1,-1,-1
95,-1,162,430,297,237,0.9761011004447937,-1,-1,-1
95,-1,1121,155,116,106,0.9517675638198853,-1,-1,-1
95,-1,1404,720,426,354,0.8771971464157104,-1,-1,-1
95,-1,363,351,228,175,0.6126833558082581,-1,-1,-1
95,-1,522,272,164,140,0.6119612455368042,-1,-1,-1
96,-1,992,200,126,109,0.9960235357284546,-1,-1,-1
96,-1,167,426,293,242,0.9753745198249817,-1,-1,-1
96,-1,1124,155,115,107,0.9682504534721375,-1,-1,-1
96,-1,1407,719,424,355,0.8670514225959778,-1,-1,-1
96,-1,521,273,169,139,0.6447039246559143,-1,-1,-1
97,-1,993,198,127,109,0.9961865544319153,-1,-1,-1
97,-1,167,431,294,236,0.9776602983474731,-1,-1,-1
97,-1,1123,156,117,105,0.9624719619750977,-1,-1,-1
97,-1,1411,720,422,355,0.892078161239624,-1,-1,-1
97,-1,521,272,169,141,0.7108375430107117,-1,-1,-1
98,-1,992,196,123,107,0.9965049028396606,-1,-1,-1
98,-1,166,432,293,236,0.9776792526245117,-1,-1,-1
98,-1,1125,155,114,107,0.972786545753479,-1,-1,-1
98,-1,1410,720,422,354,0.8778001666069031,-1,-1,-1
98,-1,521,272,168,139,0.7493292093276978,-1,-1,-1
99,-1,991,193,123,105,0.9971795082092285,-1,-1,-1
99,-1,163,430,295,236,0.9762924313545227,-1,-1,-1
99,-1,1124,154,115,108,0.9698324203491211,-1,-1,-1
99,-1,1408,719,422,354,0.8550812005996704,-1,-1,-1
100,-1,990,191,122,104,0.9969589710235596,-1,-1,-1
100,-1,162,429,296,237,0.9777938723564148,-1,-1,-1
100,-1,1122,156,115,105,0.9711104035377502,-1,-1,-1
100,-1,1406,719,420,354,0.86628657579422,-1,-1,-1
100,-1,365,350,227,175,0.6211128830909729,-1,-1,-1
101,-1,993,189,120,100,0.9966172575950623,-1,-1,-1
101,-1,162,429,296,237,0.9791635870933533,-1,-1,-1
101,-1,1123,156,114,105,0.9744098782539368,-1,-1,-1
101,-1,1406,719,421,354,0.8623842000961304,-1,-1,-1
101,-1,521,271,164,141,0.6234057545661926,-1,-1,-1
101,-1,365,351,227,175,0.6012533903121948,-1,-1,-1
102,-1,993,188,122,101,0.9961909055709839,-1,-1,-1
102,-1,163,430,295,237,0.9799858331680298,-1,-1,-1
102,-1,1124,155,114,107,0.9761126637458801,-1,-1,-1
102,-1,1408,720,420,353,0.868188738822937,-1,-1,-1
102,-1,367,351,225,174,0.6553646326065063,-1,-1,-1
102,-1,520,271,170,141,0.6527884006500244,-1,-1,-1
103,-1,995,189,119,98,0.9952923059463501,-1,-1,-1
103,-1,165,431,293,237,0.9798009395599365,-1,-1,-1
103,-1,1126,157,114,106,0.9778971672058105,-1,-1,-1
103,-1,1409,720,422,353,0.8855481147766113,-1,-1,-1
103,-1,522,272,168,141,0.8231869339942932,-1,-1,-1
103,-1,359,355,238,174,0.6147446036338806,-1,-1,-1
104,-1,998,185,116,99,0.9952641725540161,-1,-1,-1
104,-1,172,429,291,237,0.9795575737953186,-1,-1,-1
104,-1,1123,156,117,107,0.9760645031929016,-1,-1,-1
104,-1,1409,721,424,352,0.8808828592300415,-1,-1,-1
104,-1,522,272,169,142,0.8028937578201294,-1,-1,-1
104,-1,368,353,225,174,0.7794041633605957,-1,-1,-1
105,-1,995,183,118,99,0.9946044087409973,-1,-1,-1
105,-1,165,431,294,237,0.9796119332313538,-1,-1,-1
105,-1,1122,156,118,106,0.9739881157875061,-1,-1,-1
105,-1,522,272,167,141,0.8900298476219177,-1,-1,-1
105,-1,1408,720,424,353,0.85248202085495,-1,-1,-1
105,-1,358,355,239,174,0.6807141900062561,-1,-1,-1
106,-1,994,180,118,99,0.9929712414741516,-1,-1,-1
106,-1,163,431,295,237,0.9802479147911072,-1,-1,-1
106,-1,1121,156,118,106,0.9764999151229858,-1,-1,-1
106,-1,1405,719,424,352,0.8383766412734985,-1,-1,-1
106,-1,520,271,170,141,0.678106427192688,-1,-1,-1
106,-1,360,353,229,174,0.6475464701652527,-1,-1,-1
107,-1,995,177,116,99,0.9921173453330994,-1,-1,-1
107,-1,1121,156,118,105,0.9731473326683044,-1,-1,-1
107,-1,163,429,296,235,0.9697782397270203,-1,-1,-1
107,-1,1406,719,424,356,0.7803875803947449,-1,-1,-1
108,-1,995,175,115,98,0.9912806153297424,-1,-1,-1
108,-1,1124,154,114,106,0.9794943332672119,-1,-1,-1
108,-1,171,427,287,236,0.9710583686828613,-1,-1,-1
108,-1,1405,720,426,355,0.8114095330238342,-1,-1,-1
109,-1,996,174,114,97,0.9878697991371155,-1,-1,-1
109,-1,1126,155,114,107,0.9764966368675232,-1,-1,-1
109,-1,166,430,291,236,0.9699427485466003,-1,-1,-1
109,-1,1406,721,424,355,0.8341488838195801,-1,-1,-1
109,-1,787,774,390,301,0.7179581522941589,-1,-1,-1
110,-1,997,172,115,96,0.9885290265083313,-1,-1,-1
110,-1,1126,156,115,107,0.977479875087738,-1,-1,-1
110,-1,174,426,285,237,0.9727588295936584,-1,-1,-1
110,-1,785,741,370,323,0.9627719521522522,-1,-1,-1
110,-1,1408,721,422,355,0.8405651450157166,-1,-1,-1
110,-1,522,273,168,139,0.6587399244308472,-1,-1,-1
111,-1,997,171,114,95,0.9868250489234924,-1,-1,-1
111,-1,792,707,376,310,0.9762730002403259,-1,-1,-1
111,-1,168,430,290,236,0.972517728805542,-1,-1,-1
111,-1,1122,155,118,108,0.9503075480461121,-1,-1,-1
111,-1,1407,721,424,354,0.8343297839164734,-1,-1,-1
111,-1,522,273,167,139,0.7068363428115845,-1,-1,-1
112,-1,998,169,113,95,0.9810980558395386,-1,-1,-1
112,-1,805,678,369,297,0.9792786836624146,-1,-1,-1
112,-1,166,430,292,235,0.9721797108650208,-1,-1,-1
112,-1,1124,156,116,107,0.9647936820983887,-1,-1,-1
112,-1,1406,720,423,354,0.8004242181777954,-1,-1,-1
112,-1,522,272,168,140,0.6725538372993469,-1,-1,-1
113,-1,999,167,110,93,0.9858353734016418,-1,-1,-1
113,-1,815,646,353,282,0.9803400635719299,-1,-1,-1
113,-1,1124,154,113,107,0.9773509502410889,-1,-1,-1
113,-1,166,429,292,236,0.9748538732528687,-1,-1,-1
113,-1,1405,720,425,354,0.8069819211959839,-1,-1,-1
114,-1,999,164,109,94,0.986078143119812,-1,-1,-1
114,-1,829,623,343,283,0.9823616147041321,-1,-1,-1
114,-1,1123,154,115,108,0.9787164330482483,-1,-1,-1
114,-1,166,429,293,236,0.9752424955368042,-1,-1,-1
114,-1,1402,715,420,358,0.7915834188461304,-1,-1,-1
115,-1,834,605,331,261,0.9830900430679321,-1,-1,-1
115,-1,1000,162,108,94,0.9789221286773682,-1,-1,-1
115,-1,1124,154,115,107,0.9760944247245789,-1,-1,-1
115,-1,166,430,292,235,0.9733849167823792,-1,-1,-1
115,-1,1405,714,419,358,0.7838620543479919,-1,-1,-1
116,-1,173,428,287,236,0.9769126176834106,-1,-1,-1
116,-1,849,577,320,264,0.976207971572876,-1,-1,-1
116,-1,1001,160,109,96,0.9711397290229797,-1,-1,-1
116,-1,1122,156,119,108,0.9601154327392578,-1,-1,-1
116,-1,1407,723,424,352,0.8206355571746826,-1,-1,-1
116,-1,523,273,167,140,0.7530284523963928,-1,-1,-1
117,-1,1127,158,114,104,0.9889035820960999,-1,-1,-1
117,-1,1002,160,107,92,0.9856069087982178,-1,-1,-1
117,-1,846,561,311,251,0.9796677827835083,-1,-1,-1
117,-1,175,429,292,235,0.9762000441551208,-1,-1,-1
117,-1,1409,721,422,353,0.834621250629425,-1,-1,-1
118,-1,1127,157,113,105,0.9873071908950806,-1,-1,-1
118,-1,1001,159,107,90,0.9835102558135986,-1,-1,-1
118,-1,854,539,301,240,0.9778841733932495,-1,-1,-1
118,-1,168,431,292,235,0.9753704071044922,-1,-1,-1
118,-1,1411,720,421,354,0.8493603467941284,-1,-1,-1
119,-1,1127,157,111,105,0.9831370711326599,-1,-1,-1
119,-1,165,428,297,239,0.9769577980041504,-1,-1,-1
119,-1,1000,155,107,92,0.9730158448219299,-1,-1,-1
119,-1,861,518,292,236,0.9587310552597046,-1,-1,-1
119,-1,1409,721,421,353,0.8616768717765808,-1,-1,-1
120,-1,1127,157,110,104,0.9817343950271606,-1,-1,-1
120,-1,867,503,281,226,0.9806237816810608,-1,-1,-1
120,-1,164,431,295,236,0.9762656092643738,-1,-1,-1
120,-1,999,153,106,92,0.9622699022293091,-1,-1,-1
120,-1,1408,721,422,354,0.8495522737503052,-1,-1,-1
121,-1,1125,156,113,105,0.981082558631897,-1,-1,-1
121,-1,874,487,279,228,0.9808459877967834,-1,-1,-1
121,-1,164,430,294,235,0.9770206212997437,-1,-1,-1
121,-1,999,152,105,92,0.9493849873542786,-1,-1,-1
121,-1,1411,722,420,352,0.8793336153030396,-1,-1,-1
122,-1,1125,157,116,104,0.9747455716133118,-1,-1,-1
122,-1,169,426,289,239,0.9735221862792969,-1,-1,-1
122,-1,877,474,274,215,0.947607696056366,-1,-1,-1
122,-1,1002,150,102,92,0.9308030009269714,-1,-1,-1
122,-1,1411,722,421,353,0.8558482527732849,-1,-1,-1
123,-1,1126,157,116,105,0.9790741205215454,-1,-1,-1
123,-1,173,428,288,236,0.9753377437591553,-1,-1,-1
123,-1,881,458,268,211,0.944714367389679,-1,-1,-1
123,-1,1002,151,103,91,0.9306619167327881,-1,-1,-1
123,-1,1411,722,421,352,0.8526362180709839,-1,-1,-1
124,-1,1126,158,116,105,0.9778494834899902,-1,-1,-1
124,-1,173,428,288,235,0.9762356877326965,-1,-1,-1
124,-1,888,446,265,212,0.9515259265899658,-1,-1,-1
124,-1,1004,149,102,89,0.8893728256225586,-1,-1,-1
124,-1,1410,723,421,351,0.8644564151763916,-1,-1,-1
125,-1,180,427,288,235,0.9768853187561035,-1,-1,-1
125,-1,1123,158,118,106,0.9762153625488281,-1,-1,-1
125,-1,895,432,257,210,0.9655902981758118,-1,-1,-1
125,-1,1004,146,100,90,0.8873931169509888,-1,-1,-1
125,-1,1411,722,421,351,0.8694875240325928,-1,-1,-1
126,-1,1125,157,113,105,0.9774284958839417,-1,-1,-1
126,-1,168,426,292,239,0.9765166640281677,-1,-1,-1
126,-1,899,421,247,201,0.9670569896697998,-1,-1,-1
126,-1,1411,722,420,352,0.8622427582740784,-1,-1,-1
126,-1,1002,146,101,88,0.8092259764671326,-1,-1,-1
127,-1,1125,158,114,103,0.9801520705223083,-1,-1,-1
127,-1,168,426,291,239,0.9768925905227661,-1,-1,-1
127,-1,904,410,244,192,0.9444677829742432,-1,-1,-1
127,-1,1410,721,419,352,0.848743200302124,-1,-1,-1
127,-1,1003,143,99,88,0.6804362535476685,-1,-1,-1
128,-1,1126,158,113,103,0.979532778263092,-1,-1,-1
128,-1,168,426,291,239,0.9780707955360413,-1,-1,-1
128,-1,912,400,233,190,0.9469267129898071,-1,-1,-1
128,-1,1410,721,418,354,0.8479157090187073,-1,-1,-1
128,-1,1002,142,100,88,0.7103665471076965,-1,-1,-1
129,-1,1126,158,113,104,0.9766741991043091,-1,-1,-1
129,-1,168,426,291,240,0.9765504002571106,-1,-1,-1
129,-1,911,390,232,185,0.9686329364776611,-1,-1,-1
129,-1,1411,722,418,351,0.867962658405304,-1,-1,-1
130,-1,172,428,291,235,0.9769265055656433,-1,-1,-1
130,-1,1126,158,115,104,0.9760042428970337,-1,-1,-1
130,-1,917,382,225,183,0.9615710973739624,-1,-1,-1
130,-1,1409,722,421,352,0.8207583427429199,-1,-1,-1
130,-1,1005,141,101,88,0.6263174414634705,-1,-1,-1
131,-1,1126,158,115,104,0.9757920503616333,-1,-1,-1
131,-1,180,423,283,242,0.974699854850769,-1,-1,-1
131,-1,920,370,221,183,0.9716870188713074,-1,-1,-1
131,-1,1410,721,420,352,0.8324147462844849,-1,-1,-1
132,-1,167,426,292,240,0.975543200969696,-1,-1,-1
132,-1,1124,159,115,103,0.9751440286636353,-1,-1,-1
132,-1,922,363,218,175,0.9708698987960815,-1,-1,-1
132,-1,1408,721,421,352,0.8163256645202637,-1,-1,-1
133,-1,167,427,296,236,0.9790722727775574,-1,-1,-1
133,-1,1124,157,114,104,0.9787679314613342,-1,-1,-1
133,-1,925,357,212,168,0.9701249003410339,-1,-1,-1
133,-1,1411,721,419,352,0.8678367137908936,-1,-1,-1
134,-1,164,424,295,241,0.978696346282959,-1,-1,-1
134,-1,1123,157,114,104,0.9786744117736816,-1,-1,-1
134,-1,928,347,208,171,0.9698070287704468,-1,-1,-1
134,-1,1409,720,419,353,0.880004346370697,-1,-1,-1
135,-1,168,426,295,236,0.9784814119338989,-1,-1,-1
135,-1,1124,157,114,104,0.9734398126602173,-1,-1,-1
135,-1,931,340,205,167,0.9714627265930176,-1,-1,-1
135,-1,1409,721,420,351,0.8664230108261108,-1,-1,-1
136,-1,169,426,291,240,0.9796186685562134,-1,-1,-1
136,-1,936,334,196,164,0.9731987118721008,-1,-1,-1
136,-1,1122,157,117,105,0.9689763784408569,-1,-1,-1
136,-1,1411,722,420,350,0.8701174855232239,-1,-1,-1
136,-1,522,272,168,140,0.6061503291130066,-1,-1,-1
137,-1,167,431,291,234,0.9785778522491455,-1,-1,-1
137,-1,1124,157,115,105,0.9745358824729919,-1,-1,-1
137,-1,941,325,194,159,0.9705910682678223,-1,-1,-1
137,-1,1410,721,422,351,0.8586459755897522,-1,-1,-1
137,-1,521,273,168,140,0.6184307932853699,-1,-1,-1
138,-1,941,319,192,158,0.9843857884407043,-1,-1,-1
138,-1,167,431,292,236,0.9790242910385132,-1,-1,-1
138,-1,1123,158,118,105,0.9714921116828918,-1,-1,-1
138,-1,1411,722,421,351,0.8567197322845459,-1,-1,-1
138,-1,521,272,168,140,0.649131715297699,-1,-1,-1
139,-1,165,431,293,234,0.980089545249939,-1,-1,-1
139,-1,943,312,186,157,0.9767851233482361,-1,-1,-1
139,-1,1125,157,114,104,0.9766877293586731,-1,-1,-1
139,-1,1411,722,420,350,0.8669834136962891,-1,-1,-1
139,-1,522,272,167,139,0.7294604182243347,-1,-1,-1
140,-1,165,423,295,242,0.9781023859977722,-1,-1,-1
140,-1,1124,156,114,104,0.978087306022644,-1,-1,-1
140,-1,942,306,184,152,0.9681899547576904,-1,-1,-1
140,-1,1410,721,420,352,0.8480038642883301,-1,-1,-1
140,-1,522,272,167,139,0.8054433465003967,-1,-1,-1
141,-1,944,300,181,152,0.98862224817276,-1,-1,-1
141,-1,165,431,294,234,0.979794442653656,-1,-1,-1
141,-1,1124,156,114,105,0.9762433171272278,-1,-1,-1
141,-1,1410,720,421,353,0.8538314700126648,-1,-1,-1
141,-1,522,273,166,139,0.8400084376335144,-1,-1,-1
142,-1,949,294,175,153,0.9901453256607056,-1,-1,-1
142,-1,1125,157,114,105,0.9786051511764526,-1,-1,-1
142,-1,166,430,293,235,0.9766652584075928,-1,-1,-1
142,-1,1410,721,422,351,0.8576256632804871,-1,-1,-1
142,-1,523,273,166,138,0.7413130402565002,-1,-1,-1
143,-1,952,289,169,148,0.9887449145317078,-1,-1,-1
143,-1,178,427,290,236,0.9781709313392639,-1,-1,-1
143,-1,1127,156,112,105,0.9756394028663635,-1,-1,-1
143,-1,1410,722,423,351,0.8608332276344299,-1,-1,-1
143,-1,523,273,166,138,0.7922151684761047,-1,-1,-1
144,-1,951,285,171,141,0.9916068315505981,-1,-1,-1
144,-1,179,427,289,237,0.9791498780250549,-1,-1,-1
144,-1,1126,156,113,105,0.9742530584335327,-1,-1,-1
144,-1,1411,722,423,351,0.871098518371582,-1,-1,-1
144,-1,523,273,166,138,0.7937609553337097,-1,-1,-1
145,-1,952,278,170,146,0.9908266663551331,-1,-1,-1
145,-1,167,430,291,236,0.9800267815589905,-1,-1,-1
145,-1,1126,156,113,105,0.9762325286865234,-1,-1,-1
145,-1,1412,721,419,352,0.8561478853225708,-1,-1,-1
145,-1,523,273,166,138,0.735726535320282,-1,-1,-1
146,-1,956,271,162,142,0.9919717311859131,-1,-1,-1
146,-1,165,429,292,235,0.9786934852600098,-1,-1,-1
146,-1,1125,155,113,105,0.9744974970817566,-1,-1,-1
146,-1,1409,719,419,353,0.8295387625694275,-1,-1,-1
146,-1,522,273,167,139,0.7547999620437622,-1,-1,-1
147,-1,955,270,165,135,0.9929176568984985,-1,-1,-1
147,-1,164,430,293,235,0.980620801448822,-1,-1,-1
147,-1,1124,155,113,105,0.9745782017707825,-1,-1,-1
147,-1,1409,720,420,353,0.8491578698158264,-1,-1,-1
147,-1,522,274,163,139,0.6530784368515015,-1,-1,-1
148,-1,957,264,161,134,0.9936286807060242,-1,-1,-1
148,-1,165,429,293,235,0.9761862754821777,-1,-1,-1
148,-1,1122,156,117,105,0.9608123898506165,-1,-1,-1
148,-1,1410,721,420,350,0.8575406670570374,-1,-1,-1
148,-1,862,115,118,105,0.8062633872032166,-1,-1,-1
148,-1,522,272,168,139,0.6588267683982849,-1,-1,-1
149,-1,959,260,157,133,0.9898682832717896,-1,-1,-1
149,-1,166,431,292,234,0.978898286819458,-1,-1,-1
149,-1,1125,156,114,106,0.9731989502906799,-1,-1,-1
149,-1,861,117,119,106,0.9241087436676025,-1,-1,-1
149,-1,1410,720,421,354,0.8520708680152893,-1,-1,-1
149,-1,523,274,166,137,0.7965779900550842,-1,-1,-1
150,-1,963,255,154,134,0.9949578642845154,-1,-1,-1
150,-1,172,428,290,235,0.9785150289535522,-1,-1,-1
150,-1,1124,155,115,105,0.977493166923523,-1,-1,-1
150,-1,860,118,119,108,0.9600939750671387,-1,-1,-1
150,-1,1411,720,420,353,0.8638725280761719,-1,-1,-1
150,-1,523,273,167,139,0.7614827156066895,-1,-1,-1
151,-1,965,252,154,129,0.9939834475517273,-1,-1,-1
151,-1,172,428,290,236,0.9784952998161316,-1,-1,-1
151,-1,1125,156,115,105,0.9769684672355652,-1,-1,-1
151,-1,859,120,119,109,0.9648640155792236,-1,-1,-1
151,-1,1411,721,420,352,0.8664419651031494,-1,-1,-1
151,-1,523,273,167,138,0.7734610438346863,-1,-1,-1
152,-1,966,247,150,128,0.9865942001342773,-1,-1,-1
152,-1,171,428,289,236,0.9784761071205139,-1,-1,-1
152,-1,1124,155,114,106,0.9752529263496399,-1,-1,-1
152,-1,857,122,119,107,0.9526305198669434,-1,-1,-1
152,-1,1409,721,420,352,0.8631733655929565,-1,-1,-1
152,-1,523,273,165,138,0.8412920236587524,-1,-1,-1
153,-1,963,241,151,127,0.9912548065185547,-1,-1,-1
153,-1,163,429,296,235,0.9810016751289368,-1,-1,-1
153,-1,1123,155,115,105,0.9744285345077515,-1,-1,-1
153,-1,854,124,118,108,0.9527538418769836,-1,-1,-1
153,-1,1409,722,419,351,0.8606728315353394,-1,-1,-1
153,-1,522,273,166,139,0.8050392270088196,-1,-1,-1
153,-1,362,351,231,175,0.6584848761558533,-1,-1,-1
154,-1,961,238,154,125,0.9878627061843872,-1,-1,-1
154,-1,163,429,296,235,0.9790977835655212,-1,-1,-1
154,-1,1123,155,116,105,0.9724228978157043,-1,-1,-1
154,-1,852,127,121,108,0.9678959250450134,-1,-1,-1
154,-1,1410,721,420,352,0.8587498664855957,-1,-1,-1
154,-1,521,273,167,136,0.798253059387207,-1,-1,-1
154,-1,362,351,231,175,0.6639221906661987,-1,-1,-1
155,-1,961,235,154,125,0.991300642490387,-1,-1,-1
155,-1,163,431,294,233,0.9803227186203003,-1,-1,-1
155,-1,1123,155,116,106,0.9706472158432007,-1,-1,-1
155,-1,854,128,119,109,0.9623430967330933,-1,-1,-1
155,-1,1410,721,420,353,0.8598470687866211,-1,-1,-1
155,-1,522,273,166,138,0.7413886785507202,-1,-1,-1
156,-1,969,230,146,126,0.9896509647369385,-1,-1,-1
156,-1,168,425,291,241,0.9774454832077026,-1,-1,-1
156,-1,1123,155,115,106,0.9756601452827454,-1,-1,-1
156,-1,852,130,122,110,0.9554799199104309,-1,-1,-1
156,-1,1411,722,420,352,0.8771581649780273,-1,-1,-1
156,-1,523,273,166,138,0.8353999257087708,-1,-1,-1
157,-1,968,226,147,122,0.9878915548324585,-1,-1,-1
157,-1,166,426,291,240,0.9773354530334473,-1,-1,-1
157,-1,1126,156,113,106,0.9758346080780029,-1,-1,-1
157,-1,851,132,122,111,0.9391646981239319,-1,-1,-1
157,-1,1410,723,421,350,0.8758379817008972,-1,-1,-1
157,-1,523,273,163,141,0.6841333508491516,-1,-1,-1
158,-1,967,223,147,122,0.9931257963180542,-1,-1,-1
158,-1,164,430,294,235,0.9787551760673523,-1,-1,-1
158,-1,1125,155,114,106,0.9744980931282043,-1,-1,-1
158,-1,848,134,124,113,0.9292613863945007,-1,-1,-1
158,-1,1409,722,420,351,0.8737339973449707,-1,-1,-1
158,-1,521,272,169,141,0.6170008778572083,-1,-1,-1
159,-1,967,219,146,120,0.9893397688865662,-1,-1,-1
159,-1,162,429,297,236,0.9799861311912537,-1,-1,-1
159,-1,1124,155,113,107,0.9708846211433411,-1,-1,-1
159,-1,845,136,123,112,0.9431167840957642,-1,-1,-1
159,-1,1408,722,422,350,0.8696194887161255,-1,-1,-1
160,-1,968,217,145,118,0.9881992340087891,-1,-1,-1
160,-1,163,429,296,236,0.980241060256958,-1,-1,-1
160,-1,1120,157,117,106,0.9663785099983215,-1,-1,-1
160,-1,843,138,126,114,0.9646245837211609,-1,-1,-1
160,-1,1408,723,421,350,0.8898453116416931,-1,-1,-1
160,-1,522,272,163,141,0.7077463865280151,-1,-1,-1
161,-1,968,213,146,118,0.9913220405578613,-1,-1,-1
161,-1,163,430,297,236,0.9766453504562378,-1,-1,-1
161,-1,1124,156,113,106,0.9729677438735962,-1,-1,-1
161,-1,843,139,125,114,0.9711971879005432,-1,-1,-1
161,-1,1409,724,421,349,0.8919199705123901,-1,-1,-1
162,-1,972,210,143,117,0.9887915849685669,-1,-1,-1
162,-1,842,140,124,117,0.9867766499519348,-1,-1,-1
162,-1,165,430,293,234,0.9758569598197937,-1,-1,-1
162,-1,1124,155,114,107,0.9659853577613831,-1,-1,-1
162,-1,1410,723,421,351,0.9058824181556702,-1,-1,-1
162,-1,770,742,390,337,0.8797652125358582,-1,-1,-1
162,-1,362,351,232,177,0.6520678997039795,-1,-1,-1
162,-1,522,272,168,140,0.6183121204376221,-1,-1,-1
163,-1,974,206,141,119,0.9903324246406555,-1,-1,-1
163,-1,841,142,126,117,0.980661153793335,-1,-1,-1
163,-1,167,431,293,236,0.978203296661377,-1,-1,-1
163,-1,781,711,368,330,0.9695079922676086,-1,-1,-1
163,-1,1126,156,112,106,0.968251645565033,-1,-1,-1
163,-1,1411,724,421,351,0.8872299790382385,-1,-1,-1
163,-1,522,272,167,140,0.7659480571746826,-1,-1,-1
164,-1,974,204,140,115,0.9890538454055786,-1,-1,-1
164,-1,840,144,123,117,0.985227108001709,-1,-1,-1
164,-1,166,430,294,236,0.9790036082267761,-1,-1,-1
164,-1,1126,156,113,107,0.9684432744979858,-1,-1,-1
164,-1,797,679,353,314,0.9648514986038208,-1,-1,-1
164,-1,1411,722,420,352,0.8770278096199036,-1,-1,-1
164,-1,522,272,168,141,0.7470800876617432,-1,-1,-1
165,-1,973,201,139,115,0.992296040058136,-1,-1,-1
165,-1,836,147,125,118,0.984230101108551,-1,-1,-1
165,-1,165,431,294,234,0.9799306392669678,-1,-1,-1
165,-1,799,656,345,294,0.9716020226478577,-1,-1,-1
165,-1,1124,155,113,107,0.9658465385437012,-1,-1,-1
165,-1,1409,721,420,352,0.8820379972457886,-1,-1,-1
165,-1,360,351,232,177,0.6209415793418884,-1,-1,-1
166,-1,975,200,138,112,0.9915464520454407,-1,-1,-1
166,-1,833,148,129,121,0.9869207143783569,-1,-1,-1
166,-1,807,620,340,289,0.9805740714073181,-1,-1,-1
166,-1,163,430,297,234,0.9772701859474182,-1,-1,-1
166,-1,1124,155,113,106,0.9612895846366882,-1,-1,-1
166,-1,1407,721,421,353,0.8265926241874695,-1,-1,-1
166,-1,360,351,232,176,0.6929849982261658,-1,-1,-1
166,-1,523,272,164,140,0.6377161741256714,-1,-1,-1
167,-1,830,147,129,123,0.9893187880516052,-1,-1,-1
167,-1,975,197,134,110,0.9885475635528564,-1,-1,-1
167,-1,820,600,320,276,0.9861716628074646,-1,-1,-1
167,-1,163,429,297,235,0.9725649356842041,-1,-1,-1
167,-1,1124,155,113,106,0.9708400964736938,-1,-1,-1
167,-1,1404,714,420,359,0.8238652944564819,-1,-1,-1
168,-1,827,154,132,119,0.9878615140914917,-1,-1,-1
168,-1,978,196,132,108,0.9873725771903992,-1,-1,-1
168,-1,832,578,316,266,0.9840487241744995,-1,-1,-1
168,-1,164,429,295,234,0.9751973748207092,-1,-1,-1
168,-1,1124,155,113,106,0.970384955406189,-1,-1,-1
168,-1,1406,722,425,354,0.8102172613143921,-1,-1,-1
169,-1,982,196,131,105,0.9905477166175842,-1,-1,-1
169,-1,826,156,133,123,0.9888262748718262,-1,-1,-1
169,-1,839,556,308,251,0.9830777049064636,-1,-1,-1
169,-1,172,428,289,236,0.9798484444618225,-1,-1,-1
169,-1,1124,156,115,106,0.9642161130905151,-1,-1,-1
169,-1,1407,721,423,353,0.8171697854995728,-1,-1,-1
170,-1,824,159,134,123,0.9923689365386963,-1,-1,-1
170,-1,983,194,129,104,0.9890005588531494,-1,-1,-1
170,-1,172,428,289,236,0.9783914685249329,-1,-1,-1
170,-1,844,538,302,239,0.9714630842208862,-1,-1,-1
170,-1,1126,156,113,107,0.9674648642539978,-1,-1,-1
170,-1,1407,721,423,354,0.8369882702827454,-1,-1,-1
171,-1,818,161,139,124,0.9934211373329163,-1,-1,-1
171,-1,172,428,288,236,0.9786085486412048,-1,-1,-1
171,-1,983,190,130,106,0.977850079536438,-1,-1,-1
171,-1,1126,157,112,106,0.9661181569099426,-1,-1,-1
171,-1,860,518,273,240,0.9619222283363342,-1,-1,-1
171,-1,1408,721,423,355,0.8467066287994385,-1,-1,-1
172,-1,817,162,138,128,0.9942072629928589,-1,-1,-1
172,-1,166,424,291,242,0.9786127805709839,-1,-1,-1
172,-1,983,186,129,106,0.9708830118179321,-1,-1,-1
172,-1,1124,156,114,106,0.9595560431480408,-1,-1,-1
172,-1,862,500,280,230,0.9367083311080933,-1,-1,-1
172,-1,1407,722,423,353,0.8215925693511963,-1,-1,-1
173,-1,812,163,142,130,0.9951702952384949,-1,-1,-1
173,-1,164,429,295,236,0.9811255931854248,-1,-1,-1
173,-1,983,184,127,106,0.9741355776786804,-1,-1,-1
173,-1,1123,155,114,107,0.9660487771034241,-1,-1,-1
173,-1,864,483,273,230,0.9604099988937378,-1,-1,-1
173,-1,1406,722,423,353,0.8563616871833801,-1,-1,-1
173,-1,363,351,227,176,0.607094407081604,-1,-1,-1
174,-1,811,165,140,129,0.9969802498817444,-1,-1,-1
174,-1,870,471,269,219,0.9846794009208679,-1,-1,-1
174,-1,165,424,293,242,0.9795119762420654,-1,-1,-1
174,-1,984,183,128,103,0.9636357426643372,-1,-1,-1
174,-1,1123,155,115,107,0.9562591314315796,-1,-1,-1
174,-1,1407,722,421,353,0.846918523311615,-1,-1,-1
174,-1,364,351,227,176,0.6591690182685852,-1,-1,-1
175,-1,809,168,144,131,0.9965634942054749,-1,-1,-1
175,-1,166,430,292,235,0.9800297617912292,-1,-1,-1
175,-1,874,454,268,215,0.9733816385269165,-1,-1,-1
175,-1,986,181,123,102,0.9693437814712524,-1,-1,-1
175,-1,1124,155,115,108,0.9555901288986206,-1,-1,-1
175,-1,1407,722,422,352,0.840873658657074,-1,-1,-1
175,-1,364,352,229,176,0.6521766781806946,-1,-1,-1
176,-1,806,172,145,133,0.9939014911651611,-1,-1,-1
176,-1,168,431,292,236,0.9794391989707947,-1,-1,-1
176,-1,988,178,123,103,0.9737833738327026,-1,-1,-1
176,-1,889,439,257,220,0.9697876572608948,-1,-1,-1
176,-1,1126,156,113,107,0.9507591724395752,-1,-1,-1
176,-1,1406,721,422,353,0.8146958351135254,-1,-1,-1
176,-1,362,352,232,176,0.7364290952682495,-1,-1,-1
177,-1,802,175,147,135,0.994458794593811,-1,-1,-1
177,-1,172,427,287,235,0.9787026047706604,-1,-1,-1
177,-1,990,177,122,102,0.9682612419128418,-1,-1,-1
177,-1,893,435,245,201,0.9680081009864807,-1,-1,-1
177,-1,1122,156,118,107,0.9558928608894348,-1,-1,-1
177,-1,1408,722,423,352,0.8705577850341797,-1,-1,-1
178,-1,797,178,151,137,0.9965299963951111,-1,-1,-1
178,-1,166,430,292,235,0.9777541160583496,-1,-1,-1
178,-1,990,174,119,103,0.9684317111968994,-1,-1,-1
178,-1,889,414,244,205,0.9488180875778198,-1,-1,-1
178,-1,1122,154,117,108,0.9425113201141357,-1,-1,-1
178,-1,1408,721,422,352,0.8583958148956299,-1,-1,-1
179,-1,795,182,151,135,0.9966825842857361,-1,-1,-1
179,-1,901,411,238,191,0.9813053011894226,-1,-1,-1
179,-1,164,430,295,235,0.98047935962677,-1,-1,-1
179,-1,990,170,118,102,0.9627081751823425,-1,-1,-1
179,-1,1125,155,114,106,0.9604843258857727,-1,-1,-1
179,-1,1407,722,423,352,0.8609129190444946,-1,-1,-1
180,-1,792,186,153,138,0.9956250786781311,-1,-1,-1
180,-1,163,430,296,236,0.9794529676437378,-1,-1,-1
180,-1,904,396,235,193,0.9745084643363953,-1,-1,-1
180,-1,989,167,119,104,0.9727147221565247,-1,-1,-1
180,-1,1123,154,115,107,0.9568964838981628,-1,-1,-1
180,-1,1406,719,423,355,0.8291606307029724,-1,-1,-1
181,-1,785,189,158,138,0.9969210624694824,-1,-1,-1
181,-1,911,388,228,186,0.9804511666297913,-1,-1,-1
181,-1,165,425,294,241,0.9753041863441467,-1,-1,-1
181,-1,990,166,118,103,0.9663476943969727,-1,-1,-1
181,-1,1123,154,115,107,0.931652843952179,-1,-1,-1
181,-1,1408,719,423,355,0.8626857399940491,-1,-1,-1
182,-1,784,191,158,141,0.9976274371147156,-1,-1,-1
182,-1,919,380,222,181,0.9786917567253113,-1,-1,-1
182,-1,166,430,293,235,0.9773582220077515,-1,-1,-1
182,-1,990,163,120,103,0.9381971955299377,-1,-1,-1
182,-1,1124,156,116,105,0.9250805377960205,-1,-1,-1
182,-1,1408,721,423,353,0.8489316701889038,-1,-1,-1
183,-1,779,196,161,144,0.9939672946929932,-1,-1,-1
183,-1,167,430,292,235,0.9764766097068787,-1,-1,-1
183,-1,920,373,216,171,0.9719296097755432,-1,-1,-1
183,-1,991,161,118,102,0.9065892696380615,-1,-1,-1
183,-1,1122,156,120,105,0.904670000076294,-1,-1,-1
183,-1,1408,722,423,352,0.8601135015487671,-1,-1,-1
184,-1,776,198,163,147,0.9962430000305176,-1,-1,-1
184,-1,922,363,217,172,0.9797821640968323,-1,-1,-1
184,-1,171,427,287,237,0.9773786067962646,-1,-1,-1
184,-1,1125,155,114,108,0.9277206659317017,-1,-1,-1
184,-1,995,160,114,98,0.8689109683036804,-1,-1,-1
184,-1,1409,721,423,353,0.8580652475357056,-1,-1,-1
185,-1,770,201,166,149,0.9968568086624146,-1,-1,-1
185,-1,165,430,293,235,0.9781314730644226,-1,-1,-1
185,-1,925,350,210,173,0.953721284866333,-1,-1,-1
185,-1,1123,156,118,105,0.9214446544647217,-1,-1,-1
185,-1,1410,721,421,353,0.8568984270095825,-1,-1,-1
185,-1,994,159,112,97,0.8009769320487976,-1,-1,-1
185,-1,358,351,235,176,0.6517474055290222,-1,-1,-1
186,-1,766,204,165,151,0.9967854022979736,-1,-1,-1
186,-1,927,345,207,166,0.9860659241676331,-1,-1,-1
186,-1,165,425,293,241,0.9754742980003357,-1,-1,-1
186,-1,1123,154,115,108,0.9397023320198059,-1,-1,-1
186,-1,1408,720,422,353,0.8373494744300842,-1,-1,-1
186,-1,993,158,112,99,0.772503674030304,-1,-1,-1
187,-1,761,206,170,154,0.9959775805473328,-1,-1,-1
187,-1,163,430,295,234,0.978042721748352,-1,-1,-1
187,-1,1123,155,114,107,0.9591739177703857,-1,-1,-1
187,-1,936,336,199,165,0.9378916621208191,-1,-1,-1
187,-1,1410,720,421,353,0.849606990814209,-1,-1,-1
187,-1,994,157,112,96,0.8330886363983154,-1,-1,-1
188,-1,760,213,169,156,0.9971674084663391,-1,-1,-1
188,-1,938,325,195,163,0.9896877408027649,-1,-1,-1
188,-1,164,431,294,234,0.9776844382286072,-1,-1,-1
188,-1,1123,154,115,107,0.9662851095199585,-1,-1,-1
188,-1,1409,721,421,352,0.8587784767150879,-1,-1,-1
188,-1,993,155,111,98,0.7823360562324524,-1,-1,-1
189,-1,754,219,174,156,0.9952335953712463,-1,-1,-1
189,-1,941,320,195,160,0.9920307397842407,-1,-1,-1
189,-1,165,430,294,235,0.9771511554718018,-1,-1,-1
189,-1,1124,156,117,105,0.959236204624176,-1,-1,-1
189,-1,1410,721,422,353,0.8045773506164551,-1,-1,-1
189,-1,994,153,113,98,0.7637478709220886,-1,-1,-1
190,-1,747,222,178,161,0.9966052770614624,-1,-1,-1
190,-1,944,312,191,157,0.9787619113922119,-1,-1,-1
190,-1,165,431,295,236,0.9755018949508667,-1,-1,-1
190,-1,1124,156,118,106,0.9592852592468262,-1,-1,-1
190,-1,1409,722,421,351,0.8435488939285278,-1,-1,-1
190,-1,995,151,113,97,0.7097957134246826,-1,-1,-1
191,-1,745,227,179,162,0.9941733479499817,-1,-1,-1
191,-1,947,304,186,154,0.991874635219574,-1,-1,-1
191,-1,164,430,297,236,0.9747738242149353,-1,-1,-1
191,-1,1125,157,116,105,0.9631435871124268,-1,-1,-1
191,-1,1406,716,421,355,0.8385917544364929,-1,-1,-1
191,-1,995,150,110,97,0.6866117119789124,-1,-1,-1
192,-1,738,231,184,161,0.9945982694625854,-1,-1,-1
192,-1,949,298,185,152,0.9822677969932556,-1,-1,-1
192,-1,163,430,296,235,0.978046178817749,-1,-1,-1
192,-1,1124,154,114,108,0.971464216709137,-1,-1,-1
192,-1,1410,722,421,351,0.8303284049034119,-1,-1,-1
192,-1,995,148,107,97,0.661882758140564,-1,-1,-1
193,-1,733,236,186,167,0.9955970644950867,-1,-1,-1
193,-1,949,294,184,146,0.9881354570388794,-1,-1,-1
193,-1,1124,155,112,106,0.9785724878311157,-1,-1,-1
193,-1,165,424,294,241,0.9739199280738831,-1,-1,-1
193,-1,1411,723,417,349,0.8948522210121155,-1,-1,-1
193,-1,994,146,106,95,0.6318804025650024,-1,-1,-1
194,-1,724,243,189,169,0.9926943778991699,-1,-1,-1
194,-1,952,287,178,147,0.9924553632736206,-1,-1,-1
194,-1,163,430,296,235,0.9779146909713745,-1,-1,-1
194,-1,1124,154,113,106,0.9748280644416809,-1,-1,-1
194,-1,1410,723,416,349,0.8891705274581909,-1,-1,-1
195,-1,722,246,191,174,0.9930579662322998,-1,-1,-1
195,-1,954,280,175,144,0.9888018369674683,-1,-1,-1
195,-1,164,431,295,234,0.9776957631111145,-1,-1,-1
195,-1,1125,155,113,107,0.9764144420623779,-1,-1,-1
195,-1,1411,722,417,351,0.8803732991218567,-1,-1,-1
196,-1,717,252,194,177,0.9936566948890686,-1,-1,-1
196,-1,956,274,174,140,0.9936056137084961,-1,-1,-1
196,-1,164,431,296,234,0.9765592813491821,-1,-1,-1
196,-1,1126,156,112,106,0.9753387570381165,-1,-1,-1
196,-1,1411,722,419,352,0.8526077270507812,-1,-1,-1
197,-1,708,258,200,180,0.9954133629798889,-1,-1,-1
197,-1,961,272,167,137,0.9890742897987366,-1,-1,-1
197,-1,1126,156,113,106,0.9772646427154541,-1,-1,-1
197,-1,178,425,286,242,0.9761328101158142,-1,-1,-1
197,-1,1410,722,421,354,0.8397312760353088,-1,-1,-1
198,-1,699,266,202,180,0.9918913841247559,-1,-1,-1
198,-1,961,266,166,138,0.9892051219940186,-1,-1,-1
198,-1,1126,156,112,106,0.9772304892539978,-1,-1,-1
198,-1,165,431,296,234,0.9770569205284119,-1,-1,-1
198,-1,1410,721,421,354,0.8223627209663391,-1,-1,-1
199,-1,693,268,206,190,0.9934813976287842,-1,-1,-1
199,-1,959,260,164,134,0.987171471118927,-1,-1,-1
199,-1,163,432,297,234,0.9786943793296814,-1,-1,-1
199,-1,1124,154,113,107,0.9749045372009277,-1,-1,-1
199,-1,1410,723,421,351,0.8686224818229675,-1,-1,-1
200,-1,684,276,212,191,0.9925299286842346,-1,-1,-1
200,-1,963,255,159,136,0.9856497645378113,-1,-1,-1
200,-1,163,430,298,235,0.9784336686134338,-1,-1,-1
200,-1,1124,154,113,105,0.9754447340965271,-1,-1,-1
200,-1,1409,722,420,352,0.8289577960968018,-1,-1,-1
201,-1,676,280,218,195,0.9940975904464722,-1,-1,-1
201,-1,962,251,158,130,0.9914108514785767,-1,-1,-1
201,-1,163,431,297,235,0.9785239696502686,-1,-1,-1
201,-1,1124,154,113,106,0.9757019281387329,-1,-1,-1
201,-1,1409,722,419,352,0.847653329372406,-1,-1,-1
202,-1,671,290,218,201,0.9906711578369141,-1,-1,-1
202,-1,967,247,152,130,0.9863729476928711,-1,-1,-1
202,-1,1125,155,114,106,0.9763007164001465,-1,-1,-1
202,-1,165,430,296,236,0.9755145907402039,-1,-1,-1
202,-1,1410,722,420,352,0.8588796257972717,-1,-1,-1
203,-1,967,243,153,126,0.9931065440177917,-1,-1,-1
203,-1,665,298,220,202,0.9912490844726562,-1,-1,-1
203,-1,1126,156,113,105,0.978419303894043,-1,-1,-1
203,-1,172,428,292,235,0.9783127307891846,-1,-1,-1
203,-1,1410,722,420,351,0.8841108083724976,-1,-1,-1
204,-1,654,305,230,212,0.9908610582351685,-1,-1,-1
204,-1,968,236,149,128,0.9893219470977783,-1,-1,-1
204,-1,172,429,289,236,0.9784694910049438,-1,-1,-1
204,-1,1124,155,116,107,0.9742145538330078,-1,-1,-1
204,-1,1411,721,422,352,0.8578096628189087,-1,-1,-1
205,-1,647,313,234,215,0.9883291721343994,-1,-1,-1
205,-1,968,231,152,128,0.9871870279312134,-1,-1,-1
205,-1,171,427,289,237,0.9752817749977112,-1,-1,-1
205,-1,1125,155,114,106,0.9752072691917419,-1,-1,-1
205,-1,1411,720,421,353,0.8365380764007568,-1,-1,-1
206,-1,632,324,241,215,0.9894667267799377,-1,-1,-1
206,-1,968,227,148,124,0.9882479310035706,-1,-1,-1
206,-1,164,431,296,235,0.9764997959136963,-1,-1,-1
206,-1,1123,155,115,107,0.9757559299468994,-1,-1,-1
206,-1,1408,721,421,353,0.8486053347587585,-1,-1,-1
207,-1,620,330,246,222,0.9931489825248718,-1,-1,-1
207,-1,967,224,147,123,0.9904600381851196,-1,-1,-1
207,-1,176,425,286,240,0.9744740724563599,-1,-1,-1
207,-1,1121,157,116,104,0.9715547561645508,-1,-1,-1
207,-1,1408,722,421,350,0.8557570576667786,-1,-1,-1
208,-1,968,221,145,121,0.9907258152961731,-1,-1,-1
208,-1,611,338,254,228,0.9885412454605103,-1,-1,-1
208,-1,1123,155,115,106,0.9781890511512756,-1,-1,-1
208,-1,163,431,298,235,0.9754549264907837,-1,-1,-1
208,-1,1407,721,422,351,0.8424364328384399,-1,-1,-1
209,-1,966,218,150,118,0.9860433340072632,-1,-1,-1
209,-1,595,348,270,235,0.9854737520217896,-1,-1,-1
209,-1,1124,155,115,107,0.9734491109848022,-1,-1,-1
209,-1,165,431,295,236,0.9724929928779602,-1,-1,-1
209,-1,1409,722,422,351,0.8587717413902283,-1,-1,-1
210,-1,971,216,144,116,0.9865330457687378,-1,-1,-1
210,-1,587,359,265,241,0.9834522604942322,-1,-1,-1
210,-1,179,427,289,237,0.9768201112747192,-1,-1,-1
210,-1,1125,156,114,106,0.9767804145812988,-1,-1,-1
210,-1,1410,723,423,350,0.8622472882270813,-1,-1,-1
211,-1,971,210,144,116,0.9898177981376648,-1,-1,-1
211,-1,573,366,280,257,0.9853965640068054,-1,-1,-1
211,-1,1125,156,114,106,0.9751988649368286,-1,-1,-1
211,-1,180,427,289,237,0.97368985414505,-1,-1,-1
211,-1,1410,723,423,351,0.8662834167480469,-1,-1,-1
212,-1,969,205,144,119,0.9912694692611694,-1,-1,-1
212,-1,560,379,282,259,0.9813038110733032,-1,-1,-1
212,-1,177,427,291,237,0.9757378697395325,-1,-1,-1
212,-1,1123,154,116,107,0.9690086245536804,-1,-1,-1
212,-1,1410,722,422,351,0.8623553514480591,-1,-1,-1
213,-1,970,203,145,117,0.9891848564147949,-1,-1,-1
213,-1,543,394,292,260,0.9877822995185852,-1,-1,-1
213,-1,164,430,296,235,0.9758947491645813,-1,-1,-1
213,-1,1123,155,116,106,0.9751903414726257,-1,-1,-1
213,-1,1408,722,423,353,0.8334630727767944,-1,-1,-1
213,-1,523,273,164,136,0.7786945700645447,-1,-1,-1
214,-1,969,198,144,115,0.9885385036468506,-1,-1,-1
214,-1,525,407,301,266,0.9869921207427979,-1,-1,-1
214,-1,163,429,298,237,0.9757753610610962,-1,-1,-1
214,-1,1123,155,115,107,0.9746431112289429,-1,-1,-1
214,-1,1408,721,424,353,0.8490561246871948,-1,-1,-1
214,-1,521,275,167,135,0.8035570979118347,-1,-1,-1
215,-1,516,418,302,278,0.9950587749481201,-1,-1,-1
215,-1,972,198,141,110,0.9923410415649414,-1,-1,-1
215,-1,163,429,298,238,0.9731431603431702,-1,-1,-1
215,-1,1123,155,117,107,0.9705930948257446,-1,-1,-1
215,-1,1408,721,422,353,0.8444874286651611,-1,-1,-1
215,-1,523,274,165,134,0.7302196621894836,-1,-1,-1
216,-1,492,430,321,289,0.9946191310882568,-1,-1,-1
216,-1,974,195,138,110,0.9912988543510437,-1,-1,-1
216,-1,168,426,300,237,0.9775047898292542,-1,-1,-1
216,-1,1122,156,119,107,0.96294766664505,-1,-1,-1
216,-1,1408,721,424,354,0.8050070405006409,-1,-1,-1
216,-1,522,274,166,137,0.7135853171348572,-1,-1,-1
217,-1,469,444,336,298,0.9933725595474243,-1,-1,-1
217,-1,976,194,136,107,0.9904160499572754,-1,-1,-1
217,-1,172,426,292,237,0.9737366437911987,-1,-1,-1
217,-1,1123,157,118,104,0.9668535590171814,-1,-1,-1
217,-1,1410,721,420,352,0.8595883846282959,-1,-1,-1
218,-1,439,462,354,306,0.9954603314399719,-1,-1,-1
218,-1,977,192,135,105,0.9859844446182251,-1,-1,-1
218,-1,170,425,297,236,0.9678933620452881,-1,-1,-1
218,-1,1121,156,120,107,0.9611283540725708,-1,-1,-1
218,-1,1408,721,421,353,0.844299852848053,-1,-1,-1
219,-1,423,474,359,321,0.9917305111885071,-1,-1,-1
219,-1,975,190,137,103,0.9894774556159973,-1,-1,-1
219,-1,172,431,293,235,0.9723963141441345,-1,-1,-1
219,-1,1120,156,120,106,0.9662379026412964,-1,-1,-1
219,-1,1407,722,422,351,0.8502262234687805,-1,-1,-1
219,-1,365,352,225,171,0.7205232381820679,-1,-1,-1
220,-1,404,485,367,337,0.9945817589759827,-1,-1,-1
220,-1,977,187,135,101,0.98710697889328,-1,-1,-1
220,-1,1122,157,117,104,0.9731192588806152,-1,-1,-1
220,-1,173,429,291,232,0.9654420018196106,-1,-1,-1
220,-1,1408,722,423,351,0.8488619923591614,-1,-1,-1
220,-1,363,352,224,174,0.7348334789276123,-1,-1,-1
221,-1,374,510,389,351,0.9917237162590027,-1,-1,-1
221,-1,979,187,134,99,0.9859762191772461,-1,-1,-1
221,-1,1122,157,117,104,0.9738640785217285,-1,-1,-1
221,-1,161,428,296,236,0.9375721216201782,-1,-1,-1
221,-1,1408,721,422,352,0.8217707872390747,-1,-1,-1
221,-1,363,352,224,173,0.7582794427871704,-1,-1,-1
222,-1,341,527,409,364,0.9902601838111877,-1,-1,-1
222,-1,982,185,130,98,0.9833659529685974,-1,-1,-1
222,-1,1120,156,120,107,0.9729856252670288,-1,-1,-1
222,-1,171,429,293,234,0.9024778008460999,-1,-1,-1
222,-1,1408,722,421,351,0.8454723954200745,-1,-1,-1
222,-1,363,352,225,173,0.7081124186515808,-1,-1,-1
222,-1,851,133,106,90,0.6720404624938965,-1,-1,-1
223,-1,310,552,427,375,0.9916661381721497,-1,-1,-1
223,-1,983,181,129,99,0.9869552254676819,-1,-1,-1
223,-1,1125,157,116,104,0.966900110244751,-1,-1,-1
223,-1,177,428,287,236,0.9172617197036743,-1,-1,-1
223,-1,1408,721,421,351,0.83296138048172,-1,-1,-1
223,-1,851,134,107,89,0.735785722732544,-1,-1,-1
224,-1,983,174,130,103,0.989682137966156,-1,-1,-1
224,-1,268,580,453,388,0.9885995388031006,-1,-1,-1
224,-1,1126,158,114,104,0.9727292656898499,-1,-1,-1
224,-1,178,427,290,234,0.9434086680412292,-1,-1,-1
224,-1,1406,722,424,352,0.8201588988304138,-1,-1,-1
224,-1,849,135,104,94,0.7460916638374329,-1,-1,-1
224,-1,521,272,169,142,0.6430537700653076,-1,-1,-1
225,-1,985,167,127,106,0.9882962107658386,-1,-1,-1
225,-1,241,600,446,411,0.9861230850219727,-1,-1,-1
225,-1,1122,157,117,106,0.9738821387290955,-1,-1,-1
225,-1,177,424,286,236,0.9573555588722229,-1,-1,-1
225,-1,849,138,103,92,0.8780202269554138,-1,-1,-1
225,-1,1408,722,424,354,0.8246470093727112,-1,-1,-1
225,-1,522,272,168,141,0.7550581097602844,-1,-1,-1
226,-1,203,632,469,425,0.9856910109519958,-1,-1,-1
226,-1,986,163,123,107,0.9837667942047119,-1,-1,-1
226,-1,1122,156,118,106,0.9725148677825928,-1,-1,-1
226,-1,176,425,287,236,0.9719827771186829,-1,-1,-1
226,-1,846,139,104,91,0.8547871112823486,-1,-1,-1
226,-1,1407,720,424,355,0.7811818718910217,-1,-1,-1
226,-1,522,272,167,140,0.666305661201477,-1,-1,-1
227,-1,986,161,123,106,0.9863662719726562,-1,-1,-1
227,-1,1124,155,113,106,0.9782071709632874,-1,-1,-1
227,-1,164,429,295,238,0.9751180410385132,-1,-1,-1
227,-1,843,141,105,92,0.8713582158088684,-1,-1,-1
227,-1,141,665,516,414,0.8635724186897278,-1,-1,-1
227,-1,1406,721,424,353,0.8393656015396118,-1,-1,-1
228,-1,987,161,122,104,0.9846291542053223,-1,-1,-1
228,-1,176,426,291,240,0.9776582717895508,-1,-1,-1
228,-1,1125,154,113,107,0.9741882085800171,-1,-1,-1
228,-1,843,143,106,92,0.8638129234313965,-1,-1,-1
228,-1,1408,721,423,354,0.8523580431938171,-1,-1,-1
229,-1,990,162,120,100,0.9857318997383118,-1,-1,-1
229,-1,177,427,293,239,0.9787483215332031,-1,-1,-1
229,-1,1122,156,118,107,0.9534203410148621,-1,-1,-1
229,-1,844,143,105,94,0.9172611236572266,-1,-1,-1
229,-1,1408,721,422,354,0.8264032602310181,-1,-1,-1
230,-1,992,159,115,98,0.9764207005500793,-1,-1,-1
230,-1,181,424,283,243,0.97564697265625,-1,-1,-1
230,-1,1121,155,119,108,0.9451220035552979,-1,-1,-1
230,-1,845,145,104,96,0.8749312162399292,-1,-1,-1
230,-1,1408,722,423,353,0.8198112845420837,-1,-1,-1
231,-1,175,430,291,240,0.9842467308044434,-1,-1,-1
231,-1,993,159,114,97,0.9720155596733093,-1,-1,-1
231,-1,1121,156,120,107,0.9557029604911804,-1,-1,-1
231,-1,841,147,107,95,0.9408829808235168,-1,-1,-1
231,-1,1407,722,422,353,0.8332372903823853,-1,-1,-1
232,-1,993,158,113,96,0.9801186323165894,-1,-1,-1
232,-1,171,430,293,240,0.9756238460540771,-1,-1,-1
232,-1,1122,157,118,107,0.9650201201438904,-1,-1,-1
232,-1,838,148,111,95,0.9606386423110962,-1,-1,-1
232,-1,1407,722,423,354,0.8255239725112915,-1,-1,-1
233,-1,177,424,286,241,0.9781093597412109,-1,-1,-1
233,-1,994,159,111,94,0.9749125838279724,-1,-1,-1
233,-1,1122,156,116,107,0.960168182849884,-1,-1,-1
233,-1,836,149,110,97,0.9429616928100586,-1,-1,-1
233,-1,1406,721,423,354,0.8081467747688293,-1,-1,-1
234,-1,1126,156,112,105,0.9824721813201904,-1,-1,-1
234,-1,165,430,294,234,0.9766480922698975,-1,-1,-1
234,-1,993,155,113,92,0.9662807583808899,-1,-1,-1
234,-1,832,151,115,96,0.9593719244003296,-1,-1,-1
234,-1,1408,723,423,353,0.8669100403785706,-1,-1,-1
235,-1,1125,156,113,106,0.9820342063903809,-1,-1,-1
235,-1,165,430,294,234,0.9756852388381958,-1,-1,-1
235,-1,831,154,115,98,0.9700222611427307,-1,-1,-1
235,-1,995,152,109,92,0.9627369046211243,-1,-1,-1
235,-1,1408,723,422,352,0.8833084106445312,-1,-1,-1
236,-1,1126,157,114,105,0.9818492531776428,-1,-1,-1
236,-1,832,155,115,99,0.9782220125198364,-1,-1,-1
236,-1,172,428,289,235,0.9763216972351074,-1,-1,-1
236,-1,993,151,109,93,0.9438930749893188,-1,-1,-1
236,-1,1409,722,423,352,0.8531767725944519,-1,-1,-1
237,-1,1126,158,115,105,0.9837417602539062,-1,-1,-1
237,-1,831,157,116,98,0.9821099638938904,-1,-1,-1
237,-1,179,424,284,241,0.9752635955810547,-1,-1,-1
237,-1,993,150,109,92,0.9282395839691162,-1,-1,-1
237,-1,1408,722,423,351,0.8712447285652161,-1,-1,-1
238,-1,828,158,117,99,0.9874790906906128,-1,-1,-1
238,-1,1124,158,117,106,0.9817346930503845,-1,-1,-1
238,-1,177,427,292,236,0.974230945110321,-1,-1,-1
238,-1,994,149,108,92,0.9355666041374207,-1,-1,-1
238,-1,1409,721,422,352,0.8635950088500977,-1,-1,-1
238,-1,521,273,170,140,0.6649495363235474,-1,-1,-1
239,-1,1126,156,113,106,0.9853953123092651,-1,-1,-1
239,-1,828,158,115,101,0.9830648303031921,-1,-1,-1
239,-1,164,430,295,235,0.974770724773407,-1,-1,-1
239,-1,996,148,107,89,0.9370474219322205,-1,-1,-1
239,-1,1407,722,421,352,0.8482106924057007,-1,-1,-1
239,-1,520,272,170,140,0.6129226088523865,-1,-1,-1
240,-1,1125,156,112,106,0.9855847954750061,-1,-1,-1
240,-1,825,159,118,102,0.9834281802177429,-1,-1,-1
240,-1,168,427,289,237,0.9713924527168274,-1,-1,-1
240,-1,997,145,102,89,0.9132972955703735,-1,-1,-1
240,-1,1408,721,422,353,0.8385661244392395,-1,-1,-1
241,-1,1125,156,112,106,0.9869384765625,-1,-1,-1
241,-1,165,426,299,236,0.9744229316711426,-1,-1,-1
241,-1,822,163,119,102,0.9645994305610657,-1,-1,-1
241,-1,996,146,105,85,0.9095058441162109,-1,-1,-1
241,-1,1408,722,420,353,0.8861716389656067,-1,-1,-1
242,-1,1126,155,112,107,0.9847655296325684,-1,-1,-1
242,-1,164,431,297,234,0.9789459109306335,-1,-1,-1
242,-1,821,163,118,103,0.9743078947067261,-1,-1,-1
242,-1,1411,722,421,352,0.8732969760894775,-1,-1,-1
242,-1,996,143,105,88,0.8622491359710693,-1,-1,-1
242,-1,521,272,170,140,0.7147113084793091,-1,-1,-1
243,-1,1126,156,113,107,0.9829382300376892,-1,-1,-1
243,-1,177,425,287,242,0.9782088994979858,-1,-1,-1
243,-1,819,166,121,103,0.9770854711532593,-1,-1,-1
243,-1,1411,722,422,352,0.8679923415184021,-1,-1,-1
243,-1,996,142,104,87,0.8454958200454712,-1,-1,-1
243,-1,521,272,170,140,0.7063966393470764,-1,-1,-1
244,-1,1124,158,116,105,0.9825887680053711,-1,-1,-1
244,-1,819,169,121,102,0.9797535538673401,-1,-1,-1
244,-1,180,427,289,236,0.9654184579849243,-1,-1,-1
244,-1,1410,722,420,352,0.8611035346984863,-1,-1,-1
244,-1,998,140,102,87,0.8021788597106934,-1,-1,-1
245,-1,819,171,118,102,0.9857465028762817,-1,-1,-1
245,-1,1127,157,111,105,0.982991635799408,-1,-1,-1
245,-1,166,429,294,236,0.9678128361701965,-1,-1,-1
245,-1,1409,722,422,353,0.8229520916938782,-1,-1,-1
245,-1,522,272,169,140,0.6477962732315063,-1,-1,-1
245,-1,996,139,100,85,0.6141188740730286,-1,-1,-1
246,-1,816,173,119,102,0.9902059435844421,-1,-1,-1
246,-1,1126,157,112,105,0.9843428134918213,-1,-1,-1
246,-1,164,430,295,235,0.9705854654312134,-1,-1,-1
246,-1,1408,721,424,353,0.8058611750602722,-1,-1,-1
247,-1,813,176,121,103,0.9912052750587463,-1,-1,-1
247,-1,1126,157,111,103,0.9858545660972595,-1,-1,-1
247,-1,163,430,295,234,0.9737647175788879,-1,-1,-1
247,-1,1407,721,424,352,0.8121917247772217,-1,-1,-1
247,-1,521,272,170,139,0.6499627828598022,-1,-1,-1
248,-1,813,179,121,101,0.9884707927703857,-1,-1,-1
248,-1,1126,156,112,104,0.9856861233711243,-1,-1,-1
248,-1,163,430,295,235,0.9708392024040222,-1,-1,-1
248,-1,1407,721,423,352,0.8148572444915771,-1,-1,-1
249,-1,813,180,121,103,0.9901778101921082,-1,-1,-1
249,-1,1127,156,111,105,0.9844517707824707,-1,-1,-1
249,-1,165,430,295,236,0.9668658971786499,-1,-1,-1
249,-1,1409,722,421,352,0.838610827922821,-1,-1,-1
250,-1,812,182,122,105,0.989597499370575,-1,-1,-1
250,-1,1123,157,117,105,0.9820201992988586,-1,-1,-1
250,-1,172,428,288,236,0.970687210559845,-1,-1,-1
250,-1,1409,721,423,353,0.8116450309753418,-1,-1,-1
251,-1,810,183,125,108,0.9924399852752686,-1,-1,-1
251,-1,1126,156,112,105,0.9860954880714417,-1,-1,-1
251,-1,173,427,287,236,0.964606761932373,-1,-1,-1
251,-1,1410,721,423,354,0.8443496823310852,-1,-1,-1
252,-1,806,186,127,108,0.9922061562538147,-1,-1,-1
252,-1,1125,156,112,105,0.9850268959999084,-1,-1,-1
252,-1,166,429,294,236,0.9604300260543823,-1,-1,-1
252,-1,1410,720,422,353,0.8375656008720398,-1,-1,-1
252,-1,521,272,169,139,0.7202748656272888,-1,-1,-1
253,-1,804,185,128,110,0.991358757019043,-1,-1,-1
253,-1,1125,155,112,105,0.9842355251312256,-1,-1,-1
253,-1,171,427,288,235,0.9656273126602173,-1,-1,-1
253,-1,1406,720,422,353,0.8286982774734497,-1,-1,-1
254,-1,805,186,126,111,0.9947320222854614,-1,-1,-1
254,-1,1126,156,111,105,0.9849625825881958,-1,-1,-1
254,-1,171,428,288,235,0.9703969359397888,-1,-1,-1
254,-1,1408,721,421,353,0.8463163375854492,-1,-1,-1
255,-1,802,188,128,111,0.9968734383583069,-1,-1,-1
255,-1,1126,156,111,105,0.9853029251098633,-1,-1,-1
255,-1,171,428,289,235,0.9681507349014282,-1,-1,-1
255,-1,1410,721,419,354,0.8362685441970825,-1,-1,-1
256,-1,801,191,129,111,0.9972027540206909,-1,-1,-1
256,-1,1126,156,112,106,0.9831774830818176,-1,-1,-1
256,-1,179,428,289,236,0.9747915863990784,-1,-1,-1
256,-1,1409,721,421,353,0.8391827344894409,-1,-1,-1
257,-1,799,195,130,110,0.9961729645729065,-1,-1,-1
257,-1,1123,156,118,107,0.9804090261459351,-1,-1,-1
257,-1,180,428,289,235,0.9738664627075195,-1,-1,-1
257,-1,1408,722,423,353,0.845115065574646,-1,-1,-1
258,-1,795,195,132,113,0.9931882619857788,-1,-1,-1
258,-1,1126,157,112,106,0.9814662933349609,-1,-1,-1
258,-1,174,429,287,235,0.9724920988082886,-1,-1,-1
258,-1,1409,721,422,353,0.8229583501815796,-1,-1,-1
259,-1,796,199,131,115,0.993564784526825,-1,-1,-1
259,-1,1125,156,113,106,0.9819055795669556,-1,-1,-1
259,-1,171,425,289,242,0.9651440978050232,-1,-1,-1
259,-1,1408,722,422,352,0.8372241258621216,-1,-1,-1
260,-1,792,201,132,116,0.9922007918357849,-1,-1,-1
260,-1,1122,156,117,106,0.9786902070045471,-1,-1,-1
260,-1,179,424,283,243,0.9733162522315979,-1,-1,-1
260,-1,1408,721,422,354,0.8312885165214539,-1,-1,-1
261,-1,789,203,137,120,0.9911858439445496,-1,-1,-1
261,-1,1124,155,113,106,0.984211266040802,-1,-1,-1
261,-1,166,424,294,243,0.9725310206413269,-1,-1,-1
261,-1,1407,721,422,353,0.8408548831939697,-1,-1,-1
262,-1,787,206,137,121,0.9939013719558716,-1,-1,-1
262,-1,1122,156,117,106,0.9772672653198242,-1,-1,-1
262,-1,180,424,283,242,0.9690667390823364,-1,-1,-1
262,-1,1409,720,422,354,0.8202074766159058,-1,-1,-1
263,-1,786,207,136,122,0.9940707087516785,-1,-1,-1
263,-1,1126,156,112,106,0.9832050204277039,-1,-1,-1
263,-1,180,425,283,242,0.9746418595314026,-1,-1,-1
263,-1,1408,721,422,353,0.8380954265594482,-1,-1,-1
264,-1,783,209,137,125,0.9954274892807007,-1,-1,-1
264,-1,1125,156,113,106,0.9817356467247009,-1,-1,-1
264,-1,166,428,300,241,0.9719520211219788,-1,-1,-1
264,-1,1408,721,422,353,0.8338583111763,-1,-1,-1
265,-1,780,215,136,121,0.9955682158470154,-1,-1,-1
265,-1,1126,156,112,106,0.9797790050506592,-1,-1,-1
265,-1,167,432,293,234,0.9773964881896973,-1,-1,-1
265,-1,1409,722,422,353,0.8452746868133545,-1,-1,-1
266,-1,777,217,140,123,0.9877061247825623,-1,-1,-1
266,-1,1126,156,111,105,0.9803643226623535,-1,-1,-1
266,-1,167,427,292,240,0.9766215682029724,-1,-1,-1
266,-1,1408,722,422,353,0.8590285778045654,-1,-1,-1
267,-1,774,223,141,123,0.9918476343154907,-1,-1,-1
267,-1,165,431,295,234,0.9781419634819031,-1,-1,-1
267,-1,1122,156,117,106,0.9746304154396057,-1,-1,-1
267,-1,1407,722,423,354,0.8187779784202576,-1,-1,-1
268,-1,770,225,141,126,0.9940823912620544,-1,-1,-1
268,-1,1125,155,112,106,0.977695882320404,-1,-1,-1
268,-1,166,431,294,234,0.9767394065856934,-1,-1,-1
268,-1,1407,721,422,352,0.8269399404525757,-1,-1,-1
269,-1,766,228,146,126,0.9923732876777649,-1,-1,-1
269,-1,1126,156,112,105,0.9774968028068542,-1,-1,-1
269,-1,179,425,283,239,0.9769067168235779,-1,-1,-1
269,-1,1408,722,423,354,0.8245460987091064,-1,-1,-1
269,-1,522,272,169,139,0.711942195892334,-1,-1,-1
270,-1,764,232,146,128,0.994838535785675,-1,-1,-1
270,-1,181,425,282,240,0.977527379989624,-1,-1,-1
270,-1,1126,156,112,106,0.9773555994033813,-1,-1,-1
270,-1,1408,721,424,355,0.8115900754928589,-1,-1,-1
271,-1,761,235,148,131,0.995636522769928,-1,-1,-1
271,-1,1126,156,112,107,0.9838025569915771,-1,-1,-1
271,-1,181,427,287,235,0.9761537909507751,-1,-1,-1
271,-1,1410,721,422,354,0.8538908362388611,-1,-1,-1
271,-1,769,771,377,295,0.7897660732269287,-1,-1,-1
272,-1,757,241,148,128,0.9962316155433655,-1,-1,-1
272,-1,1127,157,113,104,0.9811099767684937,-1,-1,-1
272,-1,781,735,363,317,0.9810608625411987,-1,-1,-1
272,-1,179,427,288,235,0.9759328961372375,-1,-1,-1
272,-1,1409,720,421,355,0.8345032930374146,-1,-1,-1
273,-1,752,245,152,129,0.9890698194503784,-1,-1,-1
273,-1,788,699,358,311,0.9878351092338562,-1,-1,-1
273,-1,1125,155,111,106,0.9829743504524231,-1,-1,-1
273,-1,172,427,289,235,0.9725642800331116,-1,-1,-1
273,-1,1408,719,422,354,0.8579506278038025,-1,-1,-1
274,-1,748,248,151,132,0.9937461614608765,-1,-1,-1
274,-1,1125,155,110,106,0.9838476777076721,-1,-1,-1
274,-1,791,666,344,305,0.9803048968315125,-1,-1,-1
274,-1,179,424,283,240,0.9727569222450256,-1,-1,-1
274,-1,1408,720,419,352,0.8804138898849487,-1,-1,-1
274,-1,360,352,230,174,0.6304669976234436,-1,-1,-1
275,-1,744,251,155,136,0.997132420539856,-1,-1,-1
275,-1,1126,155,110,106,0.9841203093528748,-1,-1,-1
275,-1,803,641,331,286,0.976932168006897,-1,-1,-1
275,-1,178,424,285,240,0.9720050692558289,-1,-1,-1
275,-1,1410,720,421,353,0.8725975155830383,-1,-1,-1
275,-1,359,353,230,173,0.6897989511489868,-1,-1,-1
275,-1,857,123,113,102,0.6694360375404358,-1,-1,-1
275,-1,520,275,168,136,0.6101617217063904,-1,-1,-1
276,-1,742,253,155,138,0.9964042901992798,-1,-1,-1
276,-1,803,619,324,281,0.9888500571250916,-1,-1,-1
276,-1,1126,157,113,104,0.9763000011444092,-1,-1,-1
276,-1,166,427,299,239,0.9685760736465454,-1,-1,-1
276,-1,1410,720,421,351,0.8716834187507629,-1,-1,-1
276,-1,856,124,114,103,0.7209846377372742,-1,-1,-1
276,-1,520,275,168,137,0.6439409852027893,-1,-1,-1
277,-1,736,261,157,136,0.9962804913520813,-1,-1,-1
277,-1,828,591,301,271,0.9839282035827637,-1,-1,-1
277,-1,1128,157,110,104,0.9786128997802734,-1,-1,-1
277,-1,180,424,283,239,0.9718049764633179,-1,-1,-1
277,-1,1411,720,422,354,0.8584133386611938,-1,-1,-1
277,-1,856,127,113,103,0.7368335723876953,-1,-1,-1
278,-1,734,265,156,139,0.9957203269004822,-1,-1,-1
278,-1,1128,157,110,104,0.9793148040771484,-1,-1,-1
278,-1,178,426,290,234,0.975837767124176,-1,-1,-1
278,-1,824,569,306,267,0.9744399785995483,-1,-1,-1
278,-1,1410,721,422,354,0.8530037999153137,-1,-1,-1
278,-1,855,129,112,102,0.75461345911026,-1,-1,-1
279,-1,728,270,160,138,0.9939818978309631,-1,-1,-1
279,-1,1126,155,111,105,0.98188316822052,-1,-1,-1
279,-1,178,427,290,234,0.9745839834213257,-1,-1,-1
279,-1,831,549,297,256,0.9461453557014465,-1,-1,-1
279,-1,1409,721,422,354,0.8455996513366699,-1,-1,-1
279,-1,523,272,164,139,0.7125375866889954,-1,-1,-1
279,-1,852,130,115,105,0.6946848034858704,-1,-1,-1
280,-1,721,273,163,141,0.993420422077179,-1,-1,-1
280,-1,1125,155,111,105,0.9820788502693176,-1,-1,-1
280,-1,171,427,297,233,0.9704475998878479,-1,-1,-1
280,-1,852,532,272,241,0.963600218296051,-1,-1,-1
280,-1,1408,719,424,354,0.811619222164154,-1,-1,-1
280,-1,849,130,118,107,0.6745991706848145,-1,-1,-1
281,-1,715,274,169,146,0.9945067763328552,-1,-1,-1
281,-1,1122,155,115,105,0.9747982621192932,-1,-1,-1
281,-1,166,431,294,233,0.9736729264259338,-1,-1,-1
281,-1,854,513,271,234,0.9617920517921448,-1,-1,-1
281,-1,1408,720,420,353,0.8579792976379395,-1,-1,-1
281,-1,848,132,114,106,0.8082184791564941,-1,-1,-1
282,-1,710,279,169,149,0.995442271232605,-1,-1,-1
282,-1,165,430,294,233,0.9741833209991455,-1,-1,-1
282,-1,1123,155,115,105,0.9737032055854797,-1,-1,-1
282,-1,863,498,261,233,0.9498022794723511,-1,-1,-1
282,-1,1408,721,420,353,0.866255521774292,-1,-1,-1
282,-1,847,134,116,107,0.8324559926986694,-1,-1,-1
283,-1,705,286,171,150,0.9956539869308472,-1,-1,-1
283,-1,1124,154,114,109,0.974941611289978,-1,-1,-1
283,-1,167,426,296,239,0.9725074172019958,-1,-1,-1
283,-1,1408,720,422,353,0.8393198251724243,-1,-1,-1
283,-1,870,484,250,222,0.8306535482406616,-1,-1,-1
283,-1,843,135,122,109,0.7086674571037292,-1,-1,-1
284,-1,698,291,176,150,0.9944806098937988,-1,-1,-1
284,-1,1124,154,114,109,0.9752556681632996,-1,-1,-1
284,-1,168,427,296,240,0.9721447825431824,-1,-1,-1
284,-1,882,472,240,220,0.9500581622123718,-1,-1,-1
284,-1,1408,720,421,352,0.8319997191429138,-1,-1,-1
284,-1,841,138,123,109,0.694692850112915,-1,-1,-1
285,-1,694,296,175,152,0.9926245808601379,-1,-1,-1
285,-1,1124,154,114,109,0.9756826162338257,-1,-1,-1
285,-1,178,427,289,235,0.9747892022132874,-1,-1,-1
285,-1,840,138,123,112,0.8353232741355896,-1,-1,-1
285,-1,1407,719,422,353,0.8340932726860046,-1,-1,-1
285,-1,884,456,242,208,0.8045522570610046,-1,-1,-1
286,-1,686,301,178,155,0.9926968216896057,-1,-1,-1
286,-1,167,426,297,240,0.9698266983032227,-1,-1,-1
286,-1,1123,155,117,106,0.9601243138313293,-1,-1,-1
286,-1,839,140,121,111,0.8895474672317505,-1,-1,-1
286,-1,1408,719,420,354,0.846562922000885,-1,-1,-1
286,-1,886,445,234,198,0.7774480581283569,-1,-1,-1
287,-1,679,306,181,162,0.9908451437950134,-1,-1,-1
287,-1,1122,156,116,105,0.9709076285362244,-1,-1,-1
287,-1,179,424,283,240,0.9696472883224487,-1,-1,-1
287,-1,892,432,230,204,0.9119524955749512,-1,-1,-1
287,-1,1408,720,418,353,0.861082136631012,-1,-1,-1
287,-1,834,140,125,116,0.7487087845802307,-1,-1,-1
288,-1,676,312,182,160,0.990395724773407,-1,-1,-1
288,-1,165,430,294,235,0.9749400019645691,-1,-1,-1
288,-1,1122,155,116,105,0.9639962911605835,-1,-1,-1
288,-1,897,420,222,198,0.8590089678764343,-1,-1,-1
288,-1,1408,719,418,353,0.8521470427513123,-1,-1,-1
288,-1,833,142,125,116,0.7961001396179199,-1,-1,-1
289,-1,665,318,188,165,0.9889317750930786,-1,-1,-1
289,-1,165,426,293,241,0.9742588996887207,-1,-1,-1
289,-1,1122,155,117,106,0.957761287689209,-1,-1,-1
289,-1,903,407,219,191,0.9119937419891357,-1,-1,-1
289,-1,1410,721,419,353,0.8775436878204346,-1,-1,-1
289,-1,831,146,127,114,0.8239485621452332,-1,-1,-1
290,-1,658,326,190,165,0.9888140559196472,-1,-1,-1
290,-1,166,430,293,236,0.9766140580177307,-1,-1,-1
290,-1,905,398,213,194,0.9607420563697815,-1,-1,-1
290,-1,1123,155,118,106,0.9444656372070312,-1,-1,-1
290,-1,1408,721,420,354,0.871425986289978,-1,-1,-1
290,-1,829,148,127,115,0.673660933971405,-1,-1,-1
291,-1,651,331,193,167,0.9857666492462158,-1,-1,-1
291,-1,167,427,297,239,0.9761039614677429,-1,-1,-1
291,-1,1125,156,115,105,0.9628005623817444,-1,-1,-1
291,-1,909,388,214,186,0.9512979388237,-1,-1,-1
291,-1,1409,721,421,353,0.8661755323410034,-1,-1,-1
292,-1,644,338,197,172,0.9914940595626831,-1,-1,-1
292,-1,165,431,295,234,0.9771290421485901,-1,-1,-1
292,-1,1124,156,116,105,0.9610365033149719,-1,-1,-1
292,-1,909,380,206,185,0.9502788186073303,-1,-1,-1
292,-1,1408,721,422,353,0.8601229786872864,-1,-1,-1
292,-1,825,152,126,117,0.6092699766159058,-1,-1,-1
293,-1,636,344,201,176,0.9893912076950073,-1,-1,-1
293,-1,164,430,296,234,0.9725501537322998,-1,-1,-1
293,-1,1124,154,113,107,0.9667824506759644,-1,-1,-1
293,-1,914,369,203,181,0.9499526023864746,-1,-1,-1
293,-1,1410,720,420,352,0.8720518946647644,-1,-1,-1
294,-1,623,353,206,176,0.9863439798355103,-1,-1,-1
294,-1,164,431,296,234,0.9735822677612305,-1,-1,-1
294,-1,1122,156,115,104,0.9642594456672668,-1,-1,-1
294,-1,917,362,199,173,0.9466053247451782,-1,-1,-1
294,-1,1407,721,422,352,0.8783307075500488,-1,-1,-1
294,-1,819,158,130,116,0.7971609234809875,-1,-1,-1
295,-1,616,360,212,179,0.9898717999458313,-1,-1,-1
295,-1,163,430,296,234,0.9725300073623657,-1,-1,-1
295,-1,1123,156,116,104,0.9572750329971313,-1,-1,-1
295,-1,918,354,197,173,0.9413577318191528,-1,-1,-1
295,-1,1408,721,421,352,0.8774530291557312,-1,-1,-1
295,-1,817,161,130,116,0.8452848196029663,-1,-1,-1
296,-1,615,366,210,186,0.987429678440094,-1,-1,-1
296,-1,923,347,191,168,0.9683539271354675,-1,-1,-1
296,-1,168,426,290,239,0.9671895503997803,-1,-1,-1
296,-1,1123,154,115,107,0.9615426659584045,-1,-1,-1
296,-1,818,161,129,118,0.8958393335342407,-1,-1,-1
296,-1,1409,722,421,352,0.8642879128456116,-1,-1,-1
297,-1,604,379,215,181,0.9877843260765076,-1,-1,-1
297,-1,169,426,291,239,0.9713941216468811,-1,-1,-1
297,-1,1124,154,114,108,0.9687345027923584,-1,-1,-1
297,-1,929,339,186,162,0.9625913500785828,-1,-1,-1
297,-1,814,163,132,119,0.9327192902565002,-1,-1,-1
297,-1,1408,722,421,352,0.8518802523612976,-1,-1,-1
298,-1,592,387,223,187,0.9840547442436218,-1,-1,-1
298,-1,931,329,182,166,0.9784747362136841,-1,-1,-1
298,-1,166,430,294,235,0.9719325304031372,-1,-1,-1
298,-1,1123,156,117,104,0.9658941626548767,-1,-1,-1
298,-1,811,165,133,119,0.9499514698982239,-1,-1,-1
298,-1,1408,722,422,352,0.8361161947250366,-1,-1,-1
299,-1,582,398,225,186,0.9860281944274902,-1,-1,-1
299,-1,177,428,286,234,0.9754425883293152,-1,-1,-1
299,-1,809,168,133,119,0.9734117984771729,-1,-1,-1
299,-1,929,321,183,165,0.966178834438324,-1,-1,-1
299,-1,1123,156,117,105,0.9584562182426453,-1,-1,-1
299,-1,1409,722,422,353,0.8425933122634888,-1,-1,-1
299,-1,523,275,168,136,0.6265774965286255,-1,-1,-1
300,-1,571,400,231,200,0.9876680970191956,-1,-1,-1
300,-1,933,316,178,159,0.982213020324707,-1,-1,-1
300,-1,176,429,286,233,0.9765219688415527,-1,-1,-1
300,-1,807,168,137,122,0.9748270511627197,-1,-1,-1
300,-1,1123,154,115,108,0.9542636275291443,-1,-1,-1
300,-1,1408,722,421,353,0.8473376631736755,-1,-1,-1
300,-1,520,275,166,136,0.620549201965332,-1,-1,-1
301,-1,937,309,172,161,0.9845743775367737,-1,-1,-1
301,-1,558,411,238,202,0.9831573367118835,-1,-1,-1
301,-1,164,429,295,236,0.9738498330116272,-1,-1,-1
301,-1,802,171,137,123,0.9505912065505981,-1,-1,-1
301,-1,1121,155,117,104,0.9160637259483337,-1,-1,-1
301,-1,1410,722,418,352,0.8610818982124329,-1,-1,-1
302,-1,938,305,173,152,0.9843206405639648,-1,-1,-1
302,-1,548,426,240,201,0.9836591482162476,-1,-1,-1
302,-1,164,429,296,236,0.9719825387001038,-1,-1,-1
302,-1,800,174,137,124,0.9647411108016968,-1,-1,-1
302,-1,1120,155,119,105,0.9403758645057678,-1,-1,-1
302,-1,1410,722,419,351,0.842615008354187,-1,-1,-1
303,-1,537,432,249,211,0.9871920347213745,-1,-1,-1
303,-1,797,176,139,124,0.9773993492126465,-1,-1,-1
303,-1,170,426,294,236,0.9685564041137695,-1,-1,-1
303,-1,947,297,169,152,0.9643335938453674,-1,-1,-1
303,-1,1123,154,116,108,0.9605982899665833,-1,-1,-1
303,-1,1410,722,419,352,0.8432396650314331,-1,-1,-1
304,-1,522,446,256,211,0.9837793707847595,-1,-1,-1
304,-1,946,292,168,153,0.979710578918457,-1,-1,-1
304,-1,180,426,289,238,0.9725522994995117,-1,-1,-1
304,-1,1123,154,116,109,0.9605077505111694,-1,-1,-1
304,-1,794,182,141,123,0.9554030895233154,-1,-1,-1
304,-1,1410,722,419,353,0.8490130305290222,-1,-1,-1
305,-1,948,288,162,146,0.9875566959381104,-1,-1,-1
305,-1,510,455,258,220,0.9838532209396362,-1,-1,-1
305,-1,180,426,288,238,0.9723852276802063,-1,-1,-1
305,-1,789,185,141,124,0.9643030166625977,-1,-1,-1
305,-1,1123,154,116,109,0.9639168977737427,-1,-1,-1
305,-1,1410,722,418,352,0.8656442761421204,-1,-1,-1
306,-1,492,462,267,231,0.9869951605796814,-1,-1,-1
306,-1,784,188,144,124,0.9862834215164185,-1,-1,-1
306,-1,951,281,160,145,0.98481684923172,-1,-1,-1
306,-1,174,428,290,237,0.9710749983787537,-1,-1,-1
306,-1,1122,154,117,109,0.9625272750854492,-1,-1,-1
306,-1,1411,721,418,353,0.8612877726554871,-1,-1,-1
307,-1,783,189,144,131,0.9889407753944397,-1,-1,-1
307,-1,952,275,158,146,0.988649845123291,-1,-1,-1
307,-1,477,476,274,234,0.9869228005409241,-1,-1,-1
307,-1,164,429,296,237,0.9724029302597046,-1,-1,-1
307,-1,1122,156,117,105,0.9451236128807068,-1,-1,-1
307,-1,1409,722,420,353,0.8684067726135254,-1,-1,-1
308,-1,780,188,147,133,0.9936928749084473,-1,-1,-1
308,-1,954,270,157,141,0.9905185103416443,-1,-1,-1
308,-1,461,494,279,233,0.9884546995162964,-1,-1,-1
308,-1,169,428,294,239,0.9696332216262817,-1,-1,-1
308,-1,1122,156,117,105,0.9388130307197571,-1,-1,-1
308,-1,1409,722,420,353,0.8647522330284119,-1,-1,-1
309,-1,958,267,155,138,0.993087112903595,-1,-1,-1
309,-1,775,193,149,135,0.9913745522499084,-1,-1,-1
309,-1,446,506,286,245,0.9809626340866089,-1,-1,-1
309,-1,171,425,293,236,0.9676660299301147,-1,-1,-1
309,-1,1123,154,116,108,0.9588459730148315,-1,-1,-1
309,-1,1409,721,420,354,0.8265865445137024,-1,-1,-1
310,-1,772,196,150,136,0.9947807192802429,-1,-1,-1
310,-1,961,260,151,138,0.9895233511924744,-1,-1,-1
310,-1,421,515,300,256,0.9877305626869202,-1,-1,-1
310,-1,171,425,292,235,0.9613216519355774,-1,-1,-1
310,-1,1123,154,117,108,0.9539549946784973,-1,-1,-1
310,-1,1409,721,419,354,0.8325818777084351,-1,-1,-1
