1,-1,567,228,189,147,0.7666411995887756,-1,-1,-1
1,-1,693,159,161,146,0.7543239593505859,-1,-1,-1
2,-1,568,229,187,146,0.7670238018035889,-1,-1,-1
2,-1,693,161,159,144,0.7630583047866821,-1,-1,-1
3,-1,568,229,187,146,0.7817823886871338,-1,-1,-1
3,-1,693,161,160,144,0.7445139288902283,-1,-1,-1
4,-1,568,228,188,147,0.7553409934043884,-1,-1,-1
4,-1,693,161,161,144,0.7338403463363647,-1,-1,-1
5,-1,568,228,188,147,0.7463610768318176,-1,-1,-1
5,-1,693,162,160,144,0.7349382638931274,-1,-1,-1
6,-1,568,228,188,147,0.7545784115791321,-1,-1,-1
6,-1,693,162,160,143,0.723556399345398,-1,-1,-1
7,-1,568,228,187,146,0.7427482604980469,-1,-1,-1
7,-1,692,162,160,143,0.711895227432251,-1,-1,-1
8,-1,568,229,186,146,0.7477705478668213,-1,-1,-1
8,-1,692,161,160,144,0.7333820462226868,-1,-1,-1
9,-1,568,229,186,146,0.7448360323905945,-1,-1,-1
9,-1,692,161,160,145,0.7295128107070923,-1,-1,-1
10,-1,568,229,187,147,0.7654869556427002,-1,-1,-1
10,-1,692,161,160,144,0.7279154658317566,-1,-1,-1
11,-1,691,162,164,142,0.8064443469047546,-1,-1,-1
11,-1,569,228,187,145,0.7140129804611206,-1,-1,-1
12,-1,691,162,165,143,0.8074163794517517,-1,-1,-1
12,-1,569,228,187,145,0.716374933719635,-1,-1,-1
13,-1,691,162,164,142,0.824368953704834,-1,-1,-1
13,-1,569,228,187,144,0.7178537249565125,-1,-1,-1
14,-1,691,163,164,141,0.8149269819259644,-1,-1,-1
14,-1,568,229,187,144,0.7419491410255432,-1,-1,-1
15,-1,692,161,161,144,0.7769201397895813,-1,-1,-1
15,-1,568,229,187,143,0.7614235877990723,-1,-1,-1
16,-1,692,161,160,144,0.7829074859619141,-1,-1,-1
16,-1,567,229,188,144,0.7560904622077942,-1,-1,-1
17,-1,692,161,160,145,0.7605331540107727,-1,-1,-1
17,-1,569,229,187,144,0.7354321479797363,-1,-1,-1
18,-1,691,163,165,142,0.8055857419967651,-1,-1,-1
18,-1,568,229,188,144,0.7286714911460876,-1,-1,-1
19,-1,691,163,165,142,0.8048310875892639,-1,-1,-1
19,-1,568,229,188,145,0.7275741100311279,-1,-1,-1
20,-1,691,162,165,142,0.8001987338066101,-1,-1,-1
20,-1,569,229,188,144,0.7284641265869141,-1,-1,-1
21,-1,567,228,189,145,0.732185959815979,-1,-1,-1
21,-1,692,160,161,145,0.7282604575157166,-1,-1,-1
22,-1,691,163,165,141,0.782061755657196,-1,-1,-1
22,-1,567,228,188,145,0.74076247215271,-1,-1,-1
23,-1,691,163,164,141,0.7842583656311035,-1,-1,-1
23,-1,567,228,189,145,0.7429379820823669,-1,-1,-1
24,-1,569,229,186,145,0.7875698208808899,-1,-1,-1
24,-1,693,160,161,145,0.7372446656227112,-1,-1,-1
25,-1,692,162,165,143,0.7788328528404236,-1,-1,-1
25,-1,569,229,186,146,0.7491382360458374,-1,-1,-1
26,-1,691,162,165,143,0.7666340470314026,-1,-1,-1
26,-1,569,229,186,145,0.7470670342445374,-1,-1,-1
27,-1,568,229,187,146,0.7721677422523499,-1,-1,-1
27,-1,692,162,164,142,0.7495602965354919,-1,-1,-1
28,-1,567,230,187,145,0.7791776657104492,-1,-1,-1
28,-1,693,160,161,145,0.6746789216995239,-1,-1,-1
29,-1,567,230,187,145,0.7861343622207642,-1,-1,-1
29,-1,693,160,160,146,0.6814890503883362,-1,-1,-1
30,-1,566,228,188,144,0.7158257961273193,-1,-1,-1
30,-1,693,159,160,147,0.6934882998466492,-1,-1,-1
31,-1,692,162,164,143,0.7618825435638428,-1,-1,-1
31,-1,568,229,187,146,0.7398641705513,-1,-1,-1
32,-1,692,162,164,143,0.7741768956184387,-1,-1,-1
32,-1,569,229,186,145,0.7396417856216431,-1,-1,-1
33,-1,692,163,163,143,0.7748215794563293,-1,-1,-1
33,-1,568,229,187,146,0.7267220616340637,-1,-1,-1
34,-1,691,162,165,143,0.7609818577766418,-1,-1,-1
34,-1,567,229,187,145,0.749350368976593,-1,-1,-1
35,-1,691,163,164,143,0.7624464631080627,-1,-1,-1
35,-1,566,230,187,145,0.7535691261291504,-1,-1,-1
36,-1,693,160,160,146,0.7034905552864075,-1,-1,-1
36,-1,565,227,183,147,0.6870970726013184,-1,-1,-1
37,-1,691,162,166,144,0.7739230394363403,-1,-1,-1
37,-1,568,229,187,146,0.7573676705360413,-1,-1,-1
38,-1,691,161,165,144,0.7558103799819946,-1,-1,-1
38,-1,568,225,190,151,0.6929168105125427,-1,-1,-1
39,-1,691,161,164,144,0.7638170123100281,-1,-1,-1
39,-1,570,228,186,146,0.7416746020317078,-1,-1,-1
40,-1,692,162,164,144,0.781195878982544,-1,-1,-1
40,-1,568,229,187,146,0.7482409477233887,-1,-1,-1
41,-1,569,229,186,145,0.7582435607910156,-1,-1,-1
41,-1,694,159,159,146,0.7219674587249756,-1,-1,-1
42,-1,568,229,186,145,0.7643952369689941,-1,-1,-1
42,-1,694,159,159,146,0.7305824756622314,-1,-1,-1
43,-1,568,229,186,145,0.753879725933075,-1,-1,-1
43,-1,694,159,159,146,0.7368283271789551,-1,-1,-1
44,-1,568,228,186,146,0.7642961740493774,-1,-1,-1
44,-1,693,159,160,147,0.7249477505683899,-1,-1,-1
45,-1,692,161,164,144,0.7698726654052734,-1,-1,-1
45,-1,570,228,186,146,0.7621161341667175,-1,-1,-1
46,-1,692,161,164,144,0.7768971920013428,-1,-1,-1
46,-1,570,228,186,146,0.7572159171104431,-1,-1,-1
47,-1,692,161,164,144,0.7704541683197021,-1,-1,-1
47,-1,569,229,185,146,0.7582398056983948,-1,-1,-1
48,-1,692,161,165,144,0.7875593304634094,-1,-1,-1
48,-1,568,229,186,145,0.7665387988090515,-1,-1,-1
49,-1,568,228,187,146,0.7650737762451172,-1,-1,-1
49,-1,694,158,160,146,0.7554364204406738,-1,-1,-1
50,-1,692,161,164,144,0.7959486842155457,-1,-1,-1
50,-1,568,228,187,146,0.7696506381034851,-1,-1,-1
51,-1,692,160,165,145,0.7826483249664307,-1,-1,-1
51,-1,569,228,187,147,0.763759434223175,-1,-1,-1
52,-1,693,158,161,148,0.7646825909614563,-1,-1,-1
52,-1,569,228,187,147,0.7566021680831909,-1,-1,-1
53,-1,692,160,166,145,0.8018713593482971,-1,-1,-1
53,-1,568,228,187,147,0.7634063363075256,-1,-1,-1
54,-1,692,160,166,144,0.7887148857116699,-1,-1,-1
54,-1,569,229,186,146,0.7533252835273743,-1,-1,-1
55,-1,692,160,166,144,0.7788404226303101,-1,-1,-1
55,-1,569,229,187,146,0.7496352195739746,-1,-1,-1
56,-1,692,160,166,144,0.7860578894615173,-1,-1,-1
56,-1,569,229,187,146,0.7550009489059448,-1,-1,-1
57,-1,691,160,166,145,0.793023943901062,-1,-1,-1
57,-1,569,228,186,146,0.7658732533454895,-1,-1,-1
58,-1,691,160,167,145,0.7585268616676331,-1,-1,-1
58,-1,569,228,187,147,0.7266299724578857,-1,-1,-1
59,-1,691,160,166,145,0.7699630856513977,-1,-1,-1
59,-1,569,228,187,147,0.7306757569313049,-1,-1,-1
60,-1,691,160,166,145,0.7568955421447754,-1,-1,-1
60,-1,569,228,187,147,0.7250488996505737,-1,-1,-1
61,-1,692,161,165,145,0.8135771155357361,-1,-1,-1
61,-1,568,229,186,146,0.7760419845581055,-1,-1,-1
62,-1,692,160,165,145,0.7908539175987244,-1,-1,-1
62,-1,567,228,188,145,0.7134566903114319,-1,-1,-1
63,-1,691,161,166,144,0.7785463333129883,-1,-1,-1
63,-1,567,228,188,145,0.7132335305213928,-1,-1,-1
64,-1,691,161,166,145,0.7899956107139587,-1,-1,-1
64,-1,568,227,187,145,0.7269043326377869,-1,-1,-1
65,-1,691,160,166,146,0.790948748588562,-1,-1,-1
65,-1,568,227,187,145,0.6940608024597168,-1,-1,-1
66,-1,692,160,166,145,0.7918765544891357,-1,-1,-1
66,-1,569,227,187,145,0.694593071937561,-1,-1,-1
67,-1,691,161,167,145,0.7767871022224426,-1,-1,-1
67,-1,568,227,187,145,0.6796929836273193,-1,-1,-1
68,-1,693,158,162,148,0.7355418801307678,-1,-1,-1
68,-1,566,228,188,144,0.6676057577133179,-1,-1,-1
69,-1,693,158,162,148,0.7416066527366638,-1,-1,-1
69,-1,568,229,186,146,0.7399210929870605,-1,-1,-1
70,-1,692,161,165,144,0.7999823093414307,-1,-1,-1
70,-1,568,229,187,146,0.7468900680541992,-1,-1,-1
71,-1,691,161,167,145,0.7745320200920105,-1,-1,-1
71,-1,568,227,188,147,0.7133893370628357,-1,-1,-1
72,-1,692,161,166,145,0.7910423874855042,-1,-1,-1
72,-1,569,227,187,148,0.7094791531562805,-1,-1,-1
73,-1,692,160,165,146,0.8082362413406372,-1,-1,-1
73,-1,568,228,186,147,0.759069561958313,-1,-1,-1
74,-1,691,161,165,145,0.8149427771568298,-1,-1,-1
74,-1,567,227,188,148,0.702427864074707,-1,-1,-1
75,-1,567,229,186,146,0.7679059505462646,-1,-1,-1
75,-1,694,158,161,147,0.764268159866333,-1,-1,-1
76,-1,567,229,186,146,0.775766134262085,-1,-1,-1
76,-1,693,158,161,147,0.754680335521698,-1,-1,-1
77,-1,567,229,186,147,0.7830486297607422,-1,-1,-1
77,-1,693,158,161,147,0.7581800818443298,-1,-1,-1
78,-1,567,229,187,147,0.7594477534294128,-1,-1,-1
78,-1,693,159,161,146,0.7194184064865112,-1,-1,-1
79,-1,567,228,189,144,0.7085742950439453,-1,-1,-1
79,-1,693,163,160,141,0.6210459470748901,-1,-1,-1
80,-1,567,228,189,143,0.7049099206924438,-1,-1,-1
80,-1,694,159,158,147,0.6157504320144653,-1,-1,-1
81,-1,567,229,188,143,0.6894349455833435,-1,-1,-1
81,-1,693,160,159,147,0.6463366746902466,-1,-1,-1
82,-1,567,229,189,143,0.6894379258155823,-1,-1,-1
82,-1,694,160,158,147,0.6426766514778137,-1,-1,-1
83,-1,567,229,189,143,0.703086256980896,-1,-1,-1
83,-1,693,160,159,147,0.6561254858970642,-1,-1,-1
84,-1,568,229,187,145,0.7353183031082153,-1,-1,-1
84,-1,693,161,159,147,0.6349138617515564,-1,-1,-1
85,-1,568,228,187,146,0.7445511817932129,-1,-1,-1
85,-1,693,160,160,147,0.6718400716781616,-1,-1,-1
86,-1,568,228,187,146,0.7374697327613831,-1,-1,-1
86,-1,693,160,160,147,0.6748034954071045,-1,-1,-1
87,-1,568,228,187,146,0.7545644640922546,-1,-1,-1
87,-1,693,160,159,147,0.6721398234367371,-1,-1,-1
88,-1,565,228,188,144,0.6914904713630676,-1,-1,-1
88,-1,693,160,160,147,0.6854723691940308,-1,-1,-1
89,-1,565,228,186,143,0.6924890875816345,-1,-1,-1
89,-1,693,163,159,139,0.6435583233833313,-1,-1,-1
90,-1,565,228,186,143,0.7024929523468018,-1,-1,-1
90,-1,693,163,159,139,0.6506035923957825,-1,-1,-1
91,-1,568,227,187,146,0.7194744348526001,-1,-1,-1
91,-1,693,161,159,145,0.6684128642082214,-1,-1,-1
92,-1,566,228,187,144,0.7213914394378662,-1,-1,-1
92,-1,693,162,159,145,0.6783280968666077,-1,-1,-1
93,-1,566,227,187,144,0.7060825824737549,-1,-1,-1
93,-1,693,161,159,145,0.6658416986465454,-1,-1,-1
94,-1,568,227,187,146,0.7076367735862732,-1,-1,-1
94,-1,692,161,159,145,0.658355712890625,-1,-1,-1
95,-1,567,227,188,144,0.7051718235015869,-1,-1,-1
95,-1,693,162,158,145,0.6209291815757751,-1,-1,-1
96,-1,567,227,188,144,0.702734112739563,-1,-1,-1
96,-1,693,162,157,144,0.6287063956260681,-1,-1,-1
97,-1,568,228,191,144,0.7481136918067932,-1,-1,-1
97,-1,694,162,156,144,0.6795618534088135,-1,-1,-1
98,-1,568,228,187,143,0.7447853684425354,-1,-1,-1
98,-1,694,163,157,143,0.6961106657981873,-1,-1,-1
99,-1,692,164,161,138,0.7768223881721497,-1,-1,-1
99,-1,568,228,187,142,0.7458122372627258,-1,-1,-1
100,-1,692,163,161,138,0.7678341865539551,-1,-1,-1
100,-1,568,229,187,141,0.7577772736549377,-1,-1,-1
101,-1,694,161,160,145,0.7912790775299072,-1,-1,-1
101,-1,568,229,187,142,0.7553509473800659,-1,-1,-1
102,-1,568,229,187,142,0.7768391370773315,-1,-1,-1
102,-1,694,162,159,144,0.7681010365486145,-1,-1,-1
103,-1,694,161,159,144,0.7980448603630066,-1,-1,-1
103,-1,568,229,187,143,0.7773494720458984,-1,-1,-1
104,-1,693,160,159,145,0.8208571672439575,-1,-1,-1
104,-1,568,229,187,142,0.7619990706443787,-1,-1,-1
105,-1,694,160,159,145,0.822114109992981,-1,-1,-1
105,-1,569,229,187,142,0.7467101812362671,-1,-1,-1
106,-1,693,161,159,144,0.8128440380096436,-1,-1,-1
106,-1,568,229,187,141,0.7446311712265015,-1,-1,-1
107,-1,693,161,159,144,0.8044087886810303,-1,-1,-1
107,-1,568,229,188,141,0.7451953291893005,-1,-1,-1
108,-1,692,161,159,145,0.8025544881820679,-1,-1,-1
108,-1,568,229,188,142,0.7312990427017212,-1,-1,-1
109,-1,692,163,162,142,0.8378662467002869,-1,-1,-1
109,-1,567,229,188,144,0.7640215158462524,-1,-1,-1
110,-1,691,162,162,142,0.8215968608856201,-1,-1,-1
110,-1,567,229,188,144,0.7611537575721741,-1,-1,-1
111,-1,692,162,159,144,0.8089802861213684,-1,-1,-1
111,-1,568,229,188,143,0.7806189060211182,-1,-1,-1
112,-1,692,162,162,143,0.8280799388885498,-1,-1,-1
112,-1,568,228,188,144,0.7637995481491089,-1,-1,-1
113,-1,693,162,161,143,0.8474732637405396,-1,-1,-1
113,-1,568,228,188,144,0.7644498348236084,-1,-1,-1
114,-1,693,162,159,144,0.809272825717926,-1,-1,-1
114,-1,569,230,186,144,0.7973370552062988,-1,-1,-1
115,-1,693,162,158,144,0.8029838800430298,-1,-1,-1
115,-1,568,230,187,144,0.7922512292861938,-1,-1,-1
116,-1,693,162,158,144,0.816379725933075,-1,-1,-1
116,-1,568,230,187,144,0.8074470162391663,-1,-1,-1
117,-1,692,161,159,144,0.8236137628555298,-1,-1,-1
117,-1,568,230,187,144,0.8102620840072632,-1,-1,-1
118,-1,690,164,164,142,0.8580051064491272,-1,-1,-1
118,-1,568,230,186,144,0.794718325138092,-1,-1,-1
119,-1,692,161,159,145,0.8244094848632812,-1,-1,-1
119,-1,569,230,186,144,0.7983001470565796,-1,-1,-1
120,-1,693,160,159,146,0.8314546346664429,-1,-1,-1
120,-1,569,230,186,144,0.804914653301239,-1,-1,-1
121,-1,694,160,157,145,0.8326043486595154,-1,-1,-1
121,-1,569,230,186,144,0.7996231913566589,-1,-1,-1
122,-1,693,160,158,146,0.8107579946517944,-1,-1,-1
122,-1,567,228,188,143,0.7674148082733154,-1,-1,-1
123,-1,692,160,159,146,0.807939350605011,-1,-1,-1
123,-1,567,228,188,143,0.7726114988327026,-1,-1,-1
124,-1,692,160,159,147,0.8052349090576172,-1,-1,-1
124,-1,568,230,187,144,0.7993712425231934,-1,-1,-1
125,-1,692,159,160,148,0.8105010390281677,-1,-1,-1
125,-1,567,228,188,143,0.7690916061401367,-1,-1,-1
126,-1,692,159,160,148,0.7984038591384888,-1,-1,-1
126,-1,568,228,188,143,0.7635423541069031,-1,-1,-1
127,-1,692,159,160,148,0.8018085956573486,-1,-1,-1
127,-1,568,229,188,142,0.7458711266517639,-1,-1,-1
128,-1,692,159,160,147,0.8056524991989136,-1,-1,-1
128,-1,568,229,187,142,0.7568784952163696,-1,-1,-1
129,-1,691,159,161,148,0.765218198299408,-1,-1,-1
129,-1,568,229,187,143,0.7509428858757019,-1,-1,-1
130,-1,691,159,160,147,0.7601776719093323,-1,-1,-1
130,-1,567,228,188,143,0.7416045665740967,-1,-1,-1
131,-1,692,159,160,147,0.7716161012649536,-1,-1,-1
131,-1,567,228,189,143,0.7617308497428894,-1,-1,-1
132,-1,568,230,186,144,0.802091121673584,-1,-1,-1
132,-1,692,160,160,146,0.7266867160797119,-1,-1,-1
133,-1,569,229,185,144,0.8062540292739868,-1,-1,-1
133,-1,691,161,161,146,0.7219601273536682,-1,-1,-1
134,-1,569,229,185,144,0.8073990345001221,-1,-1,-1
134,-1,691,161,160,145,0.723709225654602,-1,-1,-1
135,-1,569,230,185,144,0.7916829586029053,-1,-1,-1
135,-1,692,161,159,146,0.7225521802902222,-1,-1,-1
136,-1,569,229,185,144,0.7956123948097229,-1,-1,-1
136,-1,692,161,159,145,0.7022548317909241,-1,-1,-1
137,-1,568,230,186,144,0.7944360971450806,-1,-1,-1
137,-1,692,161,159,145,0.7028447389602661,-1,-1,-1
138,-1,568,229,186,145,0.8016816973686218,-1,-1,-1
138,-1,692,160,160,146,0.7089411616325378,-1,-1,-1
139,-1,569,229,186,145,0.8089576959609985,-1,-1,-1
139,-1,692,160,160,146,0.7131050825119019,-1,-1,-1
140,-1,569,229,186,145,0.8065599203109741,-1,-1,-1
140,-1,692,160,160,146,0.7096417546272278,-1,-1,-1
141,-1,569,229,186,145,0.7864083647727966,-1,-1,-1
141,-1,691,161,159,146,0.6898739337921143,-1,-1,-1
142,-1,567,228,189,145,0.7670221328735352,-1,-1,-1
142,-1,692,162,159,143,0.7235264778137207,-1,-1,-1
143,-1,568,228,188,144,0.7581932544708252,-1,-1,-1
143,-1,692,162,159,143,0.7135889530181885,-1,-1,-1
144,-1,568,228,188,145,0.7584163546562195,-1,-1,-1
144,-1,692,162,160,144,0.697102963924408,-1,-1,-1
145,-1,568,228,187,144,0.7561835646629333,-1,-1,-1
145,-1,693,161,160,143,0.7387630343437195,-1,-1,-1
146,-1,568,228,188,144,0.7564614415168762,-1,-1,-1
146,-1,693,162,159,143,0.7371400594711304,-1,-1,-1
147,-1,568,228,187,144,0.7555211782455444,-1,-1,-1
147,-1,693,162,159,143,0.7249429821968079,-1,-1,-1
148,-1,567,228,192,144,0.758399248123169,-1,-1,-1
148,-1,692,161,160,144,0.717783510684967,-1,-1,-1
149,-1,567,228,192,144,0.7600331902503967,-1,-1,-1
149,-1,692,161,160,144,0.7015638947486877,-1,-1,-1
150,-1,567,228,192,144,0.7579426765441895,-1,-1,-1
150,-1,692,161,160,144,0.7078297734260559,-1,-1,-1
151,-1,567,228,192,144,0.7605267763137817,-1,-1,-1
151,-1,692,161,160,144,0.6868429780006409,-1,-1,-1
152,-1,692,161,160,145,0.7409470677375793,-1,-1,-1
152,-1,567,228,189,145,0.7246866226196289,-1,-1,-1
153,-1,692,161,160,145,0.7405869364738464,-1,-1,-1
153,-1,567,228,188,144,0.7363147139549255,-1,-1,-1
154,-1,567,227,192,144,0.7542729377746582,-1,-1,-1
154,-1,692,161,160,145,0.7009103298187256,-1,-1,-1
155,-1,691,163,164,142,0.7680901885032654,-1,-1,-1
155,-1,567,227,192,144,0.7485898733139038,-1,-1,-1
156,-1,691,163,164,142,0.7799972295761108,-1,-1,-1
156,-1,567,227,192,144,0.7501387000083923,-1,-1,-1
157,-1,568,228,186,145,0.7774596214294434,-1,-1,-1
157,-1,692,161,160,145,0.6954219937324524,-1,-1,-1
158,-1,569,227,187,146,0.7654560208320618,-1,-1,-1
158,-1,692,160,160,145,0.6747116446495056,-1,-1,-1
159,-1,569,228,186,145,0.7657044529914856,-1,-1,-1
159,-1,692,161,160,145,0.6883706450462341,-1,-1,-1
160,-1,569,228,186,146,0.7712964415550232,-1,-1,-1
160,-1,691,164,164,141,0.7541133761405945,-1,-1,-1
161,-1,569,228,186,145,0.7725167274475098,-1,-1,-1
161,-1,693,161,159,144,0.6918451189994812,-1,-1,-1
162,-1,569,228,186,145,0.7734689712524414,-1,-1,-1
162,-1,693,161,159,145,0.7014552354812622,-1,-1,-1
163,-1,568,228,187,145,0.7740194797515869,-1,-1,-1
163,-1,693,161,159,144,0.6928690075874329,-1,-1,-1
164,-1,568,228,187,146,0.758147656917572,-1,-1,-1
164,-1,692,161,160,145,0.6752230525016785,-1,-1,-1
165,-1,568,228,188,146,0.7613629102706909,-1,-1,-1
165,-1,692,161,160,145,0.6828661561012268,-1,-1,-1
166,-1,569,228,187,146,0.7636421918869019,-1,-1,-1
166,-1,691,164,164,142,0.7363327741622925,-1,-1,-1
167,-1,569,228,187,146,0.7661856412887573,-1,-1,-1
167,-1,692,160,160,146,0.6434745192527771,-1,-1,-1
168,-1,568,228,187,146,0.7729383111000061,-1,-1,-1
168,-1,692,160,160,146,0.6411312818527222,-1,-1,-1
169,-1,568,228,188,145,0.7579203844070435,-1,-1,-1
169,-1,691,163,164,142,0.7346071600914001,-1,-1,-1
170,-1,691,163,164,142,0.7572351694107056,-1,-1,-1
170,-1,568,228,188,146,0.7434548139572144,-1,-1,-1
171,-1,568,228,188,146,0.7512136697769165,-1,-1,-1
171,-1,690,162,165,142,0.7291527390480042,-1,-1,-1
172,-1,567,227,188,147,0.7466662526130676,-1,-1,-1
172,-1,691,162,165,142,0.725384533405304,-1,-1,-1
173,-1,567,227,188,147,0.7491134405136108,-1,-1,-1
173,-1,691,162,164,143,0.7185320854187012,-1,-1,-1
174,-1,691,163,163,142,0.7458139061927795,-1,-1,-1
174,-1,567,227,188,147,0.7433626651763916,-1,-1,-1
175,-1,567,227,188,147,0.7593567967414856,-1,-1,-1
175,-1,691,163,163,143,0.7417171001434326,-1,-1,-1
176,-1,567,228,188,146,0.7561180591583252,-1,-1,-1
176,-1,691,163,164,143,0.7309979200363159,-1,-1,-1
177,-1,567,227,188,146,0.73812335729599,-1,-1,-1
177,-1,692,163,163,143,0.7314879894256592,-1,-1,-1
178,-1,568,227,188,147,0.7459836006164551,-1,-1,-1
178,-1,692,163,162,142,0.70973140001297,-1,-1,-1
179,-1,567,227,188,147,0.7500693202018738,-1,-1,-1
179,-1,692,162,162,142,0.7131432890892029,-1,-1,-1
180,-1,567,227,189,147,0.7498376965522766,-1,-1,-1
180,-1,692,162,162,142,0.7201257944107056,-1,-1,-1
181,-1,568,227,189,146,0.7469431161880493,-1,-1,-1
181,-1,692,163,163,141,0.6924017667770386,-1,-1,-1
182,-1,568,227,189,146,0.7373175621032715,-1,-1,-1
182,-1,692,163,163,142,0.6979146003723145,-1,-1,-1
183,-1,568,227,188,146,0.7475484609603882,-1,-1,-1
183,-1,692,163,162,142,0.7061185240745544,-1,-1,-1
184,-1,568,227,189,146,0.7398675680160522,-1,-1,-1
184,-1,692,163,162,141,0.7084454298019409,-1,-1,-1
185,-1,568,228,189,145,0.7427797913551331,-1,-1,-1
185,-1,692,163,163,142,0.7324262261390686,-1,-1,-1
186,-1,568,227,189,146,0.7423889636993408,-1,-1,-1
186,-1,692,162,163,142,0.7399953603744507,-1,-1,-1
187,-1,568,227,189,146,0.7479473352432251,-1,-1,-1
187,-1,692,162,163,142,0.7423545718193054,-1,-1,-1
188,-1,567,228,189,146,0.7493522763252258,-1,-1,-1
188,-1,692,163,163,142,0.7282407283782959,-1,-1,-1
189,-1,567,228,189,146,0.75356525182724,-1,-1,-1
189,-1,691,163,163,142,0.7131466865539551,-1,-1,-1
190,-1,568,228,189,146,0.7537809610366821,-1,-1,-1
190,-1,691,163,163,142,0.7229232788085938,-1,-1,-1
191,-1,567,227,190,146,0.7415998578071594,-1,-1,-1
191,-1,692,162,162,142,0.7331826686859131,-1,-1,-1
192,-1,567,227,190,146,0.7357051968574524,-1,-1,-1
192,-1,693,162,161,142,0.7218396067619324,-1,-1,-1
193,-1,567,227,189,146,0.7518922686576843,-1,-1,-1
193,-1,693,162,161,142,0.7233567833900452,-1,-1,-1
194,-1,567,227,189,147,0.7523542046546936,-1,-1,-1
194,-1,693,162,162,142,0.7160928249359131,-1,-1,-1
195,-1,567,227,189,146,0.7448403239250183,-1,-1,-1
195,-1,692,162,163,142,0.722842812538147,-1,-1,-1
196,-1,568,228,186,145,0.7779994606971741,-1,-1,-1
196,-1,693,160,159,145,0.7378145456314087,-1,-1,-1
197,-1,568,228,186,145,0.7803234457969666,-1,-1,-1
197,-1,693,160,159,145,0.7499367594718933,-1,-1,-1
198,-1,568,228,186,146,0.7646052241325378,-1,-1,-1
198,-1,693,160,160,146,0.7381595969200134,-1,-1,-1
199,-1,568,228,186,146,0.7638586163520813,-1,-1,-1
199,-1,693,160,160,146,0.7469598650932312,-1,-1,-1
200,-1,569,228,187,146,0.7617237567901611,-1,-1,-1
200,-1,693,160,159,146,0.7074208855628967,-1,-1,-1
201,-1,568,228,186,145,0.7628624439239502,-1,-1,-1
201,-1,693,161,159,145,0.7386046648025513,-1,-1,-1
202,-1,568,228,186,145,0.7678875923156738,-1,-1,-1
202,-1,693,161,159,145,0.7480469942092896,-1,-1,-1
203,-1,692,163,162,142,0.800387978553772,-1,-1,-1
203,-1,568,228,186,145,0.7658502459526062,-1,-1,-1
204,-1,569,228,185,146,0.7716425657272339,-1,-1,-1
204,-1,693,160,159,146,0.7370572686195374,-1,-1,-1
205,-1,569,228,185,145,0.7898420691490173,-1,-1,-1
205,-1,693,160,159,145,0.7351510524749756,-1,-1,-1
206,-1,569,228,186,146,0.7879930138587952,-1,-1,-1
206,-1,693,160,160,145,0.7119752168655396,-1,-1,-1
207,-1,569,228,186,146,0.7696688175201416,-1,-1,-1
207,-1,692,162,162,142,0.7666023373603821,-1,-1,-1
208,-1,568,228,186,146,0.7802041172981262,-1,-1,-1
208,-1,692,160,160,145,0.7121993899345398,-1,-1,-1
209,-1,568,228,186,146,0.7789908647537231,-1,-1,-1
209,-1,693,160,159,144,0.7360702753067017,-1,-1,-1
210,-1,568,228,186,146,0.7826197147369385,-1,-1,-1
210,-1,693,160,159,145,0.7199068665504456,-1,-1,-1
211,-1,569,228,186,145,0.7817612886428833,-1,-1,-1
211,-1,693,159,159,145,0.7363417744636536,-1,-1,-1
212,-1,569,228,186,146,0.7902678847312927,-1,-1,-1
212,-1,694,160,159,145,0.7375162839889526,-1,-1,-1
213,-1,569,228,186,146,0.7854818105697632,-1,-1,-1
213,-1,694,160,158,145,0.7315781116485596,-1,-1,-1
214,-1,569,228,186,146,0.7774745225906372,-1,-1,-1
214,-1,694,160,158,145,0.7282212972640991,-1,-1,-1
215,-1,568,228,186,146,0.7650535106658936,-1,-1,-1
215,-1,693,160,159,145,0.727164089679718,-1,-1,-1
216,-1,568,228,186,147,0.7759444117546082,-1,-1,-1
216,-1,693,160,159,145,0.7009879350662231,-1,-1,-1
217,-1,568,228,187,147,0.7703152894973755,-1,-1,-1
217,-1,694,159,158,144,0.6488492488861084,-1,-1,-1
218,-1,568,228,187,147,0.7667142152786255,-1,-1,-1
218,-1,695,158,157,144,0.6520557999610901,-1,-1,-1
219,-1,568,228,187,148,0.761738657951355,-1,-1,-1
219,-1,694,158,158,145,0.629136860370636,-1,-1,-1
220,-1,568,228,187,147,0.7681214213371277,-1,-1,-1
220,-1,693,160,158,145,0.6568619608879089,-1,-1,-1
221,-1,568,228,187,147,0.7607067227363586,-1,-1,-1
221,-1,694,158,158,145,0.635928213596344,-1,-1,-1
222,-1,568,228,187,147,0.7619417309761047,-1,-1,-1
222,-1,693,160,158,145,0.687894344329834,-1,-1,-1
223,-1,567,228,188,147,0.74546879529953,-1,-1,-1
223,-1,693,160,157,144,0.7000100016593933,-1,-1,-1
224,-1,567,228,188,147,0.744933009147644,-1,-1,-1
224,-1,693,160,158,144,0.7035789489746094,-1,-1,-1
225,-1,569,228,187,147,0.7518844604492188,-1,-1,-1
225,-1,694,163,157,138,0.657848596572876,-1,-1,-1
226,-1,569,228,187,148,0.7561313509941101,-1,-1,-1
226,-1,694,163,157,138,0.6510717868804932,-1,-1,-1
227,-1,568,228,187,147,0.7568274140357971,-1,-1,-1
227,-1,695,163,157,138,0.6567542552947998,-1,-1,-1
228,-1,568,228,187,147,0.7622855305671692,-1,-1,-1
228,-1,694,160,157,144,0.6875839233398438,-1,-1,-1
229,-1,568,228,187,147,0.7693278789520264,-1,-1,-1
229,-1,695,162,157,139,0.6839540600776672,-1,-1,-1
230,-1,568,228,187,147,0.7707862257957458,-1,-1,-1
230,-1,694,160,157,145,0.7105236053466797,-1,-1,-1
231,-1,568,228,187,147,0.771866500377655,-1,-1,-1
231,-1,694,163,160,141,0.7670854330062866,-1,-1,-1
232,-1,568,228,187,147,0.7662725448608398,-1,-1,-1
232,-1,694,163,159,141,0.7569751143455505,-1,-1,-1
233,-1,568,228,186,147,0.7658068537712097,-1,-1,-1
233,-1,695,160,157,145,0.6934788823127747,-1,-1,-1
234,-1,568,228,187,147,0.7734578251838684,-1,-1,-1
234,-1,695,160,157,145,0.70485520362854,-1,-1,-1
235,-1,568,228,187,147,0.7778818607330322,-1,-1,-1
235,-1,694,160,157,145,0.6985421180725098,-1,-1,-1
236,-1,694,163,160,140,0.7836388945579529,-1,-1,-1
236,-1,568,227,186,147,0.7781790494918823,-1,-1,-1
237,-1,568,227,186,148,0.777741014957428,-1,-1,-1
237,-1,694,163,160,140,0.7776110768318176,-1,-1,-1
238,-1,1429,706,1042,654,0.8226392865180969,-1,-1,-1
238,-1,568,227,186,148,0.7755450010299683,-1,-1,-1
238,-1,694,161,157,143,0.7247573137283325,-1,-1,-1
239,-1,568,227,186,147,0.7733793258666992,-1,-1,-1
239,-1,915,777,1543,620,0.7389101982116699,-1,-1,-1
239,-1,694,161,157,143,0.7224373817443848,-1,-1,-1
240,-1,585,743,1563,684,0.8698803782463074,-1,-1,-1
240,-1,694,163,160,140,0.7770956158638,-1,-1,-1
240,-1,568,227,186,146,0.7677394151687622,-1,-1,-1
241,-1,230,746,1611,681,0.8566575050354004,-1,-1,-1
241,-1,567,228,186,145,0.7879737615585327,-1,-1,-1
241,-1,693,163,160,140,0.7566678524017334,-1,-1,-1
242,-1,567,228,186,145,0.7977104187011719,-1,-1,-1
242,-1,141,773,1445,649,0.7933747172355652,-1,-1,-1
242,-1,693,160,157,144,0.6650644540786743,-1,-1,-1
243,-1,568,228,185,145,0.7847995758056641,-1,-1,-1
243,-1,693,163,158,138,0.6454388499259949,-1,-1,-1
244,-1,567,227,187,147,0.7451840043067932,-1,-1,-1
244,-1,693,161,157,144,0.7329657077789307,-1,-1,-1
245,-1,692,163,159,138,0.7434968948364258,-1,-1,-1
245,-1,566,227,187,148,0.7417519688606262,-1,-1,-1
246,-1,568,228,185,147,0.8068382143974304,-1,-1,-1
246,-1,694,161,158,144,0.7070893049240112,-1,-1,-1
247,-1,568,228,185,146,0.8176582455635071,-1,-1,-1
247,-1,693,160,158,145,0.7405346632003784,-1,-1,-1
248,-1,567,228,186,147,0.7949386239051819,-1,-1,-1
248,-1,694,160,158,141,0.6381639242172241,-1,-1,-1
249,-1,564,227,189,148,0.7712307572364807,-1,-1,-1
249,-1,695,161,157,141,0.6118782758712769,-1,-1,-1
250,-1,563,226,188,153,0.7755657434463501,-1,-1,-1
250,-1,693,162,157,143,0.6534392833709717,-1,-1,-1
251,-1,565,228,187,147,0.7679190039634705,-1,-1,-1
251,-1,693,161,157,143,0.6994921565055847,-1,-1,-1
252,-1,565,228,186,147,0.7816619277000427,-1,-1,-1
252,-1,693,160,158,144,0.6916018128395081,-1,-1,-1
253,-1,566,228,185,146,0.7760213613510132,-1,-1,-1
253,-1,693,161,157,144,0.71791672706604,-1,-1,-1
254,-1,567,228,186,148,0.7945523262023926,-1,-1,-1
254,-1,694,161,155,143,0.6677881479263306,-1,-1,-1
255,-1,564,226,186,149,0.806689977645874,-1,-1,-1
256,-1,567,228,187,145,0.8037533164024353,-1,-1,-1
256,-1,693,161,157,141,0.6426852941513062,-1,-1,-1
257,-1,567,228,187,145,0.8050779700279236,-1,-1,-1
257,-1,694,159,158,141,0.662837028503418,-1,-1,-1
258,-1,568,227,187,147,0.7559324502944946,-1,-1,-1
258,-1,693,162,159,139,0.6889623403549194,-1,-1,-1
259,-1,566,228,188,146,0.7844312191009521,-1,-1,-1
259,-1,693,163,161,140,0.7792935967445374,-1,-1,-1
260,-1,564,227,190,145,0.7564119100570679,-1,-1,-1
260,-1,693,160,158,144,0.6975948810577393,-1,-1,-1
261,-1,567,228,187,146,0.7666534781455994,-1,-1,-1
261,-1,693,162,158,139,0.6482296586036682,-1,-1,-1
262,-1,567,228,186,146,0.7678442001342773,-1,-1,-1
262,-1,694,161,156,145,0.6993390321731567,-1,-1,-1
263,-1,568,228,186,146,0.7870624661445618,-1,-1,-1
263,-1,693,163,158,139,0.7053999900817871,-1,-1,-1
264,-1,568,228,186,146,0.7887977957725525,-1,-1,-1
264,-1,693,163,157,139,0.7012012600898743,-1,-1,-1
265,-1,567,228,186,146,0.7983863353729248,-1,-1,-1
265,-1,693,160,157,145,0.6835562586784363,-1,-1,-1
266,-1,567,228,187,146,0.8088623881340027,-1,-1,-1
266,-1,693,160,159,144,0.7187849879264832,-1,-1,-1
267,-1,567,227,187,146,0.8056025505065918,-1,-1,-1
267,-1,693,162,160,138,0.7038241028785706,-1,-1,-1
268,-1,566,228,187,145,0.8211239576339722,-1,-1,-1
268,-1,693,160,159,144,0.7423819303512573,-1,-1,-1
269,-1,566,229,187,145,0.8140441179275513,-1,-1,-1
269,-1,693,163,159,138,0.7008928656578064,-1,-1,-1
270,-1,566,229,187,145,0.8147367835044861,-1,-1,-1
270,-1,693,161,159,144,0.7152084112167358,-1,-1,-1
271,-1,566,228,188,145,0.802043080329895,-1,-1,-1
271,-1,693,161,158,144,0.713121235370636,-1,-1,-1
272,-1,564,228,190,145,0.8000458478927612,-1,-1,-1
272,-1,693,161,158,144,0.7034250497817993,-1,-1,-1
273,-1,566,228,188,146,0.8147405982017517,-1,-1,-1
273,-1,694,160,158,144,0.714077889919281,-1,-1,-1
274,-1,566,228,187,147,0.8201895356178284,-1,-1,-1
274,-1,693,161,159,144,0.6936740279197693,-1,-1,-1
275,-1,566,229,187,146,0.7972171902656555,-1,-1,-1
275,-1,693,161,159,144,0.6772862076759338,-1,-1,-1
276,-1,568,228,185,145,0.784579336643219,-1,-1,-1
276,-1,693,162,157,143,0.7349529266357422,-1,-1,-1
277,-1,567,229,185,145,0.7936152219772339,-1,-1,-1
277,-1,693,161,156,144,0.7265253663063049,-1,-1,-1
278,-1,568,228,186,146,0.7949733138084412,-1,-1,-1
278,-1,693,162,158,144,0.7165479063987732,-1,-1,-1
279,-1,568,228,186,146,0.7751139402389526,-1,-1,-1
279,-1,694,161,158,144,0.7066665291786194,-1,-1,-1
280,-1,569,228,185,145,0.7896880507469177,-1,-1,-1
280,-1,693,164,158,138,0.6638742685317993,-1,-1,-1
281,-1,569,228,185,145,0.7898551821708679,-1,-1,-1
281,-1,693,164,159,138,0.6602976322174072,-1,-1,-1
282,-1,568,228,186,145,0.7974903583526611,-1,-1,-1
282,-1,693,164,158,138,0.6698048710823059,-1,-1,-1
283,-1,568,229,185,145,0.7915872931480408,-1,-1,-1
283,-1,692,164,158,138,0.6825664639472961,-1,-1,-1
284,-1,568,229,186,145,0.80488520860672,-1,-1,-1
284,-1,694,162,157,143,0.7198611497879028,-1,-1,-1
285,-1,569,229,186,145,0.8063818216323853,-1,-1,-1
285,-1,693,163,158,138,0.7130308747291565,-1,-1,-1
286,-1,569,228,185,145,0.7942039966583252,-1,-1,-1
286,-1,693,161,157,144,0.7159849405288696,-1,-1,-1
287,-1,569,228,186,145,0.7894977927207947,-1,-1,-1
287,-1,693,161,157,144,0.7208306789398193,-1,-1,-1
288,-1,569,228,185,145,0.7908438444137573,-1,-1,-1
288,-1,693,161,157,144,0.7302027940750122,-1,-1,-1
289,-1,569,229,186,146,0.7964690327644348,-1,-1,-1
289,-1,693,163,158,138,0.6969502568244934,-1,-1,-1
290,-1,568,228,186,146,0.7936245799064636,-1,-1,-1
290,-1,694,161,157,144,0.7233434319496155,-1,-1,-1
291,-1,568,228,186,146,0.792987048625946,-1,-1,-1
291,-1,694,161,157,144,0.7181507349014282,-1,-1,-1
292,-1,568,229,186,146,0.7963320016860962,-1,-1,-1
292,-1,693,161,157,144,0.7144352197647095,-1,-1,-1
293,-1,569,228,186,146,0.7946665287017822,-1,-1,-1
293,-1,693,162,157,144,0.7166191339492798,-1,-1,-1
294,-1,568,228,187,146,0.7931681871414185,-1,-1,-1
294,-1,693,162,157,144,0.7082496285438538,-1,-1,-1
295,-1,568,228,187,146,0.78484046459198,-1,-1,-1
295,-1,693,162,157,144,0.7097223997116089,-1,-1,-1
296,-1,568,228,187,146,0.7898347973823547,-1,-1,-1
296,-1,693,163,158,138,0.701015055179596,-1,-1,-1
297,-1,568,228,186,146,0.7885236740112305,-1,-1,-1
297,-1,693,163,158,139,0.7033791542053223,-1,-1,-1
298,-1,567,228,188,145,0.749504804611206,-1,-1,-1
298,-1,693,161,158,144,0.6935375928878784,-1,-1,-1
299,-1,567,228,188,145,0.7491739392280579,-1,-1,-1
299,-1,693,161,157,144,0.7041821479797363,-1,-1,-1
300,-1,567,228,188,145,0.750721275806427,-1,-1,-1
300,-1,693,162,157,143,0.7042729258537292,-1,-1,-1
301,-1,567,229,188,145,0.7827386260032654,-1,-1,-1
301,-1,694,162,156,143,0.7197048664093018,-1,-1,-1
302,-1,566,228,188,145,0.7772252559661865,-1,-1,-1
302,-1,694,162,156,144,0.6969334483146667,-1,-1,-1
303,-1,565,227,190,144,0.7525461912155151,-1,-1,-1
303,-1,694,162,157,144,0.68475741147995,-1,-1,-1
304,-1,565,227,190,144,0.76923006772995,-1,-1,-1
304,-1,694,162,157,144,0.7040270566940308,-1,-1,-1
305,-1,565,228,190,144,0.7699713110923767,-1,-1,-1
305,-1,694,162,157,144,0.707645058631897,-1,-1,-1
306,-1,565,228,190,144,0.7613875865936279,-1,-1,-1
306,-1,694,162,157,144,0.7105011940002441,-1,-1,-1
307,-1,565,228,189,143,0.7757154703140259,-1,-1,-1
307,-1,694,162,157,144,0.715156078338623,-1,-1,-1
308,-1,567,229,187,145,0.798194944858551,-1,-1,-1
308,-1,694,162,158,145,0.7120492458343506,-1,-1,-1
309,-1,567,229,187,145,0.7887305021286011,-1,-1,-1
309,-1,694,161,158,145,0.7196654677391052,-1,-1,-1
310,-1,567,229,189,143,0.7432708740234375,-1,-1,-1
310,-1,693,162,158,145,0.7225211262702942,-1,-1,-1
311,-1,567,228,187,146,0.7979257702827454,-1,-1,-1
311,-1,694,161,157,145,0.7138022184371948,-1,-1,-1
312,-1,567,228,187,146,0.7994192242622375,-1,-1,-1
312,-1,694,162,158,145,0.7166070938110352,-1,-1,-1
313,-1,567,228,188,146,0.7888678312301636,-1,-1,-1
313,-1,695,162,157,144,0.6960692405700684,-1,-1,-1
314,-1,566,228,188,146,0.802139401435852,-1,-1,-1
314,-1,695,162,156,144,0.7100768089294434,-1,-1,-1
315,-1,566,228,188,147,0.7963118553161621,-1,-1,-1
315,-1,695,162,156,144,0.7013983726501465,-1,-1,-1
316,-1,566,228,188,147,0.7905157804489136,-1,-1,-1
316,-1,695,162,156,143,0.7011318802833557,-1,-1,-1
317,-1,566,228,188,147,0.7820953726768494,-1,-1,-1
317,-1,695,162,156,143,0.7094930410385132,-1,-1,-1
318,-1,567,228,188,146,0.7923210263252258,-1,-1,-1
318,-1,694,163,156,143,0.7249614000320435,-1,-1,-1
319,-1,567,227,188,147,0.7998970746994019,-1,-1,-1
319,-1,695,162,157,143,0.7066801190376282,-1,-1,-1
320,-1,567,227,188,147,0.7998219728469849,-1,-1,-1
320,-1,695,162,157,144,0.718815267086029,-1,-1,-1
321,-1,567,227,188,147,0.7994367480278015,-1,-1,-1
321,-1,695,162,157,143,0.7185952663421631,-1,-1,-1
322,-1,566,227,188,147,0.7992715835571289,-1,-1,-1
322,-1,695,162,157,144,0.7207505106925964,-1,-1,-1
323,-1,566,227,188,147,0.8023780584335327,-1,-1,-1
323,-1,695,162,157,143,0.7245277166366577,-1,-1,-1
324,-1,567,227,188,147,0.8041068911552429,-1,-1,-1
324,-1,695,163,156,142,0.6988621950149536,-1,-1,-1
325,-1,566,228,187,147,0.7850784063339233,-1,-1,-1
325,-1,694,162,157,144,0.7097381353378296,-1,-1,-1
326,-1,566,228,188,146,0.7817211151123047,-1,-1,-1
326,-1,694,162,157,144,0.7076669931411743,-1,-1,-1
327,-1,566,228,188,146,0.7792705297470093,-1,-1,-1
327,-1,694,161,158,145,0.7022824287414551,-1,-1,-1
328,-1,566,228,188,146,0.781580924987793,-1,-1,-1
328,-1,693,162,158,144,0.6920867562294006,-1,-1,-1
329,-1,566,228,188,147,0.7815166711807251,-1,-1,-1
329,-1,694,162,158,144,0.7082396149635315,-1,-1,-1
330,-1,567,228,187,146,0.7791231870651245,-1,-1,-1
330,-1,694,162,157,144,0.7015718221664429,-1,-1,-1
331,-1,566,228,187,146,0.779717206954956,-1,-1,-1
331,-1,694,162,157,144,0.7000550627708435,-1,-1,-1
332,-1,566,228,188,147,0.7784334421157837,-1,-1,-1
332,-1,694,162,157,144,0.7011503577232361,-1,-1,-1
333,-1,566,227,188,146,0.765942394733429,-1,-1,-1
333,-1,694,161,158,145,0.6913547515869141,-1,-1,-1
334,-1,567,228,187,146,0.7679020166397095,-1,-1,-1
334,-1,694,161,158,145,0.6913100481033325,-1,-1,-1
335,-1,568,228,186,146,0.7877383232116699,-1,-1,-1
335,-1,693,161,159,144,0.7279214859008789,-1,-1,-1
335,-1,1755,806,787,504,0.6387479901313782,-1,-1,-1
336,-1,1531,806,953,506,0.9413591623306274,-1,-1,-1
336,-1,567,228,187,146,0.7751230597496033,-1,-1,-1
336,-1,694,162,158,144,0.7184900641441345,-1,-1,-1
337,-1,1249,826,1015,501,0.9436666965484619,-1,-1,-1
337,-1,569,228,187,145,0.7751209735870361,-1,-1,-1
337,-1,694,161,158,145,0.7068581581115723,-1,-1,-1
338,-1,929,829,1103,511,0.9320310950279236,-1,-1,-1
338,-1,569,228,187,145,0.7777003645896912,-1,-1,-1
338,-1,694,161,159,146,0.6991800665855408,-1,-1,-1
339,-1,602,825,1106,521,0.9592570662498474,-1,-1,-1
339,-1,569,228,186,145,0.7526576519012451,-1,-1,-1
339,-1,694,160,159,146,0.7134634852409363,-1,-1,-1
340,-1,286,842,1105,506,0.9327168464660645,-1,-1,-1
340,-1,569,228,187,145,0.7550349235534668,-1,-1,-1
340,-1,693,160,159,146,0.716875433921814,-1,-1,-1
341,-1,45,854,1036,507,0.8285042643547058,-1,-1,-1
341,-1,568,228,187,146,0.7686952948570251,-1,-1,-1
341,-1,694,160,159,146,0.7205100655555725,-1,-1,-1
342,-1,568,228,187,146,0.7802818417549133,-1,-1,-1
342,-1,694,161,158,146,0.710752010345459,-1,-1,-1
342,-1,85,847,1002,516,0.6312718391418457,-1,-1,-1
343,-1,568,228,186,146,0.7887202501296997,-1,-1,-1
343,-1,694,160,159,146,0.7259542346000671,-1,-1,-1
344,-1,568,228,187,146,0.7878919243812561,-1,-1,-1
344,-1,694,161,159,146,0.7188612818717957,-1,-1,-1
345,-1,567,229,188,144,0.7839868068695068,-1,-1,-1
345,-1,694,162,159,144,0.7619345784187317,-1,-1,-1
346,-1,567,229,188,144,0.7873930335044861,-1,-1,-1
346,-1,693,161,159,145,0.761216402053833,-1,-1,-1
347,-1,567,229,187,144,0.7802555561065674,-1,-1,-1
347,-1,694,162,158,144,0.7610895037651062,-1,-1,-1
348,-1,567,229,188,144,0.7791223526000977,-1,-1,-1
348,-1,694,161,158,145,0.7699017524719238,-1,-1,-1
349,-1,569,229,186,144,0.8166104555130005,-1,-1,-1
349,-1,694,163,158,144,0.7818486094474792,-1,-1,-1
350,-1,568,229,186,144,0.8085924386978149,-1,-1,-1
350,-1,694,163,158,143,0.7869839072227478,-1,-1,-1
351,-1,568,229,186,144,0.7946198582649231,-1,-1,-1
351,-1,693,163,158,144,0.7836166024208069,-1,-1,-1
352,-1,568,229,186,144,0.7870299220085144,-1,-1,-1
352,-1,693,162,158,144,0.7807434797286987,-1,-1,-1
353,-1,568,229,186,144,0.7820570468902588,-1,-1,-1
353,-1,693,162,158,144,0.7767767906188965,-1,-1,-1
354,-1,568,229,186,144,0.7855199575424194,-1,-1,-1
354,-1,693,162,158,144,0.7808890342712402,-1,-1,-1
355,-1,567,229,186,145,0.7935820817947388,-1,-1,-1
355,-1,692,165,160,138,0.7644116878509521,-1,-1,-1
356,-1,566,227,189,145,0.7651944160461426,-1,-1,-1
356,-1,692,164,160,138,0.7613948583602905,-1,-1,-1
357,-1,567,229,186,145,0.7970207929611206,-1,-1,-1
357,-1,692,162,159,145,0.7782175540924072,-1,-1,-1
358,-1,567,229,186,145,0.8030238747596741,-1,-1,-1
358,-1,692,162,159,145,0.7868647575378418,-1,-1,-1
359,-1,568,229,185,145,0.7904629111289978,-1,-1,-1
359,-1,693,162,158,145,0.7716951370239258,-1,-1,-1
360,-1,566,228,189,145,0.7704753279685974,-1,-1,-1
360,-1,692,162,160,145,0.7672363519668579,-1,-1,-1
361,-1,694,164,157,142,0.73790442943573,-1,-1,-1
361,-1,567,228,187,145,0.7327573895454407,-1,-1,-1
362,-1,568,227,187,147,0.7379692196846008,-1,-1,-1
362,-1,694,164,157,142,0.7309477925300598,-1,-1,-1
363,-1,566,228,187,145,0.7268785834312439,-1,-1,-1
363,-1,692,165,160,137,0.7197757959365845,-1,-1,-1
364,-1,693,163,158,143,0.7679528594017029,-1,-1,-1
364,-1,568,227,188,147,0.7237501740455627,-1,-1,-1
365,-1,693,163,158,143,0.7657212018966675,-1,-1,-1
365,-1,566,228,186,144,0.7237290143966675,-1,-1,-1
366,-1,693,163,159,143,0.7619796991348267,-1,-1,-1
366,-1,568,227,187,147,0.7466511726379395,-1,-1,-1
367,-1,565,228,187,145,0.7334849238395691,-1,-1,-1
367,-1,693,163,159,143,0.7219976186752319,-1,-1,-1
368,-1,565,228,187,145,0.7345565557479858,-1,-1,-1
368,-1,693,163,158,143,0.7229188084602356,-1,-1,-1
369,-1,567,229,189,144,0.7202723026275635,-1,-1,-1
369,-1,693,163,158,143,0.719450056552887,-1,-1,-1
370,-1,694,163,158,143,0.7345572710037231,-1,-1,-1
370,-1,567,227,189,148,0.7197337746620178,-1,-1,-1
371,-1,567,229,186,146,0.7564200162887573,-1,-1,-1
371,-1,694,163,158,143,0.7404391765594482,-1,-1,-1
372,-1,1700,752,822,603,0.8663237690925598,-1,-1,-1
372,-1,567,229,187,145,0.7699041962623596,-1,-1,-1
372,-1,694,163,157,144,0.7406200170516968,-1,-1,-1
373,-1,1402,756,1022,608,0.9323791861534119,-1,-1,-1
373,-1,565,228,188,143,0.7500796914100647,-1,-1,-1
373,-1,693,163,158,144,0.744580864906311,-1,-1,-1
374,-1,1012,756,1255,618,0.9539964199066162,-1,-1,-1
374,-1,565,228,188,143,0.7498943209648132,-1,-1,-1
374,-1,693,163,158,144,0.7417652010917664,-1,-1,-1
375,-1,773,803,1125,582,0.9555217027664185,-1,-1,-1
375,-1,565,228,188,143,0.7521174550056458,-1,-1,-1
375,-1,693,163,158,144,0.7388689517974854,-1,-1,-1
376,-1,378,793,1198,597,0.9147002696990967,-1,-1,-1
376,-1,565,228,188,143,0.7430965900421143,-1,-1,-1
376,-1,693,163,158,144,0.7317769527435303,-1,-1,-1
377,-1,38,779,1275,619,0.8515579700469971,-1,-1,-1
377,-1,565,228,189,144,0.7288860082626343,-1,-1,-1
377,-1,693,162,159,144,0.7110421657562256,-1,-1,-1
378,-1,565,228,189,144,0.7400467395782471,-1,-1,-1
378,-1,693,163,159,144,0.7186137437820435,-1,-1,-1
379,-1,565,228,189,144,0.7189478278160095,-1,-1,-1
379,-1,693,163,159,144,0.7044534683227539,-1,-1,-1
380,-1,567,228,187,145,0.745470404624939,-1,-1,-1
380,-1,694,166,158,137,0.6785268783569336,-1,-1,-1
381,-1,567,228,187,144,0.7393441200256348,-1,-1,-1
381,-1,693,163,158,143,0.7058320641517639,-1,-1,-1
382,-1,568,229,187,145,0.749761164188385,-1,-1,-1
382,-1,693,163,159,144,0.6976730823516846,-1,-1,-1
383,-1,568,229,187,145,0.7591183185577393,-1,-1,-1
383,-1,693,162,159,144,0.7063217163085938,-1,-1,-1
384,-1,567,229,187,145,0.764782726764679,-1,-1,-1
384,-1,693,162,159,144,0.7027561068534851,-1,-1,-1
385,-1,568,230,186,144,0.7908284068107605,-1,-1,-1
385,-1,692,162,159,144,0.7050579786300659,-1,-1,-1
386,-1,568,229,187,143,0.7398409247398376,-1,-1,-1
386,-1,693,162,159,144,0.6986758708953857,-1,-1,-1
387,-1,568,230,187,144,0.7770668864250183,-1,-1,-1
387,-1,693,162,159,145,0.6960920095443726,-1,-1,-1
388,-1,567,229,188,144,0.749451220035553,-1,-1,-1
388,-1,693,162,159,145,0.6944904327392578,-1,-1,-1
389,-1,567,229,188,145,0.7517480850219727,-1,-1,-1
389,-1,693,161,159,145,0.6906130313873291,-1,-1,-1
390,-1,567,229,188,145,0.7533687949180603,-1,-1,-1
390,-1,693,161,159,145,0.6861585378646851,-1,-1,-1
391,-1,568,230,187,145,0.7869811058044434,-1,-1,-1
391,-1,693,161,159,145,0.6810187697410583,-1,-1,-1
392,-1,569,230,186,144,0.8037502765655518,-1,-1,-1
392,-1,693,162,158,143,0.7411428689956665,-1,-1,-1
393,-1,568,230,185,144,0.8036636114120483,-1,-1,-1
393,-1,693,162,158,143,0.7493925094604492,-1,-1,-1
394,-1,569,229,185,144,0.7958494424819946,-1,-1,-1
394,-1,693,162,158,143,0.7628470063209534,-1,-1,-1
395,-1,568,229,185,144,0.8032934069633484,-1,-1,-1
395,-1,693,162,158,143,0.7395943403244019,-1,-1,-1
396,-1,568,229,186,144,0.7991257905960083,-1,-1,-1
396,-1,693,162,158,143,0.7462039589881897,-1,-1,-1
397,-1,568,229,186,145,0.8183178305625916,-1,-1,-1
397,-1,694,162,157,142,0.7168914675712585,-1,-1,-1
398,-1,568,229,186,145,0.8146117925643921,-1,-1,-1
398,-1,694,162,157,142,0.7081876397132874,-1,-1,-1
399,-1,568,229,186,146,0.8131968975067139,-1,-1,-1
399,-1,694,162,157,142,0.7060803174972534,-1,-1,-1
400,-1,568,229,186,145,0.8090004324913025,-1,-1,-1
400,-1,694,162,157,142,0.711641252040863,-1,-1,-1
401,-1,568,229,186,146,0.809973418712616,-1,-1,-1
401,-1,694,161,157,144,0.7375125885009766,-1,-1,-1
402,-1,694,162,158,144,0.7672320604324341,-1,-1,-1
402,-1,567,229,186,144,0.7549532651901245,-1,-1,-1
403,-1,694,162,158,144,0.7678740620613098,-1,-1,-1
403,-1,566,228,186,144,0.731511652469635,-1,-1,-1
404,-1,566,228,186,144,0.76179438829422,-1,-1,-1
404,-1,694,162,158,144,0.7603986263275146,-1,-1,-1
405,-1,567,229,186,144,0.7762534618377686,-1,-1,-1
405,-1,694,162,158,144,0.766530454158783,-1,-1,-1
406,-1,567,229,187,144,0.7705602049827576,-1,-1,-1
406,-1,694,162,158,144,0.747702956199646,-1,-1,-1
407,-1,567,229,186,144,0.7723745107650757,-1,-1,-1
407,-1,693,162,158,144,0.7428730130195618,-1,-1,-1
408,-1,567,229,186,144,0.7706542015075684,-1,-1,-1
408,-1,693,162,158,144,0.7477158904075623,-1,-1,-1
409,-1,568,229,187,145,0.7547239065170288,-1,-1,-1
409,-1,694,163,158,143,0.7262909412384033,-1,-1,-1
410,-1,694,163,158,144,0.7366481423377991,-1,-1,-1
410,-1,567,227,188,145,0.7266709804534912,-1,-1,-1
411,-1,694,162,158,144,0.7373479604721069,-1,-1,-1
411,-1,567,227,188,145,0.7284796833992004,-1,-1,-1
412,-1,568,229,187,145,0.7601569890975952,-1,-1,-1
412,-1,694,163,158,143,0.7378661632537842,-1,-1,-1
413,-1,694,163,158,143,0.7296721339225769,-1,-1,-1
413,-1,567,227,189,144,0.7144395709037781,-1,-1,-1
414,-1,694,163,158,143,0.7312846183776855,-1,-1,-1
414,-1,567,227,189,145,0.720331072807312,-1,-1,-1
415,-1,568,229,187,145,0.7594743371009827,-1,-1,-1
415,-1,694,163,158,143,0.7213688492774963,-1,-1,-1
416,-1,568,229,187,145,0.7692979574203491,-1,-1,-1
416,-1,694,163,158,143,0.7323533296585083,-1,-1,-1
417,-1,568,229,187,145,0.7701977491378784,-1,-1,-1
417,-1,694,163,158,143,0.7165982723236084,-1,-1,-1
418,-1,568,229,187,145,0.7720105648040771,-1,-1,-1
418,-1,694,163,158,143,0.7401271462440491,-1,-1,-1
419,-1,568,229,186,144,0.7632390856742859,-1,-1,-1
419,-1,694,162,158,144,0.7377110123634338,-1,-1,-1
420,-1,694,162,158,144,0.7340019345283508,-1,-1,-1
420,-1,567,228,188,144,0.7238969802856445,-1,-1,-1
421,-1,694,163,157,143,0.7336390018463135,-1,-1,-1
421,-1,567,228,188,144,0.7211902737617493,-1,-1,-1
422,-1,693,163,158,143,0.720977246761322,-1,-1,-1
422,-1,567,228,188,144,0.7171080708503723,-1,-1,-1
423,-1,568,229,187,144,0.7347667217254639,-1,-1,-1
423,-1,693,163,158,143,0.7106009125709534,-1,-1,-1
424,-1,568,229,187,144,0.7313274145126343,-1,-1,-1
424,-1,693,163,157,143,0.7110360264778137,-1,-1,-1
425,-1,568,229,187,144,0.7348805069923401,-1,-1,-1
425,-1,693,163,157,143,0.7000564336776733,-1,-1,-1
426,-1,568,229,187,144,0.7347442507743835,-1,-1,-1
426,-1,694,163,157,143,0.7113215923309326,-1,-1,-1
427,-1,569,229,186,144,0.7684286236763,-1,-1,-1
427,-1,693,162,157,142,0.7100220322608948,-1,-1,-1
428,-1,569,229,186,144,0.7577022910118103,-1,-1,-1
428,-1,693,162,157,142,0.7107576131820679,-1,-1,-1
429,-1,568,229,186,144,0.7632817029953003,-1,-1,-1
429,-1,694,162,157,143,0.7271845936775208,-1,-1,-1
430,-1,568,228,187,144,0.7586447596549988,-1,-1,-1
430,-1,694,162,157,143,0.709578812122345,-1,-1,-1
431,-1,568,229,187,144,0.7626295685768127,-1,-1,-1
431,-1,693,162,157,143,0.7143205404281616,-1,-1,-1
432,-1,567,229,187,144,0.7659796476364136,-1,-1,-1
432,-1,694,162,157,143,0.7149289846420288,-1,-1,-1
433,-1,566,229,188,145,0.7708581686019897,-1,-1,-1
433,-1,694,163,157,141,0.691483199596405,-1,-1,-1
434,-1,566,229,188,145,0.7702019214630127,-1,-1,-1
434,-1,694,163,157,141,0.6930717825889587,-1,-1,-1
435,-1,566,229,188,145,0.782265305519104,-1,-1,-1
435,-1,694,162,157,142,0.7111399173736572,-1,-1,-1
436,-1,566,229,188,145,0.7728166580200195,-1,-1,-1
436,-1,694,162,157,142,0.7136496305465698,-1,-1,-1
437,-1,566,229,188,145,0.771024227142334,-1,-1,-1
437,-1,694,163,157,141,0.6821808815002441,-1,-1,-1
438,-1,566,229,187,145,0.7723681926727295,-1,-1,-1
438,-1,694,163,157,142,0.679551362991333,-1,-1,-1
439,-1,566,229,188,145,0.7716715931892395,-1,-1,-1
439,-1,694,163,157,142,0.6734717488288879,-1,-1,-1
440,-1,566,229,188,145,0.77304607629776,-1,-1,-1
440,-1,694,162,157,142,0.6840085387229919,-1,-1,-1
441,-1,567,229,187,145,0.7827678322792053,-1,-1,-1
441,-1,694,163,157,142,0.688238263130188,-1,-1,-1
442,-1,567,229,187,145,0.7857709527015686,-1,-1,-1
442,-1,695,162,156,143,0.6998862624168396,-1,-1,-1
443,-1,567,229,187,145,0.7706651091575623,-1,-1,-1
443,-1,694,162,156,142,0.6979576945304871,-1,-1,-1
444,-1,567,229,186,145,0.7818891406059265,-1,-1,-1
444,-1,694,162,157,142,0.6919787526130676,-1,-1,-1
445,-1,568,229,187,144,0.7718302607536316,-1,-1,-1
445,-1,694,163,157,141,0.6822727918624878,-1,-1,-1
446,-1,568,229,187,144,0.7778280377388,-1,-1,-1
446,-1,694,163,157,142,0.6923294067382812,-1,-1,-1
447,-1,567,229,187,144,0.7734162211418152,-1,-1,-1
447,-1,694,163,157,142,0.7014114856719971,-1,-1,-1
448,-1,567,229,187,144,0.7788876295089722,-1,-1,-1
448,-1,694,163,158,142,0.7164108753204346,-1,-1,-1
449,-1,568,229,187,144,0.7786499261856079,-1,-1,-1
449,-1,694,162,157,142,0.7103946208953857,-1,-1,-1
450,-1,568,229,187,144,0.765808641910553,-1,-1,-1
450,-1,694,162,157,143,0.7024577856063843,-1,-1,-1
451,-1,568,229,187,143,0.7741369009017944,-1,-1,-1
451,-1,694,161,157,143,0.7209405303001404,-1,-1,-1
452,-1,568,229,187,143,0.7718457579612732,-1,-1,-1
452,-1,694,162,157,142,0.7226448059082031,-1,-1,-1
453,-1,568,229,187,143,0.7827296853065491,-1,-1,-1
453,-1,694,161,158,143,0.731451153755188,-1,-1,-1
454,-1,568,229,187,143,0.7789546847343445,-1,-1,-1
454,-1,694,161,158,144,0.7314596176147461,-1,-1,-1
455,-1,567,229,188,144,0.7802903056144714,-1,-1,-1
455,-1,694,161,158,143,0.7256360650062561,-1,-1,-1
456,-1,567,229,188,143,0.774800181388855,-1,-1,-1
456,-1,694,161,158,143,0.7310526371002197,-1,-1,-1
457,-1,567,229,188,144,0.7635215520858765,-1,-1,-1
457,-1,694,161,157,144,0.7450910806655884,-1,-1,-1
458,-1,567,229,188,144,0.759275496006012,-1,-1,-1
458,-1,694,161,158,144,0.7509439587593079,-1,-1,-1
459,-1,567,229,188,144,0.7508048415184021,-1,-1,-1
459,-1,694,161,158,144,0.7469577789306641,-1,-1,-1
460,-1,567,229,188,144,0.7489444613456726,-1,-1,-1
460,-1,694,161,158,144,0.7443395256996155,-1,-1,-1
461,-1,568,229,186,143,0.7674327492713928,-1,-1,-1
461,-1,691,164,162,140,0.7347398996353149,-1,-1,-1
462,-1,568,229,187,144,0.7612907290458679,-1,-1,-1
462,-1,691,164,162,140,0.7315674424171448,-1,-1,-1
463,-1,568,229,186,144,0.7742248177528381,-1,-1,-1
463,-1,692,164,162,140,0.7388523817062378,-1,-1,-1
464,-1,568,229,186,144,0.7762138843536377,-1,-1,-1
464,-1,692,165,161,140,0.7436421513557434,-1,-1,-1
465,-1,568,228,186,144,0.773856520652771,-1,-1,-1
465,-1,693,162,157,143,0.6692821383476257,-1,-1,-1
466,-1,568,228,187,144,0.7687622308731079,-1,-1,-1
466,-1,692,165,161,140,0.7426765561103821,-1,-1,-1
467,-1,568,228,187,145,0.7723706364631653,-1,-1,-1
467,-1,692,165,161,140,0.7451077103614807,-1,-1,-1
468,-1,568,228,187,144,0.7787519693374634,-1,-1,-1
468,-1,693,164,158,136,0.6708606481552124,-1,-1,-1
469,-1,567,229,186,144,0.764998733997345,-1,-1,-1
469,-1,693,162,157,143,0.6867344975471497,-1,-1,-1
470,-1,567,229,186,144,0.7659412622451782,-1,-1,-1
470,-1,693,162,157,143,0.6884824633598328,-1,-1,-1
471,-1,568,229,185,145,0.7910765409469604,-1,-1,-1
471,-1,693,161,157,143,0.6966652870178223,-1,-1,-1
472,-1,568,229,185,145,0.7956358194351196,-1,-1,-1
472,-1,693,161,158,143,0.7111247181892395,-1,-1,-1
473,-1,568,229,185,145,0.7889606356620789,-1,-1,-1
473,-1,694,161,157,143,0.705904483795166,-1,-1,-1
474,-1,1445,796,988,531,0.9058470129966736,-1,-1,-1
474,-1,567,229,186,145,0.7720469832420349,-1,-1,-1
474,-1,694,161,157,143,0.710435152053833,-1,-1,-1
475,-1,1251,801,1098,524,0.9073531627655029,-1,-1,-1
475,-1,692,164,162,140,0.7912454009056091,-1,-1,-1
475,-1,568,229,185,145,0.7732939720153809,-1,-1,-1
476,-1,836,798,1240,538,0.8670379519462585,-1,-1,-1
476,-1,567,229,186,145,0.7833651900291443,-1,-1,-1
476,-1,694,161,157,143,0.700352668762207,-1,-1,-1
477,-1,582,830,1161,524,0.8913280963897705,-1,-1,-1
477,-1,567,229,185,145,0.7840713858604431,-1,-1,-1
477,-1,694,161,157,143,0.6902123093605042,-1,-1,-1
478,-1,165,834,1262,537,0.7929829359054565,-1,-1,-1
478,-1,567,229,185,146,0.7820698618888855,-1,-1,-1
478,-1,693,161,158,143,0.6961301565170288,-1,-1,-1
479,-1,567,228,187,146,0.7042377591133118,-1,-1,-1
479,-1,693,161,157,142,0.6722977757453918,-1,-1,-1
479,-1,0,841,1207,536,0.6655210256576538,-1,-1,-1
480,-1,692,163,161,139,0.777649998664856,-1,-1,-1
480,-1,83,856,1072,517,0.7421302795410156,-1,-1,-1
480,-1,567,228,188,145,0.7188430428504944,-1,-1,-1
481,-1,565,229,188,148,0.8021746873855591,-1,-1,-1
481,-1,44,839,840,519,0.6627615094184875,-1,-1,-1
481,-1,693,161,159,143,0.61555016040802,-1,-1,-1
482,-1,565,229,188,147,0.8038278222084045,-1,-1,-1
482,-1,693,161,159,143,0.6210320591926575,-1,-1,-1
483,-1,566,229,188,147,0.8166199326515198,-1,-1,-1
483,-1,693,161,158,143,0.614536702632904,-1,-1,-1
484,-1,566,229,188,147,0.802304744720459,-1,-1,-1
484,-1,693,161,159,142,0.6026960611343384,-1,-1,-1
485,-1,567,229,188,147,0.8018346428871155,-1,-1,-1
486,-1,566,229,188,147,0.7984378337860107,-1,-1,-1
486,-1,693,161,158,142,0.6040682792663574,-1,-1,-1
487,-1,566,229,188,147,0.7959509491920471,-1,-1,-1
488,-1,566,229,188,147,0.7987337112426758,-1,-1,-1
488,-1,693,161,158,143,0.6010470986366272,-1,-1,-1
489,-1,566,228,188,147,0.7971323728561401,-1,-1,-1
490,-1,567,229,187,147,0.7997040152549744,-1,-1,-1
491,-1,561,228,189,149,0.7809036374092102,-1,-1,-1
491,-1,692,161,158,143,0.6507593989372253,-1,-1,-1
492,-1,563,229,190,143,0.7586153745651245,-1,-1,-1
492,-1,692,161,158,143,0.6436343193054199,-1,-1,-1
493,-1,558,226,188,152,0.7621984481811523,-1,-1,-1
493,-1,692,160,158,144,0.6025072932243347,-1,-1,-1
494,-1,559,226,188,152,0.7615060806274414,-1,-1,-1
495,-1,563,228,191,149,0.7876778841018677,-1,-1,-1
495,-1,692,161,158,143,0.6165668964385986,-1,-1,-1
496,-1,1641,805,877,500,0.8951054811477661,-1,-1,-1
496,-1,563,228,191,149,0.7932306528091431,-1,-1,-1
496,-1,692,161,158,142,0.6010046005249023,-1,-1,-1
497,-1,1369,810,1018,519,0.9748408794403076,-1,-1,-1
497,-1,563,228,191,149,0.7883979082107544,-1,-1,-1
498,-1,1072,826,1086,512,0.9683248400688171,-1,-1,-1
498,-1,563,228,191,149,0.7854010462760925,-1,-1,-1
499,-1,776,833,1062,512,0.9685332775115967,-1,-1,-1
499,-1,558,226,189,152,0.7746814489364624,-1,-1,-1
499,-1,693,161,157,143,0.6248683333396912,-1,-1,-1
500,-1,471,845,1042,518,0.9306662678718567,-1,-1,-1
500,-1,560,229,191,147,0.7773149013519287,-1,-1,-1
500,-1,693,161,157,142,0.6284559965133667,-1,-1,-1
501,-1,82,847,1106,528,0.941481351852417,-1,-1,-1
501,-1,567,229,187,146,0.8373673558235168,-1,-1,-1
501,-1,691,160,159,143,0.6102278232574463,-1,-1,-1
502,-1,565,229,188,146,0.8552049398422241,-1,-1,-1
502,-1,691,161,159,144,0.6607653498649597,-1,-1,-1
503,-1,566,229,186,147,0.8521799445152283,-1,-1,-1
504,-1,562,227,187,150,0.83049076795578,-1,-1,-1
504,-1,692,163,159,141,0.6723839044570923,-1,-1,-1
505,-1,562,227,188,150,0.8126286864280701,-1,-1,-1
505,-1,693,162,158,141,0.6612725257873535,-1,-1,-1
506,-1,565,229,187,147,0.8518362045288086,-1,-1,-1
507,-1,566,227,188,147,0.8144475817680359,-1,-1,-1
508,-1,567,229,187,147,0.8429343700408936,-1,-1,-1
509,-1,566,229,187,145,0.8377875685691833,-1,-1,-1
509,-1,693,162,157,142,0.6217770576477051,-1,-1,-1
510,-1,566,228,188,145,0.8128345012664795,-1,-1,-1
510,-1,692,161,156,143,0.654532253742218,-1,-1,-1
511,-1,566,227,188,145,0.7495240569114685,-1,-1,-1
511,-1,692,161,157,143,0.6695808172225952,-1,-1,-1
512,-1,566,229,187,144,0.7735804319381714,-1,-1,-1
512,-1,692,161,157,143,0.6718735694885254,-1,-1,-1
513,-1,566,229,187,143,0.7752863168716431,-1,-1,-1
513,-1,692,161,157,143,0.673062801361084,-1,-1,-1
514,-1,567,230,187,143,0.783551037311554,-1,-1,-1
514,-1,693,160,158,142,0.6062967777252197,-1,-1,-1
515,-1,566,229,187,144,0.7708669304847717,-1,-1,-1
515,-1,692,162,157,143,0.6304997205734253,-1,-1,-1
516,-1,566,229,187,144,0.7732455134391785,-1,-1,-1
516,-1,692,161,157,144,0.6482051014900208,-1,-1,-1
517,-1,566,229,187,145,0.7604572176933289,-1,-1,-1
517,-1,691,165,160,140,0.7302522659301758,-1,-1,-1
518,-1,566,229,187,145,0.7709211111068726,-1,-1,-1
518,-1,692,161,156,144,0.6591199636459351,-1,-1,-1
519,-1,566,229,187,145,0.7828425168991089,-1,-1,-1
519,-1,691,165,161,141,0.7678149342536926,-1,-1,-1
520,-1,565,228,187,145,0.791093647480011,-1,-1,-1
520,-1,691,161,160,144,0.6825646758079529,-1,-1,-1
521,-1,565,228,189,146,0.8386751413345337,-1,-1,-1
521,-1,693,160,157,144,0.6403566002845764,-1,-1,-1
522,-1,565,228,189,145,0.8352921605110168,-1,-1,-1
522,-1,693,160,156,144,0.6460463404655457,-1,-1,-1
523,-1,565,228,189,146,0.8234151005744934,-1,-1,-1
523,-1,693,160,156,144,0.6284077167510986,-1,-1,-1
524,-1,565,228,189,146,0.8217206001281738,-1,-1,-1
524,-1,693,161,156,144,0.6382368206977844,-1,-1,-1
525,-1,565,228,190,146,0.8342783451080322,-1,-1,-1
525,-1,693,161,155,143,0.6342359185218811,-1,-1,-1
526,-1,566,228,189,146,0.8276854157447815,-1,-1,-1
526,-1,692,161,156,144,0.6293809413909912,-1,-1,-1
527,-1,566,228,189,146,0.8288324475288391,-1,-1,-1
527,-1,692,160,156,144,0.638245701789856,-1,-1,-1
528,-1,566,228,189,145,0.8335394263267517,-1,-1,-1
528,-1,692,160,156,143,0.6402924060821533,-1,-1,-1
529,-1,565,227,189,146,0.8411125540733337,-1,-1,-1
529,-1,693,160,156,143,0.6360258460044861,-1,-1,-1
530,-1,564,227,188,147,0.8442020416259766,-1,-1,-1
530,-1,693,160,156,144,0.6368769407272339,-1,-1,-1
531,-1,565,227,188,147,0.8034392595291138,-1,-1,-1
532,-1,565,227,188,147,0.7972961664199829,-1,-1,-1
533,-1,566,228,188,147,0.7891337275505066,-1,-1,-1
534,-1,566,228,188,147,0.782983124256134,-1,-1,-1
535,-1,565,227,188,147,0.7904785871505737,-1,-1,-1
536,-1,565,227,188,147,0.7946277856826782,-1,-1,-1
537,-1,565,227,188,147,0.7935069799423218,-1,-1,-1
537,-1,693,161,158,142,0.6753687262535095,-1,-1,-1
538,-1,565,227,188,147,0.79643714427948,-1,-1,-1
539,-1,565,227,188,148,0.7948880791664124,-1,-1,-1
540,-1,565,227,188,148,0.7928845882415771,-1,-1,-1
541,-1,566,228,187,147,0.8053811192512512,-1,-1,-1
541,-1,692,160,157,144,0.6118225455284119,-1,-1,-1
542,-1,566,228,187,147,0.8084094524383545,-1,-1,-1
543,-1,566,228,187,147,0.8075454831123352,-1,-1,-1
544,-1,566,228,186,147,0.813303530216217,-1,-1,-1
545,-1,566,228,187,147,0.8150357007980347,-1,-1,-1
546,-1,566,228,187,147,0.8133518099784851,-1,-1,-1
547,-1,567,228,186,147,0.81113600730896,-1,-1,-1
548,-1,567,228,186,147,0.8032128214836121,-1,-1,-1
548,-1,692,160,157,145,0.607366144657135,-1,-1,-1
549,-1,567,228,186,147,0.8034019470214844,-1,-1,-1
549,-1,692,160,157,145,0.6058186292648315,-1,-1,-1
550,-1,566,228,187,147,0.8099861741065979,-1,-1,-1
