1,-1,1169,252,252,176,0.9754367470741272,-1,-1,-1
2,-1,1151,250,241,172,0.959087610244751,-1,-1,-1
3,-1,1126,244,231,171,0.9661151766777039,-1,-1,-1
4,-1,1117,239,220,172,0.9658507704734802,-1,-1,-1
5,-1,1083,237,239,170,0.9370324611663818,-1,-1,-1
6,-1,1083,230,212,170,0.615476131439209,-1,-1,-1
9,-1,1012,220,221,153,0.7022690176963806,-1,-1,-1
10,-1,1008,216,205,157,0.9336293935775757,-1,-1,-1
11,-1,986,215,214,153,0.9575110673904419,-1,-1,-1
12,-1,968,213,211,151,0.9186587929725647,-1,-1,-1
13,-1,960,209,207,148,0.9082250595092773,-1,-1,-1
14,-1,943,206,202,156,0.9272580742835999,-1,-1,-1
15,-1,928,201,196,151,0.9417276978492737,-1,-1,-1
16,-1,909,202,207,138,0.9411500692367554,-1,-1,-1
16,-1,1545,320,346,247,0.9299094676971436,-1,-1,-1
17,-1,902,200,199,140,0.9696341753005981,-1,-1,-1
17,-1,1503,312,389,262,0.8689596652984619,-1,-1,-1
18,-1,884,198,193,138,0.9707295298576355,-1,-1,-1
18,-1,1472,300,415,270,0.8967192769050598,-1,-1,-1
19,-1,871,195,189,136,0.9535936713218689,-1,-1,-1
19,-1,1457,296,425,266,0.9498370885848999,-1,-1,-1
20,-1,1427,286,415,264,0.9685609936714172,-1,-1,-1
20,-1,864,193,183,137,0.9438225626945496,-1,-1,-1
21,-1,1420,272,386,273,0.9721516370773315,-1,-1,-1
21,-1,854,186,177,141,0.9405243396759033,-1,-1,-1
22,-1,1403,270,389,269,0.9814063310623169,-1,-1,-1
22,-1,830,183,184,137,0.9681428074836731,-1,-1,-1
23,-1,1371,274,385,250,0.9761004447937012,-1,-1,-1
23,-1,819,180,184,137,0.8735231757164001,-1,-1,-1
23,-1,1403,135,145,145,0.7791123390197754,-1,-1,-1
24,-1,1352,269,367,253,0.9840876460075378,-1,-1,-1
24,-1,806,177,180,136,0.9698836207389832,-1,-1,-1
24,-1,1402,135,145,144,0.8272305727005005,-1,-1,-1
25,-1,1328,264,370,248,0.9893845915794373,-1,-1,-1
25,-1,792,174,182,137,0.9660896062850952,-1,-1,-1
25,-1,1403,134,144,146,0.8152082562446594,-1,-1,-1
26,-1,1307,262,362,248,0.9863588213920593,-1,-1,-1
26,-1,784,175,173,130,0.9550378918647766,-1,-1,-1
26,-1,1402,133,144,147,0.7749453186988831,-1,-1,-1
27,-1,1287,259,353,241,0.9875444173812866,-1,-1,-1
27,-1,773,171,169,131,0.9612643718719482,-1,-1,-1
27,-1,1402,133,143,145,0.741319477558136,-1,-1,-1
28,-1,1272,252,345,244,0.9858987331390381,-1,-1,-1
28,-1,761,167,171,131,0.9707247018814087,-1,-1,-1
28,-1,1403,133,142,145,0.7361704111099243,-1,-1,-1
29,-1,1253,253,335,231,0.9870848059654236,-1,-1,-1
29,-1,748,166,172,128,0.9868137836456299,-1,-1,-1
30,-1,741,165,163,126,0.9876565933227539,-1,-1,-1
30,-1,1228,241,336,237,0.9854995012283325,-1,-1,-1
31,-1,1216,237,327,234,0.9847167730331421,-1,-1,-1
31,-1,731,164,160,123,0.9798232913017273,-1,-1,-1
32,-1,722,161,160,122,0.994122326374054,-1,-1,-1
32,-1,1203,235,320,229,0.9872397780418396,-1,-1,-1
33,-1,714,161,154,121,0.9927117824554443,-1,-1,-1
33,-1,1186,230,316,228,0.9810866713523865,-1,-1,-1
34,-1,703,159,156,118,0.9926744103431702,-1,-1,-1
34,-1,1156,234,319,215,0.9649549126625061,-1,-1,-1
35,-1,698,156,155,121,0.9911541938781738,-1,-1,-1
35,-1,1141,225,310,222,0.9443196654319763,-1,-1,-1
36,-1,688,156,152,116,0.9938659071922302,-1,-1,-1
36,-1,1121,222,309,220,0.9436872005462646,-1,-1,-1
37,-1,681,154,151,116,0.9920039772987366,-1,-1,-1
37,-1,1119,220,284,210,0.9359424710273743,-1,-1,-1
38,-1,670,152,152,116,0.9942641854286194,-1,-1,-1
38,-1,1108,219,270,208,0.9408858418464661,-1,-1,-1
39,-1,661,150,150,115,0.9938769936561584,-1,-1,-1
39,-1,1098,214,262,206,0.8951026201248169,-1,-1,-1
40,-1,654,148,145,115,0.9927731156349182,-1,-1,-1
40,-1,1069,204,283,214,0.8342221975326538,-1,-1,-1
41,-1,642,146,149,116,0.9865922331809998,-1,-1,-1
41,-1,1054,200,275,216,0.8729486465454102,-1,-1,-1
42,-1,636,143,145,116,0.9887492656707764,-1,-1,-1
43,-1,630,141,142,114,0.9915565252304077,-1,-1,-1
43,-1,1016,205,271,189,0.7022385001182556,-1,-1,-1
44,-1,624,139,137,116,0.9860213398933411,-1,-1,-1
44,-1,1004,204,264,182,0.772515594959259,-1,-1,-1
45,-1,614,136,144,117,0.9921141862869263,-1,-1,-1
45,-1,998,200,260,180,0.6680983304977417,-1,-1,-1
46,-1,607,133,144,117,0.9905192852020264,-1,-1,-1
46,-1,982,196,252,182,0.6993353366851807,-1,-1,-1
47,-1,598,131,151,117,0.9912799000740051,-1,-1,-1
47,-1,973,198,249,177,0.6782503128051758,-1,-1,-1
48,-1,592,131,145,112,0.985775351524353,-1,-1,-1
48,-1,961,193,254,181,0.6635415554046631,-1,-1,-1
49,-1,588,132,141,111,0.9831937551498413,-1,-1,-1
49,-1,949,192,250,183,0.6481133103370667,-1,-1,-1
50,-1,585,131,139,109,0.9753134846687317,-1,-1,-1
50,-1,939,191,243,176,0.8814916014671326,-1,-1,-1
51,-1,577,131,137,108,0.9797257781028748,-1,-1,-1
51,-1,929,176,252,191,0.8325666785240173,-1,-1,-1
52,-1,568,128,140,108,0.9803915023803711,-1,-1,-1
52,-1,916,179,243,182,0.7376731038093567,-1,-1,-1
53,-1,561,125,139,109,0.9633470177650452,-1,-1,-1
53,-1,906,179,236,172,0.7276453375816345,-1,-1,-1
54,-1,555,123,138,107,0.9652477502822876,-1,-1,-1
54,-1,902,171,229,186,0.8409234881401062,-1,-1,-1
55,-1,551,120,135,107,0.9477673172950745,-1,-1,-1
55,-1,891,171,222,181,0.807361900806427,-1,-1,-1
56,-1,546,119,133,107,0.9678277969360352,-1,-1,-1
56,-1,1551,365,343,215,0.8345394134521484,-1,-1,-1
56,-1,869,175,241,170,0.7009784579277039,-1,-1,-1
57,-1,539,116,136,109,0.969356119632721,-1,-1,-1
57,-1,1506,351,346,215,0.8508735299110413,-1,-1,-1
57,-1,861,173,231,166,0.8235721588134766,-1,-1,-1
58,-1,529,115,138,109,0.9806033968925476,-1,-1,-1
58,-1,1458,342,366,215,0.8625962734222412,-1,-1,-1
58,-1,858,173,221,165,0.6959095597267151,-1,-1,-1
59,-1,528,117,133,107,0.9751324653625488,-1,-1,-1
59,-1,1418,333,359,209,0.8969314694404602,-1,-1,-1
59,-1,842,174,228,164,0.8462590575218201,-1,-1,-1
60,-1,524,115,132,106,0.976646363735199,-1,-1,-1
60,-1,1400,323,339,213,0.8827333450317383,-1,-1,-1
60,-1,832,167,220,166,0.8047155141830444,-1,-1,-1
61,-1,519,113,130,106,0.9872854351997375,-1,-1,-1
61,-1,1360,317,331,206,0.9408637881278992,-1,-1,-1
61,-1,821,163,216,166,0.8423589468002319,-1,-1,-1
62,-1,513,111,128,106,0.9849822521209717,-1,-1,-1
62,-1,1330,308,315,201,0.9260220527648926,-1,-1,-1
62,-1,810,166,225,159,0.7973787784576416,-1,-1,-1
63,-1,506,110,130,107,0.9748454093933105,-1,-1,-1
63,-1,1306,298,306,198,0.9442146420478821,-1,-1,-1
63,-1,801,162,225,161,0.8422868847846985,-1,-1,-1
64,-1,505,110,126,105,0.9749734401702881,-1,-1,-1
64,-1,1274,292,307,196,0.9301756024360657,-1,-1,-1
64,-1,793,154,221,164,0.6975920796394348,-1,-1,-1
65,-1,498,108,127,104,0.9764463901519775,-1,-1,-1
65,-1,1254,285,303,193,0.9294439554214478,-1,-1,-1
65,-1,783,154,219,162,0.8479906320571899,-1,-1,-1
66,-1,490,106,129,105,0.9573871493339539,-1,-1,-1
66,-1,1226,278,287,191,0.9070042371749878,-1,-1,-1
66,-1,774,152,214,162,0.8845542073249817,-1,-1,-1
67,-1,489,108,123,100,0.9818779230117798,-1,-1,-1
67,-1,765,152,211,159,0.8888814449310303,-1,-1,-1
67,-1,1203,271,276,186,0.8769960999488831,-1,-1,-1
68,-1,483,107,126,99,0.9679858684539795,-1,-1,-1
68,-1,760,154,208,156,0.9555649161338806,-1,-1,-1
68,-1,1180,268,273,180,0.8752728700637817,-1,-1,-1
69,-1,476,105,125,100,0.9802606701850891,-1,-1,-1
69,-1,757,152,200,156,0.9513241648674011,-1,-1,-1
69,-1,1155,259,271,186,0.8737549185752869,-1,-1,-1
70,-1,472,107,124,97,0.9817397594451904,-1,-1,-1
70,-1,750,152,194,150,0.9718441367149353,-1,-1,-1
71,-1,468,105,120,98,0.9856576323509216,-1,-1,-1
71,-1,741,148,196,154,0.9777697324752808,-1,-1,-1
71,-1,1114,255,252,175,0.6993118524551392,-1,-1,-1
72,-1,465,100,120,101,0.9842047095298767,-1,-1,-1
72,-1,737,148,188,152,0.9612542390823364,-1,-1,-1
73,-1,730,152,193,147,0.9876744151115417,-1,-1,-1
73,-1,458,97,125,102,0.9863185882568359,-1,-1,-1
74,-1,456,94,124,102,0.9731048941612244,-1,-1,-1
74,-1,720,151,199,145,0.9724770188331604,-1,-1,-1
75,-1,452,93,122,101,0.9756483435630798,-1,-1,-1
75,-1,717,146,186,149,0.9564427137374878,-1,-1,-1
76,-1,712,146,187,149,0.967078685760498,-1,-1,-1
76,-1,447,91,124,102,0.9608598351478577,-1,-1,-1
77,-1,445,91,120,102,0.974801242351532,-1,-1,-1
77,-1,707,145,184,147,0.9660760164260864,-1,-1,-1
78,-1,441,91,123,100,0.9562937617301941,-1,-1,-1
78,-1,697,142,184,148,0.9042313098907471,-1,-1,-1
79,-1,437,93,118,97,0.970240592956543,-1,-1,-1
79,-1,689,142,183,147,0.8654996752738953,-1,-1,-1
79,-1,1406,132,144,152,0.6137874126434326,-1,-1,-1
80,-1,436,94,115,97,0.9660434126853943,-1,-1,-1
80,-1,684,135,184,153,0.7384868264198303,-1,-1,-1
80,-1,1406,133,144,153,0.6249805092811584,-1,-1,-1
80,-1,947,219,237,150,0.6181562542915344,-1,-1,-1
81,-1,426,92,120,98,0.9677711129188538,-1,-1,-1
81,-1,678,134,188,153,0.9152749180793762,-1,-1,-1
82,-1,425,93,119,96,0.9380227327346802,-1,-1,-1
82,-1,674,134,186,151,0.9212394952774048,-1,-1,-1
83,-1,421,92,118,94,0.9389817118644714,-1,-1,-1
83,-1,665,133,183,149,0.8342605829238892,-1,-1,-1
84,-1,662,134,181,146,0.908257007598877,-1,-1,-1
84,-1,417,88,119,98,0.8719637989997864,-1,-1,-1
85,-1,658,133,180,144,0.8986912369728088,-1,-1,-1
85,-1,414,90,114,93,0.8532040119171143,-1,-1,-1
85,-1,879,205,221,138,0.7574741840362549,-1,-1,-1
86,-1,652,135,180,140,0.9534644484519958,-1,-1,-1
86,-1,412,87,114,95,0.7144153714179993,-1,-1,-1
87,-1,649,135,181,139,0.9701152443885803,-1,-1,-1
87,-1,406,90,114,90,0.6792106628417969,-1,-1,-1
88,-1,646,135,180,140,0.9608672857284546,-1,-1,-1
88,-1,398,87,115,92,0.7358419895172119,-1,-1,-1
89,-1,646,135,177,138,0.9601103663444519,-1,-1,-1
89,-1,396,86,114,92,0.707487940788269,-1,-1,-1
90,-1,643,135,173,137,0.9732089042663574,-1,-1,-1
90,-1,393,86,111,92,0.7698401212692261,-1,-1,-1
91,-1,645,135,169,136,0.9578170776367188,-1,-1,-1
91,-1,387,86,118,91,0.7459014654159546,-1,-1,-1
92,-1,649,134,161,134,0.9625248312950134,-1,-1,-1
92,-1,384,84,116,94,0.6693986654281616,-1,-1,-1
93,-1,652,138,157,133,0.9472230076789856,-1,-1,-1
94,-1,654,132,154,140,0.9486920237541199,-1,-1,-1
95,-1,655,133,149,133,0.9822502732276917,-1,-1,-1
96,-1,655,133,151,135,0.9875822067260742,-1,-1,-1
97,-1,658,132,149,133,0.9754354357719421,-1,-1,-1
97,-1,365,78,113,93,0.803473949432373,-1,-1,-1
98,-1,661,130,152,133,0.8656322360038757,-1,-1,-1
98,-1,366,77,113,92,0.7553645968437195,-1,-1,-1
99,-1,762,171,179,130,0.7792429327964783,-1,-1,-1
99,-1,366,77,111,91,0.7186427712440491,-1,-1,-1
99,-1,661,130,149,130,0.6504470109939575,-1,-1,-1
100,-1,759,173,178,128,0.8015511631965637,-1,-1,-1
101,-1,750,174,177,125,0.7612335681915283,-1,-1,-1
102,-1,740,172,177,124,0.9187235236167908,-1,-1,-1
103,-1,739,172,171,122,0.8908849358558655,-1,-1,-1
107,-1,1542,358,340,211,0.7738186120986938,-1,-1,-1
108,-1,1520,350,351,220,0.6541061997413635,-1,-1,-1
108,-1,1406,133,142,151,0.6126660108566284,-1,-1,-1
109,-1,1490,343,347,211,0.8171093463897705,-1,-1,-1
110,-1,1461,340,364,205,0.8945111036300659,-1,-1,-1
110,-1,691,165,176,115,0.6526418328285217,-1,-1,-1
110,-1,1406,125,143,150,0.6388643980026245,-1,-1,-1
111,-1,1428,337,339,198,0.9363008737564087,-1,-1,-1
111,-1,677,162,183,117,0.7292659282684326,-1,-1,-1
111,-1,1406,133,143,151,0.6041839718818665,-1,-1,-1
112,-1,1411,328,324,200,0.9613139033317566,-1,-1,-1
112,-1,671,161,180,120,0.7051798701286316,-1,-1,-1
112,-1,1406,133,143,151,0.6238975524902344,-1,-1,-1
113,-1,1380,324,311,194,0.960634708404541,-1,-1,-1
113,-1,676,165,169,116,0.7953051924705505,-1,-1,-1
114,-1,1357,320,308,190,0.9649238586425781,-1,-1,-1
114,-1,662,160,174,116,0.8201942443847656,-1,-1,-1
114,-1,1406,134,144,152,0.6267732977867126,-1,-1,-1
115,-1,653,159,178,115,0.968745231628418,-1,-1,-1
115,-1,1337,313,298,189,0.9387369751930237,-1,-1,-1
116,-1,647,157,177,116,0.9595420360565186,-1,-1,-1
116,-1,1310,302,303,190,0.9484788775444031,-1,-1,-1
116,-1,1402,133,147,147,0.6345632672309875,-1,-1,-1
117,-1,1286,297,298,186,0.9601216912269592,-1,-1,-1
117,-1,634,154,173,116,0.9258671402931213,-1,-1,-1
117,-1,1402,134,146,146,0.6675681471824646,-1,-1,-1
118,-1,1271,292,293,186,0.9609940052032471,-1,-1,-1
118,-1,631,154,176,116,0.9367048740386963,-1,-1,-1
118,-1,1402,133,146,146,0.7613200545310974,-1,-1,-1
119,-1,1246,284,284,190,0.9552664160728455,-1,-1,-1
119,-1,623,152,171,112,0.916047215461731,-1,-1,-1
119,-1,1406,126,143,150,0.6322572231292725,-1,-1,-1
120,-1,1231,278,276,184,0.937868058681488,-1,-1,-1
120,-1,614,152,171,114,0.908918023109436,-1,-1,-1
120,-1,1406,127,143,149,0.6699573397636414,-1,-1,-1
121,-1,608,151,162,112,0.9632307291030884,-1,-1,-1
121,-1,1211,277,273,179,0.9545057415962219,-1,-1,-1
122,-1,1192,274,269,179,0.9494852423667908,-1,-1,-1
122,-1,608,149,159,113,0.888153612613678,-1,-1,-1
123,-1,1170,272,269,174,0.9384766221046448,-1,-1,-1
123,-1,604,149,153,113,0.7958276271820068,-1,-1,-1
124,-1,1157,265,259,180,0.9416357278823853,-1,-1,-1
124,-1,596,149,154,112,0.9320690035820007,-1,-1,-1
125,-1,591,146,154,113,0.9623799324035645,-1,-1,-1
125,-1,1145,261,249,173,0.9400731921195984,-1,-1,-1
126,-1,586,145,150,114,0.9535297155380249,-1,-1,-1
126,-1,1131,257,238,175,0.9102590680122375,-1,-1,-1
127,-1,582,147,152,109,0.914901852607727,-1,-1,-1
127,-1,1109,253,243,173,0.757151186466217,-1,-1,-1
128,-1,580,143,148,109,0.8861520886421204,-1,-1,-1
129,-1,576,143,152,108,0.8152347803115845,-1,-1,-1
130,-1,571,139,152,111,0.8195977807044983,-1,-1,-1
130,-1,1406,132,143,152,0.6706582903862,-1,-1,-1
131,-1,570,139,145,110,0.9354783892631531,-1,-1,-1
131,-1,1406,132,144,153,0.7072340846061707,-1,-1,-1
132,-1,570,140,140,106,0.9005857110023499,-1,-1,-1
132,-1,1406,133,143,152,0.6542141437530518,-1,-1,-1
134,-1,563,135,145,103,0.6623634696006775,-1,-1,-1
135,-1,560,135,146,104,0.7758342027664185,-1,-1,-1
136,-1,971,225,222,150,0.6285889148712158,-1,-1,-1
136,-1,556,134,141,105,0.6029884219169617,-1,-1,-1
138,-1,547,131,145,105,0.6966739892959595,-1,-1,-1
138,-1,946,224,230,146,0.6131414175033569,-1,-1,-1
139,-1,939,220,221,147,0.6706422567367554,-1,-1,-1
140,-1,926,217,213,147,0.7012885212898254,-1,-1,-1
141,-1,1060,97,276,128,0.6949516534805298,-1,-1,-1
141,-1,536,125,138,103,0.6562419533729553,-1,-1,-1
141,-1,913,210,197,152,0.6144768595695496,-1,-1,-1
142,-1,532,122,134,104,0.866310715675354,-1,-1,-1
142,-1,1055,94,289,129,0.7235283255577087,-1,-1,-1
142,-1,897,208,200,151,0.661539614200592,-1,-1,-1
143,-1,888,208,195,147,0.7845618724822998,-1,-1,-1
143,-1,1042,96,302,127,0.7657589316368103,-1,-1,-1
144,-1,871,208,196,135,0.9123038053512573,-1,-1,-1
144,-1,1083,99,274,126,0.7599391341209412,-1,-1,-1
145,-1,868,202,187,146,0.9291375875473022,-1,-1,-1
145,-1,1116,92,273,136,0.8486612439155579,-1,-1,-1
146,-1,852,204,190,136,0.9369739890098572,-1,-1,-1
146,-1,1114,97,298,129,0.8620100021362305,-1,-1,-1
147,-1,844,202,189,132,0.8853389024734497,-1,-1,-1
147,-1,1130,92,304,134,0.8536808490753174,-1,-1,-1
148,-1,828,195,188,143,0.9150688052177429,-1,-1,-1
148,-1,1161,92,292,132,0.8567421436309814,-1,-1,-1
149,-1,1179,93,283,130,0.9045858383178711,-1,-1,-1
149,-1,818,191,187,145,0.8653741478919983,-1,-1,-1
150,-1,807,189,183,142,0.8827105164527893,-1,-1,-1
150,-1,1207,88,272,135,0.8682335615158081,-1,-1,-1
151,-1,797,183,189,137,0.7966960072517395,-1,-1,-1
151,-1,1229,87,275,135,0.7963332533836365,-1,-1,-1
152,-1,781,180,190,138,0.8765577077865601,-1,-1,-1
153,-1,773,176,185,139,0.9476184844970703,-1,-1,-1
153,-1,1247,88,270,128,0.8309947848320007,-1,-1,-1
154,-1,766,175,178,139,0.9655008316040039,-1,-1,-1
154,-1,1406,137,145,136,0.7908996939659119,-1,-1,-1
154,-1,1277,87,232,128,0.7574376463890076,-1,-1,-1
155,-1,756,173,177,137,0.9742293953895569,-1,-1,-1
155,-1,1405,135,147,140,0.6800650954246521,-1,-1,-1
156,-1,750,174,178,134,0.9686994552612305,-1,-1,-1
156,-1,468,105,129,96,0.7914676666259766,-1,-1,-1
156,-1,1405,133,147,146,0.6181859374046326,-1,-1,-1
157,-1,739,172,172,133,0.9800894260406494,-1,-1,-1
157,-1,257,63,116,103,0.8976278901100159,-1,-1,-1
157,-1,1405,136,147,142,0.7914327383041382,-1,-1,-1
157,-1,468,104,121,97,0.7118712067604065,-1,-1,-1
158,-1,734,172,170,130,0.9874889254570007,-1,-1,-1
158,-1,261,66,113,101,0.933491051197052,-1,-1,-1
158,-1,463,101,123,97,0.7979947924613953,-1,-1,-1
159,-1,724,172,172,126,0.9780992865562439,-1,-1,-1
159,-1,262,66,113,102,0.9312131404876709,-1,-1,-1
159,-1,463,97,121,101,0.6805492639541626,-1,-1,-1
160,-1,721,172,165,121,0.9795024394989014,-1,-1,-1
160,-1,266,68,112,100,0.9451543688774109,-1,-1,-1
161,-1,265,69,117,101,0.9764155745506287,-1,-1,-1
161,-1,714,169,166,121,0.9752986431121826,-1,-1,-1
162,-1,707,168,159,121,0.991417646408081,-1,-1,-1
162,-1,269,69,115,103,0.9762057065963745,-1,-1,-1
163,-1,701,166,162,119,0.9930707812309265,-1,-1,-1
163,-1,272,68,115,103,0.984512448310852,-1,-1,-1
164,-1,699,164,157,120,0.9903662204742432,-1,-1,-1
164,-1,274,68,118,104,0.9870067834854126,-1,-1,-1
165,-1,692,164,155,117,0.9875919222831726,-1,-1,-1
165,-1,276,71,120,104,0.9736806154251099,-1,-1,-1
166,-1,686,163,154,116,0.9878309369087219,-1,-1,-1
166,-1,277,72,123,104,0.9824658632278442,-1,-1,-1
167,-1,678,162,155,117,0.990614652633667,-1,-1,-1
167,-1,279,73,123,104,0.9729613661766052,-1,-1,-1
168,-1,676,162,153,116,0.9910184144973755,-1,-1,-1
168,-1,282,75,118,104,0.9773449897766113,-1,-1,-1
169,-1,669,160,155,115,0.9878876209259033,-1,-1,-1
169,-1,287,74,114,103,0.9838237762451172,-1,-1,-1
170,-1,662,158,154,114,0.9836974740028381,-1,-1,-1
170,-1,289,76,111,103,0.9755178689956665,-1,-1,-1
171,-1,659,156,151,113,0.9893946051597595,-1,-1,-1
171,-1,290,77,117,103,0.9657559394836426,-1,-1,-1
172,-1,653,155,151,112,0.9774370193481445,-1,-1,-1
172,-1,296,78,115,102,0.9665756821632385,-1,-1,-1
173,-1,649,152,150,113,0.9864843487739563,-1,-1,-1
173,-1,297,81,121,103,0.9657342433929443,-1,-1,-1
174,-1,642,147,150,117,0.982860803604126,-1,-1,-1
174,-1,300,82,122,105,0.9707190990447998,-1,-1,-1
175,-1,638,148,147,114,0.9949780106544495,-1,-1,-1
175,-1,305,84,120,104,0.9828693270683289,-1,-1,-1
176,-1,632,146,149,112,0.9913199543952942,-1,-1,-1
176,-1,308,86,122,106,0.989195704460144,-1,-1,-1
177,-1,627,145,147,112,0.9853616952896118,-1,-1,-1
177,-1,312,86,124,107,0.980324923992157,-1,-1,-1
178,-1,621,146,146,110,0.9859569072723389,-1,-1,-1
178,-1,316,88,123,107,0.979106068611145,-1,-1,-1
179,-1,617,143,146,112,0.9896501302719116,-1,-1,-1
179,-1,322,89,125,107,0.9756764769554138,-1,-1,-1
180,-1,609,144,147,111,0.9883928894996643,-1,-1,-1
180,-1,325,90,124,110,0.9792962074279785,-1,-1,-1
181,-1,605,143,146,110,0.9877446293830872,-1,-1,-1
181,-1,328,90,129,110,0.9841330051422119,-1,-1,-1
182,-1,602,141,146,112,0.9847550392150879,-1,-1,-1
182,-1,334,91,129,112,0.9832528829574585,-1,-1,-1
183,-1,338,91,133,112,0.9821845293045044,-1,-1,-1
183,-1,596,141,144,107,0.979451596736908,-1,-1,-1
184,-1,341,93,133,112,0.9910019040107727,-1,-1,-1
184,-1,592,136,146,111,0.981024980545044,-1,-1,-1
185,-1,348,94,130,113,0.9921603798866272,-1,-1,-1
185,-1,587,136,146,107,0.9825226068496704,-1,-1,-1
186,-1,350,94,131,118,0.9949744939804077,-1,-1,-1
186,-1,585,135,143,109,0.9815592169761658,-1,-1,-1
187,-1,355,96,132,118,0.9922308325767517,-1,-1,-1
187,-1,575,133,147,108,0.983795166015625,-1,-1,-1
187,-1,1401,132,146,146,0.6004363298416138,-1,-1,-1
188,-1,361,95,133,120,0.9868311882019043,-1,-1,-1
188,-1,575,133,140,109,0.9766298532485962,-1,-1,-1
189,-1,364,102,137,113,0.9903359413146973,-1,-1,-1
189,-1,564,132,144,107,0.9605316519737244,-1,-1,-1
190,-1,370,106,138,110,0.9870981574058533,-1,-1,-1
190,-1,565,134,140,105,0.9713314771652222,-1,-1,-1
191,-1,373,108,141,113,0.9872085452079773,-1,-1,-1
191,-1,564,132,138,106,0.9608516693115234,-1,-1,-1
192,-1,377,111,144,113,0.9903241395950317,-1,-1,-1
192,-1,555,130,141,105,0.9295595288276672,-1,-1,-1
193,-1,383,110,146,115,0.9914687871932983,-1,-1,-1
193,-1,552,130,139,100,0.9448954463005066,-1,-1,-1
194,-1,389,112,143,116,0.991682767868042,-1,-1,-1
194,-1,546,127,139,101,0.9455816745758057,-1,-1,-1
195,-1,395,114,145,116,0.9887896776199341,-1,-1,-1
195,-1,544,125,137,101,0.942539393901825,-1,-1,-1
196,-1,400,114,147,121,0.9878675937652588,-1,-1,-1
196,-1,538,124,137,101,0.9216103553771973,-1,-1,-1
197,-1,406,114,151,124,0.990394651889801,-1,-1,-1
197,-1,538,123,133,100,0.8926389813423157,-1,-1,-1
198,-1,411,115,152,123,0.9902817010879517,-1,-1,-1
198,-1,535,123,133,101,0.8273912668228149,-1,-1,-1
199,-1,419,116,152,126,0.9927733540534973,-1,-1,-1
199,-1,536,118,124,108,0.6578896641731262,-1,-1,-1
200,-1,423,118,154,128,0.9876126646995544,-1,-1,-1
201,-1,429,122,155,126,0.9910173416137695,-1,-1,-1
202,-1,438,123,152,128,0.9970115423202515,-1,-1,-1
203,-1,445,125,154,130,0.9929666519165039,-1,-1,-1
204,-1,451,126,160,133,0.9926949739456177,-1,-1,-1
205,-1,456,129,162,131,0.995072066783905,-1,-1,-1
206,-1,463,130,160,132,0.9912769794464111,-1,-1,-1
207,-1,468,131,164,135,0.9949034452438354,-1,-1,-1
208,-1,475,129,167,142,0.9950128197669983,-1,-1,-1
209,-1,482,131,172,144,0.9965027570724487,-1,-1,-1
210,-1,493,136,171,143,0.9937800765037537,-1,-1,-1
211,-1,503,138,170,146,0.9961159229278564,-1,-1,-1
212,-1,508,139,175,151,0.9922590851783752,-1,-1,-1
213,-1,515,143,180,151,0.9928988218307495,-1,-1,-1
214,-1,524,146,180,155,0.9911389946937561,-1,-1,-1
215,-1,531,148,185,155,0.990871012210846,-1,-1,-1
216,-1,541,152,191,154,0.9924392700195312,-1,-1,-1
216,-1,464,103,124,97,0.7158253192901611,-1,-1,-1
217,-1,550,153,192,156,0.9950566291809082,-1,-1,-1
217,-1,461,102,124,96,0.8869852423667908,-1,-1,-1
218,-1,562,157,195,155,0.993907630443573,-1,-1,-1
218,-1,462,102,121,95,0.9320983290672302,-1,-1,-1
219,-1,567,158,205,161,0.9901907444000244,-1,-1,-1
219,-1,458,101,122,98,0.9577867984771729,-1,-1,-1
220,-1,578,162,207,162,0.9898083806037903,-1,-1,-1
220,-1,456,100,121,96,0.940173327922821,-1,-1,-1
221,-1,590,166,209,166,0.9883158206939697,-1,-1,-1
221,-1,452,98,121,98,0.9380239248275757,-1,-1,-1
222,-1,598,168,216,168,0.9876607656478882,-1,-1,-1
222,-1,449,98,122,97,0.9291579723358154,-1,-1,-1
223,-1,613,172,213,170,0.9913129210472107,-1,-1,-1
223,-1,445,97,121,97,0.9501968026161194,-1,-1,-1
224,-1,621,175,221,173,0.9903808236122131,-1,-1,-1
224,-1,443,98,122,94,0.9258100986480713,-1,-1,-1
225,-1,633,177,224,178,0.9908537864685059,-1,-1,-1
225,-1,439,99,121,93,0.9249569177627563,-1,-1,-1
226,-1,643,180,229,178,0.9875274300575256,-1,-1,-1
226,-1,439,99,118,94,0.911650538444519,-1,-1,-1
227,-1,652,180,234,186,0.9844750761985779,-1,-1,-1
227,-1,433,96,118,97,0.9296839237213135,-1,-1,-1
227,-1,699,106,146,113,0.6131061315536499,-1,-1,-1
228,-1,666,185,238,188,0.9823598861694336,-1,-1,-1
228,-1,430,99,119,92,0.8781850337982178,-1,-1,-1
228,-1,702,110,144,109,0.6298492550849915,-1,-1,-1
229,-1,677,189,245,191,0.9725006818771362,-1,-1,-1
229,-1,424,98,121,90,0.9259821176528931,-1,-1,-1
230,-1,692,191,250,192,0.9805902242660522,-1,-1,-1
230,-1,422,95,121,92,0.8981326222419739,-1,-1,-1
231,-1,704,197,253,194,0.9732438921928406,-1,-1,-1
231,-1,421,95,118,91,0.8102824687957764,-1,-1,-1
232,-1,720,204,259,197,0.9846667051315308,-1,-1,-1
232,-1,418,97,117,89,0.7612996101379395,-1,-1,-1
233,-1,731,207,264,202,0.9803647994995117,-1,-1,-1
233,-1,414,98,116,85,0.8404513597488403,-1,-1,-1
234,-1,746,214,268,203,0.9746406078338623,-1,-1,-1
234,-1,1546,315,355,240,0.826848566532135,-1,-1,-1
234,-1,413,97,111,85,0.8116414546966553,-1,-1,-1
235,-1,761,217,278,208,0.9812520742416382,-1,-1,-1
235,-1,1529,304,358,260,0.8481276035308838,-1,-1,-1
235,-1,411,97,113,87,0.657919704914093,-1,-1,-1
236,-1,773,220,290,214,0.9749428033828735,-1,-1,-1
236,-1,1492,297,383,261,0.8985975980758667,-1,-1,-1
237,-1,799,225,279,216,0.9712843298912048,-1,-1,-1
237,-1,1452,288,439,259,0.9403788447380066,-1,-1,-1
237,-1,402,92,112,85,0.6361472010612488,-1,-1,-1
238,-1,808,230,295,221,0.9843187928199768,-1,-1,-1
238,-1,1428,283,412,257,0.9726247191429138,-1,-1,-1
238,-1,400,91,113,86,0.6187087297439575,-1,-1,-1
239,-1,824,233,306,226,0.9843548536300659,-1,-1,-1
239,-1,1411,278,376,248,0.9718348383903503,-1,-1,-1
240,-1,838,238,313,230,0.9872356057167053,-1,-1,-1
240,-1,1394,273,396,248,0.975864589214325,-1,-1,-1
241,-1,851,244,318,229,0.9834045767784119,-1,-1,-1
241,-1,1354,271,381,241,0.9817296862602234,-1,-1,-1
242,-1,873,246,325,235,0.9865759015083313,-1,-1,-1
242,-1,1337,265,371,236,0.982915997505188,-1,-1,-1
243,-1,1312,261,364,239,0.9838497638702393,-1,-1,-1
243,-1,890,250,324,241,0.9588220119476318,-1,-1,-1
243,-1,1404,134,147,146,0.6307021975517273,-1,-1,-1
244,-1,1291,254,367,239,0.9819597005844116,-1,-1,-1
244,-1,907,256,333,247,0.96860271692276,-1,-1,-1
245,-1,1267,248,355,235,0.9851962327957153,-1,-1,-1
245,-1,925,259,343,244,0.9611350297927856,-1,-1,-1
245,-1,1404,134,146,143,0.6023256182670593,-1,-1,-1
246,-1,1245,237,335,236,0.9770738482475281,-1,-1,-1
246,-1,946,266,350,249,0.9769319891929626,-1,-1,-1
247,-1,974,271,354,264,0.9836530685424805,-1,-1,-1
247,-1,1236,239,326,229,0.921231746673584,-1,-1,-1
248,-1,995,278,387,270,0.979741096496582,-1,-1,-1
249,-1,1019,281,374,281,0.9868857860565186,-1,-1,-1
250,-1,1037,293,387,277,0.9853523373603821,-1,-1,-1
251,-1,1058,296,387,281,0.9849868416786194,-1,-1,-1
252,-1,1087,305,395,285,0.9892017841339111,-1,-1,-1
253,-1,1109,315,408,291,0.9839627146720886,-1,-1,-1
254,-1,1127,321,432,300,0.9896031022071838,-1,-1,-1
255,-1,1157,323,435,309,0.9906683564186096,-1,-1,-1
256,-1,1188,334,437,312,0.9888051748275757,-1,-1,-1
257,-1,1211,341,453,319,0.9865816831588745,-1,-1,-1
257,-1,1022,203,269,189,0.8789301514625549,-1,-1,-1
258,-1,1235,343,464,333,0.9894075989723206,-1,-1,-1
258,-1,1011,200,268,187,0.8939021825790405,-1,-1,-1
259,-1,1272,359,462,333,0.9880313873291016,-1,-1,-1
259,-1,993,198,268,187,0.8007701635360718,-1,-1,-1
260,-1,1284,364,478,335,0.9928921461105347,-1,-1,-1
260,-1,987,182,247,195,0.8824790120124817,-1,-1,-1
261,-1,1309,374,485,344,0.9850594997406006,-1,-1,-1
261,-1,974,179,251,196,0.6569609045982361,-1,-1,-1
262,-1,1336,380,478,350,0.953604519367218,-1,-1,-1
262,-1,958,185,249,185,0.6991013884544373,-1,-1,-1
263,-1,1354,382,456,356,0.9153216481208801,-1,-1,-1
263,-1,947,171,239,197,0.8499006628990173,-1,-1,-1
264,-1,1370,389,478,365,0.885916531085968,-1,-1,-1
264,-1,921,182,257,181,0.8204097747802734,-1,-1,-1
265,-1,1394,394,505,377,0.779115617275238,-1,-1,-1
265,-1,913,180,242,177,0.6689366698265076,-1,-1,-1
266,-1,904,182,234,172,0.8303499817848206,-1,-1,-1
266,-1,1418,402,480,378,0.6669391393661499,-1,-1,-1
267,-1,898,172,224,177,0.8414102792739868,-1,-1,-1
268,-1,886,168,225,177,0.7128311395645142,-1,-1,-1
269,-1,879,169,222,172,0.9200169444084167,-1,-1,-1
269,-1,1401,135,149,147,0.6015390157699585,-1,-1,-1
270,-1,867,169,210,168,0.8946579098701477,-1,-1,-1
271,-1,847,172,224,161,0.9183722734451294,-1,-1,-1
272,-1,833,169,222,160,0.9381879568099976,-1,-1,-1
273,-1,819,168,224,155,0.9441949129104614,-1,-1,-1
274,-1,810,168,215,150,0.9520390033721924,-1,-1,-1
275,-1,800,163,217,155,0.9282770156860352,-1,-1,-1
276,-1,793,163,209,151,0.9695744514465332,-1,-1,-1
277,-1,780,157,209,153,0.9716819524765015,-1,-1,-1
278,-1,775,154,197,154,0.9757481217384338,-1,-1,-1
279,-1,764,151,201,159,0.9692221283912659,-1,-1,-1
280,-1,750,154,207,149,0.9805822968482971,-1,-1,-1
281,-1,748,152,199,150,0.9833442568778992,-1,-1,-1
282,-1,743,150,190,149,0.9860316514968872,-1,-1,-1
283,-1,732,152,193,142,0.9886121153831482,-1,-1,-1
284,-1,723,151,197,143,0.9857670068740845,-1,-1,-1
285,-1,714,149,189,142,0.9837197065353394,-1,-1,-1
286,-1,699,146,194,142,0.9767069816589355,-1,-1,-1
287,-1,688,142,194,149,0.972332239151001,-1,-1,-1
288,-1,675,137,199,152,0.9716185927391052,-1,-1,-1
289,-1,665,130,202,158,0.9658750891685486,-1,-1,-1
290,-1,656,136,195,143,0.9906682372093201,-1,-1,-1
291,-1,639,137,205,142,0.9896316528320312,-1,-1,-1
292,-1,633,139,200,141,0.9874561429023743,-1,-1,-1
293,-1,620,138,199,139,0.9888462424278259,-1,-1,-1
294,-1,607,139,207,138,0.9810148477554321,-1,-1,-1
295,-1,589,135,214,141,0.9812768697738647,-1,-1,-1
296,-1,577,134,216,141,0.9821552634239197,-1,-1,-1
297,-1,561,130,216,144,0.9731950163841248,-1,-1,-1
298,-1,535,131,227,140,0.9866819381713867,-1,-1,-1
299,-1,521,129,223,140,0.9897176027297974,-1,-1,-1
300,-1,504,129,226,138,0.9834555387496948,-1,-1,-1
301,-1,476,129,238,140,0.9843839406967163,-1,-1,-1
302,-1,465,129,235,139,0.9860246777534485,-1,-1,-1
303,-1,438,129,238,139,0.9852616190910339,-1,-1,-1
304,-1,429,129,239,138,0.9883196353912354,-1,-1,-1
305,-1,406,131,242,136,0.9889776110649109,-1,-1,-1
306,-1,373,130,252,138,0.9837900996208191,-1,-1,-1
307,-1,358,131,259,136,0.9861441850662231,-1,-1,-1
308,-1,332,130,257,136,0.9866943359375,-1,-1,-1
309,-1,304,128,266,136,0.9863682389259338,-1,-1,-1
310,-1,278,128,260,136,0.9881979823112488,-1,-1,-1
311,-1,253,131,274,136,0.9863467812538147,-1,-1,-1
312,-1,224,129,262,138,0.9839733242988586,-1,-1,-1
313,-1,204,130,281,135,0.9769148826599121,-1,-1,-1
314,-1,176,134,273,137,0.9856692552566528,-1,-1,-1
315,-1,138,136,298,135,0.9827015995979309,-1,-1,-1
316,-1,117,134,280,134,0.9827954173088074,-1,-1,-1
317,-1,86,139,261,131,0.9837977290153503,-1,-1,-1
318,-1,61,144,282,127,0.9817149639129639,-1,-1,-1
318,-1,1401,134,148,148,0.6222557425498962,-1,-1,-1
319,-1,39,144,277,123,0.9806329607963562,-1,-1,-1
320,-1,15,146,291,128,0.9811862707138062,-1,-1,-1
321,-1,0,147,279,127,0.9047497510910034,-1,-1,-1
322,-1,2,149,249,121,0.842210590839386,-1,-1,-1
323,-1,1,148,218,123,0.9335338473320007,-1,-1,-1
324,-1,0,150,211,120,0.8733986616134644,-1,-1,-1
326,-1,1646,121,258,132,0.6573843359947205,-1,-1,-1
329,-1,266,84,104,86,0.6687982678413391,-1,-1,-1
330,-1,270,85,103,86,0.7231539487838745,-1,-1,-1
331,-1,271,85,108,86,0.789993166923523,-1,-1,-1
332,-1,273,86,108,86,0.8363940119743347,-1,-1,-1
332,-1,1401,133,148,148,0.60255366563797,-1,-1,-1
333,-1,273,86,111,88,0.8280178308486938,-1,-1,-1
334,-1,276,87,106,87,0.8706492781639099,-1,-1,-1
335,-1,275,86,110,88,0.7524057626724243,-1,-1,-1
336,-1,275,85,111,91,0.7921702861785889,-1,-1,-1
336,-1,1401,133,148,147,0.630272388458252,-1,-1,-1
337,-1,278,86,111,91,0.81686931848526,-1,-1,-1
337,-1,1401,133,148,147,0.6696754693984985,-1,-1,-1
338,-1,280,89,113,89,0.7630627751350403,-1,-1,-1
338,-1,1401,133,149,149,0.6398080587387085,-1,-1,-1
339,-1,283,88,112,90,0.8046325445175171,-1,-1,-1
340,-1,284,89,112,90,0.7982538938522339,-1,-1,-1
341,-1,287,90,111,92,0.8941028714179993,-1,-1,-1
342,-1,290,90,112,91,0.8997034430503845,-1,-1,-1
343,-1,292,91,109,91,0.8899097442626953,-1,-1,-1
344,-1,297,92,105,91,0.8699068427085876,-1,-1,-1
345,-1,296,91,106,95,0.842833936214447,-1,-1,-1
345,-1,1400,138,148,138,0.6581075191497803,-1,-1,-1
345,-1,1328,134,134,113,0.6087279319763184,-1,-1,-1
346,-1,300,94,107,93,0.9076943397521973,-1,-1,-1
346,-1,1400,136,151,144,0.6590886116027832,-1,-1,-1
346,-1,1324,135,137,113,0.6190416216850281,-1,-1,-1
347,-1,300,97,109,94,0.9341148138046265,-1,-1,-1
347,-1,1394,140,151,134,0.7666542530059814,-1,-1,-1
348,-1,308,97,109,94,0.9577932357788086,-1,-1,-1
349,-1,311,95,109,99,0.9699864983558655,-1,-1,-1
349,-1,1395,143,150,134,0.6827459931373596,-1,-1,-1
349,-1,1303,133,161,115,0.6616712212562561,-1,-1,-1
350,-1,315,97,110,99,0.967761754989624,-1,-1,-1
350,-1,1397,142,151,135,0.7414529919624329,-1,-1,-1
351,-1,319,97,110,100,0.9683484435081482,-1,-1,-1
351,-1,1403,138,143,137,0.8396249413490295,-1,-1,-1
352,-1,323,98,110,99,0.950032114982605,-1,-1,-1
352,-1,1401,137,146,136,0.7620145082473755,-1,-1,-1
353,-1,326,99,114,103,0.9242719411849976,-1,-1,-1
353,-1,1396,138,150,137,0.6731833815574646,-1,-1,-1
354,-1,329,98,113,101,0.936891496181488,-1,-1,-1
354,-1,1292,125,155,113,0.6719401478767395,-1,-1,-1
354,-1,1395,137,151,139,0.6692736148834229,-1,-1,-1
355,-1,331,98,115,102,0.9268176555633545,-1,-1,-1
355,-1,1295,125,150,113,0.6365388631820679,-1,-1,-1
356,-1,335,103,117,101,0.9544925093650818,-1,-1,-1
356,-1,1295,125,149,114,0.8059918284416199,-1,-1,-1
357,-1,340,106,116,97,0.9432458281517029,-1,-1,-1
358,-1,344,107,116,98,0.9533504843711853,-1,-1,-1
358,-1,1282,125,158,112,0.7943704724311829,-1,-1,-1
359,-1,347,108,117,100,0.9751895666122437,-1,-1,-1
359,-1,1282,123,160,116,0.81229567527771,-1,-1,-1
360,-1,351,108,118,102,0.9547756314277649,-1,-1,-1
360,-1,1270,122,166,115,0.892488956451416,-1,-1,-1
361,-1,352,109,119,102,0.968278706073761,-1,-1,-1
361,-1,1270,122,166,115,0.8867577910423279,-1,-1,-1
362,-1,357,112,118,99,0.9727252125740051,-1,-1,-1
362,-1,1268,123,163,115,0.8104406595230103,-1,-1,-1
363,-1,363,114,118,99,0.9757170081138611,-1,-1,-1
363,-1,1261,118,168,121,0.6202472448348999,-1,-1,-1
364,-1,366,114,118,100,0.9754331707954407,-1,-1,-1
364,-1,1254,119,165,118,0.7747923731803894,-1,-1,-1
365,-1,366,115,121,101,0.9730290770530701,-1,-1,-1
365,-1,1252,119,164,121,0.742083728313446,-1,-1,-1
