1,-1,1705,117,113,108,0.8254872560501099,-1,-1,-1
1,-1,1165,62,146,94,0.8037324547767639,-1,-1,-1
1,-1,343,111,148,91,0.7821928262710571,-1,-1,-1
2,-1,339,111,149,88,0.8418941497802734,-1,-1,-1
2,-1,1166,61,146,95,0.829978346824646,-1,-1,-1
2,-1,1705,118,113,109,0.7937158346176147,-1,-1,-1
3,-1,339,110,149,88,0.855414628982544,-1,-1,-1
3,-1,1166,61,146,95,0.8251051306724548,-1,-1,-1
3,-1,1706,117,113,109,0.7758793830871582,-1,-1,-1
4,-1,1165,61,147,96,0.8532534837722778,-1,-1,-1
4,-1,341,110,148,90,0.8448736071586609,-1,-1,-1
4,-1,1705,117,113,109,0.7569236755371094,-1,-1,-1
5,-1,1166,61,147,96,0.8494741916656494,-1,-1,-1
5,-1,339,110,150,88,0.8494294285774231,-1,-1,-1
5,-1,1705,117,113,109,0.742262601852417,-1,-1,-1
6,-1,338,110,151,90,0.8316807150840759,-1,-1,-1
6,-1,1168,61,147,95,0.8132157325744629,-1,-1,-1
6,-1,1706,117,113,109,0.7449040412902832,-1,-1,-1
7,-1,1164,61,146,95,0.8275076150894165,-1,-1,-1
7,-1,341,111,148,90,0.825286328792572,-1,-1,-1
7,-1,1706,117,113,109,0.7546505331993103,-1,-1,-1
8,-1,1164,61,146,95,0.8276888132095337,-1,-1,-1
8,-1,341,111,148,90,0.8276400566101074,-1,-1,-1
8,-1,1705,117,113,109,0.7567722201347351,-1,-1,-1
9,-1,1164,61,147,95,0.8267908096313477,-1,-1,-1
9,-1,341,111,148,90,0.82052081823349,-1,-1,-1
9,-1,1706,117,113,109,0.7466110587120056,-1,-1,-1
9,-1,1415,319,497,299,0.6475618481636047,-1,-1,-1
10,-1,1164,61,147,95,0.8184657692909241,-1,-1,-1
10,-1,340,111,149,90,0.7987450361251831,-1,-1,-1
10,-1,1706,117,113,109,0.7450600862503052,-1,-1,-1
10,-1,1326,315,548,295,0.718016505241394,-1,-1,-1
11,-1,339,111,149,89,0.8653578758239746,-1,-1,-1
11,-1,1161,58,148,96,0.8421100974082947,-1,-1,-1
11,-1,1334,306,524,296,0.7975773215293884,-1,-1,-1
11,-1,1706,115,116,112,0.7531765699386597,-1,-1,-1
12,-1,338,111,149,89,0.8726127743721008,-1,-1,-1
12,-1,1161,58,148,96,0.833200216293335,-1,-1,-1
12,-1,1309,305,558,286,0.8233365416526794,-1,-1,-1
12,-1,1706,115,116,112,0.7467339038848877,-1,-1,-1
13,-1,1306,303,525,293,0.8792959451675415,-1,-1,-1
13,-1,333,112,153,86,0.849419355392456,-1,-1,-1
13,-1,1706,116,114,110,0.8000612854957581,-1,-1,-1
13,-1,1159,60,150,94,0.6914686560630798,-1,-1,-1
14,-1,1295,298,508,287,0.8724998831748962,-1,-1,-1
14,-1,333,112,153,87,0.8215662837028503,-1,-1,-1
14,-1,1706,116,115,110,0.8179333806037903,-1,-1,-1
14,-1,1159,60,150,94,0.6853044033050537,-1,-1,-1
15,-1,1254,295,522,285,0.9132781624794006,-1,-1,-1
15,-1,333,112,153,87,0.8554554581642151,-1,-1,-1
15,-1,1706,115,115,110,0.8114564418792725,-1,-1,-1
15,-1,1158,60,151,94,0.697516918182373,-1,-1,-1
16,-1,1240,289,511,278,0.9011207818984985,-1,-1,-1
16,-1,332,112,154,87,0.8153859376907349,-1,-1,-1
16,-1,1706,115,114,110,0.8066703677177429,-1,-1,-1
16,-1,1158,60,151,94,0.7206009030342102,-1,-1,-1
17,-1,1202,285,511,273,0.9433016777038574,-1,-1,-1
17,-1,1706,115,114,110,0.8179950714111328,-1,-1,-1
17,-1,332,112,154,87,0.7839445471763611,-1,-1,-1
17,-1,1158,60,151,94,0.7488186955451965,-1,-1,-1
18,-1,1174,281,498,268,0.9394813179969788,-1,-1,-1
18,-1,1706,116,114,110,0.8275099992752075,-1,-1,-1
18,-1,1159,60,151,94,0.7612583041191101,-1,-1,-1
18,-1,342,112,147,88,0.7228477597236633,-1,-1,-1
19,-1,1143,281,495,259,0.9460523128509521,-1,-1,-1
19,-1,1706,115,114,110,0.8303743004798889,-1,-1,-1
19,-1,1158,60,151,94,0.7595425248146057,-1,-1,-1
19,-1,343,112,147,88,0.7223452925682068,-1,-1,-1
20,-1,1128,276,488,263,0.9307714104652405,-1,-1,-1
20,-1,1707,116,113,110,0.8170741200447083,-1,-1,-1
20,-1,1158,60,152,94,0.757583737373352,-1,-1,-1
20,-1,343,112,146,88,0.7345106601715088,-1,-1,-1
21,-1,1090,272,477,261,0.9509536027908325,-1,-1,-1
21,-1,1705,114,116,112,0.8265384435653687,-1,-1,-1
21,-1,339,111,149,88,0.7925798892974854,-1,-1,-1
21,-1,1160,59,150,96,0.6933976411819458,-1,-1,-1
22,-1,1058,262,470,258,0.9404826760292053,-1,-1,-1
22,-1,1707,114,114,112,0.8198805451393127,-1,-1,-1
22,-1,346,111,146,89,0.8019136190414429,-1,-1,-1
22,-1,1162,60,151,94,0.7030560970306396,-1,-1,-1
23,-1,1029,260,475,253,0.9122195839881897,-1,-1,-1
23,-1,340,111,149,87,0.8417031764984131,-1,-1,-1
23,-1,1707,115,114,111,0.8129210472106934,-1,-1,-1
23,-1,1162,58,152,96,0.7199843525886536,-1,-1,-1
24,-1,1016,257,463,249,0.9610821008682251,-1,-1,-1
24,-1,341,111,149,87,0.8439497947692871,-1,-1,-1
24,-1,1707,115,114,111,0.813925564289093,-1,-1,-1
24,-1,1161,58,152,96,0.7011536359786987,-1,-1,-1
25,-1,995,254,453,242,0.9654639363288879,-1,-1,-1
25,-1,1705,118,114,107,0.8601071834564209,-1,-1,-1
25,-1,340,111,150,86,0.8331792950630188,-1,-1,-1
25,-1,1162,59,152,96,0.7204754948616028,-1,-1,-1
26,-1,944,249,455,237,0.9340011477470398,-1,-1,-1
26,-1,1706,118,114,107,0.8670603632926941,-1,-1,-1
26,-1,334,111,152,87,0.7811194062232971,-1,-1,-1
26,-1,1163,59,152,96,0.7232376337051392,-1,-1,-1
27,-1,909,245,439,238,0.941520094871521,-1,-1,-1
27,-1,1705,118,114,107,0.8714319467544556,-1,-1,-1
27,-1,345,111,146,88,0.7561606168746948,-1,-1,-1
27,-1,1162,59,152,96,0.7103776931762695,-1,-1,-1
28,-1,890,243,432,230,0.913796603679657,-1,-1,-1
28,-1,1706,118,114,107,0.8815801739692688,-1,-1,-1
28,-1,345,111,146,88,0.7422894835472107,-1,-1,-1
28,-1,1162,59,152,96,0.7054054141044617,-1,-1,-1
29,-1,836,236,468,227,0.9363901615142822,-1,-1,-1
29,-1,1705,118,114,107,0.8839238286018372,-1,-1,-1
29,-1,345,111,146,88,0.7407220602035522,-1,-1,-1
29,-1,1162,59,152,95,0.7118543982505798,-1,-1,-1
30,-1,792,231,478,228,0.9355800151824951,-1,-1,-1
30,-1,1705,118,114,107,0.885149359703064,-1,-1,-1
30,-1,1162,59,152,95,0.7139903903007507,-1,-1,-1
30,-1,345,111,146,87,0.7055510878562927,-1,-1,-1
31,-1,775,226,438,223,0.9514018297195435,-1,-1,-1
31,-1,1707,119,113,105,0.8721816539764404,-1,-1,-1
31,-1,1164,61,154,95,0.8468992114067078,-1,-1,-1
31,-1,340,112,150,86,0.8048632740974426,-1,-1,-1
32,-1,748,224,443,219,0.9595102667808533,-1,-1,-1
32,-1,1707,119,113,105,0.8642224669456482,-1,-1,-1
32,-1,1164,61,154,95,0.8544600605964661,-1,-1,-1
32,-1,340,112,152,86,0.8303377032279968,-1,-1,-1
33,-1,711,215,436,217,0.9472575783729553,-1,-1,-1
33,-1,1705,120,113,104,0.8900227546691895,-1,-1,-1
33,-1,1164,62,153,95,0.8689717054367065,-1,-1,-1
33,-1,339,111,151,87,0.8109525442123413,-1,-1,-1
34,-1,705,208,419,219,0.9661626815795898,-1,-1,-1
34,-1,1165,60,148,97,0.8792256712913513,-1,-1,-1
34,-1,1705,120,113,104,0.8745244145393372,-1,-1,-1
34,-1,339,111,151,87,0.8415787816047668,-1,-1,-1
35,-1,679,208,413,217,0.9674486517906189,-1,-1,-1
35,-1,1705,120,113,104,0.8806154727935791,-1,-1,-1
35,-1,1166,61,147,96,0.8743467926979065,-1,-1,-1
35,-1,339,111,151,87,0.8397960066795349,-1,-1,-1
36,-1,642,209,400,207,0.9579131007194519,-1,-1,-1
36,-1,1707,119,113,105,0.8757646679878235,-1,-1,-1
36,-1,1167,61,146,95,0.8719836473464966,-1,-1,-1
36,-1,340,111,151,87,0.8112393021583557,-1,-1,-1
37,-1,620,207,393,203,0.9633025527000427,-1,-1,-1
37,-1,1164,61,150,96,0.9109064936637878,-1,-1,-1
37,-1,1705,117,113,108,0.8981490731239319,-1,-1,-1
37,-1,340,112,154,86,0.713542103767395,-1,-1,-1
38,-1,586,199,398,201,0.9668086171150208,-1,-1,-1
38,-1,1164,60,150,97,0.9083095788955688,-1,-1,-1
38,-1,1707,118,112,107,0.8853272199630737,-1,-1,-1
38,-1,341,112,153,86,0.7293090224266052,-1,-1,-1
39,-1,566,200,394,196,0.9653533697128296,-1,-1,-1
39,-1,1705,117,114,109,0.8847423791885376,-1,-1,-1
39,-1,1164,60,151,97,0.8730271458625793,-1,-1,-1
39,-1,342,112,152,85,0.6827126741409302,-1,-1,-1
40,-1,540,200,380,188,0.9707569479942322,-1,-1,-1
40,-1,1705,116,114,109,0.8793525099754333,-1,-1,-1
40,-1,1163,60,151,97,0.8617755174636841,-1,-1,-1
40,-1,342,112,149,86,0.6466464996337891,-1,-1,-1
41,-1,516,199,370,182,0.9609782695770264,-1,-1,-1
41,-1,1707,117,112,108,0.9230167865753174,-1,-1,-1
41,-1,1160,62,152,93,0.793849527835846,-1,-1,-1
41,-1,341,112,152,86,0.7267175316810608,-1,-1,-1
42,-1,491,195,364,181,0.9576859474182129,-1,-1,-1
42,-1,1706,118,114,107,0.9299654960632324,-1,-1,-1
42,-1,1160,62,152,93,0.7930001616477966,-1,-1,-1
42,-1,341,112,152,86,0.7097697257995605,-1,-1,-1
43,-1,465,193,348,176,0.962257981300354,-1,-1,-1
43,-1,1706,118,114,107,0.930694043636322,-1,-1,-1
43,-1,1164,60,150,97,0.8270916938781738,-1,-1,-1
43,-1,341,112,152,86,0.7055119276046753,-1,-1,-1
44,-1,451,190,333,174,0.9603238105773926,-1,-1,-1
44,-1,1707,117,112,108,0.9257248044013977,-1,-1,-1
44,-1,1163,59,151,97,0.8481560945510864,-1,-1,-1
44,-1,341,112,153,86,0.6450897455215454,-1,-1,-1
45,-1,429,189,325,172,0.9717840552330017,-1,-1,-1
45,-1,1706,118,113,107,0.9270800948143005,-1,-1,-1
45,-1,1164,59,151,97,0.8549177646636963,-1,-1,-1
45,-1,341,111,153,86,0.6693708300590515,-1,-1,-1
46,-1,402,190,323,164,0.972791314125061,-1,-1,-1
46,-1,1706,117,114,107,0.930083692073822,-1,-1,-1
46,-1,1164,60,151,97,0.8776888847351074,-1,-1,-1
46,-1,342,111,153,86,0.6869533658027649,-1,-1,-1
47,-1,387,185,315,165,0.969383180141449,-1,-1,-1
47,-1,1707,117,113,109,0.9257028102874756,-1,-1,-1
47,-1,1164,60,151,97,0.884588897228241,-1,-1,-1
47,-1,342,111,152,86,0.7194124460220337,-1,-1,-1
48,-1,367,184,298,159,0.9719760417938232,-1,-1,-1
48,-1,1706,118,114,107,0.9328358173370361,-1,-1,-1
48,-1,1164,60,150,96,0.8874583840370178,-1,-1,-1
48,-1,342,112,152,85,0.7431750893592834,-1,-1,-1
49,-1,349,184,291,156,0.9791038036346436,-1,-1,-1
49,-1,1706,118,115,108,0.9386336207389832,-1,-1,-1
49,-1,1165,61,149,96,0.8501675128936768,-1,-1,-1
49,-1,342,112,151,86,0.6780484318733215,-1,-1,-1
50,-1,330,180,274,156,0.9774615168571472,-1,-1,-1
50,-1,1706,118,114,108,0.9347391724586487,-1,-1,-1
50,-1,1165,62,148,95,0.8245419859886169,-1,-1,-1
51,-1,312,181,276,153,0.9814623594284058,-1,-1,-1
51,-1,1707,116,114,110,0.8912299871444702,-1,-1,-1
51,-1,1168,63,146,93,0.7026553153991699,-1,-1,-1
52,-1,293,182,267,145,0.9842780232429504,-1,-1,-1
52,-1,1707,116,114,110,0.8926570415496826,-1,-1,-1
52,-1,1168,63,146,93,0.7030486464500427,-1,-1,-1
52,-1,345,111,145,87,0.609736442565918,-1,-1,-1
53,-1,278,177,252,145,0.984804630279541,-1,-1,-1
53,-1,1706,115,115,110,0.8966884016990662,-1,-1,-1
53,-1,342,111,149,91,0.6862500905990601,-1,-1,-1
53,-1,1168,63,146,93,0.6824402809143066,-1,-1,-1
54,-1,268,175,252,146,0.9856352806091309,-1,-1,-1
54,-1,1707,115,114,111,0.8912838697433472,-1,-1,-1
54,-1,1164,61,146,95,0.7356765866279602,-1,-1,-1
54,-1,343,111,148,88,0.6469268798828125,-1,-1,-1
55,-1,254,173,242,144,0.9898791313171387,-1,-1,-1
55,-1,1706,116,115,110,0.8847230672836304,-1,-1,-1
55,-1,1164,61,147,95,0.7419641017913818,-1,-1,-1
56,-1,240,172,232,140,0.9887474775314331,-1,-1,-1
56,-1,1707,116,115,110,0.8782661557197571,-1,-1,-1
56,-1,1165,62,146,94,0.784230649471283,-1,-1,-1
57,-1,228,171,221,137,0.9866741895675659,-1,-1,-1
57,-1,1707,116,114,110,0.8727148175239563,-1,-1,-1
57,-1,1164,62,147,94,0.7863131165504456,-1,-1,-1
57,-1,338,112,152,86,0.6087750792503357,-1,-1,-1
58,-1,207,171,219,133,0.9875117540359497,-1,-1,-1
58,-1,1707,116,114,109,0.8759023547172546,-1,-1,-1
58,-1,1165,62,146,94,0.790136992931366,-1,-1,-1
58,-1,336,113,155,87,0.6104027032852173,-1,-1,-1
59,-1,195,170,206,131,0.986350953578949,-1,-1,-1
59,-1,1707,116,114,110,0.8702473044395447,-1,-1,-1
59,-1,1165,62,146,94,0.7797218561172485,-1,-1,-1
59,-1,338,112,153,87,0.6304065585136414,-1,-1,-1
60,-1,178,169,205,129,0.9855087399482727,-1,-1,-1
60,-1,1707,116,114,109,0.8773739337921143,-1,-1,-1
60,-1,1168,63,147,93,0.754070520401001,-1,-1,-1
60,-1,337,112,152,89,0.6518548727035522,-1,-1,-1
61,-1,173,170,199,123,0.989655613899231,-1,-1,-1
61,-1,1707,117,113,110,0.8947604894638062,-1,-1,-1
61,-1,1166,63,149,94,0.7379426956176758,-1,-1,-1
61,-1,337,111,154,91,0.6836152672767639,-1,-1,-1
62,-1,149,169,197,123,0.9894075989723206,-1,-1,-1
62,-1,1707,116,114,110,0.8931821584701538,-1,-1,-1
62,-1,1166,63,149,94,0.7381179332733154,-1,-1,-1
62,-1,337,111,154,90,0.6218224167823792,-1,-1,-1
63,-1,145,167,187,124,0.9926910996437073,-1,-1,-1
63,-1,1707,117,114,109,0.8916649222373962,-1,-1,-1
63,-1,1167,63,149,94,0.7382615208625793,-1,-1,-1
63,-1,338,111,153,89,0.6418889164924622,-1,-1,-1
64,-1,133,167,188,117,0.9912453293800354,-1,-1,-1
64,-1,1707,117,114,110,0.8970281481742859,-1,-1,-1
64,-1,1167,63,149,94,0.7345669865608215,-1,-1,-1
64,-1,339,111,152,89,0.6454710960388184,-1,-1,-1
65,-1,122,167,181,116,0.9913732409477234,-1,-1,-1
65,-1,1707,117,113,110,0.8965985178947449,-1,-1,-1
65,-1,1160,63,152,91,0.7404106259346008,-1,-1,-1
65,-1,340,111,151,88,0.650200366973877,-1,-1,-1
66,-1,113,167,172,115,0.9879361391067505,-1,-1,-1
66,-1,1707,116,114,110,0.8994156718254089,-1,-1,-1
66,-1,1167,62,150,94,0.7628924250602722,-1,-1,-1
66,-1,339,111,151,89,0.6846374273300171,-1,-1,-1
67,-1,103,167,165,111,0.9872803092002869,-1,-1,-1
67,-1,1707,117,113,109,0.9048207998275757,-1,-1,-1
67,-1,1161,64,152,91,0.7485676407814026,-1,-1,-1
67,-1,346,110,147,92,0.6624785661697388,-1,-1,-1
68,-1,89,165,163,109,0.9842739701271057,-1,-1,-1
68,-1,1707,117,113,109,0.9046541452407837,-1,-1,-1
68,-1,1166,62,150,94,0.7386826276779175,-1,-1,-1
68,-1,345,110,148,93,0.6900346875190735,-1,-1,-1
69,-1,78,162,159,113,0.9858303666114807,-1,-1,-1
69,-1,1707,117,113,109,0.9038097262382507,-1,-1,-1
69,-1,1166,62,150,94,0.7394696474075317,-1,-1,-1
69,-1,339,111,152,89,0.6977682709693909,-1,-1,-1
70,-1,67,166,161,107,0.9850923418998718,-1,-1,-1
70,-1,1707,117,113,109,0.9072834253311157,-1,-1,-1
70,-1,338,111,152,89,0.7231137752532959,-1,-1,-1
70,-1,1160,63,153,92,0.7198247313499451,-1,-1,-1
71,-1,58,166,154,104,0.9872899651527405,-1,-1,-1
71,-1,1707,117,113,109,0.9266133308410645,-1,-1,-1
71,-1,338,112,151,89,0.7860247492790222,-1,-1,-1
71,-1,1168,63,148,94,0.7857016921043396,-1,-1,-1
72,-1,45,166,153,102,0.9819191694259644,-1,-1,-1
72,-1,1707,117,113,109,0.923785924911499,-1,-1,-1
72,-1,338,112,152,89,0.8007192611694336,-1,-1,-1
72,-1,1169,64,148,93,0.7796741724014282,-1,-1,-1
73,-1,38,167,149,100,0.9764852523803711,-1,-1,-1
73,-1,1707,117,114,108,0.9344005584716797,-1,-1,-1
73,-1,1169,65,146,92,0.7010249495506287,-1,-1,-1
74,-1,31,165,143,103,0.9864746928215027,-1,-1,-1
74,-1,1707,117,114,109,0.9339547753334045,-1,-1,-1
74,-1,1168,64,146,93,0.7220284342765808,-1,-1,-1
75,-1,26,164,136,102,0.9745725393295288,-1,-1,-1
75,-1,1707,117,114,109,0.9330111145973206,-1,-1,-1
75,-1,1168,64,146,92,0.7199484705924988,-1,-1,-1
76,-1,20,166,133,100,0.9422179460525513,-1,-1,-1
76,-1,1707,117,114,108,0.9360098242759705,-1,-1,-1
76,-1,1168,64,146,92,0.7152280211448669,-1,-1,-1
77,-1,1707,117,114,108,0.9406943321228027,-1,-1,-1
77,-1,13,164,132,102,0.9069091081619263,-1,-1,-1
77,-1,1168,64,146,92,0.7026088237762451,-1,-1,-1
78,-1,1707,117,115,109,0.9424917101860046,-1,-1,-1
78,-1,1168,64,146,92,0.698525607585907,-1,-1,-1
79,-1,1707,116,116,108,0.9471263289451599,-1,-1,-1
79,-1,1168,64,146,93,0.7140599489212036,-1,-1,-1
80,-1,1706,116,116,108,0.9453188180923462,-1,-1,-1
80,-1,1168,64,146,93,0.7098302245140076,-1,-1,-1
81,-1,1707,117,115,109,0.9237427711486816,-1,-1,-1
81,-1,1166,62,147,94,0.8034958243370056,-1,-1,-1
82,-1,1706,117,115,108,0.9368537068367004,-1,-1,-1
82,-1,1166,63,145,93,0.8157150745391846,-1,-1,-1
83,-1,1706,116,115,108,0.9341551065444946,-1,-1,-1
83,-1,1166,63,145,93,0.8156836628913879,-1,-1,-1
84,-1,1709,117,115,107,0.9307892918586731,-1,-1,-1
84,-1,1166,63,145,93,0.8167397379875183,-1,-1,-1
85,-1,1706,116,116,108,0.9194570779800415,-1,-1,-1
85,-1,1165,62,145,95,0.817043662071228,-1,-1,-1
85,-1,346,110,148,92,0.6818307638168335,-1,-1,-1
86,-1,1706,116,116,109,0.9208675622940063,-1,-1,-1
86,-1,1165,62,145,95,0.8160803318023682,-1,-1,-1
86,-1,346,110,148,92,0.67497318983078,-1,-1,-1
87,-1,1709,116,115,108,0.9242199063301086,-1,-1,-1
87,-1,1165,62,145,95,0.817844569683075,-1,-1,-1
87,-1,346,110,148,92,0.6771048903465271,-1,-1,-1
88,-1,1707,116,115,110,0.9184547066688538,-1,-1,-1
88,-1,1165,62,145,95,0.8181753754615784,-1,-1,-1
88,-1,346,110,148,92,0.6680213212966919,-1,-1,-1
89,-1,1707,116,115,109,0.9219649434089661,-1,-1,-1
89,-1,1165,62,145,95,0.8207889199256897,-1,-1,-1
89,-1,346,110,148,92,0.664834201335907,-1,-1,-1
90,-1,1706,116,116,109,0.9228518605232239,-1,-1,-1
90,-1,1165,62,145,95,0.8217858076095581,-1,-1,-1
90,-1,345,110,148,92,0.6474040150642395,-1,-1,-1
91,-1,1706,116,119,109,0.9400191903114319,-1,-1,-1
91,-1,1166,61,145,95,0.8373324871063232,-1,-1,-1
91,-1,341,112,152,87,0.7699975967407227,-1,-1,-1
92,-1,1706,114,118,111,0.9383846521377563,-1,-1,-1
92,-1,1166,61,145,95,0.8409535884857178,-1,-1,-1
92,-1,341,112,152,87,0.7698501348495483,-1,-1,-1
93,-1,1706,114,118,111,0.9398841261863708,-1,-1,-1
93,-1,1167,61,145,96,0.8406803607940674,-1,-1,-1
93,-1,341,112,152,87,0.7863497138023376,-1,-1,-1
94,-1,1707,114,118,112,0.9370426535606384,-1,-1,-1
94,-1,1167,61,145,96,0.8529511094093323,-1,-1,-1
94,-1,341,112,151,87,0.7886505126953125,-1,-1,-1
95,-1,1707,114,118,112,0.932152271270752,-1,-1,-1
95,-1,1167,61,145,96,0.8578163385391235,-1,-1,-1
95,-1,340,111,150,88,0.7443523406982422,-1,-1,-1
96,-1,1707,114,118,112,0.9323098659515381,-1,-1,-1
96,-1,1167,61,146,96,0.8531175255775452,-1,-1,-1
96,-1,341,111,150,88,0.7355167865753174,-1,-1,-1
97,-1,1707,115,117,112,0.896275520324707,-1,-1,-1
97,-1,1171,63,145,94,0.8676243424415588,-1,-1,-1
97,-1,341,110,150,89,0.8155889511108398,-1,-1,-1
98,-1,1707,115,117,112,0.8939480185508728,-1,-1,-1
98,-1,1171,63,145,94,0.868670642375946,-1,-1,-1
98,-1,341,110,150,89,0.8150639533996582,-1,-1,-1
99,-1,1707,114,117,112,0.88798588514328,-1,-1,-1
99,-1,1171,63,146,94,0.8741576075553894,-1,-1,-1
99,-1,347,109,148,93,0.8032105565071106,-1,-1,-1
100,-1,1707,114,116,112,0.9033010601997375,-1,-1,-1
100,-1,341,110,150,90,0.8438559770584106,-1,-1,-1
100,-1,1172,63,146,91,0.8387466669082642,-1,-1,-1
101,-1,1708,115,114,112,0.9231933355331421,-1,-1,-1
101,-1,1169,63,149,95,0.8753246068954468,-1,-1,-1
101,-1,347,110,149,92,0.8121272921562195,-1,-1,-1
102,-1,1707,115,114,113,0.9169033765792847,-1,-1,-1
102,-1,1169,63,149,95,0.8724398612976074,-1,-1,-1
102,-1,338,110,152,90,0.8536644577980042,-1,-1,-1
103,-1,1707,115,114,113,0.9188691973686218,-1,-1,-1
103,-1,1169,63,149,95,0.8756601810455322,-1,-1,-1
103,-1,347,109,149,93,0.8088203072547913,-1,-1,-1
104,-1,1708,115,114,112,0.9244232177734375,-1,-1,-1
104,-1,1169,63,149,95,0.8775548934936523,-1,-1,-1
104,-1,347,110,149,93,0.8022500276565552,-1,-1,-1
105,-1,1708,116,114,112,0.9282014966011047,-1,-1,-1
105,-1,1170,64,149,94,0.8724938631057739,-1,-1,-1
105,-1,346,110,149,92,0.8004149198532104,-1,-1,-1
106,-1,1708,116,113,111,0.9306102991104126,-1,-1,-1
106,-1,1170,63,148,95,0.87973552942276,-1,-1,-1
106,-1,346,110,150,92,0.7698367238044739,-1,-1,-1
107,-1,1708,116,113,111,0.9364587068557739,-1,-1,-1
107,-1,1170,63,148,94,0.873637318611145,-1,-1,-1
107,-1,346,110,149,92,0.7981526255607605,-1,-1,-1
108,-1,1708,116,113,112,0.9281867146492004,-1,-1,-1
108,-1,1170,63,148,94,0.8697837591171265,-1,-1,-1
108,-1,346,110,149,92,0.7926431894302368,-1,-1,-1
109,-1,1709,115,114,112,0.9277769923210144,-1,-1,-1
109,-1,1166,62,148,95,0.7411890029907227,-1,-1,-1
109,-1,340,112,152,87,0.7252874970436096,-1,-1,-1
110,-1,1709,115,113,112,0.9308547377586365,-1,-1,-1
110,-1,1170,63,147,94,0.7947618365287781,-1,-1,-1
110,-1,340,112,152,87,0.7200766801834106,-1,-1,-1
111,-1,1708,116,113,111,0.9305497407913208,-1,-1,-1
111,-1,342,112,147,87,0.820107638835907,-1,-1,-1
111,-1,1167,62,147,94,0.733207106590271,-1,-1,-1
112,-1,1707,115,114,110,0.9229707717895508,-1,-1,-1
112,-1,338,112,154,88,0.7765902876853943,-1,-1,-1
112,-1,1168,62,146,94,0.7352859377861023,-1,-1,-1
113,-1,1708,115,114,111,0.9129985570907593,-1,-1,-1
113,-1,345,110,150,92,0.7498891353607178,-1,-1,-1
113,-1,1167,62,146,94,0.7290475964546204,-1,-1,-1
114,-1,1707,117,114,107,0.910571813583374,-1,-1,-1
114,-1,344,110,150,92,0.7663441896438599,-1,-1,-1
114,-1,1168,62,146,94,0.7454602122306824,-1,-1,-1
115,-1,1708,117,114,107,0.9099166393280029,-1,-1,-1
115,-1,1168,62,146,94,0.7775461673736572,-1,-1,-1
115,-1,344,110,150,92,0.7165883183479309,-1,-1,-1
116,-1,1707,116,114,108,0.8939618468284607,-1,-1,-1
116,-1,337,111,154,89,0.7879727482795715,-1,-1,-1
116,-1,1168,62,146,94,0.7724990844726562,-1,-1,-1
117,-1,1707,117,114,107,0.8964828848838806,-1,-1,-1
117,-1,337,111,154,89,0.8102189898490906,-1,-1,-1
117,-1,1171,63,145,93,0.7989494204521179,-1,-1,-1
118,-1,1707,117,114,107,0.8902645111083984,-1,-1,-1
118,-1,336,112,155,89,0.778007984161377,-1,-1,-1
118,-1,1166,62,145,93,0.6970432996749878,-1,-1,-1
119,-1,1707,117,114,107,0.8861680030822754,-1,-1,-1
119,-1,337,111,154,89,0.8018887042999268,-1,-1,-1
119,-1,1166,62,145,93,0.6919341087341309,-1,-1,-1
120,-1,1707,117,114,107,0.8557488322257996,-1,-1,-1
120,-1,337,112,153,89,0.8075460195541382,-1,-1,-1
120,-1,1168,62,146,94,0.7372000813484192,-1,-1,-1
121,-1,0,197,132,124,0.8600204586982727,-1,-1,-1
121,-1,1706,117,114,107,0.8475552797317505,-1,-1,-1
121,-1,340,112,154,86,0.840854287147522,-1,-1,-1
121,-1,1165,63,147,93,0.7994871735572815,-1,-1,-1
122,-1,0,192,144,130,0.9498204588890076,-1,-1,-1
122,-1,340,112,154,86,0.8387541770935059,-1,-1,-1
122,-1,1707,117,114,107,0.8262550234794617,-1,-1,-1
122,-1,1165,63,147,93,0.8052626848220825,-1,-1,-1
123,-1,0,196,145,133,0.9256731271743774,-1,-1,-1
123,-1,339,112,155,86,0.8356404304504395,-1,-1,-1
123,-1,1169,66,148,88,0.8305232524871826,-1,-1,-1
123,-1,1707,118,114,107,0.8075214624404907,-1,-1,-1
124,-1,0,196,163,135,0.9578601717948914,-1,-1,-1
124,-1,1167,65,150,88,0.8478533029556274,-1,-1,-1
124,-1,340,112,155,86,0.8381547331809998,-1,-1,-1
124,-1,1707,118,113,106,0.813809335231781,-1,-1,-1
125,-1,0,194,171,140,0.9608632326126099,-1,-1,-1
125,-1,1167,63,151,91,0.8936577439308167,-1,-1,-1
125,-1,340,112,154,86,0.8572946190834045,-1,-1,-1
125,-1,1707,118,114,108,0.8262745141983032,-1,-1,-1
126,-1,0,196,180,138,0.9673314094543457,-1,-1,-1
126,-1,1169,63,149,90,0.8957942724227905,-1,-1,-1
126,-1,341,112,154,86,0.8666248321533203,-1,-1,-1
126,-1,1707,118,114,108,0.8294188380241394,-1,-1,-1
127,-1,9,195,177,143,0.9870550632476807,-1,-1,-1
127,-1,1168,62,149,92,0.8948188424110413,-1,-1,-1
127,-1,339,111,153,87,0.8502748012542725,-1,-1,-1
127,-1,1707,118,113,108,0.8456599116325378,-1,-1,-1
128,-1,10,199,193,139,0.9879062175750732,-1,-1,-1
128,-1,1169,62,149,91,0.879310667514801,-1,-1,-1
128,-1,341,112,153,86,0.8780300617218018,-1,-1,-1
128,-1,1707,118,114,108,0.8445784449577332,-1,-1,-1
129,-1,18,198,197,142,0.9850465059280396,-1,-1,-1
129,-1,341,112,153,86,0.8778889179229736,-1,-1,-1
129,-1,1169,63,149,91,0.8633835911750793,-1,-1,-1
129,-1,1707,118,114,108,0.8385009169578552,-1,-1,-1
130,-1,20,199,208,144,0.9879391193389893,-1,-1,-1
130,-1,341,112,153,86,0.8643370270729065,-1,-1,-1
130,-1,1165,61,147,96,0.8590799570083618,-1,-1,-1
130,-1,1707,117,114,108,0.8370218873023987,-1,-1,-1
131,-1,27,201,208,145,0.9904376864433289,-1,-1,-1
131,-1,1706,116,117,110,0.8906843662261963,-1,-1,-1
131,-1,1170,64,147,94,0.8218920826911926,-1,-1,-1
131,-1,346,111,148,90,0.758377730846405,-1,-1,-1
132,-1,33,200,217,145,0.9882501363754272,-1,-1,-1
132,-1,1706,116,117,109,0.8873770833015442,-1,-1,-1
132,-1,1170,64,147,94,0.8300893306732178,-1,-1,-1
132,-1,345,111,148,89,0.7384341955184937,-1,-1,-1
133,-1,37,202,218,146,0.9861774444580078,-1,-1,-1
133,-1,1706,116,118,109,0.8887711763381958,-1,-1,-1
133,-1,344,111,149,91,0.6942785978317261,-1,-1,-1
134,-1,41,203,221,148,0.9875310063362122,-1,-1,-1
134,-1,1706,117,117,108,0.8922860026359558,-1,-1,-1
134,-1,344,111,149,91,0.6750788688659668,-1,-1,-1
135,-1,46,203,224,150,0.9880038499832153,-1,-1,-1
135,-1,1706,117,117,108,0.898298978805542,-1,-1,-1
135,-1,344,111,149,91,0.6940916776657104,-1,-1,-1
136,-1,52,204,227,155,0.988088071346283,-1,-1,-1
136,-1,1707,116,116,111,0.8948553800582886,-1,-1,-1
136,-1,1168,62,146,94,0.6564226746559143,-1,-1,-1
136,-1,343,111,147,91,0.6254963874816895,-1,-1,-1
137,-1,58,204,229,153,0.989993155002594,-1,-1,-1
137,-1,1707,116,116,111,0.8761106729507446,-1,-1,-1
137,-1,1168,62,146,94,0.694983720779419,-1,-1,-1
137,-1,343,111,147,91,0.6311877965927124,-1,-1,-1
138,-1,62,204,234,157,0.9883536100387573,-1,-1,-1
138,-1,1707,116,116,111,0.8817155361175537,-1,-1,-1
138,-1,1168,62,146,95,0.7558396458625793,-1,-1,-1
138,-1,343,111,147,91,0.6452754735946655,-1,-1,-1
139,-1,67,207,243,158,0.987138569355011,-1,-1,-1
139,-1,1706,116,116,111,0.8709555268287659,-1,-1,-1
139,-1,1166,61,147,96,0.7497662305831909,-1,-1,-1
139,-1,338,112,153,88,0.6172156929969788,-1,-1,-1
140,-1,71,208,247,160,0.9876678586006165,-1,-1,-1
140,-1,1706,116,117,111,0.9016830325126648,-1,-1,-1
140,-1,1167,61,146,96,0.7727575302124023,-1,-1,-1
140,-1,345,111,149,92,0.6069002747535706,-1,-1,-1
141,-1,72,208,249,163,0.9888779520988464,-1,-1,-1
141,-1,1707,117,115,109,0.8705803751945496,-1,-1,-1
141,-1,340,112,154,86,0.7401666641235352,-1,-1,-1
141,-1,1161,61,150,93,0.7335244417190552,-1,-1,-1
142,-1,76,208,248,159,0.9878093004226685,-1,-1,-1
142,-1,1707,117,115,109,0.8766075372695923,-1,-1,-1
142,-1,340,112,154,86,0.7426329851150513,-1,-1,-1
142,-1,1160,61,150,93,0.7345095872879028,-1,-1,-1
143,-1,83,210,253,160,0.9880585074424744,-1,-1,-1
143,-1,1706,117,115,109,0.8760873079299927,-1,-1,-1
143,-1,340,112,155,86,0.7894750237464905,-1,-1,-1
143,-1,1160,62,150,93,0.7404307126998901,-1,-1,-1
144,-1,84,208,255,162,0.9857593774795532,-1,-1,-1
144,-1,1707,118,115,107,0.8794715404510498,-1,-1,-1
144,-1,339,111,153,89,0.8107985854148865,-1,-1,-1
144,-1,1160,61,150,93,0.7493943572044373,-1,-1,-1
145,-1,92,212,264,164,0.9877709150314331,-1,-1,-1
145,-1,1707,118,115,107,0.8664354681968689,-1,-1,-1
145,-1,1166,60,145,98,0.846694827079773,-1,-1,-1
145,-1,339,113,154,86,0.8301817774772644,-1,-1,-1
146,-1,96,213,265,164,0.9897448420524597,-1,-1,-1
146,-1,1707,117,116,108,0.8702855110168457,-1,-1,-1
146,-1,1166,59,145,98,0.8536561727523804,-1,-1,-1
146,-1,339,113,155,86,0.7977109551429749,-1,-1,-1
147,-1,102,212,265,168,0.9890950322151184,-1,-1,-1
147,-1,1707,118,115,107,0.8483074903488159,-1,-1,-1
147,-1,1166,59,146,98,0.8461809158325195,-1,-1,-1
147,-1,340,112,153,86,0.8068922162055969,-1,-1,-1
148,-1,107,212,271,171,0.9871363639831543,-1,-1,-1
148,-1,1170,62,148,92,0.8675330281257629,-1,-1,-1
148,-1,339,111,153,88,0.8390265703201294,-1,-1,-1
148,-1,1706,119,114,107,0.7708920240402222,-1,-1,-1
148,-1,1495,124,110,86,0.6098719239234924,-1,-1,-1
149,-1,111,210,275,174,0.9880055785179138,-1,-1,-1
149,-1,1166,60,147,97,0.867155909538269,-1,-1,-1
149,-1,339,111,152,88,0.8319445848464966,-1,-1,-1
149,-1,1706,119,114,106,0.7610100507736206,-1,-1,-1
149,-1,1490,124,111,86,0.6424194574356079,-1,-1,-1
150,-1,120,213,279,174,0.9861183166503906,-1,-1,-1
150,-1,1166,60,147,98,0.866644561290741,-1,-1,-1
150,-1,339,111,152,88,0.8421592116355896,-1,-1,-1
150,-1,1706,119,115,107,0.7919833064079285,-1,-1,-1
150,-1,1475,124,117,90,0.7272669076919556,-1,-1,-1
151,-1,126,213,280,176,0.9871697425842285,-1,-1,-1
151,-1,1471,125,117,90,0.784635603427887,-1,-1,-1
151,-1,1164,61,146,94,0.7417865991592407,-1,-1,-1
151,-1,1706,118,115,109,0.7298101186752319,-1,-1,-1
151,-1,341,110,153,93,0.7014555335044861,-1,-1,-1
152,-1,130,214,288,184,0.9876389503479004,-1,-1,-1
152,-1,1463,126,115,91,0.878081202507019,-1,-1,-1
152,-1,336,111,155,90,0.7670480012893677,-1,-1,-1
152,-1,1707,118,114,108,0.74062180519104,-1,-1,-1
152,-1,1163,60,147,95,0.7357050776481628,-1,-1,-1
153,-1,133,215,294,184,0.9900098443031311,-1,-1,-1
153,-1,1455,126,117,92,0.8736217021942139,-1,-1,-1
153,-1,336,111,155,90,0.7769373655319214,-1,-1,-1
153,-1,1162,60,147,96,0.7755927443504333,-1,-1,-1
153,-1,1707,116,118,110,0.7596032619476318,-1,-1,-1
154,-1,137,213,296,183,0.9906630516052246,-1,-1,-1
154,-1,1448,129,117,91,0.9085433483123779,-1,-1,-1
154,-1,1706,117,118,110,0.7973045706748962,-1,-1,-1
154,-1,343,110,153,95,0.7708336710929871,-1,-1,-1
154,-1,1162,61,147,95,0.7377400994300842,-1,-1,-1
155,-1,153,214,294,188,0.9893081784248352,-1,-1,-1
155,-1,1435,130,120,94,0.9531267881393433,-1,-1,-1
155,-1,1706,117,118,110,0.8199459314346313,-1,-1,-1
155,-1,344,109,152,95,0.7264785766601562,-1,-1,-1
155,-1,1162,60,147,95,0.7120546698570251,-1,-1,-1
156,-1,159,216,316,194,0.9891714453697205,-1,-1,-1
156,-1,1432,130,123,93,0.9297237992286682,-1,-1,-1
156,-1,1706,117,118,110,0.8328176140785217,-1,-1,-1
156,-1,339,111,155,89,0.6986186504364014,-1,-1,-1
156,-1,1162,60,148,95,0.6954994797706604,-1,-1,-1
157,-1,172,218,314,193,0.9873824715614319,-1,-1,-1
157,-1,1414,133,128,95,0.934260904788971,-1,-1,-1
157,-1,1707,116,117,111,0.7752711772918701,-1,-1,-1
157,-1,331,112,157,88,0.7093943357467651,-1,-1,-1
157,-1,1163,62,149,93,0.6776704788208008,-1,-1,-1
158,-1,185,216,327,201,0.9867874383926392,-1,-1,-1
158,-1,1407,133,129,100,0.965518593788147,-1,-1,-1
158,-1,1707,117,118,111,0.806695282459259,-1,-1,-1
158,-1,332,112,157,87,0.7188512682914734,-1,-1,-1
158,-1,1163,62,149,93,0.6582943201065063,-1,-1,-1
159,-1,189,219,328,197,0.9892721176147461,-1,-1,-1
159,-1,1395,132,136,100,0.9546541571617126,-1,-1,-1
159,-1,1709,116,115,111,0.8498634696006775,-1,-1,-1
159,-1,344,110,151,93,0.7658320069313049,-1,-1,-1
159,-1,1163,61,150,94,0.6655369997024536,-1,-1,-1
160,-1,206,222,334,198,0.9874122142791748,-1,-1,-1
160,-1,1380,135,141,101,0.9746846556663513,-1,-1,-1
160,-1,1708,116,116,111,0.8033408522605896,-1,-1,-1
160,-1,331,112,156,87,0.739048421382904,-1,-1,-1
160,-1,1163,61,150,93,0.6689326167106628,-1,-1,-1
161,-1,223,223,349,207,0.9867858290672302,-1,-1,-1
161,-1,1373,135,139,101,0.9654722809791565,-1,-1,-1
161,-1,1707,118,114,109,0.8014146089553833,-1,-1,-1
161,-1,1163,62,149,93,0.7627347707748413,-1,-1,-1
161,-1,343,110,152,93,0.7377398610115051,-1,-1,-1
162,-1,238,228,362,207,0.9892850518226624,-1,-1,-1
162,-1,1364,138,144,100,0.9702714681625366,-1,-1,-1
162,-1,1707,117,115,109,0.8153707981109619,-1,-1,-1
162,-1,1163,62,149,93,0.7677720189094543,-1,-1,-1
162,-1,342,110,153,93,0.7569193840026855,-1,-1,-1
163,-1,251,231,369,211,0.9887352585792542,-1,-1,-1
163,-1,1355,138,143,102,0.9675772190093994,-1,-1,-1
163,-1,1707,117,115,110,0.7872931957244873,-1,-1,-1
163,-1,1163,62,149,93,0.7477604150772095,-1,-1,-1
163,-1,341,110,154,93,0.7407752275466919,-1,-1,-1
164,-1,267,232,380,216,0.9887497425079346,-1,-1,-1
164,-1,1339,140,147,102,0.971822202205658,-1,-1,-1
164,-1,1707,116,116,111,0.7830878496170044,-1,-1,-1
164,-1,339,111,154,92,0.7608036398887634,-1,-1,-1
164,-1,1162,62,149,93,0.7414470911026001,-1,-1,-1
165,-1,279,231,398,222,0.9899221062660217,-1,-1,-1
165,-1,1337,143,142,99,0.989140510559082,-1,-1,-1
165,-1,1707,116,115,111,0.7966333627700806,-1,-1,-1
165,-1,338,111,154,92,0.7669389247894287,-1,-1,-1
165,-1,1163,63,150,92,0.7342401146888733,-1,-1,-1
166,-1,298,236,407,225,0.9888219833374023,-1,-1,-1
166,-1,1328,145,149,99,0.9828011989593506,-1,-1,-1
166,-1,1708,117,115,110,0.8087149858474731,-1,-1,-1
166,-1,339,111,153,92,0.8005298376083374,-1,-1,-1
166,-1,1163,62,149,93,0.7953270673751831,-1,-1,-1
167,-1,323,238,431,236,0.989726722240448,-1,-1,-1
167,-1,1318,145,151,103,0.9858936071395874,-1,-1,-1
167,-1,1707,116,116,111,0.8443081974983215,-1,-1,-1
167,-1,1161,61,149,94,0.7656950354576111,-1,-1,-1
167,-1,341,111,153,92,0.7293916344642639,-1,-1,-1
168,-1,352,243,448,245,0.9925609230995178,-1,-1,-1
168,-1,1310,149,155,100,0.9820079207420349,-1,-1,-1
168,-1,1708,116,116,111,0.8466965556144714,-1,-1,-1
168,-1,1161,61,150,95,0.7800126075744629,-1,-1,-1
168,-1,341,110,153,93,0.7670435309410095,-1,-1,-1
169,-1,377,245,474,255,0.9936885237693787,-1,-1,-1
169,-1,1298,149,157,104,0.9842841625213623,-1,-1,-1
169,-1,1708,115,116,111,0.8640830516815186,-1,-1,-1
169,-1,343,109,153,94,0.7768182754516602,-1,-1,-1
169,-1,1161,61,150,95,0.7746350765228271,-1,-1,-1
170,-1,410,249,493,260,0.9917163252830505,-1,-1,-1
170,-1,1282,152,165,105,0.9839390516281128,-1,-1,-1
170,-1,1708,115,116,111,0.874112606048584,-1,-1,-1
170,-1,1161,61,150,95,0.7910884022712708,-1,-1,-1
170,-1,343,109,153,95,0.7736831307411194,-1,-1,-1
171,-1,1280,151,158,108,0.9892573952674866,-1,-1,-1
171,-1,435,245,494,275,0.9837313890457153,-1,-1,-1
171,-1,1707,116,114,109,0.9066761136054993,-1,-1,-1
171,-1,330,111,160,89,0.8365201950073242,-1,-1,-1
171,-1,1167,65,147,91,0.676477313041687,-1,-1,-1
172,-1,1265,151,168,109,0.9837232828140259,-1,-1,-1
172,-1,469,252,518,279,0.9815882444381714,-1,-1,-1
172,-1,1707,117,114,109,0.9129462242126465,-1,-1,-1
172,-1,330,111,160,89,0.8419011831283569,-1,-1,-1
172,-1,1167,64,147,91,0.6652135252952576,-1,-1,-1
173,-1,512,252,541,295,0.9860970377922058,-1,-1,-1
173,-1,1251,154,174,110,0.9848157167434692,-1,-1,-1
173,-1,1707,117,113,109,0.9039860367774963,-1,-1,-1
173,-1,330,111,160,89,0.8536757230758667,-1,-1,-1
173,-1,1163,63,153,93,0.7122436761856079,-1,-1,-1
174,-1,574,273,569,295,0.9893625378608704,-1,-1,-1
174,-1,1239,155,173,109,0.9844580292701721,-1,-1,-1
174,-1,1707,117,114,108,0.8991916179656982,-1,-1,-1
174,-1,330,111,160,89,0.8644591569900513,-1,-1,-1
174,-1,1165,64,149,92,0.6729063987731934,-1,-1,-1
175,-1,1231,157,170,111,0.9907689690589905,-1,-1,-1
175,-1,584,272,619,312,0.9876227378845215,-1,-1,-1
175,-1,1707,117,114,109,0.8845791220664978,-1,-1,-1
175,-1,330,111,159,89,0.8738704919815063,-1,-1,-1
175,-1,1165,64,149,91,0.6476344466209412,-1,-1,-1
176,-1,642,277,665,323,0.9893078207969666,-1,-1,-1
176,-1,1219,156,174,114,0.9874569773674011,-1,-1,-1
176,-1,1708,117,114,109,0.9046806693077087,-1,-1,-1
176,-1,330,111,159,89,0.8633544445037842,-1,-1,-1
176,-1,1162,62,154,93,0.7099363803863525,-1,-1,-1
177,-1,704,294,696,342,0.9892268180847168,-1,-1,-1
177,-1,1205,157,178,120,0.9782494902610779,-1,-1,-1
177,-1,1707,116,115,110,0.900712251663208,-1,-1,-1
177,-1,331,111,159,89,0.8615055680274963,-1,-1,-1
177,-1,1162,63,154,93,0.7091138362884521,-1,-1,-1
178,-1,765,293,739,354,0.9881210327148438,-1,-1,-1
178,-1,1194,159,182,123,0.9858307242393494,-1,-1,-1
178,-1,1707,115,115,112,0.8899314999580383,-1,-1,-1
178,-1,330,111,159,89,0.8643854856491089,-1,-1,-1
178,-1,1162,62,154,93,0.722020149230957,-1,-1,-1
179,-1,862,323,709,354,0.9835243225097656,-1,-1,-1
179,-1,1183,161,186,123,0.9817107915878296,-1,-1,-1
179,-1,1707,115,115,112,0.8981555700302124,-1,-1,-1
179,-1,330,111,159,89,0.8950703144073486,-1,-1,-1
179,-1,1161,60,151,95,0.6620688438415527,-1,-1,-1
179,-1,826,91,168,96,0.6565762162208557,-1,-1,-1
180,-1,923,333,752,369,0.9841291904449463,-1,-1,-1
180,-1,1175,163,185,124,0.9768543839454651,-1,-1,-1
180,-1,330,111,159,89,0.905776858329773,-1,-1,-1
180,-1,1707,115,115,110,0.9015515446662903,-1,-1,-1
180,-1,826,91,167,96,0.6866046786308289,-1,-1,-1
180,-1,1162,61,151,95,0.6742979884147644,-1,-1,-1
181,-1,1174,167,193,119,0.986528754234314,-1,-1,-1
181,-1,964,337,804,403,0.9819090366363525,-1,-1,-1
181,-1,1706,112,120,114,0.9143681526184082,-1,-1,-1
181,-1,331,112,157,88,0.8921849131584167,-1,-1,-1
181,-1,1166,66,149,91,0.7705952525138855,-1,-1,-1
182,-1,1155,168,196,123,0.9803962111473083,-1,-1,-1
182,-1,1040,346,844,431,0.9539221525192261,-1,-1,-1
182,-1,1706,112,120,114,0.9131768941879272,-1,-1,-1
182,-1,331,112,157,88,0.8907155990600586,-1,-1,-1
182,-1,1167,66,148,90,0.7814136743545532,-1,-1,-1
183,-1,1152,169,197,122,0.9757549166679382,-1,-1,-1
183,-1,1129,364,790,436,0.9496604204177856,-1,-1,-1
183,-1,1706,112,120,114,0.9150391817092896,-1,-1,-1
183,-1,331,112,156,88,0.889593780040741,-1,-1,-1
183,-1,1166,66,148,90,0.7543905973434448,-1,-1,-1
184,-1,1139,171,199,119,0.9798762798309326,-1,-1,-1
184,-1,1705,112,120,114,0.902309775352478,-1,-1,-1
184,-1,331,112,156,88,0.8604855537414551,-1,-1,-1
184,-1,1168,66,149,90,0.8285511136054993,-1,-1,-1
184,-1,1189,361,730,453,0.6203439831733704,-1,-1,-1
185,-1,1129,173,201,121,0.982795774936676,-1,-1,-1
185,-1,1706,112,119,114,0.9154068231582642,-1,-1,-1
185,-1,331,112,156,89,0.8785267472267151,-1,-1,-1
185,-1,1167,65,151,91,0.80495285987854,-1,-1,-1
186,-1,1122,172,203,122,0.9881652593612671,-1,-1,-1
186,-1,1706,111,119,115,0.9066152572631836,-1,-1,-1
186,-1,331,112,156,88,0.8859822750091553,-1,-1,-1
186,-1,1167,64,151,92,0.8054267168045044,-1,-1,-1
187,-1,1109,176,207,122,0.9811990261077881,-1,-1,-1
187,-1,1706,113,120,111,0.8913290500640869,-1,-1,-1
187,-1,332,112,155,88,0.8862159252166748,-1,-1,-1
187,-1,1167,65,151,92,0.8031140565872192,-1,-1,-1
188,-1,1097,175,212,124,0.9809677004814148,-1,-1,-1
188,-1,1706,112,119,115,0.8879572153091431,-1,-1,-1
188,-1,331,112,155,88,0.8842778205871582,-1,-1,-1
188,-1,1166,65,151,92,0.8144360184669495,-1,-1,-1
189,-1,1092,179,207,119,0.9783053994178772,-1,-1,-1
189,-1,332,111,155,89,0.9013391137123108,-1,-1,-1
189,-1,1706,112,118,114,0.8690913319587708,-1,-1,-1
189,-1,1166,65,152,92,0.8064265847206116,-1,-1,-1
190,-1,1089,178,210,122,0.9715719819068909,-1,-1,-1
190,-1,332,111,156,88,0.8973921537399292,-1,-1,-1
190,-1,1705,114,122,111,0.8898037672042847,-1,-1,-1
190,-1,1166,64,152,93,0.77468341588974,-1,-1,-1
191,-1,1079,180,208,125,0.9761633276939392,-1,-1,-1
191,-1,332,111,157,88,0.8871751427650452,-1,-1,-1
191,-1,1706,115,121,111,0.8076907396316528,-1,-1,-1
191,-1,1165,62,147,94,0.7815350294113159,-1,-1,-1
192,-1,1068,181,215,127,0.978683352470398,-1,-1,-1
192,-1,332,111,156,88,0.8933057188987732,-1,-1,-1
192,-1,1165,62,148,94,0.7907349467277527,-1,-1,-1
192,-1,1706,115,121,111,0.7906003594398499,-1,-1,-1
193,-1,1064,181,214,128,0.9769669771194458,-1,-1,-1
193,-1,339,112,152,88,0.8991321325302124,-1,-1,-1
193,-1,1706,117,120,108,0.8462580442428589,-1,-1,-1
193,-1,1165,63,147,92,0.7298473715782166,-1,-1,-1
194,-1,1057,184,212,127,0.9831116795539856,-1,-1,-1
194,-1,340,111,149,89,0.9410735368728638,-1,-1,-1
194,-1,1707,115,116,111,0.8524270057678223,-1,-1,-1
194,-1,1165,63,148,93,0.7374951839447021,-1,-1,-1
195,-1,1060,186,211,123,0.9742012023925781,-1,-1,-1
195,-1,340,111,149,89,0.9388664364814758,-1,-1,-1
195,-1,1707,117,120,108,0.8480212688446045,-1,-1,-1
195,-1,1164,63,148,93,0.714989185333252,-1,-1,-1
196,-1,1044,185,219,127,0.980270266532898,-1,-1,-1
196,-1,340,111,149,89,0.9309665560722351,-1,-1,-1
196,-1,1707,116,116,110,0.8469566106796265,-1,-1,-1
196,-1,1165,63,147,93,0.7320801019668579,-1,-1,-1
197,-1,1042,186,223,128,0.9834246039390564,-1,-1,-1
197,-1,340,111,149,89,0.9252486824989319,-1,-1,-1
197,-1,1707,117,115,110,0.8509340882301331,-1,-1,-1
197,-1,1165,63,148,93,0.7345340251922607,-1,-1,-1
198,-1,1038,186,223,127,0.9814664125442505,-1,-1,-1
198,-1,338,112,152,88,0.8711764812469482,-1,-1,-1
198,-1,1169,64,147,93,0.8270012736320496,-1,-1,-1
198,-1,1707,118,115,107,0.7870110273361206,-1,-1,-1
199,-1,1034,187,221,129,0.9818192720413208,-1,-1,-1
199,-1,339,112,152,88,0.8691048622131348,-1,-1,-1
199,-1,1166,63,147,94,0.8259972929954529,-1,-1,-1
199,-1,1707,117,116,109,0.8100326061248779,-1,-1,-1
200,-1,1027,189,219,130,0.9865109920501709,-1,-1,-1
200,-1,339,112,152,88,0.8687905669212341,-1,-1,-1
200,-1,1707,116,116,110,0.8127250075340271,-1,-1,-1
200,-1,1171,64,148,90,0.8024250268936157,-1,-1,-1
201,-1,1022,188,220,132,0.9832916855812073,-1,-1,-1
201,-1,1706,115,116,111,0.9141435623168945,-1,-1,-1
201,-1,1165,63,148,94,0.8507434129714966,-1,-1,-1
201,-1,341,112,151,88,0.8097441792488098,-1,-1,-1
201,-1,1517,389,389,228,0.6529852747917175,-1,-1,-1
202,-1,1022,188,220,131,0.9836879968643188,-1,-1,-1
202,-1,1706,115,116,111,0.9187293648719788,-1,-1,-1
202,-1,1170,65,146,92,0.8273133039474487,-1,-1,-1
202,-1,341,113,151,87,0.7671878337860107,-1,-1,-1
202,-1,1492,388,376,216,0.7196447849273682,-1,-1,-1
203,-1,1022,188,218,130,0.9851058721542358,-1,-1,-1
203,-1,1706,116,116,110,0.9163339138031006,-1,-1,-1
203,-1,1170,65,146,92,0.8362836241722107,-1,-1,-1
203,-1,341,113,151,87,0.750259280204773,-1,-1,-1
203,-1,1496,383,391,226,0.7235215306282043,-1,-1,-1
204,-1,1019,189,220,131,0.9858239889144897,-1,-1,-1
204,-1,1705,115,118,112,0.916201114654541,-1,-1,-1
204,-1,1170,65,146,91,0.8354241251945496,-1,-1,-1
204,-1,341,113,151,87,0.748246431350708,-1,-1,-1
204,-1,1448,382,417,214,0.7199434041976929,-1,-1,-1
205,-1,1019,189,219,131,0.9868987798690796,-1,-1,-1
205,-1,1707,116,115,110,0.9224680662155151,-1,-1,-1
205,-1,1429,372,420,224,0.8721814751625061,-1,-1,-1
205,-1,337,111,154,89,0.8362116813659668,-1,-1,-1
205,-1,1163,61,153,95,0.8206515908241272,-1,-1,-1
206,-1,1016,189,221,131,0.9861965775489807,-1,-1,-1
206,-1,1706,116,116,110,0.9322963953018188,-1,-1,-1
206,-1,1413,367,399,219,0.8665982484817505,-1,-1,-1
206,-1,338,111,154,89,0.8176590800285339,-1,-1,-1
206,-1,1163,61,152,95,0.7948101758956909,-1,-1,-1
207,-1,1017,189,220,132,0.9863103628158569,-1,-1,-1
207,-1,1706,116,116,110,0.9270231127738953,-1,-1,-1
207,-1,1334,354,445,230,0.9038040041923523,-1,-1,-1
207,-1,339,112,153,89,0.86111980676651,-1,-1,-1
207,-1,1164,62,152,95,0.8370154500007629,-1,-1,-1
208,-1,1018,189,219,131,0.9860221147537231,-1,-1,-1
208,-1,1326,351,417,224,0.9212683439254761,-1,-1,-1
208,-1,1706,116,116,110,0.920893132686615,-1,-1,-1
208,-1,339,112,153,89,0.8535875082015991,-1,-1,-1
208,-1,1163,62,153,95,0.838469922542572,-1,-1,-1
209,-1,1018,189,220,131,0.9860888123512268,-1,-1,-1
209,-1,1706,115,117,111,0.9293367266654968,-1,-1,-1
209,-1,1279,345,444,220,0.909963846206665,-1,-1,-1
209,-1,340,112,152,89,0.874218225479126,-1,-1,-1
209,-1,1163,61,153,95,0.8384975790977478,-1,-1,-1
210,-1,1018,189,220,131,0.9857374429702759,-1,-1,-1
210,-1,1244,335,426,221,0.9264223575592041,-1,-1,-1
210,-1,1706,115,116,111,0.8983600735664368,-1,-1,-1
210,-1,339,112,152,88,0.8523554801940918,-1,-1,-1
210,-1,1163,61,153,96,0.8183836340904236,-1,-1,-1
211,-1,1018,189,222,130,0.9853065013885498,-1,-1,-1
211,-1,1201,331,428,214,0.9443539977073669,-1,-1,-1
211,-1,1706,114,117,111,0.9076730608940125,-1,-1,-1
211,-1,335,111,153,87,0.8674669861793518,-1,-1,-1
211,-1,1165,61,152,93,0.6868230700492859,-1,-1,-1
212,-1,1018,189,223,130,0.9847294688224792,-1,-1,-1
212,-1,1154,322,431,216,0.9441089034080505,-1,-1,-1
212,-1,1706,114,117,111,0.9079666137695312,-1,-1,-1
212,-1,339,111,150,89,0.8624361157417297,-1,-1,-1
212,-1,1165,61,152,93,0.6890664100646973,-1,-1,-1
213,-1,1018,188,223,131,0.98530513048172,-1,-1,-1
213,-1,1146,322,404,209,0.9337968230247498,-1,-1,-1
213,-1,1707,114,117,111,0.9201244711875916,-1,-1,-1
213,-1,339,111,150,89,0.8585239052772522,-1,-1,-1
213,-1,1165,61,152,93,0.7029658555984497,-1,-1,-1
214,-1,1018,188,224,131,0.9854625463485718,-1,-1,-1
214,-1,1110,316,394,205,0.9383256435394287,-1,-1,-1
214,-1,1707,114,116,111,0.9140685200691223,-1,-1,-1
214,-1,335,111,153,87,0.8933741450309753,-1,-1,-1
214,-1,1165,61,152,93,0.7022103071212769,-1,-1,-1
215,-1,1018,188,224,131,0.9854478240013123,-1,-1,-1
215,-1,1072,311,392,200,0.9525511264801025,-1,-1,-1
215,-1,1707,113,117,111,0.9132547974586487,-1,-1,-1
215,-1,335,111,153,87,0.8943155407905579,-1,-1,-1
215,-1,1165,61,152,93,0.6834457516670227,-1,-1,-1
216,-1,1018,188,225,132,0.9828147292137146,-1,-1,-1
216,-1,1046,304,380,195,0.9642871618270874,-1,-1,-1
216,-1,1707,113,116,111,0.8978928327560425,-1,-1,-1
216,-1,340,111,149,89,0.8522902727127075,-1,-1,-1
216,-1,1165,61,151,92,0.6736947298049927,-1,-1,-1
217,-1,1021,189,221,130,0.9787632822990417,-1,-1,-1
217,-1,1002,298,383,193,0.9547500014305115,-1,-1,-1
217,-1,1708,112,116,112,0.8953080177307129,-1,-1,-1
217,-1,335,112,153,87,0.8384823203086853,-1,-1,-1
217,-1,1167,64,149,92,0.7452186346054077,-1,-1,-1
218,-1,1021,189,220,129,0.973711371421814,-1,-1,-1
218,-1,939,289,393,193,0.9600216746330261,-1,-1,-1
218,-1,1708,113,117,112,0.9043908715248108,-1,-1,-1
218,-1,335,112,153,86,0.7939861416816711,-1,-1,-1
218,-1,1162,62,151,94,0.7064819931983948,-1,-1,-1
219,-1,1024,188,217,130,0.965945303440094,-1,-1,-1
219,-1,910,281,381,192,0.9253587126731873,-1,-1,-1
219,-1,1708,114,117,112,0.9111927151679993,-1,-1,-1
219,-1,1166,63,150,93,0.7399112582206726,-1,-1,-1
219,-1,348,111,147,89,0.734923779964447,-1,-1,-1
220,-1,1025,188,216,128,0.9573860764503479,-1,-1,-1
220,-1,1708,114,116,111,0.8984352350234985,-1,-1,-1
220,-1,866,268,376,193,0.8853558897972107,-1,-1,-1
220,-1,348,111,147,89,0.758933961391449,-1,-1,-1
220,-1,1161,62,151,94,0.6971233487129211,-1,-1,-1
221,-1,1018,189,224,127,0.9403418302536011,-1,-1,-1
221,-1,824,266,369,188,0.9378722310066223,-1,-1,-1
221,-1,1707,114,116,112,0.8382658958435059,-1,-1,-1
221,-1,1169,65,145,91,0.7181655168533325,-1,-1,-1
222,-1,786,268,362,174,0.9103070497512817,-1,-1,-1
222,-1,1010,188,230,130,0.9053130149841309,-1,-1,-1
222,-1,1707,114,116,112,0.8404839634895325,-1,-1,-1
222,-1,1170,65,145,91,0.729883074760437,-1,-1,-1
223,-1,1007,191,232,127,0.9177023768424988,-1,-1,-1
223,-1,748,261,354,173,0.9053947329521179,-1,-1,-1
223,-1,1707,114,116,113,0.8486453294754028,-1,-1,-1
223,-1,1171,65,144,91,0.6835776567459106,-1,-1,-1
223,-1,347,111,147,90,0.6501926183700562,-1,-1,-1
224,-1,1014,189,225,129,0.9290082454681396,-1,-1,-1
224,-1,720,257,338,172,0.882473349571228,-1,-1,-1
224,-1,1707,114,115,112,0.7497754096984863,-1,-1,-1
224,-1,1172,64,143,91,0.6749476194381714,-1,-1,-1
224,-1,345,111,147,89,0.6635215282440186,-1,-1,-1
225,-1,1023,191,218,128,0.9461321234703064,-1,-1,-1
225,-1,683,248,338,170,0.9186388850212097,-1,-1,-1
225,-1,1168,63,146,93,0.7560277581214905,-1,-1,-1
225,-1,1707,114,114,112,0.7354825735092163,-1,-1,-1
225,-1,346,111,147,89,0.6820440292358398,-1,-1,-1
226,-1,1025,191,219,126,0.9672885537147522,-1,-1,-1
226,-1,630,241,339,168,0.929182767868042,-1,-1,-1
226,-1,347,110,147,91,0.7645311951637268,-1,-1,-1
226,-1,1707,114,115,113,0.7293477058410645,-1,-1,-1
226,-1,1171,64,143,91,0.6788514256477356,-1,-1,-1
227,-1,1015,192,214,129,0.9846987128257751,-1,-1,-1
227,-1,591,236,341,166,0.908808708190918,-1,-1,-1
227,-1,347,110,148,91,0.7605334520339966,-1,-1,-1
227,-1,1707,114,115,113,0.7242599129676819,-1,-1,-1
227,-1,1171,64,143,91,0.6900507211685181,-1,-1,-1
228,-1,1012,192,217,129,0.9880843758583069,-1,-1,-1
228,-1,554,234,341,160,0.9436134099960327,-1,-1,-1
228,-1,1707,114,116,113,0.7713148593902588,-1,-1,-1
228,-1,345,110,148,90,0.6791548728942871,-1,-1,-1
228,-1,1171,64,143,92,0.646489143371582,-1,-1,-1
229,-1,1006,194,220,129,0.9895365238189697,-1,-1,-1
229,-1,537,228,311,157,0.9257967472076416,-1,-1,-1
229,-1,340,112,155,86,0.7742137908935547,-1,-1,-1
229,-1,1707,114,116,113,0.7706629037857056,-1,-1,-1
229,-1,1168,62,144,93,0.6336592435836792,-1,-1,-1
230,-1,997,196,222,130,0.9884894490242004,-1,-1,-1
230,-1,501,225,291,152,0.957792341709137,-1,-1,-1
230,-1,1707,114,116,113,0.7792803645133972,-1,-1,-1
230,-1,339,112,156,86,0.6908408999443054,-1,-1,-1
230,-1,1167,61,145,93,0.6583696603775024,-1,-1,-1
231,-1,993,196,227,132,0.9823732376098633,-1,-1,-1
231,-1,470,224,286,146,0.9476929903030396,-1,-1,-1
231,-1,1707,115,117,113,0.797147274017334,-1,-1,-1
231,-1,1165,62,149,93,0.733563244342804,-1,-1,-1
231,-1,344,111,150,90,0.6679394841194153,-1,-1,-1
232,-1,983,196,228,130,0.9877548813819885,-1,-1,-1
232,-1,443,219,273,147,0.8908859491348267,-1,-1,-1
232,-1,1707,115,118,112,0.7961539626121521,-1,-1,-1
232,-1,1165,63,147,92,0.7324076294898987,-1,-1,-1
232,-1,344,111,150,89,0.6766142249107361,-1,-1,-1
233,-1,976,196,231,131,0.9846808910369873,-1,-1,-1
233,-1,419,216,256,142,0.9091024398803711,-1,-1,-1
233,-1,1706,115,118,112,0.7843636274337769,-1,-1,-1
233,-1,1166,64,146,92,0.7307154536247253,-1,-1,-1
233,-1,344,111,150,89,0.675479531288147,-1,-1,-1
234,-1,964,199,235,131,0.9808783531188965,-1,-1,-1
234,-1,389,209,245,141,0.9120380878448486,-1,-1,-1
234,-1,1165,62,146,94,0.8274932503700256,-1,-1,-1
234,-1,1707,114,118,113,0.7887199521064758,-1,-1,-1
234,-1,345,111,150,91,0.6959214806556702,-1,-1,-1
235,-1,952,200,240,136,0.9762265086174011,-1,-1,-1
235,-1,365,206,242,138,0.9424574971199036,-1,-1,-1
235,-1,1169,63,149,91,0.8696463704109192,-1,-1,-1
235,-1,1707,115,117,112,0.844336211681366,-1,-1,-1
235,-1,344,111,150,91,0.6920744776725769,-1,-1,-1
236,-1,940,201,245,136,0.985079824924469,-1,-1,-1
236,-1,339,204,226,134,0.9414585828781128,-1,-1,-1
236,-1,1169,62,149,92,0.8367807865142822,-1,-1,-1
236,-1,1707,114,118,113,0.808239758014679,-1,-1,-1
236,-1,344,110,151,91,0.7017431259155273,-1,-1,-1
237,-1,939,202,242,137,0.9863603115081787,-1,-1,-1
237,-1,328,203,223,133,0.9396438002586365,-1,-1,-1
237,-1,1707,114,117,113,0.8441240787506104,-1,-1,-1
237,-1,1162,62,149,92,0.8165487051010132,-1,-1,-1
237,-1,345,110,151,91,0.7369899153709412,-1,-1,-1
238,-1,908,204,261,139,0.9831984639167786,-1,-1,-1
238,-1,294,203,218,129,0.9436798691749573,-1,-1,-1
238,-1,1707,114,116,112,0.8593743443489075,-1,-1,-1
238,-1,1168,62,147,94,0.8194155097007751,-1,-1,-1
238,-1,347,109,148,92,0.7469695210456848,-1,-1,-1
239,-1,900,206,257,138,0.9749751091003418,-1,-1,-1
239,-1,274,200,230,127,0.9232172966003418,-1,-1,-1
239,-1,1707,114,116,112,0.8573598861694336,-1,-1,-1
239,-1,1168,62,146,94,0.8138816356658936,-1,-1,-1
239,-1,342,111,149,87,0.7963935732841492,-1,-1,-1
240,-1,884,207,257,143,0.9827075600624084,-1,-1,-1
240,-1,265,196,200,123,0.9381511807441711,-1,-1,-1
240,-1,1707,114,116,112,0.859022319316864,-1,-1,-1
240,-1,1169,62,146,94,0.813026487827301,-1,-1,-1
240,-1,342,112,149,87,0.7780951261520386,-1,-1,-1
241,-1,865,210,259,142,0.9797818660736084,-1,-1,-1
241,-1,258,196,188,122,0.9022952914237976,-1,-1,-1
241,-1,1707,115,116,111,0.8884502053260803,-1,-1,-1
241,-1,339,112,152,85,0.7364373207092285,-1,-1,-1
242,-1,848,213,265,147,0.974577784538269,-1,-1,-1
242,-1,252,193,181,121,0.9102007746696472,-1,-1,-1
242,-1,1707,115,116,111,0.8971695303916931,-1,-1,-1
242,-1,343,111,147,88,0.6519472599029541,-1,-1,-1
243,-1,833,217,265,149,0.9799485802650452,-1,-1,-1
243,-1,1706,116,117,111,0.9120609760284424,-1,-1,-1
243,-1,230,192,181,117,0.8545268177986145,-1,-1,-1
244,-1,798,220,288,150,0.9757190346717834,-1,-1,-1
244,-1,1706,115,118,111,0.9193830490112305,-1,-1,-1
244,-1,201,190,170,116,0.8904106616973877,-1,-1,-1
245,-1,786,221,283,151,0.982373833656311,-1,-1,-1
245,-1,1706,115,118,111,0.9234741926193237,-1,-1,-1
245,-1,184,190,171,111,0.8928560018539429,-1,-1,-1
245,-1,1165,63,146,92,0.6059408187866211,-1,-1,-1
246,-1,756,225,294,154,0.9789711236953735,-1,-1,-1
246,-1,1706,115,118,111,0.9276363253593445,-1,-1,-1
246,-1,163,191,169,107,0.8981375098228455,-1,-1,-1
246,-1,1166,62,147,94,0.649384617805481,-1,-1,-1
247,-1,740,228,296,160,0.9805876612663269,-1,-1,-1
247,-1,153,187,137,108,0.9441752433776855,-1,-1,-1
247,-1,1706,115,117,111,0.9074404239654541,-1,-1,-1
247,-1,1170,65,145,91,0.6614947319030762,-1,-1,-1
248,-1,705,232,311,161,0.9804553985595703,-1,-1,-1
248,-1,1706,116,117,111,0.8857740759849548,-1,-1,-1
248,-1,131,187,151,104,0.7662884593009949,-1,-1,-1
248,-1,1169,65,146,91,0.677832841873169,-1,-1,-1
248,-1,337,111,154,88,0.6397085189819336,-1,-1,-1
249,-1,680,238,312,160,0.980438232421875,-1,-1,-1
249,-1,1706,116,117,110,0.8722368478775024,-1,-1,-1
249,-1,1170,65,146,91,0.6586323380470276,-1,-1,-1
249,-1,337,111,155,88,0.6141761541366577,-1,-1,-1
250,-1,641,242,324,164,0.9826838374137878,-1,-1,-1
250,-1,1707,116,116,111,0.8755418062210083,-1,-1,-1
250,-1,1166,61,147,95,0.72638338804245,-1,-1,-1
250,-1,336,111,155,88,0.6499553918838501,-1,-1,-1
251,-1,612,246,336,169,0.9818729758262634,-1,-1,-1
251,-1,1706,115,117,112,0.8883489370346069,-1,-1,-1
251,-1,1167,61,148,95,0.8391131162643433,-1,-1,-1
251,-1,111,177,138,106,0.6401411294937134,-1,-1,-1
252,-1,574,254,338,170,0.9785792231559753,-1,-1,-1
252,-1,1707,115,116,112,0.8862873911857605,-1,-1,-1
252,-1,1165,61,149,95,0.8136002421379089,-1,-1,-1
252,-1,96,178,136,103,0.6016539931297302,-1,-1,-1
253,-1,535,255,354,181,0.9743966460227966,-1,-1,-1
253,-1,1706,115,117,111,0.8844083547592163,-1,-1,-1
253,-1,1166,61,147,95,0.7531639337539673,-1,-1,-1
253,-1,340,112,155,86,0.7250803112983704,-1,-1,-1
254,-1,493,261,363,188,0.981077253818512,-1,-1,-1
254,-1,1706,116,118,110,0.9200991988182068,-1,-1,-1
254,-1,1170,63,147,94,0.8034965991973877,-1,-1,-1
254,-1,67,178,128,99,0.7232661843299866,-1,-1,-1
254,-1,344,111,150,89,0.6810509562492371,-1,-1,-1
255,-1,450,268,375,197,0.9749132394790649,-1,-1,-1
255,-1,1707,115,116,112,0.9055171608924866,-1,-1,-1
255,-1,52,179,126,99,0.7561149597167969,-1,-1,-1
255,-1,339,113,156,86,0.7441046237945557,-1,-1,-1
255,-1,1165,61,149,96,0.7068440914154053,-1,-1,-1
256,-1,404,280,379,197,0.9822653532028198,-1,-1,-1
256,-1,1707,116,116,111,0.8889493346214294,-1,-1,-1
256,-1,340,113,156,86,0.7486335635185242,-1,-1,-1
257,-1,365,284,384,206,0.9794146418571472,-1,-1,-1
257,-1,1707,116,116,112,0.9046863913536072,-1,-1,-1
257,-1,342,111,153,90,0.6978934407234192,-1,-1,-1
257,-1,1167,62,147,95,0.6949577331542969,-1,-1,-1
258,-1,319,290,404,212,0.9744818806648254,-1,-1,-1
258,-1,1707,116,116,111,0.901346743106842,-1,-1,-1
258,-1,1165,61,149,95,0.6882991194725037,-1,-1,-1
258,-1,342,111,153,90,0.6717109084129333,-1,-1,-1
259,-1,267,304,412,216,0.9668160080909729,-1,-1,-1
259,-1,1707,116,118,111,0.914353609085083,-1,-1,-1
259,-1,1166,61,148,95,0.7380689382553101,-1,-1,-1
259,-1,342,111,154,91,0.6606763005256653,-1,-1,-1
260,-1,222,319,403,220,0.9729933738708496,-1,-1,-1
260,-1,1707,116,117,112,0.906680703163147,-1,-1,-1
260,-1,1166,60,147,96,0.7598894834518433,-1,-1,-1
260,-1,339,112,156,86,0.7518616914749146,-1,-1,-1
