1,-1,1019,418,188,163,0.9688053131103516,-1,-1,-1
1,-1,411,518,354,252,0.9687281250953674,-1,-1,-1
1,-1,1224,453,260,221,0.6939780712127686,-1,-1,-1
2,-1,1016,419,188,159,0.9723231196403503,-1,-1,-1
2,-1,382,521,371,258,0.9653688073158264,-1,-1,-1
2,-1,1227,447,266,217,0.6229894757270813,-1,-1,-1
3,-1,370,529,365,259,0.9749599695205688,-1,-1,-1
3,-1,1015,418,187,163,0.9652657508850098,-1,-1,-1
3,-1,1229,444,267,220,0.7706461548805237,-1,-1,-1
4,-1,1008,423,192,159,0.9702117443084717,-1,-1,-1
4,-1,347,529,369,269,0.9645653963088989,-1,-1,-1
4,-1,1234,445,271,215,0.6729174256324768,-1,-1,-1
5,-1,1002,422,195,160,0.979386031627655,-1,-1,-1
5,-1,327,535,382,272,0.9605497717857361,-1,-1,-1
6,-1,1001,423,193,164,0.9831300377845764,-1,-1,-1
6,-1,301,541,391,278,0.9563105702400208,-1,-1,-1
7,-1,996,424,198,162,0.9822323322296143,-1,-1,-1
7,-1,274,549,405,277,0.9666915535926819,-1,-1,-1
8,-1,996,425,197,161,0.9853402972221375,-1,-1,-1
8,-1,251,558,407,282,0.9816712737083435,-1,-1,-1
9,-1,991,426,197,162,0.9846492409706116,-1,-1,-1
9,-1,222,565,410,290,0.9810131192207336,-1,-1,-1
9,-1,1254,448,242,202,0.6435357332229614,-1,-1,-1
10,-1,196,572,423,295,0.9785349369049072,-1,-1,-1
10,-1,988,425,197,163,0.9772742986679077,-1,-1,-1
10,-1,1252,445,252,204,0.6415339708328247,-1,-1,-1
11,-1,983,426,199,164,0.9814139008522034,-1,-1,-1
11,-1,156,577,436,299,0.9801753163337708,-1,-1,-1
11,-1,1257,447,246,201,0.693301796913147,-1,-1,-1
12,-1,130,589,433,303,0.9808675646781921,-1,-1,-1
12,-1,979,426,201,165,0.9763131737709045,-1,-1,-1
12,-1,1259,450,244,198,0.7389321327209473,-1,-1,-1
13,-1,97,600,447,311,0.9728782773017883,-1,-1,-1
13,-1,974,427,204,166,0.9683831930160522,-1,-1,-1
13,-1,1266,448,239,197,0.7149888873100281,-1,-1,-1
14,-1,58,620,458,306,0.9662567377090454,-1,-1,-1
14,-1,972,427,204,167,0.9653714895248413,-1,-1,-1
15,-1,24,620,458,320,0.9717156887054443,-1,-1,-1
15,-1,967,427,207,169,0.9527884721755981,-1,-1,-1
15,-1,1281,445,227,196,0.6292086839675903,-1,-1,-1
16,-1,961,428,209,171,0.9753628373146057,-1,-1,-1
16,-1,0,637,463,323,0.9551466703414917,-1,-1,-1
16,-1,1268,450,248,191,0.6875008344650269,-1,-1,-1
17,-1,955,430,210,172,0.9749821424484253,-1,-1,-1
17,-1,0,649,442,327,0.8211618661880493,-1,-1,-1
18,-1,953,430,210,173,0.9676748514175415,-1,-1,-1
18,-1,0,659,409,329,0.7428860068321228,-1,-1,-1
19,-1,946,432,212,172,0.9735466837882996,-1,-1,-1
19,-1,1276,450,234,177,0.7063046097755432,-1,-1,-1
20,-1,941,432,216,177,0.9712238311767578,-1,-1,-1
21,-1,933,433,220,176,0.9771673083305359,-1,-1,-1
21,-1,1472,392,291,213,0.7197892069816589,-1,-1,-1
22,-1,925,432,225,177,0.970607340335846,-1,-1,-1
22,-1,1464,386,338,223,0.9053056240081787,-1,-1,-1
23,-1,923,433,220,181,0.970646321773529,-1,-1,-1
23,-1,1483,386,363,223,0.8199098110198975,-1,-1,-1
24,-1,918,433,220,183,0.9684887528419495,-1,-1,-1
24,-1,1517,380,360,224,0.8507774472236633,-1,-1,-1
25,-1,908,437,229,180,0.9610536694526672,-1,-1,-1
25,-1,1542,383,351,217,0.9160767197608948,-1,-1,-1
25,-1,1291,448,217,172,0.8415309190750122,-1,-1,-1
26,-1,905,436,227,183,0.976154625415802,-1,-1,-1
26,-1,1561,387,358,214,0.9215148687362671,-1,-1,-1
26,-1,1295,449,215,167,0.7061302065849304,-1,-1,-1
27,-1,899,436,226,184,0.9677303433418274,-1,-1,-1
27,-1,1296,450,214,167,0.9077171087265015,-1,-1,-1
28,-1,894,428,227,193,0.951225757598877,-1,-1,-1
28,-1,1300,448,208,171,0.9095534682273865,-1,-1,-1
29,-1,887,436,231,190,0.955366313457489,-1,-1,-1
29,-1,1299,449,211,165,0.8910700082778931,-1,-1,-1
30,-1,877,436,234,194,0.9628105163574219,-1,-1,-1
30,-1,1302,449,208,163,0.900265097618103,-1,-1,-1
31,-1,876,438,234,189,0.9548205137252808,-1,-1,-1
31,-1,1305,446,206,165,0.8387988805770874,-1,-1,-1
32,-1,869,435,234,195,0.9666072130203247,-1,-1,-1
32,-1,1306,446,202,162,0.9238928556442261,-1,-1,-1
33,-1,856,437,247,194,0.9549779295921326,-1,-1,-1
33,-1,1308,446,201,162,0.9481513500213623,-1,-1,-1
34,-1,1311,448,197,158,0.9529505372047424,-1,-1,-1
34,-1,854,437,239,195,0.937208890914917,-1,-1,-1
35,-1,847,439,244,196,0.957065224647522,-1,-1,-1
35,-1,1308,447,200,158,0.9339421987533569,-1,-1,-1
36,-1,845,440,242,197,0.9615565538406372,-1,-1,-1
36,-1,1308,444,200,158,0.9253217577934265,-1,-1,-1
37,-1,1310,443,197,158,0.9733961224555969,-1,-1,-1
37,-1,835,439,244,201,0.9305368065834045,-1,-1,-1
38,-1,1312,441,197,158,0.9507044553756714,-1,-1,-1
38,-1,827,437,247,205,0.9481018781661987,-1,-1,-1
39,-1,1312,441,194,155,0.9681021571159363,-1,-1,-1
39,-1,816,440,252,203,0.9195603132247925,-1,-1,-1
40,-1,1314,440,191,154,0.9567588567733765,-1,-1,-1
40,-1,810,440,255,205,0.8910858035087585,-1,-1,-1
41,-1,1314,441,188,152,0.9679205417633057,-1,-1,-1
41,-1,802,438,256,210,0.6923933029174805,-1,-1,-1
42,-1,1313,439,191,154,0.9705243706703186,-1,-1,-1
43,-1,1313,440,190,150,0.9506221413612366,-1,-1,-1
44,-1,1315,439,187,149,0.9688205122947693,-1,-1,-1
45,-1,1316,439,185,147,0.9761444926261902,-1,-1,-1
46,-1,1316,431,186,158,0.9311869740486145,-1,-1,-1
47,-1,1318,430,184,157,0.9657089710235596,-1,-1,-1
48,-1,1320,432,182,152,0.9656499624252319,-1,-1,-1
49,-1,1320,429,180,152,0.9820020198822021,-1,-1,-1
50,-1,1321,430,177,150,0.965571939945221,-1,-1,-1
51,-1,1317,424,180,151,0.959226667881012,-1,-1,-1
52,-1,1321,425,177,149,0.9795331358909607,-1,-1,-1
53,-1,1323,426,175,150,0.9831856489181519,-1,-1,-1
53,-1,854,440,493,589,0.6415731906890869,-1,-1,-1
54,-1,1321,423,175,149,0.9854146242141724,-1,-1,-1
54,-1,681,446,270,235,0.6824675798416138,-1,-1,-1
55,-1,1322,421,170,151,0.9847034811973572,-1,-1,-1
55,-1,669,447,281,235,0.6722055673599243,-1,-1,-1
55,-1,886,435,465,535,0.6519851088523865,-1,-1,-1
56,-1,1321,422,174,147,0.9823814034461975,-1,-1,-1
56,-1,658,449,294,234,0.8694618344306946,-1,-1,-1
56,-1,902,430,445,523,0.6330938935279846,-1,-1,-1
57,-1,1321,423,173,145,0.9878578186035156,-1,-1,-1
57,-1,649,448,293,240,0.884762167930603,-1,-1,-1
57,-1,916,428,447,503,0.6893187761306763,-1,-1,-1
58,-1,1324,424,171,141,0.9894446730613708,-1,-1,-1
58,-1,634,448,300,244,0.9359962344169617,-1,-1,-1
58,-1,928,421,440,492,0.7469585537910461,-1,-1,-1
59,-1,1326,426,168,138,0.9864041805267334,-1,-1,-1
59,-1,620,449,296,247,0.9467915296554565,-1,-1,-1
59,-1,943,411,419,482,0.6789097785949707,-1,-1,-1
60,-1,1328,423,166,140,0.986947774887085,-1,-1,-1
60,-1,611,449,303,250,0.9661416411399841,-1,-1,-1
60,-1,969,407,394,478,0.6770694851875305,-1,-1,-1
61,-1,599,453,304,249,0.97774738073349,-1,-1,-1
61,-1,1332,425,160,136,0.9665381908416748,-1,-1,-1
61,-1,957,401,409,461,0.7652778029441833,-1,-1,-1
62,-1,587,453,310,252,0.9742550849914551,-1,-1,-1
62,-1,1334,423,156,136,0.9570724368095398,-1,-1,-1
62,-1,980,397,393,449,0.7215840816497803,-1,-1,-1
63,-1,574,456,316,252,0.983180582523346,-1,-1,-1
63,-1,1336,423,154,134,0.9027007222175598,-1,-1,-1
63,-1,991,383,389,454,0.8603913187980652,-1,-1,-1
64,-1,565,456,307,257,0.9708483219146729,-1,-1,-1
64,-1,1002,376,391,449,0.8954883217811584,-1,-1,-1
64,-1,1340,423,149,132,0.8492087721824646,-1,-1,-1
65,-1,546,456,330,261,0.9590713977813721,-1,-1,-1
65,-1,1015,368,384,440,0.8534250855445862,-1,-1,-1
66,-1,535,461,324,258,0.9640130400657654,-1,-1,-1
66,-1,1024,367,376,432,0.900757908821106,-1,-1,-1
67,-1,521,460,326,264,0.9466078877449036,-1,-1,-1
67,-1,1036,364,368,423,0.8706197738647461,-1,-1,-1
68,-1,508,464,328,264,0.9817394018173218,-1,-1,-1
68,-1,1056,358,359,419,0.8793933391571045,-1,-1,-1
69,-1,489,463,332,266,0.9827885031700134,-1,-1,-1
69,-1,1060,358,355,409,0.865136981010437,-1,-1,-1
69,-1,1168,233,116,102,0.6134817004203796,-1,-1,-1
70,-1,469,462,344,271,0.9746672511100769,-1,-1,-1
70,-1,1067,352,352,417,0.9074885249137878,-1,-1,-1
70,-1,1170,235,112,99,0.6154782772064209,-1,-1,-1
71,-1,459,464,344,274,0.9620316624641418,-1,-1,-1
71,-1,1072,355,350,396,0.9331550002098083,-1,-1,-1
72,-1,439,463,353,281,0.9561764597892761,-1,-1,-1
72,-1,1088,343,341,404,0.9296880960464478,-1,-1,-1
73,-1,428,465,352,284,0.9748430252075195,-1,-1,-1
73,-1,1097,344,336,393,0.9440340399742126,-1,-1,-1
74,-1,418,468,352,290,0.966692328453064,-1,-1,-1
74,-1,1104,339,332,390,0.9453657269477844,-1,-1,-1
74,-1,1171,236,113,102,0.6191301941871643,-1,-1,-1
75,-1,400,472,359,293,0.9831384420394897,-1,-1,-1
75,-1,1107,337,324,386,0.9465957880020142,-1,-1,-1
75,-1,1170,236,113,101,0.6620135307312012,-1,-1,-1
76,-1,375,478,365,290,0.9760204553604126,-1,-1,-1
76,-1,1110,334,328,384,0.9487206339836121,-1,-1,-1
77,-1,359,472,368,301,0.964123010635376,-1,-1,-1
77,-1,1124,339,328,371,0.930827796459198,-1,-1,-1
78,-1,1131,334,308,372,0.9583430886268616,-1,-1,-1
78,-1,343,480,376,301,0.9458985924720764,-1,-1,-1
79,-1,1141,334,305,359,0.9677935242652893,-1,-1,-1
79,-1,314,481,389,309,0.9509159922599792,-1,-1,-1
80,-1,1147,336,304,350,0.9674099683761597,-1,-1,-1
80,-1,295,492,380,307,0.9598590731620789,-1,-1,-1
81,-1,1152,337,306,353,0.9779651761054993,-1,-1,-1
81,-1,272,494,390,307,0.9377959370613098,-1,-1,-1
81,-1,1171,239,113,102,0.705135703086853,-1,-1,-1
82,-1,1153,333,306,354,0.9761427044868469,-1,-1,-1
82,-1,265,493,394,321,0.9575120806694031,-1,-1,-1
82,-1,1172,240,113,101,0.6220097541809082,-1,-1,-1
83,-1,1159,330,308,350,0.9542558193206787,-1,-1,-1
83,-1,230,499,408,326,0.9442341327667236,-1,-1,-1
83,-1,1028,383,156,134,0.8502803444862366,-1,-1,-1
83,-1,1171,241,115,105,0.609412431716919,-1,-1,-1
84,-1,1165,333,302,345,0.9330816268920898,-1,-1,-1
84,-1,1040,388,147,120,0.9297475218772888,-1,-1,-1
84,-1,204,508,426,327,0.929449200630188,-1,-1,-1
84,-1,1169,243,117,104,0.6223818063735962,-1,-1,-1
85,-1,1175,331,301,335,0.9625014066696167,-1,-1,-1
85,-1,1046,387,148,125,0.9335445165634155,-1,-1,-1
85,-1,177,510,420,335,0.9322461485862732,-1,-1,-1
85,-1,1169,242,117,105,0.614134669303894,-1,-1,-1
86,-1,153,519,430,340,0.9519480466842651,-1,-1,-1
86,-1,1180,326,297,333,0.9510390162467957,-1,-1,-1
86,-1,1047,382,156,131,0.9483139514923096,-1,-1,-1
87,-1,139,525,433,339,0.9744158983230591,-1,-1,-1
87,-1,1053,382,155,129,0.9491863250732422,-1,-1,-1
87,-1,1182,334,295,328,0.9479464888572693,-1,-1,-1
88,-1,1060,385,155,127,0.9787653088569641,-1,-1,-1
88,-1,1195,334,294,328,0.9689823389053345,-1,-1,-1
88,-1,114,525,445,358,0.9467202425003052,-1,-1,-1
89,-1,1063,385,158,130,0.970264732837677,-1,-1,-1
89,-1,1197,335,289,321,0.9326264262199402,-1,-1,-1
89,-1,91,539,448,352,0.9098585247993469,-1,-1,-1
89,-1,1169,244,117,108,0.6445760130882263,-1,-1,-1
90,-1,1072,383,157,131,0.9845043420791626,-1,-1,-1
90,-1,1203,338,291,315,0.9643969535827637,-1,-1,-1
90,-1,69,539,442,366,0.8914217948913574,-1,-1,-1
91,-1,1211,338,286,309,0.9602214694023132,-1,-1,-1
91,-1,1075,388,163,126,0.9552266001701355,-1,-1,-1
91,-1,34,549,468,369,0.9086471796035767,-1,-1,-1
92,-1,1087,387,153,127,0.9806472063064575,-1,-1,-1
92,-1,1215,332,278,314,0.9517830014228821,-1,-1,-1
92,-1,9,564,467,371,0.8624865412712097,-1,-1,-1
93,-1,1092,387,149,127,0.9918501377105713,-1,-1,-1
93,-1,1228,334,272,308,0.9574682116508484,-1,-1,-1
94,-1,1096,386,150,130,0.98948073387146,-1,-1,-1
94,-1,1225,332,275,310,0.9763697981834412,-1,-1,-1
94,-1,0,573,441,382,0.8301753997802734,-1,-1,-1
95,-1,1094,388,156,127,0.9725471138954163,-1,-1,-1
95,-1,1235,337,274,304,0.9649024605751038,-1,-1,-1
95,-1,0,591,423,383,0.6259104013442993,-1,-1,-1
96,-1,1102,385,154,132,0.9819116592407227,-1,-1,-1
96,-1,1236,339,272,300,0.9559513926506042,-1,-1,-1
97,-1,1107,386,149,132,0.9764919877052307,-1,-1,-1
97,-1,1242,335,266,295,0.9671874046325684,-1,-1,-1
98,-1,1111,385,147,133,0.9883699417114258,-1,-1,-1
98,-1,1247,337,261,293,0.9647005796432495,-1,-1,-1
99,-1,1113,385,146,133,0.9775182604789734,-1,-1,-1
99,-1,1254,339,256,292,0.9685733914375305,-1,-1,-1
100,-1,1116,384,145,138,0.9889666438102722,-1,-1,-1
100,-1,1258,340,253,290,0.9543867111206055,-1,-1,-1
101,-1,1115,385,151,137,0.9916384816169739,-1,-1,-1
101,-1,1264,343,252,284,0.9320706725120544,-1,-1,-1
102,-1,1115,386,153,137,0.995595395565033,-1,-1,-1
102,-1,1267,341,247,290,0.9589643478393555,-1,-1,-1
103,-1,1115,386,154,138,0.9955220222473145,-1,-1,-1
103,-1,1268,340,249,282,0.9724690914154053,-1,-1,-1
104,-1,1115,386,156,139,0.9944953322410583,-1,-1,-1
104,-1,1271,343,248,275,0.9653353691101074,-1,-1,-1
105,-1,1115,387,156,139,0.9945302605628967,-1,-1,-1
105,-1,1273,342,245,273,0.9499323964118958,-1,-1,-1
106,-1,1116,388,155,139,0.9951266050338745,-1,-1,-1
106,-1,1276,343,245,270,0.9719318747520447,-1,-1,-1
107,-1,1119,386,153,142,0.9948219060897827,-1,-1,-1
107,-1,1277,340,243,280,0.978432297706604,-1,-1,-1
108,-1,1118,387,154,140,0.9927524328231812,-1,-1,-1
108,-1,1280,339,242,272,0.9683997631072998,-1,-1,-1
109,-1,1120,387,153,141,0.9906265735626221,-1,-1,-1
109,-1,1285,340,238,277,0.9789068102836609,-1,-1,-1
110,-1,1120,385,154,147,0.9932146072387695,-1,-1,-1
110,-1,1287,339,237,271,0.9787734150886536,-1,-1,-1
111,-1,1117,386,156,144,0.9943384528160095,-1,-1,-1
111,-1,1288,340,235,268,0.9806017875671387,-1,-1,-1
112,-1,1116,386,156,145,0.9931354522705078,-1,-1,-1
112,-1,1290,341,235,266,0.9732888340950012,-1,-1,-1
113,-1,1116,387,155,144,0.9904272556304932,-1,-1,-1
113,-1,1292,340,232,263,0.9658600091934204,-1,-1,-1
114,-1,1117,387,153,145,0.9892390966415405,-1,-1,-1
114,-1,1296,341,229,261,0.9673640727996826,-1,-1,-1
115,-1,1117,387,156,146,0.9845712184906006,-1,-1,-1
115,-1,1301,344,223,259,0.9736267924308777,-1,-1,-1
116,-1,1117,388,153,147,0.981404721736908,-1,-1,-1
116,-1,1305,344,220,256,0.9680700898170471,-1,-1,-1
117,-1,1116,389,157,146,0.9869868159294128,-1,-1,-1
117,-1,1306,342,222,253,0.9568997621536255,-1,-1,-1
117,-1,1158,268,122,107,0.6298303604125977,-1,-1,-1
118,-1,1116,387,156,150,0.987392008304596,-1,-1,-1
118,-1,1311,343,221,250,0.9268712997436523,-1,-1,-1
118,-1,1158,267,122,107,0.6265303492546082,-1,-1,-1
119,-1,1112,389,157,149,0.9864634275436401,-1,-1,-1
119,-1,1309,340,217,251,0.9198846817016602,-1,-1,-1
120,-1,1110,390,159,148,0.98711758852005,-1,-1,-1
120,-1,1311,338,219,251,0.9450373649597168,-1,-1,-1
120,-1,1157,267,123,109,0.6025661826133728,-1,-1,-1
121,-1,1110,394,161,143,0.9913233518600464,-1,-1,-1
121,-1,1314,336,219,254,0.9620019793510437,-1,-1,-1
121,-1,894,717,444,352,0.9539679884910583,-1,-1,-1
121,-1,1157,269,122,107,0.601270318031311,-1,-1,-1
122,-1,1110,394,162,142,0.9858437776565552,-1,-1,-1
122,-1,1313,336,220,253,0.943799614906311,-1,-1,-1
122,-1,913,703,434,360,0.9242657423019409,-1,-1,-1
123,-1,1107,393,167,143,0.981727123260498,-1,-1,-1
123,-1,900,682,445,374,0.9596592783927917,-1,-1,-1
123,-1,1317,338,217,248,0.9461331963539124,-1,-1,-1
124,-1,1102,392,170,145,0.9713405966758728,-1,-1,-1
124,-1,922,666,434,393,0.9664360880851746,-1,-1,-1
124,-1,1324,334,211,249,0.933601438999176,-1,-1,-1
125,-1,929,658,433,378,0.983393132686615,-1,-1,-1
125,-1,1093,393,176,147,0.9799312949180603,-1,-1,-1
125,-1,1328,333,207,246,0.9581257104873657,-1,-1,-1
126,-1,946,644,416,380,0.9818090796470642,-1,-1,-1
126,-1,1088,393,178,149,0.9808942079544067,-1,-1,-1
126,-1,1332,329,201,247,0.9481410980224609,-1,-1,-1
127,-1,949,630,415,372,0.9790194630622864,-1,-1,-1
127,-1,1091,391,173,153,0.97194504737854,-1,-1,-1
127,-1,1333,327,201,246,0.9614825248718262,-1,-1,-1
127,-1,1156,274,122,108,0.6050651669502258,-1,-1,-1
128,-1,949,620,416,359,0.9850601553916931,-1,-1,-1
128,-1,1091,394,170,149,0.9771885871887207,-1,-1,-1
128,-1,1332,340,202,236,0.940638542175293,-1,-1,-1
129,-1,1088,396,172,149,0.9821785092353821,-1,-1,-1
129,-1,967,606,399,356,0.9798136353492737,-1,-1,-1
129,-1,1333,340,201,233,0.9611402153968811,-1,-1,-1
130,-1,968,593,406,350,0.9865726232528687,-1,-1,-1
130,-1,1087,396,171,151,0.9844468235969543,-1,-1,-1
130,-1,1337,332,196,237,0.9473485946655273,-1,-1,-1
131,-1,983,578,394,346,0.985699474811554,-1,-1,-1
131,-1,1085,398,173,152,0.985215425491333,-1,-1,-1
131,-1,1340,324,192,240,0.9100171327590942,-1,-1,-1
132,-1,985,568,391,340,0.9864094257354736,-1,-1,-1
132,-1,1082,399,174,152,0.9829977750778198,-1,-1,-1
132,-1,1337,336,198,230,0.9191325306892395,-1,-1,-1
133,-1,999,553,380,330,0.9874037504196167,-1,-1,-1
133,-1,1078,398,175,152,0.9841741323471069,-1,-1,-1
133,-1,1341,328,192,238,0.9256340861320496,-1,-1,-1
133,-1,1156,279,126,110,0.6540842056274414,-1,-1,-1
134,-1,1009,548,369,329,0.989116370677948,-1,-1,-1
134,-1,1073,395,176,156,0.9723816514015198,-1,-1,-1
134,-1,1342,329,193,237,0.8870269656181335,-1,-1,-1
134,-1,1155,280,126,109,0.6073411107063293,-1,-1,-1
134,-1,1682,452,234,142,0.6045445203781128,-1,-1,-1
135,-1,1011,541,379,325,0.9892597198486328,-1,-1,-1
135,-1,1068,392,182,162,0.9713574647903442,-1,-1,-1
135,-1,1344,328,191,236,0.8941867351531982,-1,-1,-1
135,-1,1676,442,234,150,0.6229784488677979,-1,-1,-1
136,-1,1026,533,369,321,0.9899291396141052,-1,-1,-1
136,-1,1061,393,185,161,0.9548283219337463,-1,-1,-1
136,-1,1344,325,189,235,0.8441516160964966,-1,-1,-1
136,-1,1628,444,276,155,0.6967785954475403,-1,-1,-1
136,-1,1156,282,126,110,0.6117938160896301,-1,-1,-1
137,-1,1031,525,364,312,0.9879711270332336,-1,-1,-1
137,-1,1054,396,191,159,0.9491501450538635,-1,-1,-1
137,-1,1343,340,190,218,0.8665523529052734,-1,-1,-1
137,-1,1576,444,324,151,0.8056508302688599,-1,-1,-1
138,-1,1047,519,347,307,0.9910256266593933,-1,-1,-1
138,-1,1051,396,195,161,0.9494749903678894,-1,-1,-1
138,-1,1569,452,322,141,0.9332240223884583,-1,-1,-1
138,-1,1345,341,187,215,0.8290653824806213,-1,-1,-1
139,-1,1053,512,349,304,0.9880407452583313,-1,-1,-1
139,-1,1546,453,335,139,0.9581230878829956,-1,-1,-1
139,-1,1047,394,197,163,0.9236618280410767,-1,-1,-1
139,-1,1346,343,186,213,0.8541216254234314,-1,-1,-1
140,-1,1062,503,344,301,0.9888413548469543,-1,-1,-1
140,-1,1534,450,347,140,0.9607856273651123,-1,-1,-1
140,-1,1043,395,198,163,0.9170997738838196,-1,-1,-1
140,-1,1352,325,179,227,0.8091100454330444,-1,-1,-1
140,-1,1154,286,128,110,0.6184605360031128,-1,-1,-1
141,-1,1070,500,348,293,0.9909021258354187,-1,-1,-1
141,-1,1497,445,362,148,0.9499499201774597,-1,-1,-1
141,-1,1035,399,203,159,0.8723472356796265,-1,-1,-1
141,-1,1350,329,183,223,0.7966216206550598,-1,-1,-1
141,-1,1155,287,127,110,0.6477606296539307,-1,-1,-1
142,-1,1084,493,335,292,0.9911742210388184,-1,-1,-1
142,-1,1482,446,350,144,0.957525908946991,-1,-1,-1
142,-1,1033,397,195,165,0.7956139445304871,-1,-1,-1
142,-1,1350,328,183,223,0.7744765281677246,-1,-1,-1
142,-1,1154,288,127,110,0.6286627650260925,-1,-1,-1
143,-1,1083,485,334,293,0.9908018708229065,-1,-1,-1
143,-1,1455,448,341,147,0.9374645352363586,-1,-1,-1
143,-1,1030,400,185,161,0.8020998239517212,-1,-1,-1
143,-1,1153,289,127,111,0.6507314443588257,-1,-1,-1
143,-1,1352,326,179,222,0.6100302934646606,-1,-1,-1
144,-1,1092,485,328,288,0.9933205842971802,-1,-1,-1
144,-1,1431,447,357,146,0.8931475877761841,-1,-1,-1
144,-1,1023,399,188,164,0.7993457317352295,-1,-1,-1
144,-1,1152,289,127,112,0.6652032732963562,-1,-1,-1
145,-1,1104,484,320,277,0.9894269704818726,-1,-1,-1
145,-1,1016,402,193,164,0.8546104431152344,-1,-1,-1
145,-1,1410,445,382,153,0.8319146633148193,-1,-1,-1
145,-1,1152,290,127,110,0.7215428352355957,-1,-1,-1
146,-1,1109,478,325,273,0.9929705262184143,-1,-1,-1
146,-1,1016,401,190,169,0.8848894834518433,-1,-1,-1
146,-1,1414,442,384,153,0.7676764130592346,-1,-1,-1
146,-1,1152,291,127,112,0.7096062302589417,-1,-1,-1
147,-1,1122,471,316,275,0.9946374297142029,-1,-1,-1
147,-1,1012,403,191,173,0.9070817828178406,-1,-1,-1
147,-1,1383,443,350,152,0.8900768160820007,-1,-1,-1
147,-1,1151,291,126,111,0.7127809524536133,-1,-1,-1
148,-1,1130,468,315,272,0.9928597211837769,-1,-1,-1
148,-1,1009,404,190,174,0.9111202955245972,-1,-1,-1
148,-1,1383,440,359,157,0.8679854273796082,-1,-1,-1
148,-1,1150,291,127,114,0.6141685843467712,-1,-1,-1
149,-1,1132,469,307,265,0.99540114402771,-1,-1,-1
149,-1,999,404,195,176,0.9147781729698181,-1,-1,-1
149,-1,1392,440,331,152,0.8764599561691284,-1,-1,-1
150,-1,1144,456,306,269,0.9851729869842529,-1,-1,-1
150,-1,989,406,202,176,0.8792506456375122,-1,-1,-1
150,-1,665,403,180,108,0.8512188792228699,-1,-1,-1
150,-1,1391,437,289,151,0.8495203852653503,-1,-1,-1
151,-1,1150,456,305,263,0.9598215222358704,-1,-1,-1
151,-1,987,404,207,177,0.9150424599647522,-1,-1,-1
151,-1,647,400,185,112,0.6114999055862427,-1,-1,-1
152,-1,1157,457,298,261,0.9840308427810669,-1,-1,-1
152,-1,983,406,208,177,0.9315215945243835,-1,-1,-1
153,-1,1161,454,296,258,0.9809657335281372,-1,-1,-1
153,-1,978,405,210,180,0.9601433277130127,-1,-1,-1
153,-1,651,402,157,108,0.7523428797721863,-1,-1,-1
154,-1,1171,448,291,258,0.9823081493377686,-1,-1,-1
154,-1,969,406,215,181,0.9535998106002808,-1,-1,-1
155,-1,1179,448,285,250,0.9795922636985779,-1,-1,-1
155,-1,964,408,214,180,0.9533369541168213,-1,-1,-1
156,-1,1183,441,292,257,0.9798179864883423,-1,-1,-1
156,-1,958,407,216,185,0.9577128887176514,-1,-1,-1
157,-1,1196,448,276,243,0.9671095013618469,-1,-1,-1
157,-1,951,408,217,187,0.9509497284889221,-1,-1,-1
158,-1,1202,440,279,248,0.978217601776123,-1,-1,-1
158,-1,941,409,222,189,0.9485654234886169,-1,-1,-1
158,-1,1127,407,131,129,0.7164655327796936,-1,-1,-1
159,-1,1204,439,280,244,0.977580189704895,-1,-1,-1
159,-1,939,412,221,187,0.8378020524978638,-1,-1,-1
159,-1,1125,409,133,128,0.7322290539741516,-1,-1,-1
160,-1,1213,436,277,243,0.9703757166862488,-1,-1,-1
160,-1,929,412,226,191,0.8836588859558105,-1,-1,-1
160,-1,1123,411,134,129,0.8620905876159668,-1,-1,-1
161,-1,1224,433,265,241,0.9576042890548706,-1,-1,-1
161,-1,922,414,229,193,0.9334263205528259,-1,-1,-1
161,-1,1123,413,136,125,0.9169383645057678,-1,-1,-1
162,-1,1229,435,263,237,0.9587072730064392,-1,-1,-1
162,-1,1121,416,139,121,0.9362748861312866,-1,-1,-1
162,-1,909,414,239,195,0.8988276124000549,-1,-1,-1
162,-1,1140,304,128,117,0.6006250381469727,-1,-1,-1
163,-1,1230,435,262,235,0.9664621353149414,-1,-1,-1
163,-1,1119,418,141,121,0.9618343114852905,-1,-1,-1
163,-1,910,413,230,201,0.9158616662025452,-1,-1,-1
164,-1,1233,437,262,230,0.9622940421104431,-1,-1,-1
164,-1,907,412,228,203,0.9497323632240295,-1,-1,-1
164,-1,1116,412,144,128,0.9210130572319031,-1,-1,-1
164,-1,1139,307,128,115,0.632011353969574,-1,-1,-1
165,-1,904,415,222,199,0.9511961340904236,-1,-1,-1
165,-1,1242,437,257,227,0.93183833360672,-1,-1,-1
165,-1,1108,412,152,129,0.8792555332183838,-1,-1,-1
165,-1,1139,310,126,113,0.629521369934082,-1,-1,-1
166,-1,890,416,229,201,0.9527807831764221,-1,-1,-1
166,-1,1098,408,165,132,0.9494152665138245,-1,-1,-1
166,-1,1248,433,248,229,0.9478003978729248,-1,-1,-1
166,-1,1137,310,127,113,0.7149645686149597,-1,-1,-1
167,-1,1101,409,157,131,0.9814175963401794,-1,-1,-1
167,-1,1247,434,251,222,0.935662567615509,-1,-1,-1
167,-1,872,416,250,207,0.9170746207237244,-1,-1,-1
167,-1,1134,310,131,113,0.6300920248031616,-1,-1,-1
168,-1,1102,409,155,132,0.98703533411026,-1,-1,-1
168,-1,867,412,250,210,0.9334926605224609,-1,-1,-1
168,-1,1250,434,248,219,0.9245507717132568,-1,-1,-1
168,-1,1135,311,128,113,0.6327957510948181,-1,-1,-1
169,-1,1102,411,156,133,0.975726306438446,-1,-1,-1
169,-1,863,414,250,214,0.9511435031890869,-1,-1,-1
169,-1,1256,434,250,215,0.9400392174720764,-1,-1,-1
169,-1,1136,312,129,114,0.6792815923690796,-1,-1,-1
170,-1,1105,409,153,138,0.9774356484413147,-1,-1,-1
170,-1,854,413,253,216,0.9512990117073059,-1,-1,-1
170,-1,1261,434,247,213,0.9340624809265137,-1,-1,-1
170,-1,1137,313,128,113,0.6551700830459595,-1,-1,-1
171,-1,1103,411,153,137,0.9923238754272461,-1,-1,-1
171,-1,1262,435,244,213,0.9720537662506104,-1,-1,-1
171,-1,848,418,250,211,0.9629179239273071,-1,-1,-1
172,-1,1101,410,154,141,0.9917407035827637,-1,-1,-1
172,-1,841,415,252,219,0.9680445194244385,-1,-1,-1
172,-1,1268,436,236,207,0.9559953808784485,-1,-1,-1
173,-1,1099,411,156,140,0.9890915155410767,-1,-1,-1
173,-1,832,414,255,221,0.9647630453109741,-1,-1,-1
173,-1,1270,435,235,207,0.9551905989646912,-1,-1,-1
174,-1,1099,413,157,138,0.9761281609535217,-1,-1,-1
174,-1,817,413,264,226,0.9748218059539795,-1,-1,-1
174,-1,1271,434,243,208,0.94680255651474,-1,-1,-1
175,-1,1095,414,159,138,0.9846103191375732,-1,-1,-1
175,-1,803,414,266,228,0.9805655479431152,-1,-1,-1
175,-1,1276,433,237,206,0.9393406510353088,-1,-1,-1
176,-1,1095,414,159,142,0.9838751554489136,-1,-1,-1
176,-1,797,415,264,229,0.9822955131530762,-1,-1,-1
176,-1,1278,431,236,211,0.9412662386894226,-1,-1,-1
177,-1,1093,415,157,139,0.9847732782363892,-1,-1,-1
177,-1,786,419,264,228,0.9823746085166931,-1,-1,-1
177,-1,1282,432,233,203,0.9408011436462402,-1,-1,-1
178,-1,1091,417,158,138,0.9875400066375732,-1,-1,-1
178,-1,777,415,270,237,0.9748124480247498,-1,-1,-1
178,-1,1287,430,232,205,0.9515801072120667,-1,-1,-1
178,-1,1268,294,118,106,0.6565563678741455,-1,-1,-1
179,-1,1087,417,161,139,0.9908638596534729,-1,-1,-1
179,-1,765,414,274,243,0.9760468006134033,-1,-1,-1
179,-1,1290,429,233,204,0.9541674256324768,-1,-1,-1
179,-1,1269,293,115,104,0.715221643447876,-1,-1,-1
180,-1,1086,417,161,140,0.986935019493103,-1,-1,-1
180,-1,749,414,278,241,0.9761480093002319,-1,-1,-1
180,-1,1294,431,231,197,0.9529610276222229,-1,-1,-1
180,-1,1269,292,115,105,0.7360996007919312,-1,-1,-1
181,-1,1083,420,158,138,0.9893220663070679,-1,-1,-1
181,-1,727,417,292,242,0.9808909893035889,-1,-1,-1
181,-1,1296,429,230,196,0.9422650337219238,-1,-1,-1
182,-1,1081,422,161,137,0.9854286313056946,-1,-1,-1
182,-1,712,418,298,245,0.978725254535675,-1,-1,-1
182,-1,1299,430,228,195,0.9347018599510193,-1,-1,-1
183,-1,1080,421,160,138,0.9885656237602234,-1,-1,-1
183,-1,699,419,302,247,0.9682281613349915,-1,-1,-1
183,-1,1307,426,227,195,0.9395716190338135,-1,-1,-1
184,-1,1077,425,160,138,0.98972487449646,-1,-1,-1
184,-1,686,422,304,247,0.9750204682350159,-1,-1,-1
184,-1,1312,426,221,197,0.9090874195098877,-1,-1,-1
185,-1,676,424,307,251,0.9771398901939392,-1,-1,-1
185,-1,1074,427,163,137,0.9756976366043091,-1,-1,-1
185,-1,1314,424,215,196,0.9036736488342285,-1,-1,-1
186,-1,1072,426,163,139,0.9861031770706177,-1,-1,-1
186,-1,664,424,300,253,0.9859161972999573,-1,-1,-1
186,-1,1316,424,217,194,0.853973925113678,-1,-1,-1
187,-1,1067,427,164,139,0.9900904893875122,-1,-1,-1
187,-1,649,421,307,259,0.9686117768287659,-1,-1,-1
187,-1,1318,425,212,189,0.9261016249656677,-1,-1,-1
188,-1,1066,426,166,142,0.9874512553215027,-1,-1,-1
188,-1,635,424,308,261,0.96512371301651,-1,-1,-1
188,-1,1324,425,207,189,0.9434777498245239,-1,-1,-1
189,-1,1062,430,166,140,0.9906495213508606,-1,-1,-1
189,-1,620,427,311,263,0.9757256507873535,-1,-1,-1
189,-1,1328,425,205,187,0.9090425372123718,-1,-1,-1
190,-1,1062,432,163,139,0.9877633452415466,-1,-1,-1
190,-1,601,432,322,261,0.9824503660202026,-1,-1,-1
190,-1,1332,424,203,184,0.9168477654457092,-1,-1,-1
191,-1,1059,432,162,141,0.9877499938011169,-1,-1,-1
191,-1,575,427,337,273,0.9727041125297546,-1,-1,-1
191,-1,1334,422,203,184,0.7786242961883545,-1,-1,-1
192,-1,1055,433,162,143,0.9880451560020447,-1,-1,-1
192,-1,564,425,335,282,0.9787006974220276,-1,-1,-1
192,-1,1336,423,202,182,0.7495811581611633,-1,-1,-1
193,-1,1051,435,168,142,0.9841099977493286,-1,-1,-1
193,-1,542,428,351,279,0.9725541472434998,-1,-1,-1
193,-1,1338,423,200,180,0.8149465918540955,-1,-1,-1
194,-1,1051,435,164,144,0.9857966303825378,-1,-1,-1
194,-1,520,434,353,279,0.9771757125854492,-1,-1,-1
194,-1,1334,425,201,178,0.78054279088974,-1,-1,-1
195,-1,1045,436,169,142,0.9860828518867493,-1,-1,-1
195,-1,503,435,353,283,0.9787845015525818,-1,-1,-1
195,-1,1338,420,200,180,0.8913335204124451,-1,-1,-1
196,-1,1041,437,171,143,0.9875063896179199,-1,-1,-1
196,-1,477,445,371,276,0.9827557802200317,-1,-1,-1
196,-1,1340,420,199,177,0.8279549479484558,-1,-1,-1
197,-1,1039,437,171,143,0.988286554813385,-1,-1,-1
197,-1,453,437,372,294,0.9717469811439514,-1,-1,-1
197,-1,1342,419,197,176,0.8598458766937256,-1,-1,-1
198,-1,1034,441,171,142,0.9917677640914917,-1,-1,-1
198,-1,428,443,382,293,0.9876964688301086,-1,-1,-1
198,-1,1343,418,196,175,0.8439472913742065,-1,-1,-1
199,-1,1029,441,173,144,0.9881699085235596,-1,-1,-1
199,-1,413,439,377,306,0.9806232452392578,-1,-1,-1
199,-1,1346,419,193,173,0.7904345989227295,-1,-1,-1
200,-1,387,440,386,309,0.9835395812988281,-1,-1,-1
200,-1,1023,443,177,142,0.9810032844543457,-1,-1,-1
200,-1,1351,423,187,168,0.929606556892395,-1,-1,-1
201,-1,1021,442,175,145,0.9929711222648621,-1,-1,-1
201,-1,368,447,391,306,0.9808972477912903,-1,-1,-1
201,-1,1352,422,187,167,0.9397695064544678,-1,-1,-1
202,-1,1016,443,176,148,0.9876435995101929,-1,-1,-1
202,-1,338,442,402,327,0.9832382202148438,-1,-1,-1
202,-1,1351,421,192,168,0.9599692821502686,-1,-1,-1
203,-1,1012,443,178,148,0.9904760122299194,-1,-1,-1
203,-1,307,444,414,328,0.9880025386810303,-1,-1,-1
203,-1,1356,417,184,167,0.9220274090766907,-1,-1,-1
204,-1,1007,445,183,146,0.9889810085296631,-1,-1,-1
204,-1,283,449,414,334,0.9809548854827881,-1,-1,-1
204,-1,1357,414,185,166,0.7680314183235168,-1,-1,-1
205,-1,1002,445,182,150,0.9841948747634888,-1,-1,-1
205,-1,256,457,426,336,0.9627456665039062,-1,-1,-1
205,-1,1357,412,188,166,0.8355629444122314,-1,-1,-1
205,-1,1289,334,147,160,0.7040377855300903,-1,-1,-1
206,-1,998,446,183,154,0.9849263429641724,-1,-1,-1
206,-1,224,458,432,352,0.9605233669281006,-1,-1,-1
206,-1,1358,416,184,165,0.9103702902793884,-1,-1,-1
206,-1,1282,338,152,155,0.7731133103370667,-1,-1,-1
207,-1,996,450,182,152,0.9881921410560608,-1,-1,-1
207,-1,206,468,434,347,0.9733223915100098,-1,-1,-1
207,-1,1359,414,186,163,0.9294331073760986,-1,-1,-1
207,-1,1276,339,156,154,0.7347032427787781,-1,-1,-1
208,-1,988,451,187,153,0.9882898330688477,-1,-1,-1
208,-1,164,472,448,358,0.9741863012313843,-1,-1,-1
208,-1,1359,412,187,167,0.9612916707992554,-1,-1,-1
208,-1,1271,337,157,152,0.7566958665847778,-1,-1,-1
209,-1,982,452,188,154,0.9874743223190308,-1,-1,-1
209,-1,144,480,451,362,0.9599335789680481,-1,-1,-1
209,-1,1360,411,185,167,0.952176034450531,-1,-1,-1
209,-1,1260,337,171,155,0.6740412712097168,-1,-1,-1
210,-1,972,454,192,154,0.9869484901428223,-1,-1,-1
210,-1,106,482,461,372,0.956078290939331,-1,-1,-1
210,-1,1361,410,183,167,0.9348180890083313,-1,-1,-1
210,-1,1251,335,167,152,0.803253710269928,-1,-1,-1
210,-1,1113,418,141,121,0.6236735582351685,-1,-1,-1
211,-1,970,455,194,154,0.9862213134765625,-1,-1,-1
211,-1,1367,411,177,160,0.9653615951538086,-1,-1,-1
211,-1,82,490,456,376,0.9437527656555176,-1,-1,-1
211,-1,1247,335,173,155,0.7522674202919006,-1,-1,-1
211,-1,1109,422,141,116,0.6298978328704834,-1,-1,-1
212,-1,966,455,193,159,0.9871724247932434,-1,-1,-1
212,-1,1365,410,178,161,0.9659034609794617,-1,-1,-1
212,-1,57,507,466,379,0.9563901424407959,-1,-1,-1
212,-1,1232,328,175,160,0.8604129552841187,-1,-1,-1
213,-1,959,456,196,157,0.9901397824287415,-1,-1,-1
213,-1,12,517,485,388,0.9788715243339539,-1,-1,-1
213,-1,1366,409,177,160,0.959388256072998,-1,-1,-1
213,-1,1219,332,177,158,0.9088714122772217,-1,-1,-1
213,-1,910,734,435,324,0.7719552516937256,-1,-1,-1
213,-1,1104,424,142,116,0.7167874574661255,-1,-1,-1
214,-1,949,457,197,157,0.9840515851974487,-1,-1,-1
214,-1,1366,409,177,159,0.9660916924476624,-1,-1,-1
214,-1,0,528,473,391,0.9290925860404968,-1,-1,-1
214,-1,924,713,429,345,0.9024450182914734,-1,-1,-1
214,-1,1209,329,177,159,0.8405061960220337,-1,-1,-1
214,-1,1103,423,152,120,0.822818398475647,-1,-1,-1
215,-1,943,456,207,159,0.9887455105781555,-1,-1,-1
215,-1,1368,408,175,157,0.9518871307373047,-1,-1,-1
215,-1,940,698,426,341,0.898380696773529,-1,-1,-1
215,-1,1194,326,186,160,0.8558410406112671,-1,-1,-1
215,-1,1100,422,155,123,0.8166132569313049,-1,-1,-1
215,-1,0,528,449,410,0.7486363649368286,-1,-1,-1
216,-1,934,456,206,164,0.9831123948097229,-1,-1,-1
216,-1,1369,408,174,156,0.9592587947845459,-1,-1,-1
216,-1,1097,423,159,129,0.8995627760887146,-1,-1,-1
216,-1,950,677,418,335,0.882267951965332,-1,-1,-1
216,-1,1176,322,188,163,0.7391496300697327,-1,-1,-1
216,-1,0,544,424,413,0.721336841583252,-1,-1,-1
217,-1,925,455,212,166,0.9723125696182251,-1,-1,-1
217,-1,1375,409,167,158,0.9575337767601013,-1,-1,-1
217,-1,1102,423,154,126,0.9471345543861389,-1,-1,-1
217,-1,963,662,411,327,0.8567898273468018,-1,-1,-1
217,-1,0,556,396,422,0.662449061870575,-1,-1,-1
218,-1,1371,407,171,156,0.9720152020454407,-1,-1,-1
218,-1,914,457,215,169,0.9584161043167114,-1,-1,-1
218,-1,1095,424,160,126,0.942568838596344,-1,-1,-1
218,-1,983,651,389,316,0.7954808473587036,-1,-1,-1
219,-1,1095,425,162,125,0.9777203798294067,-1,-1,-1
219,-1,1371,406,170,154,0.9698464274406433,-1,-1,-1
219,-1,912,458,214,170,0.9615890979766846,-1,-1,-1
219,-1,997,639,393,303,0.8759297132492065,-1,-1,-1
220,-1,1098,424,158,127,0.9686188101768494,-1,-1,-1
220,-1,1372,405,169,154,0.9659252762794495,-1,-1,-1
220,-1,909,461,203,169,0.9648077487945557,-1,-1,-1
220,-1,1003,624,394,304,0.908454418182373,-1,-1,-1
221,-1,1098,423,163,129,0.9754568338394165,-1,-1,-1
221,-1,1374,403,168,154,0.9723502993583679,-1,-1,-1
221,-1,897,456,214,179,0.9632882475852966,-1,-1,-1
221,-1,1029,606,374,301,0.8589478135108948,-1,-1,-1
222,-1,1097,423,164,130,0.9702335000038147,-1,-1,-1
222,-1,892,462,218,173,0.9677199721336365,-1,-1,-1
222,-1,1376,403,166,153,0.9609103202819824,-1,-1,-1
222,-1,1040,593,365,298,0.922266960144043,-1,-1,-1
223,-1,1096,419,164,134,0.977295458316803,-1,-1,-1
223,-1,879,458,219,180,0.9674760103225708,-1,-1,-1
223,-1,1375,400,167,154,0.956697404384613,-1,-1,-1
223,-1,1045,582,369,291,0.9405479431152344,-1,-1,-1
224,-1,1097,418,163,135,0.9794522523880005,-1,-1,-1
224,-1,872,464,220,173,0.9674363732337952,-1,-1,-1
224,-1,1377,400,164,153,0.944581151008606,-1,-1,-1
224,-1,1058,572,359,287,0.8575114011764526,-1,-1,-1
225,-1,1093,424,169,128,0.9800020456314087,-1,-1,-1
225,-1,866,466,217,172,0.9733797311782837,-1,-1,-1
225,-1,1379,400,168,150,0.9555787444114685,-1,-1,-1
225,-1,1061,565,359,284,0.8777109384536743,-1,-1,-1
226,-1,1093,423,167,132,0.9846577048301697,-1,-1,-1
226,-1,1381,399,162,152,0.961255669593811,-1,-1,-1
226,-1,854,461,223,181,0.9591494798660278,-1,-1,-1
226,-1,1087,553,345,277,0.8749065399169922,-1,-1,-1
227,-1,1094,424,165,132,0.9822439551353455,-1,-1,-1
227,-1,845,468,226,179,0.9608507752418518,-1,-1,-1
227,-1,1382,399,161,151,0.9605715274810791,-1,-1,-1
227,-1,1105,543,338,281,0.6692367196083069,-1,-1,-1
228,-1,1093,426,168,132,0.9811071157455444,-1,-1,-1
228,-1,1382,402,159,149,0.9731070399284363,-1,-1,-1
228,-1,837,470,229,180,0.9651955366134644,-1,-1,-1
229,-1,1093,426,167,131,0.9821986556053162,-1,-1,-1
229,-1,1382,402,160,149,0.9655957221984863,-1,-1,-1
229,-1,825,471,234,180,0.9550415277481079,-1,-1,-1
229,-1,1108,531,337,269,0.7025211453437805,-1,-1,-1
230,-1,1092,426,167,133,0.9865639209747314,-1,-1,-1
230,-1,814,471,236,184,0.9561662673950195,-1,-1,-1
230,-1,1382,401,160,149,0.9553158283233643,-1,-1,-1
230,-1,1122,526,326,261,0.6694795489311218,-1,-1,-1
231,-1,1093,426,168,134,0.985948920249939,-1,-1,-1
231,-1,1381,400,162,148,0.9409083127975464,-1,-1,-1
231,-1,807,471,236,186,0.9391346573829651,-1,-1,-1
231,-1,1126,521,330,255,0.8286741375923157,-1,-1,-1
232,-1,1091,424,169,140,0.9849866032600403,-1,-1,-1
232,-1,795,470,243,191,0.9601068496704102,-1,-1,-1
232,-1,1378,398,164,147,0.926665186882019,-1,-1,-1
232,-1,1140,513,317,256,0.7942125797271729,-1,-1,-1
233,-1,1090,427,167,136,0.9766859412193298,-1,-1,-1
233,-1,1380,401,162,145,0.9145781993865967,-1,-1,-1
233,-1,779,474,248,187,0.9061428308486938,-1,-1,-1
233,-1,1147,505,312,257,0.6528702974319458,-1,-1,-1
234,-1,1086,429,175,135,0.9793030619621277,-1,-1,-1
234,-1,1379,400,161,144,0.9163763523101807,-1,-1,-1
234,-1,764,472,256,190,0.8596705794334412,-1,-1,-1
235,-1,1085,428,172,136,0.9852227568626404,-1,-1,-1
235,-1,1380,400,161,145,0.911821186542511,-1,-1,-1
235,-1,756,479,250,188,0.6893608570098877,-1,-1,-1
236,-1,1083,431,173,136,0.9864643812179565,-1,-1,-1
236,-1,744,477,252,197,0.9168751239776611,-1,-1,-1
236,-1,1377,399,162,143,0.7830531597137451,-1,-1,-1
237,-1,1079,433,174,138,0.9877804517745972,-1,-1,-1
237,-1,729,478,260,200,0.9562932252883911,-1,-1,-1
237,-1,1380,399,161,141,0.653678834438324,-1,-1,-1
238,-1,1076,432,176,140,0.9870152473449707,-1,-1,-1
238,-1,715,479,264,201,0.957100510597229,-1,-1,-1
239,-1,1074,433,179,140,0.9858760237693787,-1,-1,-1
239,-1,701,482,264,201,0.9105183482170105,-1,-1,-1
240,-1,1070,434,181,143,0.9873886108398438,-1,-1,-1
240,-1,688,483,273,206,0.8890401721000671,-1,-1,-1
241,-1,1069,434,181,143,0.98589026927948,-1,-1,-1
241,-1,674,484,278,210,0.925395667552948,-1,-1,-1
241,-1,1236,481,269,226,0.6984719634056091,-1,-1,-1
242,-1,1067,434,180,144,0.9913100004196167,-1,-1,-1
242,-1,660,485,277,214,0.9348307847976685,-1,-1,-1
243,-1,1060,437,184,144,0.98752361536026,-1,-1,-1
243,-1,641,486,284,218,0.8874595165252686,-1,-1,-1
244,-1,1060,436,186,143,0.9860705733299255,-1,-1,-1
244,-1,623,488,284,219,0.9582475423812866,-1,-1,-1
244,-1,1257,478,252,214,0.6348685026168823,-1,-1,-1
245,-1,1055,438,189,146,0.985463559627533,-1,-1,-1
245,-1,610,491,292,218,0.9182887077331543,-1,-1,-1
245,-1,1262,476,251,212,0.6536145210266113,-1,-1,-1
246,-1,1052,439,186,145,0.988243818283081,-1,-1,-1
246,-1,585,492,302,223,0.9273956418037415,-1,-1,-1
246,-1,1260,469,258,211,0.7869249582290649,-1,-1,-1
247,-1,1047,439,191,147,0.9878093004226685,-1,-1,-1
247,-1,575,495,290,228,0.9328576922416687,-1,-1,-1
247,-1,1268,469,255,208,0.7156351804733276,-1,-1,-1
248,-1,1044,442,190,145,0.9835895895957947,-1,-1,-1
248,-1,556,495,298,233,0.9551573991775513,-1,-1,-1
248,-1,1273,469,252,206,0.7292079925537109,-1,-1,-1
249,-1,1042,441,188,147,0.9793804287910461,-1,-1,-1
249,-1,535,498,307,234,0.9128082990646362,-1,-1,-1
250,-1,1035,440,193,152,0.9844092726707458,-1,-1,-1
250,-1,512,502,309,238,0.9399144053459167,-1,-1,-1
250,-1,1280,472,248,197,0.6676055192947388,-1,-1,-1
251,-1,1030,441,195,151,0.9829834699630737,-1,-1,-1
251,-1,501,504,314,242,0.9563551545143127,-1,-1,-1
251,-1,1283,472,248,195,0.7807125449180603,-1,-1,-1
252,-1,1025,442,197,155,0.9855103492736816,-1,-1,-1
252,-1,476,505,322,244,0.8809797167778015,-1,-1,-1
252,-1,1299,472,235,190,0.741107165813446,-1,-1,-1
253,-1,1022,445,198,152,0.9801258444786072,-1,-1,-1
253,-1,451,513,331,243,0.9313941597938538,-1,-1,-1
254,-1,1016,441,198,157,0.9749268293380737,-1,-1,-1
254,-1,418,518,342,247,0.8565861582756042,-1,-1,-1
255,-1,1009,444,201,160,0.9760924577713013,-1,-1,-1
255,-1,398,522,345,250,0.8264832496643066,-1,-1,-1
256,-1,1003,444,204,161,0.9823350310325623,-1,-1,-1
256,-1,374,525,348,256,0.9003309011459351,-1,-1,-1
257,-1,999,445,203,162,0.9808449745178223,-1,-1,-1
257,-1,339,529,356,264,0.9271935224533081,-1,-1,-1
258,-1,995,445,201,163,0.9676547646522522,-1,-1,-1
258,-1,313,538,358,269,0.9032251834869385,-1,-1,-1
259,-1,987,445,207,165,0.9514158368110657,-1,-1,-1
259,-1,290,544,373,273,0.9309449195861816,-1,-1,-1
260,-1,977,448,215,162,0.9618608951568604,-1,-1,-1
260,-1,259,553,369,279,0.95060133934021,-1,-1,-1
