1,-1,188,590,212,120,0.9760947227478027,-1,-1,-1
2,-1,187,590,211,120,0.9770829677581787,-1,-1,-1
3,-1,187,590,211,120,0.9766949415206909,-1,-1,-1
4,-1,187,590,210,119,0.9775744080543518,-1,-1,-1
5,-1,186,590,211,119,0.9775785207748413,-1,-1,-1
6,-1,185,590,211,119,0.9789066314697266,-1,-1,-1
7,-1,186,590,210,119,0.9777894020080566,-1,-1,-1
8,-1,186,590,210,119,0.9782742857933044,-1,-1,-1
9,-1,186,591,210,119,0.9790274500846863,-1,-1,-1
10,-1,186,591,210,119,0.9783607721328735,-1,-1,-1
11,-1,186,591,210,119,0.9777812361717224,-1,-1,-1
12,-1,186,591,210,119,0.977172315120697,-1,-1,-1
13,-1,185,590,211,119,0.9765179753303528,-1,-1,-1
14,-1,185,590,211,119,0.9775205254554749,-1,-1,-1
15,-1,184,591,211,119,0.9779689908027649,-1,-1,-1
16,-1,185,591,211,119,0.9785923361778259,-1,-1,-1
17,-1,185,591,211,119,0.9772300124168396,-1,-1,-1
18,-1,185,591,211,119,0.9766038656234741,-1,-1,-1
19,-1,185,591,211,119,0.9763778448104858,-1,-1,-1
20,-1,185,591,211,119,0.9769457578659058,-1,-1,-1
21,-1,185,591,211,119,0.9768322110176086,-1,-1,-1
22,-1,186,590,213,120,0.9807091951370239,-1,-1,-1
22,-1,462,507,88,77,0.6357402801513672,-1,-1,-1
23,-1,186,590,212,120,0.9809427857398987,-1,-1,-1
23,-1,465,507,88,78,0.7352988719940186,-1,-1,-1
24,-1,185,590,212,120,0.9811716079711914,-1,-1,-1
24,-1,468,506,87,81,0.7426440715789795,-1,-1,-1
25,-1,184,585,212,129,0.9757590293884277,-1,-1,-1
25,-1,471,506,86,81,0.7942450642585754,-1,-1,-1
25,-1,1093,218,426,281,0.622953474521637,-1,-1,-1
26,-1,184,585,212,130,0.9771599173545837,-1,-1,-1
26,-1,474,506,91,83,0.8942036628723145,-1,-1,-1
26,-1,1074,247,370,248,0.8724914789199829,-1,-1,-1
27,-1,184,585,212,129,0.9781028628349304,-1,-1,-1
27,-1,475,505,96,87,0.9411378502845764,-1,-1,-1
27,-1,1027,257,360,240,0.8423460721969604,-1,-1,-1
28,-1,184,585,212,129,0.9780958890914917,-1,-1,-1
28,-1,481,508,94,86,0.9409235119819641,-1,-1,-1
28,-1,995,272,335,229,0.9238640666007996,-1,-1,-1
29,-1,184,585,212,129,0.9758502840995789,-1,-1,-1
29,-1,483,511,97,84,0.9431909322738647,-1,-1,-1
29,-1,962,293,303,211,0.9083479642868042,-1,-1,-1
30,-1,487,510,104,87,0.9792163968086243,-1,-1,-1
30,-1,184,585,212,129,0.9753384590148926,-1,-1,-1
30,-1,943,299,280,206,0.9317253828048706,-1,-1,-1
31,-1,490,508,105,95,0.9833663702011108,-1,-1,-1
31,-1,184,585,212,129,0.9745194911956787,-1,-1,-1
31,-1,913,307,261,196,0.8603354692459106,-1,-1,-1
32,-1,494,509,105,93,0.9917782545089722,-1,-1,-1
32,-1,188,590,210,120,0.9789866805076599,-1,-1,-1
32,-1,887,323,240,183,0.963172435760498,-1,-1,-1
33,-1,498,509,109,94,0.992483913898468,-1,-1,-1
33,-1,188,590,210,119,0.9791993498802185,-1,-1,-1
33,-1,860,336,242,171,0.8645670413970947,-1,-1,-1
34,-1,503,509,114,96,0.9912148714065552,-1,-1,-1
34,-1,188,590,210,119,0.9803128838539124,-1,-1,-1
34,-1,827,350,233,161,0.9713999629020691,-1,-1,-1
35,-1,508,508,117,99,0.9916406869888306,-1,-1,-1
35,-1,188,590,210,119,0.9807173609733582,-1,-1,-1
35,-1,818,353,210,154,0.9699208736419678,-1,-1,-1
36,-1,514,509,118,102,0.993311882019043,-1,-1,-1
36,-1,188,590,209,119,0.9804834127426147,-1,-1,-1
36,-1,795,359,196,152,0.96194988489151,-1,-1,-1
37,-1,516,507,126,106,0.9914470911026001,-1,-1,-1
37,-1,187,590,209,119,0.976798951625824,-1,-1,-1
37,-1,776,360,197,150,0.7480443120002747,-1,-1,-1
38,-1,524,509,131,106,0.9936283230781555,-1,-1,-1
38,-1,187,590,209,119,0.9762774109840393,-1,-1,-1
38,-1,760,364,189,147,0.7685021758079529,-1,-1,-1
39,-1,528,509,134,108,0.9923607707023621,-1,-1,-1
39,-1,188,590,210,119,0.9762738943099976,-1,-1,-1
40,-1,539,507,136,112,0.9929678440093994,-1,-1,-1
40,-1,187,590,210,119,0.9769153594970703,-1,-1,-1
40,-1,728,377,187,138,0.8669160008430481,-1,-1,-1
41,-1,544,507,140,116,0.9937013387680054,-1,-1,-1
41,-1,187,590,209,119,0.9772511124610901,-1,-1,-1
41,-1,708,383,185,131,0.8270577788352966,-1,-1,-1
41,-1,454,517,75,67,0.6030088663101196,-1,-1,-1
42,-1,555,509,150,119,0.9926543235778809,-1,-1,-1
42,-1,183,584,212,129,0.9758092761039734,-1,-1,-1
42,-1,457,516,75,67,0.683412492275238,-1,-1,-1
43,-1,560,509,155,126,0.9918592572212219,-1,-1,-1
43,-1,186,590,210,119,0.9826793670654297,-1,-1,-1
43,-1,465,515,72,68,0.764847457408905,-1,-1,-1
44,-1,568,509,155,130,0.9929242134094238,-1,-1,-1
44,-1,186,590,211,119,0.9825683832168579,-1,-1,-1
44,-1,466,517,75,68,0.8351694941520691,-1,-1,-1
44,-1,682,402,147,118,0.8071159720420837,-1,-1,-1
45,-1,575,511,166,133,0.9926592707633972,-1,-1,-1
45,-1,186,590,211,119,0.9838398098945618,-1,-1,-1
45,-1,465,517,81,71,0.8770089149475098,-1,-1,-1
46,-1,587,510,174,139,0.9931380152702332,-1,-1,-1
46,-1,187,590,210,119,0.9817699790000916,-1,-1,-1
46,-1,470,519,80,71,0.9376718997955322,-1,-1,-1
47,-1,594,513,186,146,0.9929735660552979,-1,-1,-1
47,-1,189,589,211,119,0.9809114933013916,-1,-1,-1
47,-1,473,519,83,73,0.9241644144058228,-1,-1,-1
48,-1,607,516,193,146,0.991299569606781,-1,-1,-1
48,-1,188,589,213,120,0.9798435568809509,-1,-1,-1
48,-1,478,518,87,76,0.9610742926597595,-1,-1,-1
49,-1,618,514,206,156,0.9865151047706604,-1,-1,-1
49,-1,188,588,213,120,0.9729814529418945,-1,-1,-1
49,-1,479,517,92,79,0.9610492587089539,-1,-1,-1
49,-1,624,414,133,114,0.7412764430046082,-1,-1,-1
50,-1,632,515,229,167,0.9876701831817627,-1,-1,-1
50,-1,192,588,214,121,0.9811034202575684,-1,-1,-1
50,-1,483,517,93,83,0.9610279202461243,-1,-1,-1
51,-1,646,519,238,177,0.9870239496231079,-1,-1,-1
51,-1,192,585,206,127,0.9782547950744629,-1,-1,-1
51,-1,485,518,101,82,0.9679690003395081,-1,-1,-1
51,-1,610,419,120,108,0.8083218336105347,-1,-1,-1
52,-1,667,520,253,187,0.9785355925559998,-1,-1,-1
52,-1,195,584,206,127,0.9772522449493408,-1,-1,-1
52,-1,608,424,117,105,0.9696923494338989,-1,-1,-1
52,-1,490,518,103,86,0.9686328172683716,-1,-1,-1
53,-1,675,524,278,206,0.9830710291862488,-1,-1,-1
53,-1,497,517,106,90,0.9766108989715576,-1,-1,-1
53,-1,198,584,209,127,0.976525604724884,-1,-1,-1
53,-1,597,425,115,106,0.9707589745521545,-1,-1,-1
54,-1,697,525,304,218,0.9873040318489075,-1,-1,-1
54,-1,503,517,107,92,0.983697235584259,-1,-1,-1
54,-1,201,583,209,129,0.9781463146209717,-1,-1,-1
54,-1,588,428,115,102,0.9575206637382507,-1,-1,-1
55,-1,724,525,330,233,0.9860073328018188,-1,-1,-1
55,-1,509,517,111,94,0.9819692969322205,-1,-1,-1
55,-1,204,582,202,126,0.9704657793045044,-1,-1,-1
55,-1,583,430,112,102,0.9306820034980774,-1,-1,-1
56,-1,749,537,361,252,0.9891541600227356,-1,-1,-1
56,-1,516,516,113,99,0.9864290952682495,-1,-1,-1
56,-1,203,579,205,132,0.9720288515090942,-1,-1,-1
56,-1,575,434,109,101,0.9520404934883118,-1,-1,-1
57,-1,523,517,124,99,0.9869844913482666,-1,-1,-1
57,-1,776,539,386,271,0.9852663278579712,-1,-1,-1
57,-1,209,580,204,125,0.9588988423347473,-1,-1,-1
57,-1,570,434,107,99,0.9089182019233704,-1,-1,-1
58,-1,532,517,124,97,0.9915321469306946,-1,-1,-1
58,-1,804,542,425,300,0.9758365154266357,-1,-1,-1
58,-1,207,578,216,130,0.9441981911659241,-1,-1,-1
59,-1,543,518,126,100,0.9908455014228821,-1,-1,-1
59,-1,843,547,495,332,0.9743219614028931,-1,-1,-1
59,-1,198,578,232,130,0.94416344165802,-1,-1,-1
60,-1,548,518,135,102,0.9926234483718872,-1,-1,-1
60,-1,879,549,568,374,0.9819329380989075,-1,-1,-1
60,-1,232,575,210,127,0.929149329662323,-1,-1,-1
61,-1,560,518,140,106,0.9902052283287048,-1,-1,-1
61,-1,950,553,634,423,0.9639125466346741,-1,-1,-1
61,-1,216,573,223,133,0.9218945503234863,-1,-1,-1
61,-1,548,441,100,94,0.7951710224151611,-1,-1,-1
62,-1,573,517,153,112,0.9881862998008728,-1,-1,-1
62,-1,242,569,215,133,0.9569727778434753,-1,-1,-1
62,-1,1015,556,584,481,0.796066403388977,-1,-1,-1
62,-1,544,445,95,87,0.7013862729072571,-1,-1,-1
63,-1,588,516,163,115,0.9911359548568726,-1,-1,-1
63,-1,242,570,212,135,0.9690349698066711,-1,-1,-1
64,-1,605,516,170,119,0.988982617855072,-1,-1,-1
64,-1,262,562,220,138,0.9112250804901123,-1,-1,-1
65,-1,609,515,179,126,0.9876325130462646,-1,-1,-1
65,-1,269,562,215,138,0.9449598789215088,-1,-1,-1
66,-1,633,514,189,130,0.9936641454696655,-1,-1,-1
66,-1,280,567,203,129,0.9723074436187744,-1,-1,-1
67,-1,656,515,209,130,0.9901381731033325,-1,-1,-1
67,-1,298,561,205,130,0.9693007469177246,-1,-1,-1
68,-1,676,515,215,135,0.9877239465713501,-1,-1,-1
68,-1,308,558,198,129,0.9695110321044922,-1,-1,-1
69,-1,708,510,238,150,0.9906078577041626,-1,-1,-1
69,-1,307,557,209,127,0.978457510471344,-1,-1,-1
70,-1,324,553,204,131,0.9870206117630005,-1,-1,-1
70,-1,738,507,265,162,0.9797619581222534,-1,-1,-1
71,-1,327,549,214,135,0.9820413589477539,-1,-1,-1
71,-1,775,506,285,168,0.9785997271537781,-1,-1,-1
72,-1,339,544,209,138,0.9798011779785156,-1,-1,-1
72,-1,807,504,310,182,0.9749870300292969,-1,-1,-1
73,-1,360,541,206,135,0.9810396432876587,-1,-1,-1
73,-1,867,504,341,188,0.948827862739563,-1,-1,-1
74,-1,373,540,205,133,0.9838019609451294,-1,-1,-1
74,-1,893,501,387,210,0.9773555994033813,-1,-1,-1
75,-1,956,501,433,226,0.974517285823822,-1,-1,-1
75,-1,381,535,208,138,0.9667428135871887,-1,-1,-1
76,-1,1024,499,478,250,0.9788864850997925,-1,-1,-1
76,-1,394,534,210,136,0.977169930934906,-1,-1,-1
77,-1,406,533,218,134,0.9809374213218689,-1,-1,-1
77,-1,1077,498,522,261,0.83056640625,-1,-1,-1
78,-1,415,530,210,139,0.972212016582489,-1,-1,-1
78,-1,1031,490,510,275,0.6611288189888,-1,-1,-1
79,-1,430,527,216,139,0.9712860584259033,-1,-1,-1
80,-1,444,519,235,147,0.9600990414619446,-1,-1,-1
81,-1,452,516,232,150,0.9626146554946899,-1,-1,-1
82,-1,462,510,225,147,0.9690068364143372,-1,-1,-1
83,-1,495,501,240,154,0.952582597732544,-1,-1,-1
84,-1,495,499,247,158,0.9368956685066223,-1,-1,-1
85,-1,510,498,237,162,0.9128485321998596,-1,-1,-1
86,-1,533,493,258,164,0.9570502042770386,-1,-1,-1
87,-1,550,491,252,167,0.9686873555183411,-1,-1,-1
88,-1,574,489,256,169,0.9446772336959839,-1,-1,-1
89,-1,578,484,278,177,0.9682214856147766,-1,-1,-1
90,-1,598,483,281,186,0.9790101051330566,-1,-1,-1
91,-1,616,477,301,197,0.9782785177230835,-1,-1,-1
92,-1,642,474,303,203,0.9757153391838074,-1,-1,-1
93,-1,671,469,322,216,0.9754195213317871,-1,-1,-1
93,-1,1256,299,310,186,0.8354978561401367,-1,-1,-1
94,-1,690,462,345,230,0.9791441559791565,-1,-1,-1
94,-1,1201,313,329,173,0.9455616474151611,-1,-1,-1
95,-1,725,459,357,237,0.979663074016571,-1,-1,-1
95,-1,1146,325,305,171,0.9747274518013,-1,-1,-1
96,-1,745,455,400,248,0.9817380309104919,-1,-1,-1
96,-1,1114,341,269,156,0.974658191204071,-1,-1,-1
97,-1,777,447,426,269,0.9823253750801086,-1,-1,-1
97,-1,1065,349,259,150,0.9775390028953552,-1,-1,-1
98,-1,802,444,459,280,0.9796977639198303,-1,-1,-1
98,-1,1029,357,239,143,0.9786954522132874,-1,-1,-1
99,-1,846,438,497,294,0.9848423004150391,-1,-1,-1
100,-1,894,419,528,329,0.9842627644538879,-1,-1,-1
101,-1,949,404,573,369,0.980120837688446,-1,-1,-1
102,-1,1001,405,598,386,0.9090237021446228,-1,-1,-1
103,-1,895,390,171,117,0.9479734897613525,-1,-1,-1
103,-1,1022,386,555,402,0.6041017174720764,-1,-1,-1
104,-1,868,393,172,114,0.9902659058570862,-1,-1,-1
105,-1,853,399,155,110,0.9905995726585388,-1,-1,-1
106,-1,832,402,153,108,0.9938619136810303,-1,-1,-1
107,-1,810,405,151,110,0.9922918677330017,-1,-1,-1
108,-1,790,408,145,107,0.991987943649292,-1,-1,-1
109,-1,779,412,144,103,0.9938027858734131,-1,-1,-1
110,-1,760,415,145,104,0.9925978183746338,-1,-1,-1
111,-1,745,417,139,103,0.9923529028892517,-1,-1,-1
112,-1,732,420,135,98,0.9901718497276306,-1,-1,-1
113,-1,718,425,126,94,0.9880825281143188,-1,-1,-1
114,-1,705,428,128,94,0.9872657060623169,-1,-1,-1
115,-1,697,433,117,89,0.9891775250434875,-1,-1,-1
116,-1,683,434,120,91,0.9888344407081604,-1,-1,-1
117,-1,675,438,116,88,0.9896593689918518,-1,-1,-1
118,-1,663,439,112,87,0.9825767874717712,-1,-1,-1
118,-1,446,505,78,76,0.6917672157287598,-1,-1,-1
119,-1,655,442,103,85,0.9868276119232178,-1,-1,-1
119,-1,447,507,81,75,0.7142334580421448,-1,-1,-1
120,-1,648,445,103,85,0.9868021607398987,-1,-1,-1
120,-1,447,506,85,76,0.8074769973754883,-1,-1,-1
121,-1,636,447,103,82,0.9877585768699646,-1,-1,-1
122,-1,630,450,98,80,0.9905691146850586,-1,-1,-1
122,-1,454,509,87,73,0.7505528330802917,-1,-1,-1
123,-1,624,452,99,78,0.9881559610366821,-1,-1,-1
123,-1,456,509,86,73,0.7855787873268127,-1,-1,-1
124,-1,616,454,95,75,0.9889177083969116,-1,-1,-1
124,-1,461,510,83,73,0.8652918934822083,-1,-1,-1
125,-1,610,456,94,74,0.9903944134712219,-1,-1,-1
125,-1,461,509,85,74,0.849928081035614,-1,-1,-1
126,-1,604,456,93,75,0.9843645691871643,-1,-1,-1
126,-1,464,510,83,75,0.8776832818984985,-1,-1,-1
127,-1,598,458,90,73,0.9650707244873047,-1,-1,-1
127,-1,465,510,86,76,0.898404061794281,-1,-1,-1
128,-1,595,457,90,74,0.9561579823493958,-1,-1,-1
128,-1,466,508,89,78,0.9344866275787354,-1,-1,-1
129,-1,470,509,92,83,0.9669032692909241,-1,-1,-1
129,-1,588,458,91,74,0.9562610387802124,-1,-1,-1
130,-1,474,512,94,81,0.9745622873306274,-1,-1,-1
130,-1,585,457,82,74,0.9590165615081787,-1,-1,-1
131,-1,475,513,97,82,0.9822201728820801,-1,-1,-1
131,-1,575,458,87,74,0.9567632079124451,-1,-1,-1
132,-1,478,513,96,87,0.9877101182937622,-1,-1,-1
132,-1,575,461,81,73,0.9200928807258606,-1,-1,-1
133,-1,481,514,98,87,0.9901379346847534,-1,-1,-1
133,-1,568,465,84,68,0.9285297393798828,-1,-1,-1
134,-1,482,515,103,89,0.9904649257659912,-1,-1,-1
134,-1,565,466,80,67,0.8778892159461975,-1,-1,-1
135,-1,486,515,107,93,0.9916478395462036,-1,-1,-1
135,-1,557,466,82,68,0.8156041502952576,-1,-1,-1
136,-1,489,512,110,95,0.992763340473175,-1,-1,-1
136,-1,556,468,77,66,0.6859384775161743,-1,-1,-1
137,-1,492,515,109,97,0.9924195408821106,-1,-1,-1
137,-1,554,470,75,66,0.625236988067627,-1,-1,-1
138,-1,496,515,109,97,0.9909482598304749,-1,-1,-1
139,-1,500,517,113,99,0.9900497198104858,-1,-1,-1
140,-1,503,517,119,104,0.9893158674240112,-1,-1,-1
141,-1,508,520,117,103,0.9916518330574036,-1,-1,-1
142,-1,512,522,123,104,0.9929734468460083,-1,-1,-1
143,-1,518,524,130,109,0.9947525262832642,-1,-1,-1
144,-1,524,524,132,111,0.9942114949226379,-1,-1,-1
145,-1,526,524,141,117,0.9943627119064331,-1,-1,-1
146,-1,534,524,146,123,0.9945151805877686,-1,-1,-1
147,-1,538,526,154,131,0.9965007305145264,-1,-1,-1
148,-1,547,525,161,136,0.9944908618927002,-1,-1,-1
149,-1,551,525,171,142,0.987354576587677,-1,-1,-1
150,-1,560,528,182,153,0.9905369877815247,-1,-1,-1
151,-1,568,529,189,162,0.9901846647262573,-1,-1,-1
152,-1,573,536,205,159,0.9932416677474976,-1,-1,-1
153,-1,582,541,226,170,0.9855976700782776,-1,-1,-1
154,-1,597,540,232,181,0.9846216440200806,-1,-1,-1
155,-1,620,543,233,185,0.9847320318222046,-1,-1,-1
156,-1,622,550,259,198,0.9846333265304565,-1,-1,-1
157,-1,639,555,284,211,0.9768606424331665,-1,-1,-1
158,-1,656,559,321,227,0.9817934036254883,-1,-1,-1
159,-1,686,563,355,242,0.9763199090957642,-1,-1,-1
160,-1,711,568,363,266,0.9898276329040527,-1,-1,-1
161,-1,740,577,413,288,0.9819765090942383,-1,-1,-1
162,-1,770,580,477,308,0.9823935031890869,-1,-1,-1
163,-1,819,584,512,357,0.9819324016571045,-1,-1,-1
164,-1,857,597,603,412,0.9823673963546753,-1,-1,-1
165,-1,917,602,682,469,0.9369069933891296,-1,-1,-1
166,-1,989,623,610,519,0.7874264717102051,-1,-1,-1
185,-1,1341,320,244,157,0.7680010199546814,-1,-1,-1
186,-1,1267,330,281,154,0.933444082736969,-1,-1,-1
187,-1,1203,341,307,147,0.9606462717056274,-1,-1,-1
188,-1,1149,352,276,141,0.9642196893692017,-1,-1,-1
189,-1,1108,362,239,135,0.9749147295951843,-1,-1,-1
190,-1,1070,374,213,125,0.9777078032493591,-1,-1,-1
191,-1,1027,379,214,123,0.9640082716941833,-1,-1,-1
192,-1,997,382,206,122,0.9804100394248962,-1,-1,-1
193,-1,955,387,204,117,0.9867554306983948,-1,-1,-1
194,-1,922,395,201,111,0.9807215929031372,-1,-1,-1
195,-1,897,400,185,106,0.9818012714385986,-1,-1,-1
196,-1,868,402,178,107,0.9805116057395935,-1,-1,-1
197,-1,852,406,159,103,0.9832909107208252,-1,-1,-1
198,-1,833,412,153,101,0.9923533797264099,-1,-1,-1
199,-1,812,416,148,99,0.992757260799408,-1,-1,-1
200,-1,796,419,142,95,0.9940190315246582,-1,-1,-1
201,-1,780,422,136,93,0.9893743395805359,-1,-1,-1
202,-1,761,427,135,90,0.9629141688346863,-1,-1,-1
203,-1,739,431,132,90,0.9583749771118164,-1,-1,-1
204,-1,720,435,131,89,0.97182297706604,-1,-1,-1
205,-1,705,440,124,88,0.94562828540802,-1,-1,-1
206,-1,696,444,111,82,0.9401451945304871,-1,-1,-1
207,-1,681,445,114,83,0.9698944091796875,-1,-1,-1
208,-1,671,448,112,78,0.9639142155647278,-1,-1,-1
209,-1,660,448,109,80,0.9737629890441895,-1,-1,-1
210,-1,655,451,98,78,0.957207977771759,-1,-1,-1
211,-1,642,451,101,78,0.9634015560150146,-1,-1,-1
212,-1,633,455,99,76,0.9483921527862549,-1,-1,-1
213,-1,630,457,91,73,0.9262236952781677,-1,-1,-1
214,-1,622,461,89,69,0.8731698989868164,-1,-1,-1
215,-1,616,461,87,71,0.8825987577438354,-1,-1,-1
216,-1,613,463,81,68,0.8715241551399231,-1,-1,-1
217,-1,603,463,84,68,0.8220838904380798,-1,-1,-1
218,-1,599,463,81,70,0.8606199622154236,-1,-1,-1
219,-1,592,464,80,69,0.6442325115203857,-1,-1,-1
220,-1,590,464,73,68,0.8023658394813538,-1,-1,-1
221,-1,584,465,74,67,0.8243492841720581,-1,-1,-1
232,-1,428,512,78,66,0.6945402026176453,-1,-1,-1
233,-1,431,512,77,67,0.6331363320350647,-1,-1,-1
234,-1,434,512,78,68,0.7545454502105713,-1,-1,-1
235,-1,437,513,78,67,0.743938684463501,-1,-1,-1
236,-1,439,511,80,70,0.8986929059028625,-1,-1,-1
237,-1,442,510,81,72,0.9156522750854492,-1,-1,-1
238,-1,444,509,82,73,0.9271399974822998,-1,-1,-1
239,-1,447,508,83,75,0.9283816814422607,-1,-1,-1
240,-1,448,507,85,75,0.9207554459571838,-1,-1,-1
241,-1,451,506,88,77,0.9518924951553345,-1,-1,-1
241,-1,1233,380,325,192,0.7844690680503845,-1,-1,-1
242,-1,454,506,89,79,0.9653114676475525,-1,-1,-1
242,-1,1171,386,345,179,0.9262012243270874,-1,-1,-1
243,-1,458,505,90,82,0.9685530662536621,-1,-1,-1
243,-1,1108,396,356,168,0.9201614856719971,-1,-1,-1
244,-1,460,505,93,81,0.9744001626968384,-1,-1,-1
244,-1,1057,400,336,165,0.9432851076126099,-1,-1,-1
245,-1,464,504,95,84,0.9775105118751526,-1,-1,-1
245,-1,1029,404,312,159,0.9541776776313782,-1,-1,-1
246,-1,467,497,101,93,0.9871790409088135,-1,-1,-1
246,-1,996,415,270,148,0.9560211896896362,-1,-1,-1
247,-1,471,501,102,90,0.9915977716445923,-1,-1,-1
247,-1,968,420,249,142,0.8918821215629578,-1,-1,-1
248,-1,474,501,104,94,0.9897211194038391,-1,-1,-1
248,-1,952,419,275,141,0.940874457359314,-1,-1,-1
249,-1,478,502,107,94,0.9920459985733032,-1,-1,-1
249,-1,922,423,256,137,0.9644650220870972,-1,-1,-1
250,-1,482,503,112,95,0.9932569265365601,-1,-1,-1
250,-1,890,427,238,131,0.9690123200416565,-1,-1,-1
251,-1,488,503,111,97,0.9943051934242249,-1,-1,-1
251,-1,862,434,210,125,0.9787676930427551,-1,-1,-1
252,-1,491,504,115,100,0.994716465473175,-1,-1,-1
252,-1,846,439,201,120,0.9779320359230042,-1,-1,-1
253,-1,496,504,123,104,0.9940646290779114,-1,-1,-1
253,-1,825,441,191,118,0.9807345271110535,-1,-1,-1
254,-1,504,506,122,104,0.9946824908256531,-1,-1,-1
254,-1,807,440,179,116,0.9827752709388733,-1,-1,-1
255,-1,509,507,129,105,0.9947338104248047,-1,-1,-1
255,-1,785,442,179,115,0.9788875579833984,-1,-1,-1
256,-1,516,507,135,109,0.9947433471679688,-1,-1,-1
256,-1,773,444,168,111,0.9912768602371216,-1,-1,-1
257,-1,524,507,142,112,0.9950024485588074,-1,-1,-1
257,-1,761,447,163,109,0.9910392165184021,-1,-1,-1
258,-1,530,508,145,112,0.9950727820396423,-1,-1,-1
258,-1,741,450,163,106,0.9928134083747864,-1,-1,-1
259,-1,538,506,155,122,0.9950407147407532,-1,-1,-1
259,-1,726,451,164,106,0.9899123311042786,-1,-1,-1
260,-1,544,505,163,129,0.9959873557090759,-1,-1,-1
260,-1,705,455,164,100,0.9844459891319275,-1,-1,-1
261,-1,557,510,168,129,0.9955747127532959,-1,-1,-1
261,-1,692,457,159,103,0.9825169444084167,-1,-1,-1
262,-1,564,512,178,134,0.9955512285232544,-1,-1,-1
262,-1,667,464,158,93,0.8946480751037598,-1,-1,-1
263,-1,570,515,189,139,0.9950573444366455,-1,-1,-1
264,-1,587,511,201,147,0.9949231743812561,-1,-1,-1
265,-1,598,511,212,162,0.9923937320709229,-1,-1,-1
265,-1,1342,317,244,157,0.7762686014175415,-1,-1,-1
266,-1,617,512,242,170,0.9891374707221985,-1,-1,-1
266,-1,1293,320,281,156,0.8887261748313904,-1,-1,-1
267,-1,638,509,258,186,0.9894534349441528,-1,-1,-1
267,-1,1237,327,301,151,0.9392909407615662,-1,-1,-1
267,-1,587,479,147,98,0.9076747298240662,-1,-1,-1
268,-1,569,483,147,99,0.9845913648605347,-1,-1,-1
268,-1,666,511,274,201,0.9822505116462708,-1,-1,-1
268,-1,1174,341,316,141,0.9606798887252808,-1,-1,-1
269,-1,686,509,313,225,0.9876779913902283,-1,-1,-1
269,-1,545,489,147,99,0.9822346568107605,-1,-1,-1
269,-1,1149,347,290,138,0.9611319899559021,-1,-1,-1
270,-1,717,511,343,244,0.9891517162322998,-1,-1,-1
270,-1,533,494,137,97,0.985076367855072,-1,-1,-1
270,-1,1111,356,277,134,0.9669788479804993,-1,-1,-1
271,-1,746,515,405,260,0.9875730872154236,-1,-1,-1
271,-1,515,501,138,96,0.9819660782814026,-1,-1,-1
271,-1,1083,364,233,130,0.97176593542099,-1,-1,-1
272,-1,1054,372,214,124,0.9812782406806946,-1,-1,-1
272,-1,495,506,137,97,0.9810335636138916,-1,-1,-1
272,-1,766,518,442,290,0.9803095459938049,-1,-1,-1
273,-1,473,511,145,99,0.9873523712158203,-1,-1,-1
273,-1,805,521,511,329,0.9820976853370667,-1,-1,-1
273,-1,1019,377,221,123,0.971592366695404,-1,-1,-1
274,-1,459,516,135,97,0.9850401878356934,-1,-1,-1
274,-1,855,532,602,369,0.9838014245033264,-1,-1,-1
274,-1,989,381,223,123,0.9704816937446594,-1,-1,-1
275,-1,434,525,142,97,0.9818814396858215,-1,-1,-1
275,-1,958,386,211,118,0.9764413833618164,-1,-1,-1
275,-1,899,537,700,430,0.9674482941627502,-1,-1,-1
276,-1,944,392,198,110,0.9846088886260986,-1,-1,-1
276,-1,418,530,146,96,0.967637836933136,-1,-1,-1
276,-1,963,531,636,509,0.8754278421401978,-1,-1,-1
277,-1,916,398,178,108,0.9822612404823303,-1,-1,-1
277,-1,393,539,138,96,0.9794384241104126,-1,-1,-1
278,-1,374,546,136,94,0.9814954400062561,-1,-1,-1
278,-1,893,399,181,108,0.9778797030448914,-1,-1,-1
279,-1,351,554,136,95,0.9852288365364075,-1,-1,-1
279,-1,866,402,177,105,0.9806692004203796,-1,-1,-1
280,-1,328,562,139,92,0.9825261831283569,-1,-1,-1
280,-1,850,408,175,100,0.9790564775466919,-1,-1,-1
281,-1,303,570,139,93,0.9760434031486511,-1,-1,-1
281,-1,828,410,169,102,0.9713019132614136,-1,-1,-1
282,-1,820,414,159,99,0.9815418720245361,-1,-1,-1
282,-1,272,578,144,92,0.978468120098114,-1,-1,-1
283,-1,249,582,143,97,0.9798609018325806,-1,-1,-1
283,-1,805,416,154,98,0.9795880317687988,-1,-1,-1
284,-1,792,419,150,95,0.9923547506332397,-1,-1,-1
284,-1,227,590,139,95,0.9741669297218323,-1,-1,-1
285,-1,778,421,149,93,0.9898785352706909,-1,-1,-1
285,-1,221,595,126,92,0.9700693488121033,-1,-1,-1
286,-1,764,425,145,91,0.9848254323005676,-1,-1,-1
286,-1,195,605,134,90,0.9541031122207642,-1,-1,-1
287,-1,165,614,137,90,0.9856981635093689,-1,-1,-1
287,-1,743,428,147,92,0.9767672419548035,-1,-1,-1
288,-1,728,430,142,90,0.977742612361908,-1,-1,-1
288,-1,137,622,147,90,0.9218466281890869,-1,-1,-1
289,-1,721,436,134,86,0.9464544057846069,-1,-1,-1
289,-1,115,631,140,89,0.9313768744468689,-1,-1,-1
290,-1,708,438,131,87,0.9728246927261353,-1,-1,-1
290,-1,95,637,140,87,0.799305260181427,-1,-1,-1
291,-1,696,441,126,87,0.9798245429992676,-1,-1,-1
291,-1,73,644,131,88,0.9231216907501221,-1,-1,-1
292,-1,690,443,117,85,0.9768010377883911,-1,-1,-1
292,-1,48,651,135,86,0.9036033749580383,-1,-1,-1
293,-1,676,445,122,84,0.9869155883789062,-1,-1,-1
293,-1,32,657,135,87,0.9410833716392517,-1,-1,-1
294,-1,665,446,121,84,0.9838813543319702,-1,-1,-1
294,-1,10,660,140,88,0.8690142035484314,-1,-1,-1
295,-1,655,447,119,84,0.9874316453933716,-1,-1,-1
295,-1,465,515,69,65,0.7193424701690674,-1,-1,-1
296,-1,646,450,112,81,0.9877347350120544,-1,-1,-1
296,-1,469,515,72,65,0.8925130367279053,-1,-1,-1
297,-1,640,451,111,82,0.983964204788208,-1,-1,-1
297,-1,470,518,75,65,0.9195334911346436,-1,-1,-1
298,-1,632,453,105,80,0.9845576286315918,-1,-1,-1
298,-1,474,516,75,67,0.9436785578727722,-1,-1,-1
299,-1,627,456,103,76,0.9874255061149597,-1,-1,-1
299,-1,476,516,75,69,0.9429007768630981,-1,-1,-1
300,-1,621,458,97,73,0.9684592485427856,-1,-1,-1
300,-1,478,517,81,69,0.9601554274559021,-1,-1,-1
301,-1,480,517,84,71,0.9745521545410156,-1,-1,-1
301,-1,616,459,93,75,0.9650896191596985,-1,-1,-1
302,-1,482,517,86,74,0.9753378629684448,-1,-1,-1
302,-1,612,463,96,71,0.9489050507545471,-1,-1,-1
303,-1,487,518,88,76,0.9734882712364197,-1,-1,-1
303,-1,609,463,88,71,0.9160762429237366,-1,-1,-1
304,-1,492,520,92,75,0.9834588766098022,-1,-1,-1
304,-1,603,463,90,70,0.9158357977867126,-1,-1,-1
305,-1,498,517,92,81,0.9832549095153809,-1,-1,-1
305,-1,598,464,86,71,0.9299593567848206,-1,-1,-1
306,-1,503,516,94,82,0.9850821495056152,-1,-1,-1
306,-1,593,465,84,69,0.8436662554740906,-1,-1,-1
307,-1,509,516,99,86,0.989997148513794,-1,-1,-1
307,-1,588,468,79,65,0.8762787580490112,-1,-1,-1
308,-1,515,515,105,90,0.9913222789764404,-1,-1,-1
308,-1,584,467,79,67,0.8950322866439819,-1,-1,-1
309,-1,520,515,103,90,0.9921841025352478,-1,-1,-1
309,-1,581,467,79,66,0.855374813079834,-1,-1,-1
310,-1,527,516,115,91,0.9897465705871582,-1,-1,-1
310,-1,578,471,75,63,0.6283451914787292,-1,-1,-1
311,-1,538,517,114,92,0.9926047325134277,-1,-1,-1
312,-1,547,516,120,92,0.9917083382606506,-1,-1,-1
313,-1,557,516,121,95,0.9927623867988586,-1,-1,-1
314,-1,567,514,127,98,0.9903616905212402,-1,-1,-1
315,-1,577,516,133,99,0.9909144639968872,-1,-1,-1
316,-1,593,515,146,105,0.9815191030502319,-1,-1,-1
317,-1,614,514,144,105,0.982026994228363,-1,-1,-1
318,-1,624,514,148,111,0.9808386564254761,-1,-1,-1
319,-1,640,516,162,113,0.9873117208480835,-1,-1,-1
320,-1,653,513,178,124,0.9873334169387817,-1,-1,-1
321,-1,675,511,199,129,0.9821548461914062,-1,-1,-1
322,-1,706,507,196,137,0.9344092011451721,-1,-1,-1
323,-1,737,500,208,149,0.9468109011650085,-1,-1,-1
324,-1,757,500,240,161,0.9504935145378113,-1,-1,-1
325,-1,791,502,260,165,0.9541043043136597,-1,-1,-1
326,-1,802,505,299,174,0.9583799839019775,-1,-1,-1
327,-1,844,505,332,190,0.9748982191085815,-1,-1,-1
328,-1,886,508,374,200,0.9846013784408569,-1,-1,-1
329,-1,944,506,391,222,0.991944432258606,-1,-1,-1
330,-1,1002,505,435,244,0.9869645237922668,-1,-1,-1
331,-1,1073,505,497,265,0.9833779335021973,-1,-1,-1
332,-1,1141,508,458,274,0.8851026296615601,-1,-1,-1
336,-1,1279,368,307,191,0.7789888381958008,-1,-1,-1
337,-1,1189,384,355,179,0.9332014918327332,-1,-1,-1
338,-1,1137,390,362,172,0.9627882242202759,-1,-1,-1
339,-1,1100,392,358,167,0.9598942399024963,-1,-1,-1
340,-1,1055,399,337,161,0.97072833776474,-1,-1,-1
341,-1,1022,405,309,156,0.9785016775131226,-1,-1,-1
342,-1,988,409,306,148,0.9710302352905273,-1,-1,-1
343,-1,972,413,273,144,0.976252555847168,-1,-1,-1
344,-1,952,422,252,137,0.9736921191215515,-1,-1,-1
345,-1,924,425,245,134,0.9739903807640076,-1,-1,-1
346,-1,909,428,226,127,0.9752139449119568,-1,-1,-1
347,-1,885,431,222,126,0.9732696413993835,-1,-1,-1
348,-1,858,431,222,125,0.97991943359375,-1,-1,-1
349,-1,841,431,215,125,0.9749176502227783,-1,-1,-1
349,-1,466,503,80,76,0.7402974367141724,-1,-1,-1
350,-1,833,432,203,119,0.970058262348175,-1,-1,-1
350,-1,467,503,81,77,0.8510566353797913,-1,-1,-1
351,-1,820,432,206,120,0.9735320210456848,-1,-1,-1
351,-1,469,503,82,80,0.9163764715194702,-1,-1,-1
352,-1,804,434,200,116,0.9744982719421387,-1,-1,-1
352,-1,470,504,83,79,0.9495332837104797,-1,-1,-1
353,-1,787,435,196,118,0.9834585189819336,-1,-1,-1
353,-1,473,504,86,81,0.9578360319137573,-1,-1,-1
353,-1,16,670,155,97,0.7172801494598389,-1,-1,-1
354,-1,783,439,178,116,0.9833987951278687,-1,-1,-1
354,-1,477,506,87,79,0.9720547795295715,-1,-1,-1
354,-1,33,668,149,92,0.8265840411186218,-1,-1,-1
355,-1,768,441,179,114,0.9894994497299194,-1,-1,-1
355,-1,480,510,86,77,0.9766812920570374,-1,-1,-1
355,-1,37,662,154,98,0.8835917711257935,-1,-1,-1
356,-1,762,441,171,115,0.9877964854240417,-1,-1,-1
356,-1,481,514,89,76,0.9771599173545837,-1,-1,-1
356,-1,53,660,144,95,0.7888002991676331,-1,-1,-1
357,-1,749,445,173,110,0.9871765971183777,-1,-1,-1
357,-1,484,515,91,78,0.9786927103996277,-1,-1,-1
358,-1,736,447,167,107,0.9916257858276367,-1,-1,-1
358,-1,486,516,99,82,0.9786273837089539,-1,-1,-1
359,-1,728,449,162,109,0.9867174625396729,-1,-1,-1
359,-1,491,517,100,83,0.984399676322937,-1,-1,-1
360,-1,727,446,156,108,0.9882684946060181,-1,-1,-1
360,-1,493,516,103,87,0.985166609287262,-1,-1,-1
361,-1,501,515,102,87,0.9908862113952637,-1,-1,-1
361,-1,716,450,154,105,0.9889971017837524,-1,-1,-1
361,-1,92,649,154,94,0.811600387096405,-1,-1,-1
362,-1,504,516,107,90,0.9891437888145447,-1,-1,-1
362,-1,713,451,151,103,0.9845483303070068,-1,-1,-1
362,-1,102,646,149,95,0.8232840895652771,-1,-1,-1
363,-1,510,514,112,94,0.9913722276687622,-1,-1,-1
363,-1,709,448,146,105,0.9907323122024536,-1,-1,-1
364,-1,514,513,114,98,0.991503894329071,-1,-1,-1
364,-1,702,452,140,104,0.988761842250824,-1,-1,-1
364,-1,119,641,154,94,0.9030219316482544,-1,-1,-1
365,-1,524,514,122,98,0.9912068247795105,-1,-1,-1
365,-1,691,454,141,101,0.9886908531188965,-1,-1,-1
365,-1,127,639,152,94,0.9284203052520752,-1,-1,-1
366,-1,528,516,122,97,0.9911772012710571,-1,-1,-1
366,-1,684,457,141,101,0.9895690083503723,-1,-1,-1
366,-1,1371,326,218,149,0.882849395275116,-1,-1,-1
366,-1,129,636,161,93,0.8187409043312073,-1,-1,-1
367,-1,681,460,137,98,0.9917606115341187,-1,-1,-1
367,-1,540,515,129,101,0.9913691878318787,-1,-1,-1
367,-1,1308,325,271,155,0.9663885235786438,-1,-1,-1
367,-1,133,635,175,93,0.782644510269165,-1,-1,-1
368,-1,677,462,133,96,0.9932119846343994,-1,-1,-1
368,-1,549,516,131,103,0.9894219040870667,-1,-1,-1
368,-1,1249,336,298,149,0.9756611585617065,-1,-1,-1
368,-1,151,631,163,93,0.9463551044464111,-1,-1,-1
369,-1,669,462,134,95,0.9887819886207581,-1,-1,-1
369,-1,559,516,137,105,0.9874265193939209,-1,-1,-1
369,-1,1188,348,291,141,0.9678725004196167,-1,-1,-1
369,-1,154,628,169,95,0.9545542001724243,-1,-1,-1
370,-1,567,517,143,107,0.9891961812973022,-1,-1,-1
370,-1,660,465,135,93,0.9847570061683655,-1,-1,-1
370,-1,1151,356,261,137,0.9828516244888306,-1,-1,-1
370,-1,165,627,164,92,0.9435728788375854,-1,-1,-1
371,-1,577,519,149,109,0.9903648495674133,-1,-1,-1
371,-1,1111,361,241,135,0.9824445843696594,-1,-1,-1
371,-1,661,466,132,89,0.9725106954574585,-1,-1,-1
371,-1,174,627,155,90,0.8977075815200806,-1,-1,-1
372,-1,1075,373,216,126,0.9886640906333923,-1,-1,-1
372,-1,585,519,162,114,0.9872068762779236,-1,-1,-1
372,-1,663,467,127,86,0.9073654413223267,-1,-1,-1
372,-1,181,626,151,87,0.8062199354171753,-1,-1,-1
373,-1,1036,377,213,123,0.991306483745575,-1,-1,-1
373,-1,604,519,161,118,0.9890090823173523,-1,-1,-1
373,-1,186,623,152,88,0.8237080574035645,-1,-1,-1
373,-1,661,465,125,86,0.7035241723060608,-1,-1,-1
374,-1,1011,384,201,119,0.9898247122764587,-1,-1,-1
374,-1,611,520,181,121,0.9883666634559631,-1,-1,-1
374,-1,187,622,156,88,0.8512883186340332,-1,-1,-1
375,-1,977,387,189,117,0.9916533827781677,-1,-1,-1
375,-1,627,517,191,124,0.9883415102958679,-1,-1,-1
375,-1,653,465,127,84,0.9426607489585876,-1,-1,-1
375,-1,195,622,149,85,0.7955056428909302,-1,-1,-1
376,-1,949,392,184,113,0.9921918511390686,-1,-1,-1
376,-1,655,511,211,138,0.9802030324935913,-1,-1,-1
376,-1,650,466,134,89,0.9168296456336975,-1,-1,-1
376,-1,199,620,152,86,0.8046165108680725,-1,-1,-1
377,-1,924,397,171,110,0.9904571175575256,-1,-1,-1
377,-1,644,466,134,92,0.9806205630302429,-1,-1,-1
377,-1,672,510,234,144,0.9559351205825806,-1,-1,-1
377,-1,584,458,81,73,0.6814579367637634,-1,-1,-1
377,-1,204,619,153,87,0.6584382057189941,-1,-1,-1
378,-1,899,402,166,109,0.9871093034744263,-1,-1,-1
378,-1,645,467,128,91,0.980909526348114,-1,-1,-1
378,-1,700,504,249,156,0.9433099031448364,-1,-1,-1
378,-1,576,460,83,74,0.8394675850868225,-1,-1,-1
379,-1,873,405,161,105,0.9871860146522522,-1,-1,-1
379,-1,645,467,126,91,0.9856060147285461,-1,-1,-1
379,-1,737,505,256,164,0.9194433689117432,-1,-1,-1
379,-1,575,463,78,71,0.8050389885902405,-1,-1,-1
380,-1,851,409,158,105,0.9822694659233093,-1,-1,-1
380,-1,642,469,130,88,0.9817904233932495,-1,-1,-1
380,-1,767,505,278,167,0.8965536952018738,-1,-1,-1
380,-1,569,466,78,68,0.6849570870399475,-1,-1,-1
381,-1,833,414,153,100,0.9827353358268738,-1,-1,-1
381,-1,640,469,126,89,0.978215754032135,-1,-1,-1
381,-1,791,502,318,183,0.9208776354789734,-1,-1,-1
381,-1,564,468,79,66,0.64348965883255,-1,-1,-1
382,-1,813,417,146,101,0.9902585744857788,-1,-1,-1
382,-1,641,468,124,91,0.985282301902771,-1,-1,-1
382,-1,834,503,361,193,0.9529598355293274,-1,-1,-1
382,-1,560,466,73,67,0.7095528841018677,-1,-1,-1
383,-1,798,421,143,95,0.9876413941383362,-1,-1,-1
383,-1,639,468,125,90,0.9848693609237671,-1,-1,-1
383,-1,888,503,388,213,0.9493647813796997,-1,-1,-1
383,-1,555,469,74,66,0.7473349571228027,-1,-1,-1
384,-1,634,469,129,89,0.9850497841835022,-1,-1,-1
384,-1,785,425,135,93,0.9792826771736145,-1,-1,-1
384,-1,957,501,430,235,0.9699750542640686,-1,-1,-1
384,-1,551,470,74,65,0.7317787408828735,-1,-1,-1
385,-1,633,469,128,89,0.9833033680915833,-1,-1,-1
385,-1,768,428,131,89,0.9647288918495178,-1,-1,-1
385,-1,1043,503,468,251,0.9356409907341003,-1,-1,-1
385,-1,223,615,149,89,0.6123723983764648,-1,-1,-1
386,-1,632,469,128,88,0.9791408181190491,-1,-1,-1
386,-1,753,432,129,85,0.9425321817398071,-1,-1,-1
386,-1,1098,503,501,269,0.8623830080032349,-1,-1,-1
386,-1,218,614,155,90,0.7199587821960449,-1,-1,-1
386,-1,542,473,71,61,0.6772698163986206,-1,-1,-1
387,-1,630,468,130,89,0.9786362051963806,-1,-1,-1
387,-1,222,614,152,91,0.6532946825027466,-1,-1,-1
388,-1,629,467,128,91,0.9773432016372681,-1,-1,-1
388,-1,224,612,153,89,0.6436547636985779,-1,-1,-1
389,-1,629,466,129,92,0.979418158531189,-1,-1,-1
389,-1,224,612,147,91,0.7080355286598206,-1,-1,-1
390,-1,634,468,126,91,0.9821464419364929,-1,-1,-1
390,-1,225,612,148,91,0.729070246219635,-1,-1,-1
391,-1,627,466,132,92,0.98232102394104,-1,-1,-1
391,-1,224,612,149,92,0.7267997860908508,-1,-1,-1
392,-1,626,466,131,92,0.9840563535690308,-1,-1,-1
392,-1,224,611,148,92,0.6557808518409729,-1,-1,-1
393,-1,626,465,131,93,0.9842391014099121,-1,-1,-1
393,-1,224,611,148,92,0.6302314400672913,-1,-1,-1
394,-1,620,463,134,95,0.9818219542503357,-1,-1,-1
394,-1,225,611,148,92,0.6963357925415039,-1,-1,-1
395,-1,629,464,123,94,0.9808847904205322,-1,-1,-1
395,-1,225,611,148,92,0.6501757502555847,-1,-1,-1
396,-1,632,463,122,93,0.9828163981437683,-1,-1,-1
396,-1,225,611,147,92,0.601003885269165,-1,-1,-1
397,-1,631,464,125,90,0.9791085124015808,-1,-1,-1
397,-1,224,611,147,93,0.6035474538803101,-1,-1,-1
398,-1,629,465,129,88,0.975795567035675,-1,-1,-1
399,-1,624,466,128,88,0.9753748774528503,-1,-1,-1
399,-1,1340,292,251,181,0.657557487487793,-1,-1,-1
400,-1,626,471,132,84,0.9803884029388428,-1,-1,-1
400,-1,1287,293,282,184,0.9106334447860718,-1,-1,-1
401,-1,621,471,135,84,0.9861294627189636,-1,-1,-1
401,-1,1235,292,295,188,0.9693044424057007,-1,-1,-1
401,-1,227,611,145,92,0.7359170913696289,-1,-1,-1
402,-1,626,472,127,86,0.9815504550933838,-1,-1,-1
402,-1,1182,317,282,166,0.9652929306030273,-1,-1,-1
402,-1,227,611,145,92,0.7333068251609802,-1,-1,-1
403,-1,632,473,123,83,0.9859528541564941,-1,-1,-1
403,-1,1151,327,259,161,0.9846322536468506,-1,-1,-1
403,-1,227,611,145,91,0.7481126189231873,-1,-1,-1
404,-1,1114,333,237,155,0.9911148548126221,-1,-1,-1
404,-1,633,470,116,87,0.9852971434593201,-1,-1,-1
404,-1,226,611,146,92,0.7596230506896973,-1,-1,-1
405,-1,1077,340,231,152,0.9869500994682312,-1,-1,-1
405,-1,633,471,113,86,0.985749363899231,-1,-1,-1
405,-1,227,611,146,92,0.7412625551223755,-1,-1,-1
405,-1,586,474,74,59,0.6791607141494751,-1,-1,-1
406,-1,1045,347,220,146,0.990811824798584,-1,-1,-1
406,-1,627,471,126,85,0.9876092672348022,-1,-1,-1
406,-1,227,611,145,92,0.7426329255104065,-1,-1,-1
406,-1,583,473,70,60,0.6654268503189087,-1,-1,-1
407,-1,1019,356,207,138,0.9930856227874756,-1,-1,-1
407,-1,627,472,127,85,0.988647997379303,-1,-1,-1
407,-1,578,474,70,61,0.8304009437561035,-1,-1,-1
407,-1,227,611,145,92,0.7411366701126099,-1,-1,-1
408,-1,985,361,205,134,0.9935073852539062,-1,-1,-1
408,-1,626,470,125,87,0.9847719073295593,-1,-1,-1
408,-1,573,475,67,60,0.8129158020019531,-1,-1,-1
408,-1,227,611,145,92,0.7445798516273499,-1,-1,-1
409,-1,955,368,196,131,0.9932818412780762,-1,-1,-1
409,-1,630,470,122,87,0.9840391278266907,-1,-1,-1
409,-1,227,612,145,91,0.8184868097305298,-1,-1,-1
409,-1,569,475,67,60,0.7574346661567688,-1,-1,-1
410,-1,929,372,190,128,0.9920811653137207,-1,-1,-1
410,-1,627,470,124,86,0.9840667247772217,-1,-1,-1
410,-1,227,612,144,91,0.8073142766952515,-1,-1,-1
410,-1,564,476,66,61,0.6308906674385071,-1,-1,-1
411,-1,915,379,176,121,0.9922703504562378,-1,-1,-1
411,-1,627,470,124,88,0.9828413724899292,-1,-1,-1
411,-1,226,612,146,91,0.7740809321403503,-1,-1,-1
411,-1,0,688,130,93,0.611909806728363,-1,-1,-1
412,-1,894,382,165,122,0.9911403059959412,-1,-1,-1
412,-1,627,470,124,88,0.9826233983039856,-1,-1,-1
412,-1,226,612,145,91,0.7721503973007202,-1,-1,-1
412,-1,0,686,138,96,0.7074874639511108,-1,-1,-1
413,-1,874,385,164,119,0.9926261305809021,-1,-1,-1
413,-1,627,470,124,88,0.9809118509292603,-1,-1,-1
413,-1,0,683,143,97,0.8453617095947266,-1,-1,-1
413,-1,226,612,145,91,0.7808195352554321,-1,-1,-1
414,-1,854,392,156,114,0.9921966791152954,-1,-1,-1
414,-1,626,470,124,88,0.9807447791099548,-1,-1,-1
414,-1,0,683,152,97,0.939879834651947,-1,-1,-1
414,-1,226,612,145,91,0.7546951174736023,-1,-1,-1
415,-1,837,396,155,110,0.9933294057846069,-1,-1,-1
415,-1,626,470,125,88,0.9802888631820679,-1,-1,-1
415,-1,0,682,155,95,0.9018847942352295,-1,-1,-1
415,-1,226,612,145,91,0.7485728859901428,-1,-1,-1
416,-1,818,395,149,115,0.9893815517425537,-1,-1,-1
416,-1,625,470,126,88,0.9796659350395203,-1,-1,-1
416,-1,1,678,160,98,0.9008804559707642,-1,-1,-1
416,-1,226,612,145,91,0.7562175393104553,-1,-1,-1
417,-1,800,398,147,112,0.9931353330612183,-1,-1,-1
417,-1,625,470,126,88,0.9810419082641602,-1,-1,-1
417,-1,3,676,159,99,0.8112859129905701,-1,-1,-1
417,-1,226,612,146,91,0.7502488493919373,-1,-1,-1
418,-1,787,402,145,109,0.9914588928222656,-1,-1,-1
418,-1,624,470,128,89,0.9809470772743225,-1,-1,-1
418,-1,17,674,153,100,0.8051254153251648,-1,-1,-1
418,-1,225,612,146,91,0.7493252754211426,-1,-1,-1
419,-1,769,407,141,107,0.9907277822494507,-1,-1,-1
419,-1,624,470,127,88,0.9817281365394592,-1,-1,-1
419,-1,18,672,159,99,0.8723708391189575,-1,-1,-1
419,-1,225,612,147,92,0.7522176504135132,-1,-1,-1
420,-1,760,413,134,101,0.9930049777030945,-1,-1,-1
420,-1,624,470,128,88,0.9814491868019104,-1,-1,-1
420,-1,25,670,158,96,0.9127011299133301,-1,-1,-1
420,-1,225,612,147,92,0.7487283945083618,-1,-1,-1
420,-1,439,508,73,68,0.613854706287384,-1,-1,-1
421,-1,742,415,132,102,0.9920788407325745,-1,-1,-1
421,-1,623,470,129,89,0.981353759765625,-1,-1,-1
421,-1,28,668,164,97,0.9429400563240051,-1,-1,-1
422,-1,624,466,131,93,0.980984091758728,-1,-1,-1
422,-1,734,420,124,96,0.9682756662368774,-1,-1,-1
422,-1,34,668,163,96,0.9432849884033203,-1,-1,-1
423,-1,624,466,132,93,0.9818794131278992,-1,-1,-1
423,-1,38,664,164,99,0.9506867527961731,-1,-1,-1
423,-1,718,421,125,94,0.9055407643318176,-1,-1,-1
423,-1,443,509,74,69,0.6560524702072144,-1,-1,-1
424,-1,624,465,133,94,0.9843877553939819,-1,-1,-1
424,-1,49,661,161,99,0.9439024925231934,-1,-1,-1
424,-1,446,508,73,70,0.657558262348175,-1,-1,-1
425,-1,625,465,133,94,0.9875003099441528,-1,-1,-1
425,-1,50,664,159,94,0.9629061222076416,-1,-1,-1
425,-1,447,509,76,70,0.817972719669342,-1,-1,-1
426,-1,630,466,130,92,0.9880528450012207,-1,-1,-1
426,-1,53,663,159,95,0.9499998688697815,-1,-1,-1
426,-1,448,509,77,71,0.8735560178756714,-1,-1,-1
427,-1,625,465,134,94,0.9900998473167419,-1,-1,-1
427,-1,52,660,165,99,0.9527012705802917,-1,-1,-1
427,-1,449,506,78,76,0.8584049940109253,-1,-1,-1
428,-1,624,464,133,96,0.9901152849197388,-1,-1,-1
428,-1,58,660,156,99,0.9409993886947632,-1,-1,-1
428,-1,450,506,81,76,0.8849422335624695,-1,-1,-1
429,-1,628,461,129,101,0.9912753105163574,-1,-1,-1
429,-1,56,658,166,100,0.9234248399734497,-1,-1,-1
429,-1,451,507,82,76,0.9006898403167725,-1,-1,-1
430,-1,625,463,131,96,0.9900387525558472,-1,-1,-1
430,-1,451,506,84,78,0.911633312702179,-1,-1,-1
430,-1,58,657,164,100,0.8709108233451843,-1,-1,-1
431,-1,626,463,131,94,0.9921776652336121,-1,-1,-1
431,-1,450,506,91,78,0.9416754841804504,-1,-1,-1
431,-1,61,659,160,97,0.8194367289543152,-1,-1,-1
432,-1,629,464,128,93,0.9897922277450562,-1,-1,-1
432,-1,453,507,90,78,0.9555210471153259,-1,-1,-1
432,-1,66,658,155,98,0.8662918210029602,-1,-1,-1
433,-1,628,464,129,94,0.985289990901947,-1,-1,-1
433,-1,455,506,92,81,0.9649912118911743,-1,-1,-1
433,-1,58,657,164,100,0.7864072322845459,-1,-1,-1
434,-1,622,467,134,91,0.9881895780563354,-1,-1,-1
434,-1,456,505,95,82,0.9584418535232544,-1,-1,-1
434,-1,58,657,164,100,0.7831342220306396,-1,-1,-1
435,-1,622,467,133,92,0.9922599196434021,-1,-1,-1
435,-1,457,502,95,86,0.9811137318611145,-1,-1,-1
435,-1,63,655,147,102,0.7475060224533081,-1,-1,-1
435,-1,71,633,248,123,0.6352586150169373,-1,-1,-1
436,-1,625,470,130,89,0.9920509457588196,-1,-1,-1
436,-1,459,504,96,85,0.9805788397789001,-1,-1,-1
436,-1,63,655,147,102,0.7339769005775452,-1,-1,-1
436,-1,70,631,250,125,0.6578226089477539,-1,-1,-1
437,-1,629,471,126,88,0.9914169907569885,-1,-1,-1
437,-1,460,503,98,87,0.9810776114463806,-1,-1,-1
437,-1,64,655,144,101,0.7105318903923035,-1,-1,-1
437,-1,69,628,257,127,0.6790772080421448,-1,-1,-1
438,-1,625,472,127,89,0.9915062785148621,-1,-1,-1
438,-1,465,506,98,88,0.9827318787574768,-1,-1,-1
438,-1,69,630,254,126,0.7118248343467712,-1,-1,-1
438,-1,64,655,144,101,0.6838271021842957,-1,-1,-1
439,-1,625,472,124,88,0.9904360175132751,-1,-1,-1
439,-1,467,506,99,91,0.9824606776237488,-1,-1,-1
439,-1,60,642,236,115,0.7009937763214111,-1,-1,-1
440,-1,621,473,129,86,0.9871770143508911,-1,-1,-1
440,-1,469,505,107,91,0.9835343956947327,-1,-1,-1
440,-1,61,643,236,115,0.6964088678359985,-1,-1,-1
441,-1,470,509,108,90,0.9908728003501892,-1,-1,-1
441,-1,621,473,128,85,0.9865726232528687,-1,-1,-1
441,-1,81,615,284,138,0.7309881448745728,-1,-1,-1
441,-1,580,461,76,72,0.720411479473114,-1,-1,-1
442,-1,623,472,124,85,0.9876403212547302,-1,-1,-1
442,-1,474,510,111,86,0.9860629439353943,-1,-1,-1
442,-1,569,464,79,70,0.7330625057220459,-1,-1,-1
442,-1,73,628,255,126,0.721717894077301,-1,-1,-1
442,-1,62,656,162,97,0.6437318921089172,-1,-1,-1
443,-1,474,510,118,92,0.9880293011665344,-1,-1,-1
443,-1,622,471,121,87,0.9857203364372253,-1,-1,-1
443,-1,567,467,75,67,0.8116425275802612,-1,-1,-1
443,-1,72,632,253,123,0.7440239191055298,-1,-1,-1
443,-1,62,656,167,98,0.636273205280304,-1,-1,-1
444,-1,478,511,118,91,0.988461971282959,-1,-1,-1
444,-1,617,472,124,86,0.9875827431678772,-1,-1,-1
444,-1,563,467,75,69,0.8029353022575378,-1,-1,-1
444,-1,76,620,274,135,0.7241158485412598,-1,-1,-1
445,-1,481,510,121,97,0.9911080598831177,-1,-1,-1
445,-1,618,472,123,86,0.9863438606262207,-1,-1,-1
445,-1,561,468,74,66,0.8190968036651611,-1,-1,-1
445,-1,68,626,287,128,0.6917444467544556,-1,-1,-1
445,-1,62,656,169,98,0.6295090317726135,-1,-1,-1
446,-1,485,509,123,96,0.9899387359619141,-1,-1,-1
446,-1,617,472,122,86,0.9833926558494568,-1,-1,-1
446,-1,67,625,291,129,0.6932392716407776,-1,-1,-1
447,-1,491,511,121,98,0.9903774857521057,-1,-1,-1
447,-1,615,473,123,85,0.9838582873344421,-1,-1,-1
447,-1,63,655,168,99,0.6960470676422119,-1,-1,-1
447,-1,68,627,284,128,0.663951575756073,-1,-1,-1
448,-1,494,511,125,99,0.988680362701416,-1,-1,-1
448,-1,615,474,122,84,0.9791719317436218,-1,-1,-1
448,-1,69,653,165,100,0.8270325064659119,-1,-1,-1
449,-1,497,511,129,101,0.9908201098442078,-1,-1,-1
449,-1,612,474,122,85,0.9804009795188904,-1,-1,-1
449,-1,70,653,167,100,0.7978141903877258,-1,-1,-1
450,-1,503,511,134,103,0.9896685481071472,-1,-1,-1
450,-1,612,474,119,85,0.9777251482009888,-1,-1,-1
450,-1,78,654,159,97,0.8666039109230042,-1,-1,-1
450,-1,248,605,156,94,0.6651108264923096,-1,-1,-1
451,-1,509,513,140,100,0.982376217842102,-1,-1,-1
451,-1,605,473,119,85,0.9553201794624329,-1,-1,-1
451,-1,79,652,167,100,0.8671708106994629,-1,-1,-1
451,-1,244,603,160,97,0.7725297212600708,-1,-1,-1
452,-1,514,512,147,102,0.9847493767738342,-1,-1,-1
452,-1,86,652,162,96,0.8806651830673218,-1,-1,-1
452,-1,246,602,162,97,0.876197338104248,-1,-1,-1
452,-1,598,477,122,81,0.7935216426849365,-1,-1,-1
453,-1,520,510,154,112,0.9840938448905945,-1,-1,-1
453,-1,87,650,170,98,0.9261695146560669,-1,-1,-1
453,-1,253,603,162,93,0.9146050214767456,-1,-1,-1
453,-1,594,477,121,79,0.6704710721969604,-1,-1,-1
454,-1,523,499,161,127,0.9841926097869873,-1,-1,-1
454,-1,269,601,158,92,0.9468758702278137,-1,-1,-1
454,-1,90,651,164,95,0.9295333623886108,-1,-1,-1
455,-1,531,503,170,125,0.9847796559333801,-1,-1,-1
455,-1,263,595,170,98,0.9663689136505127,-1,-1,-1
455,-1,92,651,160,94,0.9519131183624268,-1,-1,-1
456,-1,278,589,166,101,0.9849932193756104,-1,-1,-1
456,-1,538,505,167,124,0.9824286103248596,-1,-1,-1
456,-1,91,649,163,98,0.9560869932174683,-1,-1,-1
457,-1,294,585,167,103,0.9727204442024231,-1,-1,-1
457,-1,549,499,172,134,0.9660046100616455,-1,-1,-1
457,-1,101,650,158,93,0.9420148134231567,-1,-1,-1
457,-1,1226,376,331,181,0.8064157366752625,-1,-1,-1
458,-1,288,585,174,101,0.9737333059310913,-1,-1,-1
458,-1,565,504,184,129,0.9554772973060608,-1,-1,-1
458,-1,103,650,158,93,0.9489052295684814,-1,-1,-1
458,-1,1163,383,350,173,0.9204691052436829,-1,-1,-1
459,-1,567,499,197,137,0.9726577401161194,-1,-1,-1
459,-1,313,583,168,100,0.9659672975540161,-1,-1,-1
459,-1,1135,389,339,170,0.9593680500984192,-1,-1,-1
459,-1,106,650,157,93,0.9524160027503967,-1,-1,-1
460,-1,318,579,169,101,0.9643794298171997,-1,-1,-1
460,-1,1106,392,322,166,0.9590122699737549,-1,-1,-1
460,-1,108,647,161,96,0.9538044333457947,-1,-1,-1
460,-1,578,500,217,143,0.9251588582992554,-1,-1,-1
461,-1,328,577,170,101,0.9804137349128723,-1,-1,-1
461,-1,1069,392,332,163,0.9668282270431519,-1,-1,-1
461,-1,110,646,164,96,0.946078896522522,-1,-1,-1
461,-1,592,503,219,144,0.8004220724105835,-1,-1,-1
462,-1,1053,397,312,157,0.9805393218994141,-1,-1,-1
462,-1,341,576,161,100,0.9666773080825806,-1,-1,-1
462,-1,113,646,162,93,0.9550648927688599,-1,-1,-1
462,-1,609,504,201,142,0.857400119304657,-1,-1,-1
462,-1,527,497,127,89,0.849207878112793,-1,-1,-1
463,-1,1021,404,287,150,0.9738543629646301,-1,-1,-1
463,-1,118,645,160,93,0.9660819172859192,-1,-1,-1
463,-1,356,571,161,100,0.9636098146438599,-1,-1,-1
463,-1,517,493,134,95,0.9567800164222717,-1,-1,-1
463,-1,621,496,213,158,0.753560483455658,-1,-1,-1
464,-1,503,496,139,96,0.9711872935295105,-1,-1,-1
464,-1,1006,404,282,148,0.9701907634735107,-1,-1,-1
464,-1,122,642,163,93,0.958178699016571,-1,-1,-1
464,-1,368,568,161,98,0.9491161108016968,-1,-1,-1
464,-1,639,493,262,161,0.7824850082397461,-1,-1,-1
465,-1,978,413,272,141,0.9625139832496643,-1,-1,-1
465,-1,375,564,163,102,0.9600148797035217,-1,-1,-1
465,-1,496,501,134,89,0.9569979906082153,-1,-1,-1
465,-1,131,641,154,94,0.9482437372207642,-1,-1,-1
465,-1,659,493,241,171,0.8994712233543396,-1,-1,-1
466,-1,964,416,249,137,0.9735576510429382,-1,-1,-1
466,-1,389,559,168,104,0.9705469608306885,-1,-1,-1
466,-1,686,489,244,180,0.9368948340415955,-1,-1,-1
466,-1,132,642,155,91,0.9266988635063171,-1,-1,-1
466,-1,488,503,132,84,0.765856921672821,-1,-1,-1
467,-1,950,420,230,132,0.9660847783088684,-1,-1,-1
467,-1,396,555,168,108,0.9646028876304626,-1,-1,-1
467,-1,710,490,249,181,0.9385581016540527,-1,-1,-1
467,-1,135,638,166,94,0.9316065311431885,-1,-1,-1
468,-1,404,553,171,108,0.9834794998168945,-1,-1,-1
468,-1,720,484,279,188,0.9614578485488892,-1,-1,-1
468,-1,936,424,230,130,0.945296049118042,-1,-1,-1
468,-1,131,640,171,90,0.827610433101654,-1,-1,-1
469,-1,415,552,171,105,0.9799954295158386,-1,-1,-1
469,-1,750,483,294,192,0.969417929649353,-1,-1,-1
469,-1,140,637,169,92,0.8247599005699158,-1,-1,-1
469,-1,879,422,265,125,0.7202389240264893,-1,-1,-1
470,-1,430,549,167,104,0.9738698601722717,-1,-1,-1
470,-1,770,481,306,206,0.9469149708747864,-1,-1,-1
470,-1,153,631,163,95,0.9332623481750488,-1,-1,-1
471,-1,432,550,176,104,0.967934250831604,-1,-1,-1
471,-1,152,626,175,98,0.8670012950897217,-1,-1,-1
471,-1,801,480,326,214,0.8504852056503296,-1,-1,-1
472,-1,459,546,171,102,0.9715045094490051,-1,-1,-1
472,-1,169,625,170,93,0.9481770992279053,-1,-1,-1
472,-1,830,467,401,239,0.849321186542511,-1,-1,-1
473,-1,475,542,164,103,0.9686542749404907,-1,-1,-1
473,-1,863,451,477,271,0.9563806653022766,-1,-1,-1
473,-1,175,623,169,93,0.9542837142944336,-1,-1,-1
473,-1,388,537,141,98,0.8306120038032532,-1,-1,-1
474,-1,371,540,140,98,0.9657616019248962,-1,-1,-1
474,-1,478,541,169,104,0.9628210067749023,-1,-1,-1
474,-1,924,453,497,274,0.9543926119804382,-1,-1,-1
474,-1,196,620,161,93,0.9344156384468079,-1,-1,-1
474,-1,835,429,194,118,0.8696761131286621,-1,-1,-1
474,-1,802,364,114,94,0.6365621089935303,-1,-1,-1
475,-1,358,545,142,95,0.9768093228340149,-1,-1,-1
475,-1,489,536,172,107,0.9461182355880737,-1,-1,-1
475,-1,820,434,180,115,0.9262350797653198,-1,-1,-1
475,-1,974,456,532,283,0.9232083559036255,-1,-1,-1
475,-1,202,619,155,85,0.9212390780448914,-1,-1,-1
476,-1,816,436,174,111,0.98306804895401,-1,-1,-1
476,-1,508,530,175,113,0.9609101414680481,-1,-1,-1
476,-1,346,555,139,87,0.958553671836853,-1,-1,-1
476,-1,212,615,154,89,0.9496389627456665,-1,-1,-1
476,-1,1018,448,581,309,0.8865033388137817,-1,-1,-1
476,-1,801,365,114,96,0.6075510382652283,-1,-1,-1
477,-1,797,439,169,108,0.9839940071105957,-1,-1,-1
477,-1,216,612,163,93,0.9647204279899597,-1,-1,-1
477,-1,526,530,172,110,0.9337606430053711,-1,-1,-1
477,-1,327,560,140,86,0.7915415167808533,-1,-1,-1
478,-1,786,441,167,106,0.9849013686180115,-1,-1,-1
478,-1,217,611,162,93,0.9795116186141968,-1,-1,-1
478,-1,536,529,174,112,0.8526285290718079,-1,-1,-1
479,-1,771,443,162,106,0.98831707239151,-1,-1,-1
479,-1,226,608,159,93,0.9746088981628418,-1,-1,-1
479,-1,539,527,173,118,0.9054680466651917,-1,-1,-1
480,-1,763,444,152,104,0.9893892407417297,-1,-1,-1
480,-1,230,606,164,97,0.9836332201957703,-1,-1,-1
480,-1,555,526,178,114,0.8914470672607422,-1,-1,-1
481,-1,751,447,148,100,0.9845820069313049,-1,-1,-1
481,-1,238,604,158,98,0.9824366569519043,-1,-1,-1
481,-1,572,525,172,114,0.9460296034812927,-1,-1,-1
482,-1,248,600,160,101,0.9837467074394226,-1,-1,-1
482,-1,739,450,146,99,0.9833574891090393,-1,-1,-1
482,-1,580,521,181,120,0.8599541187286377,-1,-1,-1
483,-1,732,451,146,97,0.9768979549407959,-1,-1,-1
483,-1,238,602,177,96,0.961493968963623,-1,-1,-1
483,-1,596,520,191,122,0.8881902694702148,-1,-1,-1
484,-1,605,518,191,126,0.9711253643035889,-1,-1,-1
484,-1,708,455,156,98,0.9483798146247864,-1,-1,-1
484,-1,275,602,147,91,0.9143192768096924,-1,-1,-1
484,-1,1349,317,234,156,0.8357425332069397,-1,-1,-1
484,-1,208,598,143,93,0.7775190472602844,-1,-1,-1
485,-1,289,597,154,94,0.9702585339546204,-1,-1,-1
485,-1,619,518,185,127,0.9670055508613586,-1,-1,-1
485,-1,1279,323,283,154,0.9215856194496155,-1,-1,-1
485,-1,698,456,148,91,0.8751406073570251,-1,-1,-1
486,-1,292,597,153,92,0.9810171723365784,-1,-1,-1
486,-1,623,519,200,125,0.9561885595321655,-1,-1,-1
486,-1,1220,333,308,149,0.9430872201919556,-1,-1,-1
486,-1,186,609,137,90,0.9308221936225891,-1,-1,-1
487,-1,302,595,154,92,0.9866596460342407,-1,-1,-1
487,-1,168,613,133,89,0.9737536311149597,-1,-1,-1
487,-1,1168,346,285,140,0.9650856852531433,-1,-1,-1
487,-1,636,511,210,136,0.823927104473114,-1,-1,-1
488,-1,306,592,161,94,0.9902092218399048,-1,-1,-1
488,-1,1130,352,271,138,0.9749734401702881,-1,-1,-1
488,-1,150,620,140,86,0.8406887054443359,-1,-1,-1
488,-1,649,507,231,143,0.7856705188751221,-1,-1,-1
489,-1,313,590,158,95,0.991672694683075,-1,-1,-1
489,-1,1096,361,226,133,0.9742117524147034,-1,-1,-1
489,-1,132,625,143,86,0.9227040410041809,-1,-1,-1
489,-1,650,465,139,93,0.8610467910766602,-1,-1,-1
489,-1,660,507,226,147,0.8341646194458008,-1,-1,-1
490,-1,328,588,155,99,0.991614580154419,-1,-1,-1
490,-1,1060,368,217,129,0.9798386096954346,-1,-1,-1
490,-1,640,469,138,93,0.926173210144043,-1,-1,-1
490,-1,687,504,248,154,0.8453394174575806,-1,-1,-1
490,-1,116,632,142,84,0.7929797768592834,-1,-1,-1
491,-1,334,587,157,98,0.9913367033004761,-1,-1,-1
491,-1,1018,375,221,126,0.9678911566734314,-1,-1,-1
491,-1,629,472,139,89,0.9628196954727173,-1,-1,-1
491,-1,710,515,241,151,0.7269583344459534,-1,-1,-1
492,-1,346,586,153,99,0.9940080642700195,-1,-1,-1
492,-1,985,378,205,126,0.9577926993370056,-1,-1,-1
492,-1,728,503,263,162,0.8827845454216003,-1,-1,-1
492,-1,610,476,130,88,0.8666003346443176,-1,-1,-1
493,-1,357,584,150,100,0.9927865862846375,-1,-1,-1
493,-1,960,389,189,114,0.982017457485199,-1,-1,-1
493,-1,597,478,135,91,0.9667319655418396,-1,-1,-1
493,-1,754,508,282,163,0.9043038487434387,-1,-1,-1
493,-1,70,643,124,89,0.7096580266952515,-1,-1,-1
494,-1,363,586,153,102,0.9925186634063721,-1,-1,-1
494,-1,930,394,186,110,0.9838391542434692,-1,-1,-1
494,-1,581,481,129,93,0.9360213279724121,-1,-1,-1
494,-1,787,503,281,169,0.9220448136329651,-1,-1,-1
495,-1,370,583,155,103,0.9929343461990356,-1,-1,-1
495,-1,900,398,181,108,0.9814999103546143,-1,-1,-1
495,-1,566,488,135,90,0.9620773196220398,-1,-1,-1
495,-1,820,499,296,177,0.9226618409156799,-1,-1,-1
496,-1,383,582,152,104,0.9899847507476807,-1,-1,-1
496,-1,555,489,135,93,0.9769026041030884,-1,-1,-1
496,-1,848,493,338,192,0.9536455869674683,-1,-1,-1
496,-1,869,401,188,104,0.9487414956092834,-1,-1,-1
497,-1,389,581,152,107,0.9908954501152039,-1,-1,-1
497,-1,858,405,164,106,0.9784092307090759,-1,-1,-1
497,-1,537,492,137,93,0.9758220911026001,-1,-1,-1
497,-1,877,495,365,198,0.9589316248893738,-1,-1,-1
498,-1,392,583,149,107,0.9924954175949097,-1,-1,-1
498,-1,826,408,164,105,0.9733610153198242,-1,-1,-1
498,-1,526,497,130,92,0.9728907942771912,-1,-1,-1
498,-1,922,494,383,206,0.9652737379074097,-1,-1,-1
499,-1,400,582,155,108,0.9911002516746521,-1,-1,-1
499,-1,816,412,152,102,0.9818984866142273,-1,-1,-1
499,-1,510,502,132,92,0.9610474109649658,-1,-1,-1
499,-1,959,496,412,218,0.9405386447906494,-1,-1,-1
500,-1,405,581,154,109,0.9893935918807983,-1,-1,-1
500,-1,801,414,153,102,0.9855098724365234,-1,-1,-1
500,-1,495,506,131,93,0.9747439026832581,-1,-1,-1
500,-1,998,495,436,228,0.9068678021430969,-1,-1,-1
501,-1,412,583,154,108,0.9891465902328491,-1,-1,-1
501,-1,783,417,149,101,0.9876633286476135,-1,-1,-1
501,-1,489,510,125,89,0.9494395852088928,-1,-1,-1
501,-1,1070,485,491,255,0.9165363311767578,-1,-1,-1
502,-1,421,583,154,113,0.9894213676452637,-1,-1,-1
502,-1,764,419,150,99,0.9876176714897156,-1,-1,-1
502,-1,478,514,122,88,0.972855269908905,-1,-1,-1
503,-1,426,583,158,115,0.9859036803245544,-1,-1,-1
503,-1,743,421,142,98,0.9855135083198547,-1,-1,-1
503,-1,468,518,120,86,0.9154767990112305,-1,-1,-1
504,-1,434,586,155,121,0.9904502034187317,-1,-1,-1
504,-1,730,427,138,92,0.9880796074867249,-1,-1,-1
504,-1,449,519,121,90,0.6639207601547241,-1,-1,-1
505,-1,439,587,156,121,0.991341769695282,-1,-1,-1
505,-1,722,432,132,90,0.9836254715919495,-1,-1,-1
506,-1,445,590,159,123,0.9913513660430908,-1,-1,-1
506,-1,709,432,123,92,0.9791969656944275,-1,-1,-1
507,-1,454,594,166,125,0.9918243288993835,-1,-1,-1
507,-1,696,437,121,89,0.9820661544799805,-1,-1,-1
507,-1,398,534,135,95,0.9033496975898743,-1,-1,-1
508,-1,459,593,174,130,0.9949904084205627,-1,-1,-1
508,-1,385,541,133,92,0.9717395901679993,-1,-1,-1
508,-1,681,438,120,91,0.9631887078285217,-1,-1,-1
509,-1,466,593,183,138,0.988390326499939,-1,-1,-1
509,-1,373,546,131,92,0.982913076877594,-1,-1,-1
509,-1,674,441,114,87,0.9755433797836304,-1,-1,-1
510,-1,479,595,182,140,0.9920951724052429,-1,-1,-1
510,-1,663,443,109,86,0.974721372127533,-1,-1,-1
510,-1,357,557,122,82,0.9453589916229248,-1,-1,-1
511,-1,482,596,195,144,0.9915687441825867,-1,-1,-1
511,-1,648,448,110,83,0.9818159341812134,-1,-1,-1
511,-1,335,560,129,88,0.9691842794418335,-1,-1,-1
512,-1,493,598,206,151,0.9914777874946594,-1,-1,-1
512,-1,641,447,109,84,0.9838533401489258,-1,-1,-1
512,-1,317,567,127,87,0.9535975456237793,-1,-1,-1
513,-1,500,595,209,158,0.9798663258552551,-1,-1,-1
513,-1,632,452,107,81,0.9772396087646484,-1,-1,-1
513,-1,305,573,125,84,0.9330684542655945,-1,-1,-1
514,-1,511,601,216,166,0.9837316274642944,-1,-1,-1
514,-1,283,577,133,87,0.9677172899246216,-1,-1,-1
514,-1,626,454,99,78,0.9614714980125427,-1,-1,-1
515,-1,523,602,223,173,0.9848278760910034,-1,-1,-1
515,-1,617,457,96,76,0.9426573514938354,-1,-1,-1
515,-1,261,584,134,86,0.9186963438987732,-1,-1,-1
516,-1,526,605,236,184,0.9823459982872009,-1,-1,-1
516,-1,242,585,142,93,0.9684584736824036,-1,-1,-1
516,-1,611,460,96,74,0.9592055082321167,-1,-1,-1
517,-1,543,609,248,185,0.9838522672653198,-1,-1,-1
517,-1,234,593,135,88,0.9626513123512268,-1,-1,-1
517,-1,609,461,90,74,0.8898319005966187,-1,-1,-1
518,-1,553,611,268,204,0.9824408888816833,-1,-1,-1
518,-1,213,594,130,91,0.9564374685287476,-1,-1,-1
518,-1,599,462,91,71,0.906158983707428,-1,-1,-1
519,-1,560,616,304,216,0.9893634915351868,-1,-1,-1
519,-1,211,600,130,89,0.9526709914207458,-1,-1,-1
519,-1,595,464,88,70,0.8952614665031433,-1,-1,-1
520,-1,584,621,317,223,0.9852890372276306,-1,-1,-1
520,-1,193,607,127,87,0.9155184626579285,-1,-1,-1
520,-1,590,464,82,69,0.8671343922615051,-1,-1,-1
521,-1,608,629,315,238,0.9884318709373474,-1,-1,-1
521,-1,173,614,131,88,0.9716268181800842,-1,-1,-1
521,-1,585,467,81,67,0.8978789448738098,-1,-1,-1
521,-1,688,413,129,85,0.6619903445243835,-1,-1,-1
522,-1,626,637,357,249,0.9839301705360413,-1,-1,-1
522,-1,155,618,134,86,0.938093364238739,-1,-1,-1
522,-1,578,466,83,68,0.8790560960769653,-1,-1,-1
523,-1,654,644,375,260,0.9791659712791443,-1,-1,-1
523,-1,137,625,139,85,0.9305005073547363,-1,-1,-1
523,-1,577,465,79,70,0.8203169703483582,-1,-1,-1
524,-1,685,655,398,284,0.9724664092063904,-1,-1,-1
524,-1,119,630,136,85,0.8333041071891785,-1,-1,-1
524,-1,571,470,76,65,0.6488931775093079,-1,-1,-1
525,-1,716,666,453,310,0.97198885679245,-1,-1,-1
525,-1,567,471,75,64,0.6910797953605652,-1,-1,-1
525,-1,105,633,133,87,0.6807584166526794,-1,-1,-1
526,-1,753,680,489,346,0.9846051931381226,-1,-1,-1
526,-1,89,638,133,89,0.7700693011283875,-1,-1,-1
526,-1,561,472,74,66,0.6474044322967529,-1,-1,-1
527,-1,796,696,548,380,0.9827105402946472,-1,-1,-1
527,-1,76,645,128,84,0.8052583932876587,-1,-1,-1
528,-1,855,702,632,446,0.9784693121910095,-1,-1,-1
528,-1,62,650,125,82,0.627676784992218,-1,-1,-1
529,-1,892,715,703,480,0.7808446884155273,-1,-1,-1
530,-1,33,658,128,84,0.7864134907722473,-1,-1,-1
531,-1,653,427,125,83,0.7746723890304565,-1,-1,-1
532,-1,652,429,122,80,0.8269624710083008,-1,-1,-1
533,-1,642,430,130,83,0.9141864776611328,-1,-1,-1
534,-1,639,432,125,81,0.7119151949882507,-1,-1,-1
536,-1,633,440,117,76,0.8100731372833252,-1,-1,-1
537,-1,625,442,121,75,0.8073370456695557,-1,-1,-1
538,-1,615,444,125,76,0.7892323732376099,-1,-1,-1
540,-1,605,447,119,77,0.6038035750389099,-1,-1,-1
541,-1,599,444,125,80,0.7524978518486023,-1,-1,-1
542,-1,597,449,120,79,0.7386764883995056,-1,-1,-1
543,-1,593,453,116,75,0.788223385810852,-1,-1,-1
544,-1,586,456,117,74,0.9293611645698547,-1,-1,-1
545,-1,587,458,111,72,0.9221280217170715,-1,-1,-1
546,-1,584,459,108,68,0.8230364322662354,-1,-1,-1
547,-1,579,460,106,71,0.9106228947639465,-1,-1,-1
548,-1,573,460,109,73,0.9467648267745972,-1,-1,-1
549,-1,572,462,105,72,0.951963484287262,-1,-1,-1
550,-1,570,461,97,71,0.918718159198761,-1,-1,-1
551,-1,570,462,93,70,0.8124498724937439,-1,-1,-1
552,-1,566,463,93,70,0.8427556753158569,-1,-1,-1
553,-1,565,465,89,69,0.8236047029495239,-1,-1,-1
554,-1,562,468,87,67,0.6131982207298279,-1,-1,-1
557,-1,552,470,85,66,0.7127411365509033,-1,-1,-1
613,-1,1318,306,261,166,0.9054360389709473,-1,-1,-1
614,-1,1278,315,290,158,0.9157698750495911,-1,-1,-1
615,-1,1233,324,307,153,0.9387301206588745,-1,-1,-1
616,-1,1182,337,296,143,0.9617249369621277,-1,-1,-1
617,-1,1148,342,284,142,0.9669618606567383,-1,-1,-1
618,-1,1127,349,272,136,0.9720293283462524,-1,-1,-1
619,-1,1093,354,257,134,0.977955162525177,-1,-1,-1
620,-1,1073,360,248,129,0.9541152715682983,-1,-1,-1
621,-1,1043,365,218,127,0.9844163060188293,-1,-1,-1
622,-1,1011,370,220,123,0.9872360825538635,-1,-1,-1
623,-1,982,373,214,124,0.9811614751815796,-1,-1,-1
624,-1,965,379,209,116,0.9831258654594421,-1,-1,-1
625,-1,944,384,201,111,0.9878532886505127,-1,-1,-1
626,-1,918,388,192,113,0.9836310148239136,-1,-1,-1
627,-1,903,392,184,109,0.989387035369873,-1,-1,-1
628,-1,891,395,171,105,0.9916222095489502,-1,-1,-1
629,-1,874,398,167,105,0.9912927746772766,-1,-1,-1
630,-1,858,401,161,105,0.9896314740180969,-1,-1,-1
631,-1,836,403,162,104,0.9930672645568848,-1,-1,-1
632,-1,822,407,159,103,0.9906501770019531,-1,-1,-1
