1,-1,569,252,119,93,0.8690904378890991,-1,-1,-1
1,-1,1005,253,131,96,0.7433205842971802,-1,-1,-1
2,-1,569,252,118,93,0.8346644639968872,-1,-1,-1
2,-1,1004,254,132,95,0.7242555618286133,-1,-1,-1
3,-1,569,252,118,93,0.8355779051780701,-1,-1,-1
3,-1,988,209,554,312,0.7492010593414307,-1,-1,-1
4,-1,861,214,595,303,0.8992113471031189,-1,-1,-1
4,-1,569,252,118,93,0.827751636505127,-1,-1,-1
5,-1,717,207,627,304,0.9314078092575073,-1,-1,-1
5,-1,569,252,119,93,0.7664275765419006,-1,-1,-1
6,-1,587,209,616,295,0.92705899477005,-1,-1,-1
6,-1,568,252,120,95,0.701833188533783,-1,-1,-1
6,-1,185,238,133,102,0.6365309357643127,-1,-1,-1
7,-1,469,206,620,292,0.9126561880111694,-1,-1,-1
7,-1,185,238,134,102,0.6433449387550354,-1,-1,-1
8,-1,313,202,639,293,0.8936649560928345,-1,-1,-1
9,-1,251,203,589,287,0.9232314229011536,-1,-1,-1
9,-1,1006,254,130,96,0.8318814039230347,-1,-1,-1
10,-1,117,199,591,286,0.9221978783607483,-1,-1,-1
10,-1,1006,254,130,96,0.8523132801055908,-1,-1,-1
11,-1,8,196,595,284,0.8778882026672363,-1,-1,-1
11,-1,1008,253,127,96,0.8361208438873291,-1,-1,-1
12,-1,1008,253,127,96,0.838345468044281,-1,-1,-1
12,-1,0,182,563,299,0.7752107977867126,-1,-1,-1
13,-1,1005,254,130,94,0.839601993560791,-1,-1,-1
14,-1,1005,254,130,94,0.8388484120368958,-1,-1,-1
14,-1,569,252,118,92,0.7036054730415344,-1,-1,-1
15,-1,1004,254,130,94,0.8424699306488037,-1,-1,-1
15,-1,570,252,118,92,0.7675691246986389,-1,-1,-1
16,-1,1004,254,131,94,0.8322616219520569,-1,-1,-1
16,-1,570,252,117,92,0.7642519474029541,-1,-1,-1
17,-1,1004,254,131,94,0.8283304572105408,-1,-1,-1
17,-1,570,252,117,92,0.7536088228225708,-1,-1,-1
18,-1,1005,254,131,94,0.8233628869056702,-1,-1,-1
18,-1,570,252,117,92,0.7456831336021423,-1,-1,-1
19,-1,1008,254,127,95,0.8269369602203369,-1,-1,-1
19,-1,570,252,117,92,0.7416064143180847,-1,-1,-1
20,-1,1008,254,127,95,0.8283451199531555,-1,-1,-1
20,-1,570,252,117,92,0.7431510090827942,-1,-1,-1
21,-1,571,252,117,94,0.8663294911384583,-1,-1,-1
21,-1,1005,254,131,95,0.8121745586395264,-1,-1,-1
21,-1,81,238,146,98,0.634920060634613,-1,-1,-1
21,-1,187,236,132,104,0.6201711893081665,-1,-1,-1
22,-1,571,252,117,94,0.8738855123519897,-1,-1,-1
22,-1,1007,254,128,96,0.8123742341995239,-1,-1,-1
22,-1,81,238,146,98,0.627852201461792,-1,-1,-1
22,-1,187,236,132,104,0.6162059903144836,-1,-1,-1
23,-1,571,252,117,94,0.8732713460922241,-1,-1,-1
23,-1,1005,254,131,96,0.8018568158149719,-1,-1,-1
23,-1,185,238,134,103,0.6338280439376831,-1,-1,-1
23,-1,81,238,145,98,0.6137585639953613,-1,-1,-1
24,-1,571,252,117,94,0.8746049404144287,-1,-1,-1
24,-1,1007,253,128,96,0.7943803668022156,-1,-1,-1
24,-1,185,238,134,103,0.661473274230957,-1,-1,-1
24,-1,81,238,145,98,0.6147129535675049,-1,-1,-1
25,-1,571,253,117,94,0.8757797479629517,-1,-1,-1
25,-1,1004,254,132,96,0.794235110282898,-1,-1,-1
25,-1,187,236,132,104,0.6434657573699951,-1,-1,-1
26,-1,570,252,118,93,0.8659424781799316,-1,-1,-1
26,-1,1004,254,132,96,0.7973847389221191,-1,-1,-1
26,-1,187,236,132,104,0.6384972929954529,-1,-1,-1
27,-1,570,253,118,93,0.8662720918655396,-1,-1,-1
27,-1,1004,254,132,96,0.7933640480041504,-1,-1,-1
27,-1,187,236,132,104,0.6347908973693848,-1,-1,-1
28,-1,571,253,117,94,0.888308048248291,-1,-1,-1
28,-1,1004,254,132,96,0.786795973777771,-1,-1,-1
28,-1,187,236,132,104,0.6348881125450134,-1,-1,-1
29,-1,569,253,118,93,0.8741835951805115,-1,-1,-1
29,-1,1004,254,132,96,0.7790853977203369,-1,-1,-1
29,-1,187,236,132,104,0.6340792179107666,-1,-1,-1
30,-1,569,253,118,93,0.8755645751953125,-1,-1,-1
30,-1,1004,254,132,96,0.7784119844436646,-1,-1,-1
30,-1,187,236,132,104,0.6308979392051697,-1,-1,-1
31,-1,569,252,119,94,0.8565687537193298,-1,-1,-1
31,-1,1005,254,131,96,0.7647757530212402,-1,-1,-1
31,-1,187,237,133,103,0.6469063758850098,-1,-1,-1
32,-1,569,252,119,94,0.8474858403205872,-1,-1,-1
32,-1,1005,254,130,96,0.7685649394989014,-1,-1,-1
32,-1,187,237,133,103,0.6514096856117249,-1,-1,-1
33,-1,569,252,119,94,0.8452411890029907,-1,-1,-1
33,-1,1005,254,130,96,0.7700561285018921,-1,-1,-1
33,-1,187,237,133,103,0.6522142887115479,-1,-1,-1
34,-1,569,252,119,94,0.8410246968269348,-1,-1,-1
34,-1,1005,254,130,96,0.7686471343040466,-1,-1,-1
34,-1,187,237,133,103,0.6515729427337646,-1,-1,-1
35,-1,569,252,119,93,0.8563928008079529,-1,-1,-1
35,-1,1005,254,130,96,0.7621365189552307,-1,-1,-1
35,-1,187,237,133,103,0.6367668509483337,-1,-1,-1
36,-1,569,252,119,93,0.8526241779327393,-1,-1,-1
36,-1,1005,254,130,96,0.742835521697998,-1,-1,-1
36,-1,187,236,133,104,0.6119863986968994,-1,-1,-1
37,-1,569,252,118,94,0.854024350643158,-1,-1,-1
37,-1,1005,254,131,95,0.8111230134963989,-1,-1,-1
38,-1,569,252,118,94,0.8544700145721436,-1,-1,-1
38,-1,1005,254,131,95,0.8099162578582764,-1,-1,-1
39,-1,569,252,118,94,0.8479694128036499,-1,-1,-1
39,-1,1005,254,131,95,0.8068540096282959,-1,-1,-1
40,-1,569,252,118,93,0.8496103286743164,-1,-1,-1
40,-1,1005,254,131,95,0.8077406287193298,-1,-1,-1
41,-1,569,252,118,93,0.8502268195152283,-1,-1,-1
41,-1,1005,254,130,95,0.8073586225509644,-1,-1,-1
41,-1,185,237,134,104,0.6005661487579346,-1,-1,-1
42,-1,569,252,118,93,0.8457620739936829,-1,-1,-1
42,-1,1005,254,130,95,0.7993931770324707,-1,-1,-1
42,-1,185,237,134,104,0.6023595929145813,-1,-1,-1
43,-1,569,252,118,93,0.854160726070404,-1,-1,-1
43,-1,1005,254,130,95,0.798159658908844,-1,-1,-1
43,-1,185,237,134,104,0.6030540466308594,-1,-1,-1
44,-1,569,252,118,94,0.8436132669448853,-1,-1,-1
44,-1,1005,254,130,95,0.8004963994026184,-1,-1,-1
44,-1,185,237,134,104,0.6020329594612122,-1,-1,-1
45,-1,569,252,118,93,0.8439871072769165,-1,-1,-1
45,-1,1005,254,130,95,0.7985422611236572,-1,-1,-1
45,-1,185,237,134,104,0.602001428604126,-1,-1,-1
46,-1,569,252,118,93,0.8476004004478455,-1,-1,-1
46,-1,1005,254,130,95,0.796001672744751,-1,-1,-1
46,-1,185,238,134,104,0.6014541983604431,-1,-1,-1
47,-1,569,252,118,93,0.8494042754173279,-1,-1,-1
47,-1,1005,254,130,95,0.7961310744285583,-1,-1,-1
47,-1,185,238,134,104,0.6122183203697205,-1,-1,-1
48,-1,569,252,118,93,0.846146821975708,-1,-1,-1
48,-1,1006,254,130,95,0.7942785024642944,-1,-1,-1
48,-1,185,237,134,104,0.6091147065162659,-1,-1,-1
49,-1,569,252,118,93,0.8459430932998657,-1,-1,-1
49,-1,1005,254,131,95,0.7723193168640137,-1,-1,-1
50,-1,569,252,118,93,0.8472799062728882,-1,-1,-1
50,-1,1005,254,131,95,0.777468204498291,-1,-1,-1
51,-1,569,252,118,93,0.8437177538871765,-1,-1,-1
51,-1,1005,254,131,95,0.7791124582290649,-1,-1,-1
52,-1,569,252,118,93,0.8508830070495605,-1,-1,-1
52,-1,1005,254,131,95,0.7818875312805176,-1,-1,-1
53,-1,569,252,118,93,0.8475956320762634,-1,-1,-1
53,-1,1005,254,131,95,0.7865883111953735,-1,-1,-1
54,-1,569,252,118,93,0.8521438241004944,-1,-1,-1
54,-1,1005,254,131,95,0.7908712029457092,-1,-1,-1
55,-1,569,252,118,93,0.8517740964889526,-1,-1,-1
55,-1,1005,254,131,95,0.7879900336265564,-1,-1,-1
56,-1,570,252,117,92,0.8263425230979919,-1,-1,-1
56,-1,1005,255,130,94,0.8053205013275146,-1,-1,-1
56,-1,186,238,133,103,0.6159951686859131,-1,-1,-1
56,-1,81,238,144,99,0.6151072978973389,-1,-1,-1
57,-1,569,252,117,92,0.8191764950752258,-1,-1,-1
57,-1,1005,255,130,94,0.8022277355194092,-1,-1,-1
57,-1,0,586,675,596,0.6597304940223694,-1,-1,-1
57,-1,81,238,144,99,0.610670804977417,-1,-1,-1
57,-1,186,238,133,103,0.6102386713027954,-1,-1,-1
58,-1,0,600,891,599,0.8513984680175781,-1,-1,-1
58,-1,1005,255,131,94,0.8039266467094421,-1,-1,-1
58,-1,569,252,118,92,0.7969428896903992,-1,-1,-1
58,-1,186,238,133,103,0.6224203705787659,-1,-1,-1
58,-1,82,238,143,98,0.6044339537620544,-1,-1,-1
59,-1,1005,255,131,94,0.8109362125396729,-1,-1,-1
59,-1,569,252,118,92,0.7954967021942139,-1,-1,-1
59,-1,27,623,1158,576,0.7598603367805481,-1,-1,-1
59,-1,186,238,133,103,0.6190282106399536,-1,-1,-1
59,-1,82,238,143,99,0.6045653820037842,-1,-1,-1
60,-1,1005,255,131,94,0.824424684047699,-1,-1,-1
60,-1,569,252,118,92,0.8037426471710205,-1,-1,-1
60,-1,186,238,133,103,0.6129626035690308,-1,-1,-1
61,-1,569,253,118,92,0.839169442653656,-1,-1,-1
61,-1,1005,255,130,95,0.8145110607147217,-1,-1,-1
61,-1,186,238,133,103,0.659756600856781,-1,-1,-1
61,-1,82,238,145,98,0.6478251814842224,-1,-1,-1
62,-1,569,253,118,92,0.8346110582351685,-1,-1,-1
62,-1,1005,255,130,95,0.8154905438423157,-1,-1,-1
62,-1,82,238,145,98,0.6489450931549072,-1,-1,-1
62,-1,186,238,133,103,0.6394772529602051,-1,-1,-1
63,-1,569,253,118,92,0.8286028504371643,-1,-1,-1
63,-1,1005,254,131,95,0.8249412178993225,-1,-1,-1
63,-1,186,238,133,103,0.665287435054779,-1,-1,-1
63,-1,82,238,144,99,0.6215229034423828,-1,-1,-1
64,-1,1005,254,131,95,0.8360067009925842,-1,-1,-1
64,-1,569,253,118,92,0.8164491057395935,-1,-1,-1
64,-1,186,238,133,103,0.674826979637146,-1,-1,-1
64,-1,82,238,144,98,0.630097508430481,-1,-1,-1
65,-1,1005,254,130,95,0.8382714986801147,-1,-1,-1
65,-1,569,253,118,92,0.8101503849029541,-1,-1,-1
65,-1,186,238,133,103,0.6915454268455505,-1,-1,-1
65,-1,82,238,144,98,0.6339784860610962,-1,-1,-1
66,-1,1005,255,132,94,0.8258142471313477,-1,-1,-1
66,-1,569,253,117,91,0.7508769035339355,-1,-1,-1
66,-1,186,238,133,103,0.6657249331474304,-1,-1,-1
67,-1,1005,255,131,94,0.8256909251213074,-1,-1,-1
67,-1,569,253,117,91,0.7539345026016235,-1,-1,-1
67,-1,186,238,133,103,0.6621132493019104,-1,-1,-1
68,-1,1005,255,131,94,0.8256125450134277,-1,-1,-1
68,-1,569,253,117,91,0.7484917044639587,-1,-1,-1
68,-1,186,238,133,103,0.6638487577438354,-1,-1,-1
69,-1,1005,255,131,94,0.8184018731117249,-1,-1,-1
69,-1,569,253,117,91,0.748294472694397,-1,-1,-1
69,-1,186,238,133,103,0.6738927960395813,-1,-1,-1
70,-1,1005,255,131,95,0.8117846250534058,-1,-1,-1
70,-1,570,253,117,91,0.7384821176528931,-1,-1,-1
70,-1,186,238,133,103,0.6979681253433228,-1,-1,-1
71,-1,1163,317,409,200,0.8430278897285461,-1,-1,-1
71,-1,1005,255,131,95,0.7565979957580566,-1,-1,-1
71,-1,570,253,117,91,0.7467554211616516,-1,-1,-1
71,-1,185,238,134,103,0.6888788342475891,-1,-1,-1
72,-1,1056,315,471,198,0.9485428929328918,-1,-1,-1
72,-1,569,253,117,91,0.747929036617279,-1,-1,-1
72,-1,1004,255,131,95,0.7263702750205994,-1,-1,-1
72,-1,0,478,465,326,0.6405571103096008,-1,-1,-1
72,-1,185,238,134,103,0.6224973201751709,-1,-1,-1
73,-1,937,309,482,200,0.969711184501648,-1,-1,-1
73,-1,31,484,663,334,0.961180567741394,-1,-1,-1
73,-1,570,253,116,91,0.7295368909835815,-1,-1,-1
73,-1,1006,254,128,96,0.7243112921714783,-1,-1,-1
74,-1,116,484,779,346,0.9764136672019958,-1,-1,-1
74,-1,842,307,444,195,0.9550675749778748,-1,-1,-1
74,-1,570,253,116,91,0.6924430131912231,-1,-1,-1
75,-1,723,296,458,200,0.969921886920929,-1,-1,-1
75,-1,354,501,742,341,0.9631333947181702,-1,-1,-1
75,-1,569,252,116,92,0.6361585259437561,-1,-1,-1
76,-1,613,291,449,201,0.9667636156082153,-1,-1,-1
76,-1,574,508,749,341,0.9531508088111877,-1,-1,-1
76,-1,568,251,118,93,0.7476098537445068,-1,-1,-1
76,-1,186,238,134,103,0.6540852189064026,-1,-1,-1
77,-1,476,291,477,201,0.96368807554245,-1,-1,-1
77,-1,817,520,732,342,0.946649432182312,-1,-1,-1
77,-1,1006,256,124,93,0.8738899827003479,-1,-1,-1
77,-1,186,238,134,103,0.6564264893531799,-1,-1,-1
77,-1,570,252,115,91,0.6435135006904602,-1,-1,-1
78,-1,363,290,476,198,0.9607086181640625,-1,-1,-1
78,-1,1005,255,129,94,0.7971897721290588,-1,-1,-1
78,-1,842,514,695,333,0.7145354151725769,-1,-1,-1
78,-1,186,238,134,103,0.6444747447967529,-1,-1,-1
79,-1,258,290,460,191,0.9586028456687927,-1,-1,-1
79,-1,1005,255,130,94,0.8215003609657288,-1,-1,-1
79,-1,1008,511,545,330,0.6543924808502197,-1,-1,-1
80,-1,150,284,477,198,0.9411320090293884,-1,-1,-1
80,-1,1004,255,130,94,0.8268353343009949,-1,-1,-1
81,-1,43,284,470,194,0.9493535757064819,-1,-1,-1
81,-1,1004,255,130,94,0.8198660016059875,-1,-1,-1
81,-1,569,252,119,95,0.8071717023849487,-1,-1,-1
82,-1,0,289,412,183,0.9060977697372437,-1,-1,-1
82,-1,1005,255,129,94,0.8175597786903381,-1,-1,-1
82,-1,570,252,117,93,0.81743985414505,-1,-1,-1
83,-1,570,252,117,93,0.8575353622436523,-1,-1,-1
83,-1,1004,255,129,94,0.813126802444458,-1,-1,-1
84,-1,570,252,116,93,0.8715330958366394,-1,-1,-1
84,-1,1005,255,129,94,0.8141918182373047,-1,-1,-1
85,-1,570,253,116,93,0.8821971416473389,-1,-1,-1
85,-1,1005,255,130,93,0.8261346817016602,-1,-1,-1
86,-1,570,252,117,93,0.842427134513855,-1,-1,-1
86,-1,1004,255,132,94,0.826813280582428,-1,-1,-1
86,-1,187,238,132,102,0.62039715051651,-1,-1,-1
87,-1,570,252,116,93,0.8396679162979126,-1,-1,-1
87,-1,1004,255,132,94,0.827446699142456,-1,-1,-1
87,-1,186,237,135,103,0.6547168493270874,-1,-1,-1
87,-1,83,238,142,99,0.6022917628288269,-1,-1,-1
88,-1,570,252,116,93,0.8385236859321594,-1,-1,-1
88,-1,1004,255,133,94,0.8208025097846985,-1,-1,-1
88,-1,186,237,135,103,0.6541398167610168,-1,-1,-1
88,-1,83,238,142,99,0.6076403260231018,-1,-1,-1
89,-1,570,252,116,93,0.8412840366363525,-1,-1,-1
89,-1,1004,255,132,94,0.8123948574066162,-1,-1,-1
89,-1,186,237,135,103,0.6481550931930542,-1,-1,-1
90,-1,570,252,116,92,0.8444037437438965,-1,-1,-1
90,-1,1004,255,132,95,0.800708532333374,-1,-1,-1
90,-1,186,237,135,103,0.6416934132575989,-1,-1,-1
91,-1,570,252,116,92,0.8487902879714966,-1,-1,-1
91,-1,1004,255,132,95,0.8292569518089294,-1,-1,-1
91,-1,186,238,135,103,0.6434506177902222,-1,-1,-1
92,-1,570,252,116,92,0.8398235440254211,-1,-1,-1
92,-1,1004,255,132,95,0.8331101536750793,-1,-1,-1
92,-1,185,237,136,103,0.6430363059043884,-1,-1,-1
93,-1,570,252,116,92,0.8526749014854431,-1,-1,-1
93,-1,1004,255,132,95,0.839699387550354,-1,-1,-1
93,-1,186,237,135,104,0.6482847929000854,-1,-1,-1
93,-1,83,238,143,98,0.6383702754974365,-1,-1,-1
94,-1,1004,255,132,95,0.8534207344055176,-1,-1,-1
94,-1,570,252,116,92,0.8531144857406616,-1,-1,-1
94,-1,83,238,143,98,0.6415479779243469,-1,-1,-1
94,-1,186,237,135,104,0.6409743428230286,-1,-1,-1
95,-1,1004,255,133,95,0.8549095988273621,-1,-1,-1
95,-1,570,252,116,92,0.8495548367500305,-1,-1,-1
95,-1,186,237,135,104,0.6501870155334473,-1,-1,-1
95,-1,83,238,143,98,0.6464869976043701,-1,-1,-1
96,-1,570,251,117,93,0.8762825131416321,-1,-1,-1
96,-1,1004,255,132,94,0.8392837047576904,-1,-1,-1
96,-1,186,238,134,102,0.6060806512832642,-1,-1,-1
97,-1,569,252,119,93,0.8346714377403259,-1,-1,-1
97,-1,1004,255,132,95,0.821771502494812,-1,-1,-1
98,-1,569,252,119,93,0.8242353796958923,-1,-1,-1
98,-1,1004,255,132,95,0.8165118098258972,-1,-1,-1
98,-1,1,369,568,483,0.6903722286224365,-1,-1,-1
99,-1,0,348,758,538,0.9193819165229797,-1,-1,-1
99,-1,1004,255,132,95,0.8282560706138611,-1,-1,-1
99,-1,569,252,119,93,0.7948921918869019,-1,-1,-1
100,-1,15,337,927,558,0.9074956178665161,-1,-1,-1
100,-1,1004,255,132,95,0.8260745406150818,-1,-1,-1
100,-1,569,252,119,93,0.7482624650001526,-1,-1,-1
101,-1,123,347,1032,553,0.8371253609657288,-1,-1,-1
101,-1,1004,255,132,95,0.8144696354866028,-1,-1,-1
101,-1,568,251,121,95,0.6995344758033752,-1,-1,-1
102,-1,1004,254,132,95,0.7764708995819092,-1,-1,-1
102,-1,253,341,1077,571,0.734227180480957,-1,-1,-1
102,-1,567,250,121,99,0.6131036281585693,-1,-1,-1
103,-1,442,344,1016,567,0.7880777716636658,-1,-1,-1
103,-1,1004,255,132,95,0.7800987958908081,-1,-1,-1
103,-1,569,251,118,96,0.6725293397903442,-1,-1,-1
104,-1,1003,255,134,96,0.703244686126709,-1,-1,-1
104,-1,189,237,127,103,0.679628312587738,-1,-1,-1
104,-1,568,312,1031,594,0.6588544845581055,-1,-1,-1
105,-1,569,252,119,93,0.7923073768615723,-1,-1,-1
105,-1,751,332,848,572,0.7710831165313721,-1,-1,-1
105,-1,1004,254,132,98,0.7343103289604187,-1,-1,-1
105,-1,189,237,127,103,0.685234010219574,-1,-1,-1
106,-1,569,252,117,92,0.7691690921783447,-1,-1,-1
106,-1,1003,255,132,95,0.6649681329727173,-1,-1,-1
106,-1,186,238,133,103,0.6168739199638367,-1,-1,-1
107,-1,1004,256,131,94,0.8185661435127258,-1,-1,-1
107,-1,569,252,117,92,0.7683132886886597,-1,-1,-1
107,-1,186,238,133,103,0.6347971558570862,-1,-1,-1
107,-1,1062,336,537,534,0.6261452436447144,-1,-1,-1
108,-1,1008,256,125,94,0.8618636131286621,-1,-1,-1
108,-1,569,252,117,92,0.7617108821868896,-1,-1,-1
108,-1,186,238,133,103,0.6110716462135315,-1,-1,-1
109,-1,1004,256,130,94,0.8733615279197693,-1,-1,-1
109,-1,570,252,116,92,0.7621034383773804,-1,-1,-1
110,-1,1008,256,124,94,0.87288498878479,-1,-1,-1
110,-1,570,252,116,92,0.7603000402450562,-1,-1,-1
111,-1,1004,255,130,94,0.8687782883644104,-1,-1,-1
111,-1,570,252,116,92,0.7624143958091736,-1,-1,-1
111,-1,186,238,133,102,0.6047866344451904,-1,-1,-1
112,-1,1004,255,130,94,0.8686342835426331,-1,-1,-1
112,-1,570,252,116,92,0.7615931630134583,-1,-1,-1
112,-1,186,238,133,102,0.6044343113899231,-1,-1,-1
113,-1,1004,256,130,94,0.8698006272315979,-1,-1,-1
113,-1,570,252,116,92,0.7582451701164246,-1,-1,-1
113,-1,186,238,132,102,0.6169511079788208,-1,-1,-1
114,-1,1004,256,130,94,0.865688145160675,-1,-1,-1
114,-1,570,252,116,92,0.7711998820304871,-1,-1,-1
114,-1,186,238,132,102,0.6264883875846863,-1,-1,-1
115,-1,1004,256,130,93,0.8627782464027405,-1,-1,-1
115,-1,570,252,116,92,0.7600085735321045,-1,-1,-1
115,-1,186,238,132,102,0.6266952753067017,-1,-1,-1
116,-1,570,251,117,94,0.8805596828460693,-1,-1,-1
116,-1,1005,255,130,95,0.8617864847183228,-1,-1,-1
116,-1,186,239,133,102,0.648452877998352,-1,-1,-1
116,-1,84,238,141,99,0.6232292652130127,-1,-1,-1
117,-1,570,251,117,94,0.8781973719596863,-1,-1,-1
117,-1,1005,255,130,95,0.8625196218490601,-1,-1,-1
117,-1,83,238,144,98,0.6603935360908508,-1,-1,-1
117,-1,186,239,133,102,0.6495006084442139,-1,-1,-1
118,-1,570,251,117,94,0.8786213994026184,-1,-1,-1
118,-1,1005,255,130,95,0.8588688969612122,-1,-1,-1
118,-1,186,239,133,102,0.6447004079818726,-1,-1,-1
118,-1,83,238,142,99,0.6191114187240601,-1,-1,-1
119,-1,570,251,118,94,0.8846897482872009,-1,-1,-1
119,-1,1004,255,131,95,0.8541322350502014,-1,-1,-1
119,-1,186,239,133,102,0.6571797132492065,-1,-1,-1
119,-1,82,238,144,98,0.6555875539779663,-1,-1,-1
120,-1,570,251,118,94,0.8966350555419922,-1,-1,-1
120,-1,1004,254,130,95,0.8482450246810913,-1,-1,-1
120,-1,186,239,133,102,0.6766636967658997,-1,-1,-1
120,-1,83,238,144,98,0.6574748158454895,-1,-1,-1
121,-1,569,251,118,93,0.866507887840271,-1,-1,-1
121,-1,1005,254,130,95,0.8057563304901123,-1,-1,-1
121,-1,186,238,134,103,0.6473658680915833,-1,-1,-1
121,-1,83,238,141,99,0.6067196726799011,-1,-1,-1
122,-1,569,251,118,93,0.8738711476325989,-1,-1,-1
122,-1,1005,254,130,95,0.819604218006134,-1,-1,-1
122,-1,83,238,143,97,0.6360251903533936,-1,-1,-1
122,-1,185,238,134,103,0.6116596460342407,-1,-1,-1
123,-1,569,252,118,93,0.8707186579704285,-1,-1,-1
123,-1,1005,254,130,95,0.8179596662521362,-1,-1,-1
124,-1,569,252,118,93,0.8654544949531555,-1,-1,-1
124,-1,1004,254,130,95,0.8173696398735046,-1,-1,-1
125,-1,569,252,118,93,0.8649864792823792,-1,-1,-1
125,-1,1004,254,130,95,0.8173742890357971,-1,-1,-1
126,-1,570,252,117,92,0.889626145362854,-1,-1,-1
126,-1,1005,255,130,95,0.817476212978363,-1,-1,-1
126,-1,83,238,142,98,0.6039665937423706,-1,-1,-1
127,-1,569,251,118,94,0.8844344019889832,-1,-1,-1
127,-1,1005,255,130,95,0.8134739995002747,-1,-1,-1
127,-1,184,239,135,103,0.6061785221099854,-1,-1,-1
127,-1,83,238,142,98,0.6030591726303101,-1,-1,-1
128,-1,569,251,118,94,0.8846034407615662,-1,-1,-1
128,-1,1005,255,130,95,0.8096286654472351,-1,-1,-1
128,-1,83,238,142,98,0.6044232845306396,-1,-1,-1
128,-1,184,239,135,103,0.6018255949020386,-1,-1,-1
129,-1,570,252,117,92,0.8861321210861206,-1,-1,-1
129,-1,1005,255,130,94,0.8214116096496582,-1,-1,-1
129,-1,185,239,135,103,0.604065477848053,-1,-1,-1
129,-1,83,238,142,98,0.602143406867981,-1,-1,-1
130,-1,570,252,117,92,0.892335832118988,-1,-1,-1
130,-1,1005,255,130,94,0.8155813217163086,-1,-1,-1
130,-1,185,239,135,103,0.6261084079742432,-1,-1,-1
130,-1,83,238,142,98,0.6063961386680603,-1,-1,-1
131,-1,570,252,117,92,0.8865780234336853,-1,-1,-1
131,-1,1005,255,131,94,0.7996693253517151,-1,-1,-1
131,-1,184,239,135,103,0.6370565891265869,-1,-1,-1
132,-1,570,252,117,92,0.8880428075790405,-1,-1,-1
132,-1,1005,255,131,94,0.8006169199943542,-1,-1,-1
132,-1,185,239,135,103,0.6394936442375183,-1,-1,-1
133,-1,570,252,118,92,0.8878915905952454,-1,-1,-1
133,-1,1007,255,125,95,0.7646880745887756,-1,-1,-1
133,-1,185,239,134,103,0.6527230143547058,-1,-1,-1
133,-1,83,238,144,97,0.6158970594406128,-1,-1,-1
134,-1,570,252,118,92,0.885600745677948,-1,-1,-1
134,-1,1007,255,125,95,0.7665686011314392,-1,-1,-1
134,-1,185,239,134,103,0.6524184346199036,-1,-1,-1
134,-1,83,238,144,97,0.619968056678772,-1,-1,-1
135,-1,570,252,118,92,0.8918055295944214,-1,-1,-1
135,-1,1007,255,125,95,0.7664839625358582,-1,-1,-1
135,-1,185,239,134,103,0.6523663401603699,-1,-1,-1
135,-1,83,238,144,97,0.6180477738380432,-1,-1,-1
136,-1,569,252,118,93,0.8807316422462463,-1,-1,-1
136,-1,1007,255,126,95,0.820751965045929,-1,-1,-1
136,-1,185,238,133,103,0.7093778252601624,-1,-1,-1
136,-1,83,238,142,99,0.6015415787696838,-1,-1,-1
137,-1,569,252,118,93,0.877727746963501,-1,-1,-1
137,-1,1007,255,125,95,0.824880063533783,-1,-1,-1
137,-1,186,238,133,103,0.7106733918190002,-1,-1,-1
137,-1,82,238,144,98,0.6337949633598328,-1,-1,-1
138,-1,569,252,118,93,0.8838419914245605,-1,-1,-1
138,-1,1007,255,125,95,0.8247091174125671,-1,-1,-1
138,-1,186,239,133,103,0.7042442560195923,-1,-1,-1
138,-1,82,238,144,98,0.6329349875450134,-1,-1,-1
139,-1,569,252,118,93,0.8800227046012878,-1,-1,-1
139,-1,1007,255,126,95,0.8285765051841736,-1,-1,-1
139,-1,185,239,133,103,0.7011586427688599,-1,-1,-1
139,-1,82,238,144,98,0.6393022537231445,-1,-1,-1
140,-1,569,252,118,93,0.8789181113243103,-1,-1,-1
140,-1,1007,255,126,95,0.8305872082710266,-1,-1,-1
140,-1,186,239,133,103,0.7177801728248596,-1,-1,-1
140,-1,82,238,144,98,0.6432796716690063,-1,-1,-1
141,-1,569,252,118,93,0.8765131831169128,-1,-1,-1
141,-1,1007,255,126,95,0.8274905681610107,-1,-1,-1
141,-1,186,238,133,103,0.712112545967102,-1,-1,-1
141,-1,82,237,143,99,0.6026126742362976,-1,-1,-1
142,-1,569,252,118,93,0.8766698241233826,-1,-1,-1
142,-1,1007,255,126,95,0.827873945236206,-1,-1,-1
142,-1,186,238,133,103,0.7072374224662781,-1,-1,-1
142,-1,80,238,148,97,0.6047494411468506,-1,-1,-1
143,-1,569,252,118,93,0.8721096515655518,-1,-1,-1
143,-1,1004,255,131,94,0.8184530735015869,-1,-1,-1
143,-1,186,238,133,103,0.7069463133811951,-1,-1,-1
143,-1,80,238,148,97,0.610144853591919,-1,-1,-1
144,-1,569,252,118,93,0.8697997331619263,-1,-1,-1
144,-1,1004,255,131,94,0.8142247796058655,-1,-1,-1
144,-1,186,238,133,103,0.7097866535186768,-1,-1,-1
144,-1,80,238,148,97,0.6134766936302185,-1,-1,-1
145,-1,1008,256,125,93,0.8461407423019409,-1,-1,-1
145,-1,569,251,119,94,0.8384563326835632,-1,-1,-1
145,-1,186,238,133,103,0.7093566656112671,-1,-1,-1
145,-1,82,239,144,98,0.6583446264266968,-1,-1,-1
146,-1,1008,256,125,93,0.845855712890625,-1,-1,-1
146,-1,569,252,119,94,0.8349283933639526,-1,-1,-1
146,-1,186,238,133,103,0.7098449468612671,-1,-1,-1
146,-1,82,239,144,98,0.65657639503479,-1,-1,-1
147,-1,1008,256,125,93,0.8454064726829529,-1,-1,-1
147,-1,569,252,119,94,0.8354100584983826,-1,-1,-1
147,-1,186,238,133,103,0.7091606855392456,-1,-1,-1
147,-1,82,239,144,98,0.6550419926643372,-1,-1,-1
148,-1,1008,256,125,93,0.8422517776489258,-1,-1,-1
148,-1,569,251,119,94,0.8383376598358154,-1,-1,-1
148,-1,186,238,134,103,0.7031339406967163,-1,-1,-1
148,-1,82,237,137,101,0.6150316596031189,-1,-1,-1
149,-1,1008,256,125,93,0.8425688743591309,-1,-1,-1
149,-1,569,251,119,94,0.834987461566925,-1,-1,-1
149,-1,186,238,133,103,0.7324463129043579,-1,-1,-1
150,-1,1008,256,125,93,0.8467149138450623,-1,-1,-1
150,-1,569,251,119,94,0.837727963924408,-1,-1,-1
150,-1,185,238,134,103,0.7363469004631042,-1,-1,-1
151,-1,1008,256,125,94,0.8378989100456238,-1,-1,-1
151,-1,569,251,119,94,0.8366522192955017,-1,-1,-1
151,-1,186,238,134,103,0.7381702661514282,-1,-1,-1
152,-1,569,252,119,94,0.8410786986351013,-1,-1,-1
152,-1,1007,255,125,95,0.8233851194381714,-1,-1,-1
152,-1,186,238,134,103,0.7140476107597351,-1,-1,-1
153,-1,569,252,119,94,0.8440361022949219,-1,-1,-1
153,-1,1008,256,125,93,0.8348574638366699,-1,-1,-1
153,-1,186,238,134,103,0.7246372103691101,-1,-1,-1
153,-1,82,237,137,101,0.6003716588020325,-1,-1,-1
154,-1,569,251,119,94,0.8537712097167969,-1,-1,-1
154,-1,1008,256,125,94,0.8329693078994751,-1,-1,-1
154,-1,186,238,134,103,0.7254773378372192,-1,-1,-1
155,-1,569,251,119,94,0.8600209355354309,-1,-1,-1
155,-1,1008,256,125,93,0.8338597416877747,-1,-1,-1
155,-1,186,238,134,103,0.7269759774208069,-1,-1,-1
155,-1,80,238,147,97,0.6034470796585083,-1,-1,-1
156,-1,569,251,119,94,0.8610970973968506,-1,-1,-1
156,-1,1004,255,131,94,0.8250779509544373,-1,-1,-1
156,-1,185,238,134,103,0.7253678441047668,-1,-1,-1
157,-1,569,251,119,93,0.8686857223510742,-1,-1,-1
157,-1,1004,255,130,94,0.8348426222801208,-1,-1,-1
157,-1,186,238,134,103,0.7281875014305115,-1,-1,-1
158,-1,569,251,119,94,0.870811939239502,-1,-1,-1
158,-1,1004,255,130,94,0.8256966471672058,-1,-1,-1
158,-1,186,238,134,103,0.7316274642944336,-1,-1,-1
159,-1,569,251,119,94,0.8701406121253967,-1,-1,-1
159,-1,1004,255,130,94,0.8264548778533936,-1,-1,-1
159,-1,186,238,134,103,0.7323542237281799,-1,-1,-1
160,-1,569,252,118,93,0.8993037939071655,-1,-1,-1
160,-1,1004,255,130,95,0.7946552634239197,-1,-1,-1
160,-1,189,237,126,104,0.6759949922561646,-1,-1,-1
160,-1,82,237,136,101,0.6173586845397949,-1,-1,-1
161,-1,569,252,118,93,0.9039617776870728,-1,-1,-1
161,-1,1007,254,127,95,0.7945113182067871,-1,-1,-1
161,-1,189,237,127,104,0.6895925402641296,-1,-1,-1
162,-1,569,252,118,94,0.9053641557693481,-1,-1,-1
162,-1,1007,254,127,95,0.7920511960983276,-1,-1,-1
162,-1,185,238,134,104,0.7027462720870972,-1,-1,-1
163,-1,569,252,118,94,0.9051796197891235,-1,-1,-1
163,-1,1007,254,127,95,0.7936086654663086,-1,-1,-1
163,-1,185,238,134,103,0.6932557225227356,-1,-1,-1
163,-1,82,236,137,101,0.607316255569458,-1,-1,-1
164,-1,569,252,118,94,0.9033313989639282,-1,-1,-1
164,-1,1006,255,127,95,0.7929940819740295,-1,-1,-1
164,-1,1222,338,341,175,0.7095405459403992,-1,-1,-1
164,-1,189,237,127,103,0.6869472861289978,-1,-1,-1
164,-1,82,236,136,101,0.6108609437942505,-1,-1,-1
165,-1,1131,333,417,174,0.9106353521347046,-1,-1,-1
165,-1,569,252,117,94,0.9062159061431885,-1,-1,-1
165,-1,1007,254,128,95,0.7548478841781616,-1,-1,-1
165,-1,185,238,134,103,0.6804717183113098,-1,-1,-1
165,-1,83,236,143,99,0.6024303436279297,-1,-1,-1
166,-1,985,333,465,168,0.9553198218345642,-1,-1,-1
166,-1,569,252,117,93,0.9046491384506226,-1,-1,-1
166,-1,1003,255,131,95,0.6709993481636047,-1,-1,-1
166,-1,185,238,134,103,0.6683229804039001,-1,-1,-1
166,-1,82,237,136,100,0.6285302042961121,-1,-1,-1
167,-1,904,325,431,172,0.965821385383606,-1,-1,-1
167,-1,569,252,117,93,0.9085770845413208,-1,-1,-1
167,-1,1002,253,133,98,0.6853085160255432,-1,-1,-1
167,-1,185,238,134,103,0.6737461090087891,-1,-1,-1
167,-1,82,237,136,100,0.6337780952453613,-1,-1,-1
168,-1,808,325,393,168,0.9386030435562134,-1,-1,-1
168,-1,569,252,117,93,0.907311737537384,-1,-1,-1
168,-1,1002,253,133,100,0.7246080636978149,-1,-1,-1
168,-1,189,237,127,103,0.6805856227874756,-1,-1,-1
168,-1,82,237,136,100,0.6436567306518555,-1,-1,-1
169,-1,666,317,426,172,0.966741144657135,-1,-1,-1
169,-1,569,252,118,93,0.8820578455924988,-1,-1,-1
169,-1,1003,255,131,98,0.7894405722618103,-1,-1,-1
169,-1,188,237,128,103,0.6948655843734741,-1,-1,-1
169,-1,83,238,143,97,0.6515040993690491,-1,-1,-1
170,-1,525,314,469,170,0.9612070918083191,-1,-1,-1
170,-1,568,254,120,93,0.83852219581604,-1,-1,-1
170,-1,1004,255,127,93,0.7942615747451782,-1,-1,-1
170,-1,186,238,133,103,0.7048743367195129,-1,-1,-1
170,-1,83,238,143,97,0.6874665021896362,-1,-1,-1
171,-1,436,314,420,168,0.9611344933509827,-1,-1,-1
171,-1,1003,255,130,94,0.7449944615364075,-1,-1,-1
171,-1,566,253,121,93,0.7402946352958679,-1,-1,-1
171,-1,186,238,133,103,0.6954450011253357,-1,-1,-1
171,-1,83,238,143,97,0.6871830821037292,-1,-1,-1
172,-1,322,308,409,170,0.9603805541992188,-1,-1,-1
172,-1,1003,256,131,94,0.7700995802879333,-1,-1,-1
172,-1,83,238,143,97,0.6817871332168579,-1,-1,-1
172,-1,186,238,133,103,0.661324143409729,-1,-1,-1
173,-1,214,305,426,170,0.9495586156845093,-1,-1,-1
173,-1,1003,256,131,93,0.7842928171157837,-1,-1,-1
173,-1,83,238,143,97,0.6541454195976257,-1,-1,-1
173,-1,185,238,134,104,0.6167028546333313,-1,-1,-1
174,-1,81,308,412,165,0.9502490758895874,-1,-1,-1
174,-1,567,254,120,92,0.8184207677841187,-1,-1,-1
174,-1,1003,256,131,93,0.7778869271278381,-1,-1,-1
174,-1,84,238,143,98,0.6362738609313965,-1,-1,-1
175,-1,0,307,391,163,0.9302051067352295,-1,-1,-1
175,-1,569,255,118,91,0.8445051312446594,-1,-1,-1
175,-1,1003,256,131,94,0.7755066156387329,-1,-1,-1
175,-1,84,237,142,97,0.6153765916824341,-1,-1,-1
176,-1,569,252,119,93,0.8645533323287964,-1,-1,-1
176,-1,1003,256,131,94,0.782965898513794,-1,-1,-1
177,-1,569,252,119,93,0.8836410045623779,-1,-1,-1
177,-1,1003,256,131,94,0.7823804616928101,-1,-1,-1
177,-1,189,237,127,105,0.65487140417099,-1,-1,-1
178,-1,569,252,119,93,0.8866194486618042,-1,-1,-1
178,-1,1003,256,131,94,0.7848242521286011,-1,-1,-1
178,-1,189,237,132,103,0.6488268375396729,-1,-1,-1
179,-1,569,252,119,93,0.8862290978431702,-1,-1,-1
179,-1,1003,256,131,94,0.7849147319793701,-1,-1,-1
179,-1,187,238,132,102,0.6439260840415955,-1,-1,-1
180,-1,569,252,120,93,0.8901451826095581,-1,-1,-1
180,-1,1003,255,131,94,0.8011268973350525,-1,-1,-1
180,-1,186,238,133,103,0.7118474841117859,-1,-1,-1
180,-1,84,237,142,99,0.6460614204406738,-1,-1,-1
181,-1,569,252,120,93,0.8585464358329773,-1,-1,-1
181,-1,1003,256,132,93,0.7829756140708923,-1,-1,-1
181,-1,83,238,143,98,0.6555965542793274,-1,-1,-1
181,-1,186,238,134,102,0.6035840511322021,-1,-1,-1
182,-1,569,252,120,93,0.8685989379882812,-1,-1,-1
182,-1,1003,256,131,93,0.783758819103241,-1,-1,-1
182,-1,83,238,143,98,0.6539437770843506,-1,-1,-1
182,-1,186,238,134,102,0.6046615839004517,-1,-1,-1
183,-1,569,252,120,93,0.8680166006088257,-1,-1,-1
183,-1,1003,256,131,93,0.7835012674331665,-1,-1,-1
183,-1,83,238,143,98,0.6533454656600952,-1,-1,-1
183,-1,186,238,134,102,0.6040456295013428,-1,-1,-1
184,-1,569,252,120,93,0.8680848479270935,-1,-1,-1
184,-1,1003,256,131,93,0.781798779964447,-1,-1,-1
184,-1,83,238,143,98,0.6543223857879639,-1,-1,-1
184,-1,186,238,134,102,0.6041735410690308,-1,-1,-1
185,-1,569,252,120,93,0.8673580884933472,-1,-1,-1
185,-1,1003,256,131,93,0.781642735004425,-1,-1,-1
185,-1,84,236,143,100,0.6224398612976074,-1,-1,-1
185,-1,186,238,134,102,0.6076251864433289,-1,-1,-1
186,-1,569,252,120,93,0.8678733706474304,-1,-1,-1
186,-1,1003,256,132,93,0.7892176508903503,-1,-1,-1
186,-1,84,236,143,100,0.6252254247665405,-1,-1,-1
186,-1,186,238,134,102,0.6112115383148193,-1,-1,-1
187,-1,569,252,120,93,0.867595374584198,-1,-1,-1
187,-1,1003,256,132,93,0.7895455956459045,-1,-1,-1
187,-1,84,236,143,100,0.625672459602356,-1,-1,-1
187,-1,186,238,134,102,0.614748477935791,-1,-1,-1
188,-1,569,252,120,93,0.8677467107772827,-1,-1,-1
188,-1,1003,256,132,93,0.7935221195220947,-1,-1,-1
188,-1,84,236,143,100,0.6291278600692749,-1,-1,-1
188,-1,186,238,134,102,0.6231045126914978,-1,-1,-1
189,-1,569,252,120,93,0.8677358627319336,-1,-1,-1
189,-1,1003,256,132,93,0.793630838394165,-1,-1,-1
189,-1,84,236,143,100,0.627574622631073,-1,-1,-1
189,-1,186,238,134,102,0.621263325214386,-1,-1,-1
190,-1,569,252,119,93,0.8302301168441772,-1,-1,-1
190,-1,1008,255,123,94,0.7027787566184998,-1,-1,-1
190,-1,84,237,142,99,0.6172311305999756,-1,-1,-1
190,-1,185,238,134,103,0.6117883324623108,-1,-1,-1
191,-1,569,252,119,93,0.8360388278961182,-1,-1,-1
191,-1,1008,255,123,94,0.706365704536438,-1,-1,-1
191,-1,84,237,142,99,0.6191344261169434,-1,-1,-1
191,-1,185,238,134,103,0.613163411617279,-1,-1,-1
192,-1,569,252,119,93,0.8355913162231445,-1,-1,-1
192,-1,1008,255,123,94,0.7086790204048157,-1,-1,-1
192,-1,84,237,142,99,0.6193211078643799,-1,-1,-1
192,-1,185,238,134,103,0.6145018935203552,-1,-1,-1
193,-1,569,252,119,94,0.8218892812728882,-1,-1,-1
193,-1,1008,255,124,94,0.7349419593811035,-1,-1,-1
193,-1,185,239,134,103,0.6576380133628845,-1,-1,-1
193,-1,83,237,143,99,0.603997528553009,-1,-1,-1
194,-1,569,252,119,94,0.8222784996032715,-1,-1,-1
194,-1,1008,255,124,94,0.7358623743057251,-1,-1,-1
194,-1,185,239,134,103,0.6575559377670288,-1,-1,-1
194,-1,83,237,143,99,0.6038708686828613,-1,-1,-1
195,-1,569,252,119,94,0.8223435878753662,-1,-1,-1
195,-1,1008,255,124,94,0.7360646724700928,-1,-1,-1
195,-1,185,239,134,103,0.6599276065826416,-1,-1,-1
195,-1,83,237,143,99,0.603888750076294,-1,-1,-1
196,-1,569,252,119,94,0.8214406967163086,-1,-1,-1
196,-1,1008,255,124,94,0.7355112433433533,-1,-1,-1
196,-1,185,238,134,103,0.6576371788978577,-1,-1,-1
196,-1,83,237,143,99,0.603517472743988,-1,-1,-1
197,-1,569,252,119,94,0.8202396631240845,-1,-1,-1
197,-1,1008,255,124,94,0.7354807257652283,-1,-1,-1
197,-1,185,239,134,103,0.6517122387886047,-1,-1,-1
197,-1,83,237,143,99,0.6014286279678345,-1,-1,-1
198,-1,569,252,119,94,0.8211174607276917,-1,-1,-1
198,-1,1008,255,124,94,0.7317754030227661,-1,-1,-1
198,-1,185,239,134,103,0.6471295356750488,-1,-1,-1
198,-1,83,237,143,99,0.6030460596084595,-1,-1,-1
199,-1,569,252,119,94,0.8210945129394531,-1,-1,-1
199,-1,1008,255,124,94,0.7314697504043579,-1,-1,-1
199,-1,185,239,134,103,0.6460136771202087,-1,-1,-1
199,-1,83,237,143,99,0.605211079120636,-1,-1,-1
200,-1,569,252,119,94,0.8230319023132324,-1,-1,-1
200,-1,1008,255,124,94,0.7298892736434937,-1,-1,-1
200,-1,185,238,134,103,0.6368414759635925,-1,-1,-1
200,-1,83,237,143,99,0.6064280867576599,-1,-1,-1
201,-1,569,252,119,94,0.8228216171264648,-1,-1,-1
201,-1,1008,255,124,94,0.7298648357391357,-1,-1,-1
201,-1,185,238,134,103,0.63619464635849,-1,-1,-1
201,-1,83,237,143,99,0.6065125465393066,-1,-1,-1
202,-1,569,252,119,94,0.8221114277839661,-1,-1,-1
202,-1,1008,255,124,94,0.7298491597175598,-1,-1,-1
202,-1,185,238,134,103,0.6380053758621216,-1,-1,-1
202,-1,83,237,143,99,0.6064724922180176,-1,-1,-1
203,-1,569,252,119,94,0.8221057653427124,-1,-1,-1
203,-1,1008,255,124,94,0.7300387620925903,-1,-1,-1
203,-1,185,238,134,103,0.638625979423523,-1,-1,-1
203,-1,83,237,143,99,0.607250988483429,-1,-1,-1
204,-1,570,252,116,94,0.8978514075279236,-1,-1,-1
204,-1,1007,255,126,94,0.7323562502861023,-1,-1,-1
204,-1,188,236,133,104,0.6626375913619995,-1,-1,-1
204,-1,83,237,142,99,0.6119109988212585,-1,-1,-1
205,-1,570,252,118,94,0.902057409286499,-1,-1,-1
205,-1,1004,255,130,93,0.6776793599128723,-1,-1,-1
206,-1,570,252,118,94,0.9021804928779602,-1,-1,-1
206,-1,1004,255,130,93,0.6778497099876404,-1,-1,-1
206,-1,188,237,127,103,0.6011924743652344,-1,-1,-1
207,-1,570,252,118,94,0.9031566977500916,-1,-1,-1
207,-1,1004,255,130,93,0.6802864074707031,-1,-1,-1
207,-1,188,237,127,103,0.6000544428825378,-1,-1,-1
208,-1,570,252,118,94,0.9028895497322083,-1,-1,-1
208,-1,1004,255,131,93,0.6879516839981079,-1,-1,-1
208,-1,83,237,143,99,0.6010147929191589,-1,-1,-1
209,-1,570,252,117,95,0.927000880241394,-1,-1,-1
209,-1,1004,255,130,93,0.6986771821975708,-1,-1,-1
209,-1,188,237,127,103,0.6044406890869141,-1,-1,-1
210,-1,570,252,117,95,0.9274634122848511,-1,-1,-1
210,-1,1004,255,130,93,0.7064381241798401,-1,-1,-1
210,-1,188,237,127,103,0.6019476652145386,-1,-1,-1
211,-1,570,252,117,95,0.9270213842391968,-1,-1,-1
211,-1,1004,255,130,93,0.694983184337616,-1,-1,-1
211,-1,188,237,127,103,0.6117848753929138,-1,-1,-1
211,-1,83,237,143,99,0.6007134914398193,-1,-1,-1
212,-1,570,252,117,95,0.9262681007385254,-1,-1,-1
212,-1,1004,255,130,93,0.6903535723686218,-1,-1,-1
212,-1,188,237,127,103,0.6159781217575073,-1,-1,-1
213,-1,570,252,117,95,0.9268152117729187,-1,-1,-1
213,-1,1004,255,130,93,0.6960868835449219,-1,-1,-1
213,-1,188,237,127,103,0.6214368343353271,-1,-1,-1
214,-1,570,252,117,95,0.9266327619552612,-1,-1,-1
214,-1,1004,255,130,93,0.6915165185928345,-1,-1,-1
214,-1,188,237,127,103,0.6227954626083374,-1,-1,-1
215,-1,570,252,117,95,0.9266326427459717,-1,-1,-1
215,-1,1004,255,130,93,0.6915690898895264,-1,-1,-1
215,-1,188,237,127,103,0.622496485710144,-1,-1,-1
216,-1,570,252,117,95,0.9275006651878357,-1,-1,-1
216,-1,1004,255,130,93,0.6842538714408875,-1,-1,-1
216,-1,188,237,127,103,0.6257447004318237,-1,-1,-1
217,-1,570,251,118,94,0.9050670862197876,-1,-1,-1
217,-1,1003,255,130,93,0.7079169750213623,-1,-1,-1
217,-1,185,239,134,102,0.6485205292701721,-1,-1,-1
217,-1,83,237,143,99,0.6083182096481323,-1,-1,-1
218,-1,569,251,118,94,0.8966035842895508,-1,-1,-1
218,-1,1003,255,132,93,0.711595356464386,-1,-1,-1
219,-1,569,251,118,94,0.8935189843177795,-1,-1,-1
219,-1,1003,255,132,93,0.6963908076286316,-1,-1,-1
220,-1,569,251,118,94,0.8931686878204346,-1,-1,-1
220,-1,1003,256,132,93,0.7017877697944641,-1,-1,-1
221,-1,569,251,119,94,0.8907639384269714,-1,-1,-1
221,-1,1003,255,132,93,0.7002678513526917,-1,-1,-1
222,-1,569,251,119,94,0.8981500864028931,-1,-1,-1
222,-1,1003,256,131,93,0.6992186307907104,-1,-1,-1
223,-1,569,251,119,94,0.8962695598602295,-1,-1,-1
223,-1,1003,256,132,93,0.6937280893325806,-1,-1,-1
224,-1,945,384,551,242,0.9111596941947937,-1,-1,-1
224,-1,569,252,119,94,0.89781653881073,-1,-1,-1
224,-1,1003,255,132,94,0.6351261734962463,-1,-1,-1
225,-1,800,379,536,238,0.9083775877952576,-1,-1,-1
225,-1,569,252,119,94,0.9005338549613953,-1,-1,-1
225,-1,1003,255,132,94,0.6861287355422974,-1,-1,-1
226,-1,621,365,552,247,0.9398528933525085,-1,-1,-1
226,-1,569,252,119,93,0.8786645531654358,-1,-1,-1
226,-1,1003,255,133,95,0.7156874537467957,-1,-1,-1
227,-1,485,361,520,240,0.9221582412719727,-1,-1,-1
227,-1,569,252,120,94,0.8256517052650452,-1,-1,-1
227,-1,1003,255,133,95,0.7336170077323914,-1,-1,-1
228,-1,312,360,525,236,0.9465736150741577,-1,-1,-1
228,-1,569,254,119,93,0.8342800736427307,-1,-1,-1
228,-1,1003,256,131,93,0.6949505805969238,-1,-1,-1
229,-1,181,356,534,237,0.9400051832199097,-1,-1,-1
229,-1,569,251,119,94,0.8749921917915344,-1,-1,-1
229,-1,1004,255,132,93,0.6701816320419312,-1,-1,-1
230,-1,81,358,484,219,0.9521304368972778,-1,-1,-1
230,-1,569,252,120,94,0.8542361855506897,-1,-1,-1
230,-1,1004,255,132,93,0.6815419793128967,-1,-1,-1
231,-1,569,254,119,92,0.8665637373924255,-1,-1,-1
231,-1,0,356,450,213,0.8214757442474365,-1,-1,-1
231,-1,1004,255,132,93,0.6469662189483643,-1,-1,-1
232,-1,569,252,119,93,0.8989518880844116,-1,-1,-1
232,-1,1004,255,132,94,0.6413508057594299,-1,-1,-1
233,-1,569,252,119,93,0.910710871219635,-1,-1,-1
233,-1,1004,255,132,94,0.6388095617294312,-1,-1,-1
234,-1,569,252,119,93,0.9117748737335205,-1,-1,-1
234,-1,1004,255,132,94,0.6284953355789185,-1,-1,-1
235,-1,569,252,119,93,0.9090659618377686,-1,-1,-1
235,-1,1004,255,132,94,0.63861483335495,-1,-1,-1
236,-1,569,252,119,93,0.9087632298469543,-1,-1,-1
236,-1,1004,255,132,94,0.6340656876564026,-1,-1,-1
236,-1,83,237,142,98,0.6048848032951355,-1,-1,-1
237,-1,569,252,119,93,0.9086949229240417,-1,-1,-1
237,-1,83,239,143,96,0.6499254107475281,-1,-1,-1
237,-1,1004,255,132,93,0.6313915848731995,-1,-1,-1
238,-1,570,252,119,93,0.8915331363677979,-1,-1,-1
238,-1,1004,256,132,93,0.7426947355270386,-1,-1,-1
238,-1,84,237,141,99,0.6122316122055054,-1,-1,-1
239,-1,569,252,119,93,0.8915139436721802,-1,-1,-1
239,-1,1003,256,132,93,0.7258973717689514,-1,-1,-1
239,-1,84,237,141,99,0.6096616387367249,-1,-1,-1
240,-1,570,252,119,93,0.9007293581962585,-1,-1,-1
240,-1,1003,256,132,93,0.7219279408454895,-1,-1,-1
240,-1,84,237,141,99,0.6090440154075623,-1,-1,-1
241,-1,569,251,119,93,0.8552903532981873,-1,-1,-1
241,-1,1004,256,131,93,0.7741069197654724,-1,-1,-1
241,-1,1218,337,353,175,0.7672017216682434,-1,-1,-1
242,-1,1123,336,438,174,0.9178727269172668,-1,-1,-1
242,-1,569,251,119,93,0.8539049029350281,-1,-1,-1
242,-1,1007,255,125,95,0.7412466406822205,-1,-1,-1
243,-1,997,337,512,164,0.9311789870262146,-1,-1,-1
243,-1,569,251,119,93,0.8532171249389648,-1,-1,-1
243,-1,1007,255,126,95,0.7380620241165161,-1,-1,-1
244,-1,962,331,450,168,0.9607055187225342,-1,-1,-1
244,-1,569,251,119,93,0.8553920984268188,-1,-1,-1
244,-1,1007,255,127,95,0.7476158142089844,-1,-1,-1
245,-1,878,323,439,176,0.9595321416854858,-1,-1,-1
245,-1,569,251,119,93,0.8551446199417114,-1,-1,-1
245,-1,1002,254,135,97,0.7429628968238831,-1,-1,-1
246,-1,789,322,436,172,0.9586585164070129,-1,-1,-1
246,-1,569,251,119,93,0.8466827273368835,-1,-1,-1
246,-1,1001,254,136,101,0.7666537761688232,-1,-1,-1
247,-1,680,314,446,176,0.9571935534477234,-1,-1,-1
247,-1,569,253,118,92,0.809123694896698,-1,-1,-1
247,-1,1001,254,136,99,0.7638679146766663,-1,-1,-1
248,-1,590,314,432,170,0.9443438053131104,-1,-1,-1
248,-1,1003,256,134,94,0.7778405547142029,-1,-1,-1
248,-1,569,253,117,93,0.7645934224128723,-1,-1,-1
249,-1,455,312,471,170,0.9452428817749023,-1,-1,-1
249,-1,1006,255,127,95,0.7918076515197754,-1,-1,-1
249,-1,567,253,118,93,0.7363282442092896,-1,-1,-1
249,-1,84,237,142,99,0.6001711487770081,-1,-1,-1
250,-1,377,314,452,165,0.9601316452026367,-1,-1,-1
250,-1,1004,256,132,93,0.7160154581069946,-1,-1,-1
250,-1,568,253,120,93,0.6218615174293518,-1,-1,-1
251,-1,290,306,425,170,0.9561672210693359,-1,-1,-1
251,-1,1007,255,125,94,0.7328494787216187,-1,-1,-1
252,-1,198,306,429,166,0.9439767599105835,-1,-1,-1
252,-1,1007,255,125,94,0.7242411375045776,-1,-1,-1
253,-1,94,306,434,163,0.9391851425170898,-1,-1,-1
253,-1,570,251,118,94,0.7856771945953369,-1,-1,-1
253,-1,1007,255,126,94,0.7211585640907288,-1,-1,-1
254,-1,0,304,448,161,0.9425652027130127,-1,-1,-1
254,-1,568,253,118,94,0.8739264011383057,-1,-1,-1
254,-1,1007,255,126,94,0.720521867275238,-1,-1,-1
255,-1,0,299,387,166,0.8958693742752075,-1,-1,-1
255,-1,569,253,117,93,0.8928332924842834,-1,-1,-1
255,-1,1007,255,126,94,0.7182050943374634,-1,-1,-1
256,-1,569,253,117,93,0.8949444890022278,-1,-1,-1
256,-1,1007,255,126,94,0.7182713747024536,-1,-1,-1
256,-1,0,300,362,158,0.6690799593925476,-1,-1,-1
257,-1,569,251,118,95,0.8991284966468811,-1,-1,-1
257,-1,1007,255,126,94,0.7169097065925598,-1,-1,-1
258,-1,570,251,118,94,0.9099329113960266,-1,-1,-1
258,-1,1004,256,131,93,0.7528987526893616,-1,-1,-1
259,-1,570,251,118,94,0.9104282855987549,-1,-1,-1
259,-1,1004,256,131,93,0.7578428387641907,-1,-1,-1
260,-1,570,251,118,94,0.9075545072555542,-1,-1,-1
260,-1,1004,256,131,93,0.760623037815094,-1,-1,-1
261,-1,570,251,118,94,0.9080485701560974,-1,-1,-1
261,-1,1004,256,131,93,0.7652769684791565,-1,-1,-1
262,-1,570,251,118,94,0.9075440764427185,-1,-1,-1
262,-1,1004,256,132,93,0.7515577673912048,-1,-1,-1
263,-1,570,251,118,94,0.9035053253173828,-1,-1,-1
263,-1,1004,256,132,93,0.7542334198951721,-1,-1,-1
264,-1,570,251,118,94,0.9034498929977417,-1,-1,-1
264,-1,1004,256,132,93,0.7504571080207825,-1,-1,-1
265,-1,570,251,117,94,0.9217780828475952,-1,-1,-1
265,-1,1004,256,131,93,0.7911085486412048,-1,-1,-1
266,-1,570,251,117,94,0.9220353960990906,-1,-1,-1
266,-1,1004,256,131,93,0.7906924486160278,-1,-1,-1
267,-1,570,251,117,94,0.9214548468589783,-1,-1,-1
267,-1,1004,256,131,93,0.7890924215316772,-1,-1,-1
268,-1,570,251,117,94,0.9212446808815002,-1,-1,-1
268,-1,1004,256,131,93,0.791879415512085,-1,-1,-1
269,-1,570,251,117,94,0.9188627600669861,-1,-1,-1
269,-1,1004,256,131,93,0.7896894216537476,-1,-1,-1
270,-1,570,251,117,93,0.9053967595100403,-1,-1,-1
270,-1,1004,256,130,93,0.7862008213996887,-1,-1,-1
271,-1,0,551,834,617,0.9298049211502075,-1,-1,-1
271,-1,570,251,117,93,0.9034602642059326,-1,-1,-1
271,-1,1004,256,131,93,0.7978445887565613,-1,-1,-1
272,-1,570,251,117,93,0.9032187461853027,-1,-1,-1
272,-1,77,567,1106,631,0.826968252658844,-1,-1,-1
272,-1,1004,256,131,93,0.7919976711273193,-1,-1,-1
273,-1,570,251,117,93,0.9047905206680298,-1,-1,-1
273,-1,1004,256,131,93,0.7880756855010986,-1,-1,-1
273,-1,12,566,1500,631,0.687383234500885,-1,-1,-1
274,-1,570,251,117,93,0.9078183174133301,-1,-1,-1
274,-1,1004,256,131,93,0.786533534526825,-1,-1,-1
275,-1,570,251,117,94,0.9043640494346619,-1,-1,-1
275,-1,1004,256,131,93,0.7894023060798645,-1,-1,-1
276,-1,570,251,117,93,0.889720618724823,-1,-1,-1
276,-1,1004,256,131,92,0.8326400518417358,-1,-1,-1
277,-1,570,251,118,93,0.871452808380127,-1,-1,-1
277,-1,1003,256,132,94,0.8075432181358337,-1,-1,-1
278,-1,570,251,118,94,0.8891276121139526,-1,-1,-1
278,-1,1003,256,131,93,0.7918728590011597,-1,-1,-1
279,-1,570,251,118,94,0.8940861821174622,-1,-1,-1
279,-1,1003,256,131,93,0.792396068572998,-1,-1,-1
280,-1,569,251,119,94,0.8945031762123108,-1,-1,-1
280,-1,1008,256,124,94,0.7528477907180786,-1,-1,-1
281,-1,569,251,119,94,0.8946961164474487,-1,-1,-1
281,-1,1003,256,130,93,0.7532734274864197,-1,-1,-1
282,-1,569,251,119,95,0.8950128555297852,-1,-1,-1
282,-1,1003,256,130,93,0.7875296473503113,-1,-1,-1
282,-1,185,239,133,101,0.6137303709983826,-1,-1,-1
283,-1,569,251,119,94,0.8949270844459534,-1,-1,-1
283,-1,1003,256,130,93,0.7949786186218262,-1,-1,-1
283,-1,185,239,133,101,0.6102291941642761,-1,-1,-1
284,-1,569,251,119,94,0.8918210864067078,-1,-1,-1
284,-1,1003,256,130,93,0.7926635146141052,-1,-1,-1
284,-1,185,239,133,101,0.6115597486495972,-1,-1,-1
285,-1,569,251,119,94,0.8901830315589905,-1,-1,-1
285,-1,1003,256,130,93,0.7912063002586365,-1,-1,-1
285,-1,185,239,133,101,0.6098660230636597,-1,-1,-1
286,-1,569,251,119,94,0.8864118456840515,-1,-1,-1
286,-1,1003,256,130,93,0.7848191857337952,-1,-1,-1
286,-1,186,239,133,101,0.6163203716278076,-1,-1,-1
287,-1,570,251,118,94,0.8903453946113586,-1,-1,-1
287,-1,1003,256,130,93,0.7786993980407715,-1,-1,-1
287,-1,185,239,133,101,0.6275416016578674,-1,-1,-1
288,-1,570,251,118,94,0.8916913866996765,-1,-1,-1
288,-1,1003,256,130,93,0.787304699420929,-1,-1,-1
288,-1,185,239,133,101,0.6139735579490662,-1,-1,-1
289,-1,569,251,118,95,0.9003912806510925,-1,-1,-1
289,-1,1006,256,131,94,0.7435275316238403,-1,-1,-1
289,-1,189,238,126,102,0.6000459790229797,-1,-1,-1
290,-1,570,253,117,93,0.9113919138908386,-1,-1,-1
290,-1,1008,254,124,95,0.778460681438446,-1,-1,-1
291,-1,570,253,118,93,0.9103686213493347,-1,-1,-1
291,-1,1008,255,124,95,0.7669762372970581,-1,-1,-1
292,-1,570,253,118,93,0.9133790135383606,-1,-1,-1
292,-1,1008,255,124,95,0.769936203956604,-1,-1,-1
293,-1,569,252,118,94,0.9214085936546326,-1,-1,-1
293,-1,1008,255,124,95,0.7694741487503052,-1,-1,-1
294,-1,570,253,117,93,0.9150541424751282,-1,-1,-1
294,-1,1008,254,124,95,0.7729772925376892,-1,-1,-1
295,-1,570,253,117,93,0.9125886559486389,-1,-1,-1
295,-1,1008,255,124,95,0.7642467021942139,-1,-1,-1
296,-1,570,253,117,93,0.9149685502052307,-1,-1,-1
296,-1,1008,255,124,95,0.7642921805381775,-1,-1,-1
297,-1,570,253,117,93,0.9103075861930847,-1,-1,-1
297,-1,1008,255,124,95,0.7641334533691406,-1,-1,-1
298,-1,570,253,117,93,0.9102396965026855,-1,-1,-1
298,-1,1008,255,124,95,0.764802098274231,-1,-1,-1
299,-1,570,253,117,93,0.9102868437767029,-1,-1,-1
299,-1,1008,255,124,95,0.7648023962974548,-1,-1,-1
300,-1,570,252,118,93,0.919438362121582,-1,-1,-1
300,-1,1004,255,131,93,0.7241396903991699,-1,-1,-1
301,-1,569,253,117,93,0.8889478445053101,-1,-1,-1
301,-1,1003,256,131,93,0.7333968877792358,-1,-1,-1
302,-1,569,253,117,93,0.8883084654808044,-1,-1,-1
302,-1,1004,256,131,93,0.7361156940460205,-1,-1,-1
303,-1,569,253,117,93,0.8882731199264526,-1,-1,-1
303,-1,1004,256,131,93,0.7375067472457886,-1,-1,-1
304,-1,569,253,117,93,0.8880699872970581,-1,-1,-1
304,-1,1004,256,131,93,0.7366119623184204,-1,-1,-1
305,-1,569,253,117,93,0.8865940570831299,-1,-1,-1
305,-1,1004,256,131,93,0.7409951090812683,-1,-1,-1
306,-1,570,252,118,92,0.8893029689788818,-1,-1,-1
306,-1,1004,256,131,93,0.7427074909210205,-1,-1,-1
307,-1,570,252,118,92,0.8893271088600159,-1,-1,-1
307,-1,1004,256,131,93,0.7438578009605408,-1,-1,-1
308,-1,570,252,118,92,0.8894627094268799,-1,-1,-1
308,-1,1003,256,131,93,0.7417783141136169,-1,-1,-1
309,-1,570,252,118,92,0.8897974491119385,-1,-1,-1
309,-1,1003,256,131,93,0.7441262006759644,-1,-1,-1
310,-1,570,252,118,92,0.8902002573013306,-1,-1,-1
310,-1,1004,255,131,93,0.7423095107078552,-1,-1,-1
311,-1,570,252,118,92,0.890512228012085,-1,-1,-1
311,-1,1004,256,131,93,0.7429755926132202,-1,-1,-1
312,-1,570,252,118,92,0.8935208916664124,-1,-1,-1
312,-1,1004,256,131,93,0.7421107888221741,-1,-1,-1
313,-1,570,252,118,92,0.8985797166824341,-1,-1,-1
313,-1,1003,256,131,93,0.758008599281311,-1,-1,-1
314,-1,570,252,118,92,0.8941003084182739,-1,-1,-1
314,-1,1003,256,131,93,0.7665703296661377,-1,-1,-1
315,-1,570,252,118,92,0.8934207558631897,-1,-1,-1
315,-1,1003,256,131,93,0.7665883898735046,-1,-1,-1
316,-1,570,252,118,92,0.8934109807014465,-1,-1,-1
316,-1,1004,256,130,93,0.7634785771369934,-1,-1,-1
317,-1,570,252,117,92,0.90574049949646,-1,-1,-1
317,-1,1132,384,410,230,0.6987677812576294,-1,-1,-1
317,-1,1007,254,127,95,0.674013614654541,-1,-1,-1
318,-1,983,373,517,236,0.9128699898719788,-1,-1,-1
318,-1,570,252,117,92,0.9068405628204346,-1,-1,-1
318,-1,1004,256,131,92,0.6448882222175598,-1,-1,-1
319,-1,844,373,523,230,0.9527258276939392,-1,-1,-1
319,-1,570,252,117,92,0.9072350263595581,-1,-1,-1
320,-1,686,363,538,239,0.9307278394699097,-1,-1,-1
320,-1,570,252,117,92,0.8982373476028442,-1,-1,-1
320,-1,1004,255,132,94,0.7022994160652161,-1,-1,-1
321,-1,554,356,530,238,0.9477596282958984,-1,-1,-1
321,-1,570,252,117,92,0.8898298740386963,-1,-1,-1
321,-1,841,301,659,278,0.8126412630081177,-1,-1,-1
321,-1,1007,255,126,96,0.7206606268882751,-1,-1,-1
322,-1,412,357,516,229,0.9548287391662598,-1,-1,-1
322,-1,570,252,117,92,0.8189166784286499,-1,-1,-1
322,-1,769,298,597,227,0.7415828704833984,-1,-1,-1
323,-1,290,355,519,228,0.9567704200744629,-1,-1,-1
323,-1,570,252,117,92,0.8599287867546082,-1,-1,-1
323,-1,508,299,769,250,0.6192863583564758,-1,-1,-1
324,-1,175,354,498,219,0.9523168802261353,-1,-1,-1
324,-1,570,252,117,93,0.8804084062576294,-1,-1,-1
324,-1,442,287,703,220,0.6505801677703857,-1,-1,-1
325,-1,50,349,509,223,0.9363968372344971,-1,-1,-1
325,-1,571,252,116,92,0.8266324400901794,-1,-1,-1
325,-1,342,285,688,214,0.6229627132415771,-1,-1,-1
326,-1,0,352,436,202,0.9052518010139465,-1,-1,-1
326,-1,570,251,116,92,0.7628868222236633,-1,-1,-1
326,-1,1006,254,126,95,0.6846310496330261,-1,-1,-1
327,-1,0,493,487,347,0.8740180134773254,-1,-1,-1
327,-1,123,286,714,231,0.6464287042617798,-1,-1,-1
328,-1,32,505,715,351,0.9775896668434143,-1,-1,-1
328,-1,86,278,628,206,0.6541979908943176,-1,-1,-1
328,-1,1007,255,124,94,0.602208137512207,-1,-1,-1
329,-1,173,507,737,350,0.9801514148712158,-1,-1,-1
329,-1,100,279,510,196,0.7879060506820679,-1,-1,-1
330,-1,395,517,731,344,0.9674798846244812,-1,-1,-1
330,-1,63,285,428,182,0.7946634292602539,-1,-1,-1
330,-1,569,250,119,94,0.6013194918632507,-1,-1,-1
331,-1,579,517,759,353,0.9695316553115845,-1,-1,-1
331,-1,570,251,117,93,0.8605190515518188,-1,-1,-1
331,-1,1,286,405,176,0.6384280920028687,-1,-1,-1
332,-1,829,532,697,331,0.9603348970413208,-1,-1,-1
332,-1,570,252,117,92,0.8766340613365173,-1,-1,-1
333,-1,570,252,116,92,0.893526017665863,-1,-1,-1
334,-1,570,252,116,92,0.8988214731216431,-1,-1,-1
335,-1,570,252,116,92,0.9006311297416687,-1,-1,-1
336,-1,570,252,116,92,0.9020552039146423,-1,-1,-1
337,-1,569,251,119,95,0.8911507725715637,-1,-1,-1
337,-1,1004,256,129,92,0.8222846388816833,-1,-1,-1
338,-1,569,251,119,95,0.8870423436164856,-1,-1,-1
338,-1,1004,256,129,92,0.8210529088973999,-1,-1,-1
339,-1,569,251,119,95,0.8871027827262878,-1,-1,-1
339,-1,1004,256,129,92,0.8288379907608032,-1,-1,-1
340,-1,569,251,119,95,0.8871031403541565,-1,-1,-1
340,-1,1004,256,130,92,0.8293544054031372,-1,-1,-1
341,-1,569,251,119,95,0.8884903788566589,-1,-1,-1
341,-1,1004,256,129,92,0.8207193613052368,-1,-1,-1
342,-1,569,251,119,95,0.8844861388206482,-1,-1,-1
342,-1,1004,256,129,92,0.8288471102714539,-1,-1,-1
343,-1,569,251,119,94,0.8850464224815369,-1,-1,-1
343,-1,1004,256,129,93,0.8237627148628235,-1,-1,-1
343,-1,1277,339,305,174,0.6341099143028259,-1,-1,-1
344,-1,569,251,119,95,0.8836368918418884,-1,-1,-1
344,-1,1201,338,380,170,0.8760125041007996,-1,-1,-1
344,-1,1004,256,129,92,0.8106232285499573,-1,-1,-1
345,-1,1130,337,419,170,0.9563563466072083,-1,-1,-1
345,-1,569,251,119,94,0.8840846419334412,-1,-1,-1
345,-1,1004,256,129,93,0.7656797170639038,-1,-1,-1
346,-1,1045,338,419,163,0.9720065593719482,-1,-1,-1
346,-1,569,251,119,94,0.8869817852973938,-1,-1,-1
346,-1,1008,256,125,94,0.7236868739128113,-1,-1,-1
347,-1,942,328,422,164,0.9775577783584595,-1,-1,-1
347,-1,569,251,119,95,0.8740968704223633,-1,-1,-1
347,-1,1006,254,127,96,0.6793645620346069,-1,-1,-1
348,-1,849,325,393,168,0.9738653302192688,-1,-1,-1
348,-1,569,251,119,95,0.8743370175361633,-1,-1,-1
348,-1,1002,253,134,99,0.6450551152229309,-1,-1,-1
349,-1,751,321,407,168,0.9411039352416992,-1,-1,-1
349,-1,570,254,117,92,0.86768639087677,-1,-1,-1
349,-1,1002,254,132,101,0.758105993270874,-1,-1,-1
350,-1,637,317,405,166,0.9657614827156067,-1,-1,-1
350,-1,569,253,119,93,0.824049174785614,-1,-1,-1
350,-1,1005,254,126,97,0.6973130702972412,-1,-1,-1
351,-1,513,316,413,167,0.9584754705429077,-1,-1,-1
351,-1,568,253,118,93,0.79354327917099,-1,-1,-1
351,-1,1006,255,125,95,0.7085370421409607,-1,-1,-1
351,-1,84,236,141,99,0.6008201837539673,-1,-1,-1
352,-1,434,314,386,164,0.9627654552459717,-1,-1,-1
352,-1,1008,255,124,95,0.6599449515342712,-1,-1,-1
352,-1,568,253,121,94,0.6401559710502625,-1,-1,-1
352,-1,84,236,141,99,0.6011366248130798,-1,-1,-1
353,-1,307,312,412,168,0.9582087397575378,-1,-1,-1
353,-1,1008,255,124,95,0.6605591177940369,-1,-1,-1
354,-1,181,309,428,166,0.9381293058395386,-1,-1,-1
354,-1,1008,255,124,95,0.6628737449645996,-1,-1,-1
354,-1,567,251,119,95,0.6355739831924438,-1,-1,-1
355,-1,82,310,412,161,0.9406532049179077,-1,-1,-1
355,-1,567,253,120,94,0.7917271256446838,-1,-1,-1
355,-1,1008,255,124,95,0.6644278168678284,-1,-1,-1
356,-1,3,313,425,161,0.9298765659332275,-1,-1,-1
356,-1,569,253,118,93,0.8474425077438354,-1,-1,-1
356,-1,1008,255,124,95,0.6646125316619873,-1,-1,-1
357,-1,569,252,120,94,0.8385974764823914,-1,-1,-1
357,-1,0,307,333,158,0.7439555525779724,-1,-1,-1
357,-1,1008,255,123,94,0.6712257862091064,-1,-1,-1
358,-1,569,252,119,94,0.857146680355072,-1,-1,-1
358,-1,1008,255,123,94,0.6788313388824463,-1,-1,-1
358,-1,77,237,145,101,0.6273534297943115,-1,-1,-1
359,-1,569,252,119,94,0.8628988265991211,-1,-1,-1
359,-1,1008,255,123,94,0.674799382686615,-1,-1,-1
360,-1,569,252,119,94,0.8644319176673889,-1,-1,-1
360,-1,1008,255,123,94,0.6723331809043884,-1,-1,-1
361,-1,570,253,119,92,0.9224199652671814,-1,-1,-1
361,-1,1005,255,130,93,0.689562201499939,-1,-1,-1
362,-1,570,253,118,92,0.9254302382469177,-1,-1,-1
362,-1,1005,255,130,93,0.688487708568573,-1,-1,-1
363,-1,570,253,118,92,0.9271256923675537,-1,-1,-1
363,-1,1006,254,126,94,0.6779921650886536,-1,-1,-1
364,-1,570,253,119,92,0.9255806803703308,-1,-1,-1
364,-1,1006,254,126,94,0.6779978275299072,-1,-1,-1
365,-1,570,253,119,92,0.9256767630577087,-1,-1,-1
365,-1,1005,255,130,93,0.676920473575592,-1,-1,-1
366,-1,570,253,119,92,0.9223914742469788,-1,-1,-1
366,-1,1005,255,130,93,0.6798802614212036,-1,-1,-1
367,-1,570,253,119,92,0.9201675653457642,-1,-1,-1
367,-1,1005,255,130,93,0.6785210967063904,-1,-1,-1
368,-1,570,253,119,92,0.9215077757835388,-1,-1,-1
368,-1,1005,255,130,93,0.6772794723510742,-1,-1,-1
369,-1,570,253,119,92,0.9236471652984619,-1,-1,-1
369,-1,1005,255,130,93,0.6769586205482483,-1,-1,-1
370,-1,570,253,119,92,0.9239731431007385,-1,-1,-1
370,-1,1005,255,130,93,0.6757469773292542,-1,-1,-1
371,-1,570,253,119,92,0.9258840680122375,-1,-1,-1
371,-1,1005,255,130,93,0.678796648979187,-1,-1,-1
372,-1,570,253,118,92,0.9262045621871948,-1,-1,-1
372,-1,1005,255,130,93,0.679400622844696,-1,-1,-1
373,-1,570,252,119,93,0.9202166199684143,-1,-1,-1
373,-1,1004,255,130,93,0.6882044672966003,-1,-1,-1
374,-1,570,252,119,92,0.9184779524803162,-1,-1,-1
374,-1,1004,255,130,93,0.6843268275260925,-1,-1,-1
375,-1,570,252,119,92,0.9204567074775696,-1,-1,-1
375,-1,1004,255,130,93,0.6832416653633118,-1,-1,-1
376,-1,570,252,119,93,0.9208611845970154,-1,-1,-1
376,-1,1008,255,123,93,0.6620619297027588,-1,-1,-1
377,-1,570,251,119,95,0.9207802414894104,-1,-1,-1
377,-1,1188,310,380,195,0.8174025416374207,-1,-1,-1
377,-1,1009,255,123,94,0.711275041103363,-1,-1,-1
378,-1,1088,306,407,196,0.9675091505050659,-1,-1,-1
378,-1,570,251,119,95,0.9198914766311646,-1,-1,-1
378,-1,1008,255,123,95,0.6470986604690552,-1,-1,-1
379,-1,990,302,408,196,0.9688100814819336,-1,-1,-1
379,-1,570,251,119,95,0.9199800491333008,-1,-1,-1
379,-1,1008,254,125,96,0.6587580442428589,-1,-1,-1
380,-1,880,298,414,197,0.9636649489402771,-1,-1,-1
380,-1,570,251,119,95,0.9199402928352356,-1,-1,-1
381,-1,795,294,395,197,0.9680531024932861,-1,-1,-1
381,-1,569,253,118,94,0.9142283201217651,-1,-1,-1
381,-1,0,469,504,368,0.7184034585952759,-1,-1,-1
382,-1,689,289,396,200,0.9705373644828796,-1,-1,-1
382,-1,25,488,707,360,0.9431190490722656,-1,-1,-1
382,-1,569,253,119,94,0.8889541625976562,-1,-1,-1
383,-1,175,497,722,348,0.9725614190101624,-1,-1,-1
383,-1,568,282,411,202,0.9581165909767151,-1,-1,-1
383,-1,571,252,118,93,0.8860653042793274,-1,-1,-1
383,-1,1003,256,133,92,0.7295597195625305,-1,-1,-1
384,-1,378,501,741,351,0.9721639156341553,-1,-1,-1
384,-1,455,282,408,199,0.9389523863792419,-1,-1,-1
384,-1,1006,254,126,95,0.6638745069503784,-1,-1,-1
384,-1,570,251,118,93,0.6264658570289612,-1,-1,-1
385,-1,338,278,415,200,0.9583739638328552,-1,-1,-1
385,-1,543,506,816,359,0.951439619064331,-1,-1,-1
385,-1,1007,254,127,96,0.6734687089920044,-1,-1,-1
386,-1,859,520,715,340,0.9695611596107483,-1,-1,-1
386,-1,260,280,387,193,0.9577776193618774,-1,-1,-1
386,-1,1007,255,125,95,0.6598019599914551,-1,-1,-1
387,-1,162,278,397,192,0.9509473443031311,-1,-1,-1
387,-1,906,519,645,340,0.7658272981643677,-1,-1,-1
387,-1,1008,254,126,95,0.6874582767486572,-1,-1,-1
388,-1,57,281,395,187,0.9443084001541138,-1,-1,-1
388,-1,568,251,121,95,0.8850194215774536,-1,-1,-1
388,-1,1008,254,126,95,0.7256101965904236,-1,-1,-1
389,-1,0,279,369,186,0.9204199314117432,-1,-1,-1
389,-1,569,251,118,94,0.9072895646095276,-1,-1,-1
389,-1,1008,254,126,95,0.7273676991462708,-1,-1,-1
390,-1,570,252,117,93,0.898924708366394,-1,-1,-1
390,-1,1008,254,126,95,0.7217522263526917,-1,-1,-1
391,-1,570,252,117,93,0.9079096913337708,-1,-1,-1
391,-1,1008,254,126,95,0.7302299737930298,-1,-1,-1
392,-1,570,252,117,93,0.9082803130149841,-1,-1,-1
392,-1,1008,254,126,95,0.734592854976654,-1,-1,-1
393,-1,570,253,117,93,0.9106315970420837,-1,-1,-1
393,-1,1008,254,126,95,0.7434632182121277,-1,-1,-1
394,-1,570,253,117,93,0.9087384343147278,-1,-1,-1
394,-1,1008,254,125,95,0.7415842413902283,-1,-1,-1
394,-1,84,237,141,99,0.6069037318229675,-1,-1,-1
395,-1,570,251,118,94,0.9140611886978149,-1,-1,-1
395,-1,1008,254,126,95,0.7368779182434082,-1,-1,-1
395,-1,83,238,143,98,0.627570629119873,-1,-1,-1
396,-1,570,251,118,94,0.9139806032180786,-1,-1,-1
396,-1,1008,254,126,95,0.7365127801895142,-1,-1,-1
396,-1,83,238,143,98,0.6258186101913452,-1,-1,-1
397,-1,569,251,119,94,0.9032504558563232,-1,-1,-1
397,-1,1004,255,131,93,0.7181732058525085,-1,-1,-1
397,-1,83,238,144,98,0.6144084334373474,-1,-1,-1
398,-1,569,251,119,94,0.9028887748718262,-1,-1,-1
398,-1,1004,255,131,94,0.7214372754096985,-1,-1,-1
398,-1,83,238,144,98,0.6175865530967712,-1,-1,-1
399,-1,569,251,119,94,0.9026747345924377,-1,-1,-1
399,-1,1004,255,131,93,0.7231113314628601,-1,-1,-1
399,-1,83,238,144,98,0.6193522214889526,-1,-1,-1
400,-1,569,251,119,94,0.9029212594032288,-1,-1,-1
400,-1,1004,255,131,93,0.7178349494934082,-1,-1,-1
400,-1,83,238,144,98,0.6155004501342773,-1,-1,-1
401,-1,569,251,119,94,0.8967084288597107,-1,-1,-1
401,-1,1004,255,131,94,0.7152527570724487,-1,-1,-1
401,-1,83,238,144,98,0.6189954876899719,-1,-1,-1
402,-1,569,251,119,94,0.8939751982688904,-1,-1,-1
402,-1,1004,255,131,94,0.702812910079956,-1,-1,-1
402,-1,83,238,144,98,0.6203541159629822,-1,-1,-1
403,-1,569,251,119,94,0.8948308825492859,-1,-1,-1
403,-1,1004,255,131,94,0.7114431262016296,-1,-1,-1
403,-1,83,238,144,98,0.6174209117889404,-1,-1,-1
404,-1,569,251,119,94,0.8959255218505859,-1,-1,-1
404,-1,1004,255,131,94,0.7101254463195801,-1,-1,-1
404,-1,83,238,144,98,0.6157826781272888,-1,-1,-1
405,-1,569,251,119,94,0.894951343536377,-1,-1,-1
405,-1,1004,255,131,94,0.7075297236442566,-1,-1,-1
405,-1,83,238,144,98,0.6261026859283447,-1,-1,-1
406,-1,569,251,119,94,0.8950179219245911,-1,-1,-1
406,-1,1004,255,131,94,0.7009961605072021,-1,-1,-1
406,-1,83,238,144,98,0.6252498030662537,-1,-1,-1
407,-1,570,252,117,95,0.9417393207550049,-1,-1,-1
407,-1,1008,255,124,94,0.6911750435829163,-1,-1,-1
407,-1,187,238,129,103,0.6371638178825378,-1,-1,-1
408,-1,570,252,118,95,0.9164972901344299,-1,-1,-1
408,-1,1008,255,124,94,0.696372926235199,-1,-1,-1
408,-1,188,238,128,103,0.6505671739578247,-1,-1,-1
409,-1,571,252,118,93,0.9071779251098633,-1,-1,-1
409,-1,1008,255,124,94,0.7439711689949036,-1,-1,-1
409,-1,188,238,129,102,0.6702076196670532,-1,-1,-1
410,-1,571,252,118,93,0.9071213006973267,-1,-1,-1
410,-1,1008,255,124,94,0.7432513236999512,-1,-1,-1
410,-1,188,238,129,103,0.6716920733451843,-1,-1,-1
411,-1,571,252,118,93,0.9080724716186523,-1,-1,-1
411,-1,1008,255,124,94,0.7464447617530823,-1,-1,-1
411,-1,187,238,129,103,0.6673714518547058,-1,-1,-1
412,-1,571,252,118,93,0.9085737466812134,-1,-1,-1
412,-1,1008,255,124,94,0.7477772235870361,-1,-1,-1
412,-1,188,238,129,102,0.6712743639945984,-1,-1,-1
413,-1,571,252,118,93,0.9092851281166077,-1,-1,-1
413,-1,1008,255,124,94,0.7469195127487183,-1,-1,-1
413,-1,188,238,128,102,0.6639350056648254,-1,-1,-1
414,-1,571,252,118,93,0.9143578410148621,-1,-1,-1
414,-1,1007,255,124,94,0.7482542395591736,-1,-1,-1
414,-1,188,238,128,102,0.6692577600479126,-1,-1,-1
415,-1,571,252,118,93,0.9195327758789062,-1,-1,-1
415,-1,1007,255,124,94,0.7457007765769958,-1,-1,-1
415,-1,187,238,129,102,0.6772630214691162,-1,-1,-1
416,-1,571,252,118,93,0.9198889136314392,-1,-1,-1
416,-1,1007,255,124,94,0.7450798749923706,-1,-1,-1
416,-1,187,238,129,102,0.6710465550422668,-1,-1,-1
417,-1,571,252,118,93,0.9206414818763733,-1,-1,-1
417,-1,1007,255,124,94,0.7454445958137512,-1,-1,-1
417,-1,187,238,129,102,0.668704092502594,-1,-1,-1
418,-1,571,252,118,93,0.9195449948310852,-1,-1,-1
418,-1,1007,255,124,94,0.7450288534164429,-1,-1,-1
418,-1,187,238,129,102,0.6606699824333191,-1,-1,-1
419,-1,571,252,118,93,0.919003427028656,-1,-1,-1
419,-1,1007,255,124,94,0.737951397895813,-1,-1,-1
419,-1,187,238,129,102,0.6577169299125671,-1,-1,-1
420,-1,571,252,118,93,0.9192147850990295,-1,-1,-1
420,-1,1007,255,124,94,0.7369765043258667,-1,-1,-1
420,-1,187,238,129,102,0.6631093621253967,-1,-1,-1
421,-1,571,252,117,93,0.9250020980834961,-1,-1,-1
421,-1,1008,255,123,93,0.7166751027107239,-1,-1,-1
421,-1,188,238,128,102,0.6486389636993408,-1,-1,-1
422,-1,571,252,117,93,0.9206411838531494,-1,-1,-1
422,-1,1007,255,124,94,0.7161696553230286,-1,-1,-1
422,-1,188,238,128,103,0.6558042168617249,-1,-1,-1
423,-1,571,252,117,93,0.9204398393630981,-1,-1,-1
423,-1,1008,255,124,94,0.7167779207229614,-1,-1,-1
423,-1,188,238,128,102,0.6628898978233337,-1,-1,-1
424,-1,571,252,117,93,0.9195299744606018,-1,-1,-1
424,-1,1008,255,124,94,0.7189317941665649,-1,-1,-1
424,-1,188,238,128,102,0.661630392074585,-1,-1,-1
425,-1,571,252,117,93,0.9203237891197205,-1,-1,-1
425,-1,1008,255,124,94,0.7201882004737854,-1,-1,-1
425,-1,188,238,128,102,0.6644673943519592,-1,-1,-1
426,-1,571,252,117,93,0.9229132533073425,-1,-1,-1
426,-1,1008,255,124,93,0.7145891189575195,-1,-1,-1
426,-1,188,238,128,102,0.6657301187515259,-1,-1,-1
427,-1,571,252,117,93,0.9232742190361023,-1,-1,-1
427,-1,1008,255,124,94,0.7159891724586487,-1,-1,-1
427,-1,188,238,128,102,0.6668716669082642,-1,-1,-1
428,-1,571,252,117,93,0.9237262010574341,-1,-1,-1
428,-1,1008,255,124,94,0.713796854019165,-1,-1,-1
428,-1,188,238,128,102,0.6656493544578552,-1,-1,-1
429,-1,571,252,117,93,0.9244505763053894,-1,-1,-1
429,-1,1008,255,124,94,0.7152693867683411,-1,-1,-1
429,-1,188,238,128,102,0.6643937230110168,-1,-1,-1
430,-1,571,252,117,93,0.9235125184059143,-1,-1,-1
430,-1,1008,255,124,94,0.712495744228363,-1,-1,-1
430,-1,188,238,128,102,0.6624491214752197,-1,-1,-1
431,-1,571,252,117,93,0.9228713512420654,-1,-1,-1
431,-1,1008,255,124,93,0.7216672301292419,-1,-1,-1
431,-1,188,238,128,102,0.6681922674179077,-1,-1,-1
432,-1,571,252,117,93,0.9226972460746765,-1,-1,-1
432,-1,1007,255,124,93,0.7248020172119141,-1,-1,-1
432,-1,188,238,128,102,0.6743670701980591,-1,-1,-1
433,-1,571,252,117,93,0.9123045206069946,-1,-1,-1
433,-1,1007,255,124,94,0.7278000712394714,-1,-1,-1
433,-1,188,238,128,103,0.6636242866516113,-1,-1,-1
434,-1,571,252,117,93,0.9135940670967102,-1,-1,-1
434,-1,1007,255,124,94,0.7230148911476135,-1,-1,-1
434,-1,188,238,128,103,0.6650274395942688,-1,-1,-1
435,-1,570,251,116,94,0.9211782217025757,-1,-1,-1
435,-1,1123,386,411,208,0.7880403399467468,-1,-1,-1
435,-1,1008,255,123,94,0.6604594588279724,-1,-1,-1
435,-1,187,238,130,102,0.6547802090644836,-1,-1,-1
435,-1,83,236,141,99,0.6359643936157227,-1,-1,-1
436,-1,971,383,531,210,0.9355391263961792,-1,-1,-1
436,-1,570,251,116,94,0.9204365015029907,-1,-1,-1
436,-1,187,238,130,102,0.6516627669334412,-1,-1,-1
436,-1,83,236,141,99,0.6438550353050232,-1,-1,-1
436,-1,1008,255,124,94,0.6095393896102905,-1,-1,-1
437,-1,862,377,500,213,0.9614729285240173,-1,-1,-1
437,-1,570,251,116,94,0.9202997088432312,-1,-1,-1
437,-1,83,237,134,100,0.6580614447593689,-1,-1,-1
437,-1,187,238,130,102,0.6532796025276184,-1,-1,-1
437,-1,1008,255,124,93,0.6251865029335022,-1,-1,-1
438,-1,570,251,116,94,0.9163119792938232,-1,-1,-1
438,-1,742,365,503,214,0.8958691358566284,-1,-1,-1
438,-1,1007,255,125,96,0.7261684536933899,-1,-1,-1
438,-1,187,238,130,102,0.6530848741531372,-1,-1,-1
438,-1,83,237,135,100,0.6507896184921265,-1,-1,-1
439,-1,616,366,506,218,0.9712961316108704,-1,-1,-1
439,-1,570,251,117,94,0.9043793678283691,-1,-1,-1
439,-1,1007,254,125,96,0.7440360188484192,-1,-1,-1
439,-1,83,237,135,100,0.6601020097732544,-1,-1,-1
439,-1,187,238,130,103,0.6491473317146301,-1,-1,-1
440,-1,486,358,524,227,0.9689397215843201,-1,-1,-1
440,-1,570,251,117,94,0.875052809715271,-1,-1,-1
440,-1,1004,256,131,94,0.7163100242614746,-1,-1,-1
440,-1,83,237,135,100,0.6585458517074585,-1,-1,-1
440,-1,187,238,130,103,0.6470882892608643,-1,-1,-1
441,-1,367,361,507,212,0.959997296333313,-1,-1,-1
441,-1,569,253,117,93,0.8566400408744812,-1,-1,-1
441,-1,1008,255,124,94,0.6987295746803284,-1,-1,-1
441,-1,187,238,130,103,0.6381428837776184,-1,-1,-1
441,-1,79,236,148,99,0.6283257007598877,-1,-1,-1
442,-1,266,357,493,212,0.9598758220672607,-1,-1,-1
442,-1,569,251,116,94,0.873234748840332,-1,-1,-1
442,-1,1008,255,124,94,0.7079323530197144,-1,-1,-1
442,-1,83,237,135,100,0.6589259505271912,-1,-1,-1
442,-1,187,237,130,103,0.6136321425437927,-1,-1,-1
442,-1,671,246,118,99,0.6055219769477844,-1,-1,-1
443,-1,158,354,512,216,0.9622350335121155,-1,-1,-1
443,-1,570,252,116,93,0.897390604019165,-1,-1,-1
443,-1,1008,255,123,94,0.7306780815124512,-1,-1,-1
443,-1,82,236,135,100,0.6310228109359741,-1,-1,-1
444,-1,75,357,487,202,0.9600841999053955,-1,-1,-1
444,-1,569,251,118,94,0.8852625489234924,-1,-1,-1
444,-1,1008,255,123,94,0.7296317219734192,-1,-1,-1
445,-1,0,354,467,199,0.9559173583984375,-1,-1,-1
445,-1,569,253,119,93,0.8537020683288574,-1,-1,-1
446,-1,569,253,118,93,0.8724052309989929,-1,-1,-1
446,-1,0,361,404,192,0.8021149635314941,-1,-1,-1
447,-1,570,252,118,94,0.8916308879852295,-1,-1,-1
448,-1,570,252,118,94,0.897305428981781,-1,-1,-1
449,-1,570,252,118,94,0.9002892374992371,-1,-1,-1
450,-1,570,252,117,95,0.9247972369194031,-1,-1,-1
451,-1,570,252,117,95,0.9255812764167786,-1,-1,-1
452,-1,570,252,118,94,0.8996073007583618,-1,-1,-1
453,-1,570,252,118,94,0.8997410535812378,-1,-1,-1
453,-1,80,236,147,100,0.6189885139465332,-1,-1,-1
454,-1,570,252,118,94,0.8999975323677063,-1,-1,-1
454,-1,84,235,141,100,0.6217473745346069,-1,-1,-1
455,-1,569,252,118,94,0.8963486552238464,-1,-1,-1
455,-1,83,238,144,99,0.7199194431304932,-1,-1,-1
455,-1,1004,255,131,93,0.6654366850852966,-1,-1,-1
455,-1,185,238,136,103,0.6387678384780884,-1,-1,-1
456,-1,570,252,118,94,0.8960154056549072,-1,-1,-1
456,-1,82,238,144,98,0.7160388231277466,-1,-1,-1
456,-1,1004,255,131,93,0.6643264293670654,-1,-1,-1
456,-1,185,239,134,102,0.6394711136817932,-1,-1,-1
457,-1,569,253,117,93,0.9043704867362976,-1,-1,-1
457,-1,1005,255,131,93,0.6747372150421143,-1,-1,-1
457,-1,83,235,142,100,0.6653015613555908,-1,-1,-1
457,-1,188,238,127,102,0.6396080255508423,-1,-1,-1
458,-1,569,253,117,93,0.9042330384254456,-1,-1,-1
458,-1,1005,255,131,93,0.6696526408195496,-1,-1,-1
458,-1,82,235,143,100,0.6568339467048645,-1,-1,-1
458,-1,188,238,127,102,0.6415978074073792,-1,-1,-1
459,-1,569,253,117,93,0.903968095779419,-1,-1,-1
459,-1,1005,255,131,93,0.6685224771499634,-1,-1,-1
459,-1,82,235,143,101,0.6594437956809998,-1,-1,-1
459,-1,188,238,127,102,0.63991779088974,-1,-1,-1
460,-1,569,253,117,93,0.9053623080253601,-1,-1,-1
460,-1,1005,255,131,93,0.6709434390068054,-1,-1,-1
460,-1,81,235,144,101,0.6483174562454224,-1,-1,-1
460,-1,188,238,127,102,0.6310230493545532,-1,-1,-1
461,-1,569,253,117,93,0.9043402671813965,-1,-1,-1
461,-1,1005,255,131,93,0.6760703921318054,-1,-1,-1
461,-1,81,235,144,101,0.6527643799781799,-1,-1,-1
461,-1,185,238,135,103,0.6417471170425415,-1,-1,-1
462,-1,569,253,117,93,0.9040466547012329,-1,-1,-1
462,-1,1270,334,318,180,0.7441940307617188,-1,-1,-1
462,-1,1005,255,131,93,0.6653428673744202,-1,-1,-1
462,-1,81,235,144,100,0.6497786641120911,-1,-1,-1
462,-1,188,238,128,102,0.6476414799690247,-1,-1,-1
463,-1,1147,334,409,177,0.9382742643356323,-1,-1,-1
463,-1,569,253,117,93,0.9068418145179749,-1,-1,-1
463,-1,80,237,146,99,0.664179265499115,-1,-1,-1
463,-1,188,238,128,102,0.6425265669822693,-1,-1,-1
463,-1,1005,256,130,92,0.6344062685966492,-1,-1,-1
464,-1,1020,334,469,170,0.9618709087371826,-1,-1,-1
464,-1,569,253,117,93,0.9039812684059143,-1,-1,-1
464,-1,80,237,145,99,0.6575231552124023,-1,-1,-1
464,-1,188,238,128,102,0.6513605713844299,-1,-1,-1
465,-1,929,326,436,176,0.9662060737609863,-1,-1,-1
465,-1,570,252,118,92,0.9182634949684143,-1,-1,-1
465,-1,81,237,144,100,0.7110926508903503,-1,-1,-1
465,-1,1006,255,127,96,0.6093170642852783,-1,-1,-1
466,-1,845,319,424,178,0.9617497324943542,-1,-1,-1
466,-1,570,252,118,92,0.915372908115387,-1,-1,-1
466,-1,81,237,145,100,0.7168145179748535,-1,-1,-1
467,-1,727,311,438,180,0.9546889066696167,-1,-1,-1
467,-1,570,252,118,92,0.9023218154907227,-1,-1,-1
467,-1,81,237,145,100,0.7227957248687744,-1,-1,-1
467,-1,1002,254,134,97,0.6992337703704834,-1,-1,-1
468,-1,623,310,420,178,0.9567425847053528,-1,-1,-1
468,-1,570,252,118,92,0.8918801546096802,-1,-1,-1
468,-1,1004,255,128,95,0.7438129782676697,-1,-1,-1
468,-1,81,237,145,99,0.7383071780204773,-1,-1,-1
469,-1,486,313,430,171,0.9588144421577454,-1,-1,-1
469,-1,567,253,119,94,0.8368982076644897,-1,-1,-1
469,-1,1006,255,126,95,0.7350626587867737,-1,-1,-1
469,-1,81,235,146,101,0.6191806197166443,-1,-1,-1
470,-1,379,312,417,168,0.9602349996566772,-1,-1,-1
470,-1,81,236,146,100,0.6338164806365967,-1,-1,-1
470,-1,570,252,122,95,0.6218729019165039,-1,-1,-1
470,-1,1007,255,125,95,0.6174980401992798,-1,-1,-1
471,-1,277,306,411,170,0.958767831325531,-1,-1,-1
471,-1,1007,255,125,95,0.6345267295837402,-1,-1,-1
472,-1,173,306,407,167,0.9178529977798462,-1,-1,-1
472,-1,569,253,117,93,0.6921684145927429,-1,-1,-1
472,-1,1007,255,125,95,0.6368193030357361,-1,-1,-1
473,-1,69,299,428,162,0.8762308955192566,-1,-1,-1
473,-1,567,254,120,93,0.8311090469360352,-1,-1,-1
473,-1,2,401,703,430,0.7977275848388672,-1,-1,-1
473,-1,1007,255,125,95,0.6393085718154907,-1,-1,-1
474,-1,4,409,880,429,0.852035403251648,-1,-1,-1
474,-1,10,296,428,156,0.842042863368988,-1,-1,-1
474,-1,569,252,119,92,0.837143063545227,-1,-1,-1
474,-1,1007,255,125,95,0.6080880165100098,-1,-1,-1
475,-1,569,252,118,94,0.8550450801849365,-1,-1,-1
475,-1,61,410,956,440,0.8144894242286682,-1,-1,-1
475,-1,0,300,390,153,0.6766753792762756,-1,-1,-1
475,-1,1007,255,124,94,0.6346630454063416,-1,-1,-1
476,-1,569,254,118,93,0.8446478247642517,-1,-1,-1
476,-1,172,403,991,468,0.6626756191253662,-1,-1,-1
476,-1,1008,254,127,96,0.6294713020324707,-1,-1,-1
477,-1,333,408,964,458,0.8521703481674194,-1,-1,-1
477,-1,569,254,118,93,0.8464898467063904,-1,-1,-1
477,-1,1004,256,131,93,0.629589319229126,-1,-1,-1
478,-1,569,252,118,94,0.8725512027740479,-1,-1,-1
478,-1,544,417,903,454,0.8044772148132324,-1,-1,-1
478,-1,82,237,145,99,0.6240670680999756,-1,-1,-1
478,-1,1004,255,133,94,0.6233929991722107,-1,-1,-1
479,-1,569,252,118,94,0.8943607807159424,-1,-1,-1
479,-1,81,237,146,99,0.7078918218612671,-1,-1,-1
479,-1,702,409,871,464,0.6720629930496216,-1,-1,-1
480,-1,569,252,118,94,0.905029296875,-1,-1,-1
480,-1,81,238,146,98,0.7272964715957642,-1,-1,-1
481,-1,569,252,118,95,0.9308565258979797,-1,-1,-1
481,-1,82,238,146,97,0.7811264991760254,-1,-1,-1
482,-1,569,252,119,94,0.9087017178535461,-1,-1,-1
482,-1,82,238,146,97,0.7803363800048828,-1,-1,-1
483,-1,569,252,119,94,0.9081205129623413,-1,-1,-1
483,-1,83,238,146,97,0.7640638947486877,-1,-1,-1
484,-1,569,252,119,94,0.9081955552101135,-1,-1,-1
484,-1,83,238,146,98,0.7796637415885925,-1,-1,-1
485,-1,569,253,119,93,0.9226359724998474,-1,-1,-1
485,-1,83,238,145,98,0.7743681073188782,-1,-1,-1
485,-1,1005,255,130,93,0.6506059765815735,-1,-1,-1
486,-1,569,253,119,93,0.9215044379234314,-1,-1,-1
486,-1,83,238,145,97,0.7626810073852539,-1,-1,-1
486,-1,1005,255,130,93,0.6716073751449585,-1,-1,-1
487,-1,569,253,119,93,0.9219314455986023,-1,-1,-1
487,-1,84,238,145,98,0.7575235366821289,-1,-1,-1
487,-1,1005,255,130,93,0.6700337529182434,-1,-1,-1
488,-1,569,253,119,93,0.9229756593704224,-1,-1,-1
488,-1,84,238,145,98,0.7469379901885986,-1,-1,-1
488,-1,1005,255,130,93,0.6802046895027161,-1,-1,-1
489,-1,569,253,119,93,0.922248899936676,-1,-1,-1
489,-1,84,238,145,98,0.7529875636100769,-1,-1,-1
489,-1,1008,256,123,93,0.6614141464233398,-1,-1,-1
490,-1,569,253,119,94,0.920890212059021,-1,-1,-1
490,-1,84,238,145,98,0.7711750268936157,-1,-1,-1
490,-1,1005,255,130,93,0.6786048412322998,-1,-1,-1
491,-1,569,253,119,93,0.9216514825820923,-1,-1,-1
491,-1,84,238,144,98,0.7497571110725403,-1,-1,-1
491,-1,1005,255,130,93,0.6930749416351318,-1,-1,-1
492,-1,569,252,119,94,0.9216190576553345,-1,-1,-1
492,-1,83,237,145,98,0.729167103767395,-1,-1,-1
492,-1,1005,255,130,93,0.6813247799873352,-1,-1,-1
493,-1,569,252,118,94,0.9225705862045288,-1,-1,-1
493,-1,83,237,145,98,0.7290012836456299,-1,-1,-1
493,-1,1007,255,124,94,0.6283383369445801,-1,-1,-1
494,-1,569,252,118,95,0.9233872890472412,-1,-1,-1
494,-1,83,237,145,99,0.7038081884384155,-1,-1,-1
495,-1,570,252,118,92,0.9072115421295166,-1,-1,-1
495,-1,83,237,144,99,0.7415563464164734,-1,-1,-1
495,-1,1008,255,124,94,0.6511799097061157,-1,-1,-1
495,-1,185,240,134,102,0.6136617660522461,-1,-1,-1
496,-1,570,252,118,92,0.9179174304008484,-1,-1,-1
496,-1,83,237,144,99,0.7096268534660339,-1,-1,-1
496,-1,1008,255,123,94,0.6342628598213196,-1,-1,-1
497,-1,570,252,118,92,0.9189897179603577,-1,-1,-1
497,-1,83,237,144,99,0.7071269154548645,-1,-1,-1
497,-1,1008,255,123,94,0.6275937557220459,-1,-1,-1
498,-1,570,252,118,92,0.9125641584396362,-1,-1,-1
498,-1,10,454,574,353,0.8809046149253845,-1,-1,-1
498,-1,84,236,143,100,0.6835215091705322,-1,-1,-1
498,-1,1008,255,123,94,0.6418476104736328,-1,-1,-1
499,-1,58,465,734,344,0.9102891683578491,-1,-1,-1
499,-1,570,252,118,92,0.9022436141967773,-1,-1,-1
499,-1,83,236,143,99,0.674027144908905,-1,-1,-1
499,-1,1008,255,123,94,0.6402788162231445,-1,-1,-1
500,-1,155,472,721,346,0.9210910201072693,-1,-1,-1
500,-1,570,252,118,92,0.8929994106292725,-1,-1,-1
500,-1,83,236,143,100,0.6786960959434509,-1,-1,-1
500,-1,1008,255,124,94,0.6408447027206421,-1,-1,-1
501,-1,570,252,118,92,0.8934440612792969,-1,-1,-1
501,-1,327,482,717,345,0.8870258331298828,-1,-1,-1
501,-1,83,236,143,100,0.6845093965530396,-1,-1,-1
501,-1,1005,255,130,93,0.6200870275497437,-1,-1,-1
502,-1,570,252,118,92,0.898624837398529,-1,-1,-1
502,-1,506,492,737,343,0.8250910043716431,-1,-1,-1
502,-1,83,236,143,100,0.6989309787750244,-1,-1,-1
502,-1,1005,255,130,93,0.6120164394378662,-1,-1,-1
503,-1,570,252,118,92,0.903074324131012,-1,-1,-1
503,-1,651,503,824,332,0.7848693132400513,-1,-1,-1
503,-1,83,236,142,101,0.6766611933708191,-1,-1,-1
503,-1,1005,256,131,93,0.6327330470085144,-1,-1,-1
504,-1,570,253,118,92,0.912790060043335,-1,-1,-1
504,-1,862,512,733,325,0.792780339717865,-1,-1,-1
504,-1,83,236,143,100,0.6566540002822876,-1,-1,-1
504,-1,1005,256,131,93,0.6311102509498596,-1,-1,-1
505,-1,569,254,118,92,0.909500002861023,-1,-1,-1
505,-1,1008,255,123,94,0.7025235891342163,-1,-1,-1
505,-1,82,236,144,100,0.6077741384506226,-1,-1,-1
506,-1,569,254,118,92,0.9082534313201904,-1,-1,-1
506,-1,1008,255,123,93,0.7058219909667969,-1,-1,-1
507,-1,569,254,118,92,0.9076572060585022,-1,-1,-1
507,-1,1008,255,123,93,0.7267207503318787,-1,-1,-1
508,-1,569,254,118,92,0.9058787226676941,-1,-1,-1
508,-1,1008,255,123,93,0.7277677059173584,-1,-1,-1
509,-1,569,254,118,92,0.9057447910308838,-1,-1,-1
509,-1,1008,255,123,93,0.7284938097000122,-1,-1,-1
510,-1,569,254,118,92,0.9045830965042114,-1,-1,-1
510,-1,1008,255,123,93,0.731720507144928,-1,-1,-1
511,-1,569,254,118,92,0.9049350619316101,-1,-1,-1
511,-1,1008,255,123,93,0.7363569140434265,-1,-1,-1
512,-1,569,254,118,92,0.9046717882156372,-1,-1,-1
512,-1,1008,254,125,94,0.7389838099479675,-1,-1,-1
513,-1,569,254,118,92,0.9046492576599121,-1,-1,-1
513,-1,1008,254,125,94,0.7412624955177307,-1,-1,-1
514,-1,569,254,118,92,0.9050777554512024,-1,-1,-1
514,-1,1008,255,123,93,0.7389355301856995,-1,-1,-1
515,-1,570,253,118,92,0.9406524896621704,-1,-1,-1
515,-1,1003,256,130,92,0.7317702770233154,-1,-1,-1
515,-1,186,239,132,101,0.6304632425308228,-1,-1,-1
516,-1,570,253,118,92,0.9419611692428589,-1,-1,-1
516,-1,1003,256,130,92,0.742439866065979,-1,-1,-1
516,-1,186,238,132,102,0.6192171573638916,-1,-1,-1
517,-1,571,253,118,92,0.9311981201171875,-1,-1,-1
517,-1,1008,256,124,94,0.7276740074157715,-1,-1,-1
518,-1,571,253,118,92,0.9308680891990662,-1,-1,-1
518,-1,1007,256,125,94,0.7471967935562134,-1,-1,-1
519,-1,571,253,117,92,0.9413790702819824,-1,-1,-1
519,-1,1007,256,125,94,0.745842456817627,-1,-1,-1
520,-1,571,253,117,92,0.9406417012214661,-1,-1,-1
520,-1,1007,256,125,94,0.7413442730903625,-1,-1,-1
521,-1,571,253,117,92,0.9426893591880798,-1,-1,-1
521,-1,1008,256,125,94,0.7317786812782288,-1,-1,-1
522,-1,571,253,117,92,0.9411930441856384,-1,-1,-1
522,-1,1008,256,125,94,0.7386503219604492,-1,-1,-1
523,-1,571,253,117,92,0.9423108100891113,-1,-1,-1
523,-1,1007,256,125,94,0.7452747821807861,-1,-1,-1
523,-1,188,237,128,103,0.6056808233261108,-1,-1,-1
524,-1,571,253,117,92,0.9488550424575806,-1,-1,-1
524,-1,1007,256,125,94,0.7668430209159851,-1,-1,-1
524,-1,188,237,129,103,0.6401475667953491,-1,-1,-1
525,-1,570,253,118,92,0.9425552487373352,-1,-1,-1
525,-1,1003,256,131,93,0.7281194925308228,-1,-1,-1
525,-1,188,237,128,104,0.6192926168441772,-1,-1,-1
526,-1,570,252,118,92,0.9397225379943848,-1,-1,-1
526,-1,1004,256,131,93,0.7127183079719543,-1,-1,-1
526,-1,185,239,134,102,0.6411095261573792,-1,-1,-1
526,-1,83,238,142,98,0.606981635093689,-1,-1,-1
527,-1,570,252,118,92,0.9419897198677063,-1,-1,-1
527,-1,1004,256,131,93,0.7123234272003174,-1,-1,-1
527,-1,185,239,134,102,0.6447903513908386,-1,-1,-1
528,-1,570,253,118,92,0.9394873976707458,-1,-1,-1
528,-1,1004,256,131,93,0.6943343877792358,-1,-1,-1
528,-1,188,237,128,103,0.6454859972000122,-1,-1,-1
529,-1,570,253,118,92,0.9245607256889343,-1,-1,-1
529,-1,1004,255,131,93,0.6884282827377319,-1,-1,-1
529,-1,185,239,135,102,0.6422447562217712,-1,-1,-1
530,-1,570,253,118,92,0.9277259111404419,-1,-1,-1
530,-1,1004,255,131,93,0.6855889558792114,-1,-1,-1
530,-1,185,239,134,102,0.6460430026054382,-1,-1,-1
531,-1,570,253,118,92,0.9286525845527649,-1,-1,-1
531,-1,1004,255,131,93,0.6901634931564331,-1,-1,-1
531,-1,186,238,134,102,0.6259818077087402,-1,-1,-1
532,-1,570,253,118,92,0.9243714213371277,-1,-1,-1
532,-1,1004,255,131,93,0.6988711357116699,-1,-1,-1
532,-1,186,238,134,102,0.6283701062202454,-1,-1,-1
533,-1,570,253,118,92,0.9264096617698669,-1,-1,-1
533,-1,1004,255,131,93,0.7065445780754089,-1,-1,-1
533,-1,186,238,134,102,0.6019033789634705,-1,-1,-1
534,-1,570,253,118,92,0.9265608787536621,-1,-1,-1
534,-1,1004,255,131,93,0.699001133441925,-1,-1,-1
535,-1,570,253,117,91,0.9425564408302307,-1,-1,-1
535,-1,1008,255,123,94,0.6925898194313049,-1,-1,-1
536,-1,571,253,117,91,0.9402109384536743,-1,-1,-1
536,-1,1008,255,123,94,0.6882635951042175,-1,-1,-1
537,-1,571,253,117,91,0.938264787197113,-1,-1,-1
537,-1,1007,255,124,94,0.7067977786064148,-1,-1,-1
538,-1,571,253,117,91,0.9368441104888916,-1,-1,-1
538,-1,1007,255,124,94,0.7129458785057068,-1,-1,-1
539,-1,571,253,117,91,0.9355414509773254,-1,-1,-1
539,-1,1007,255,124,94,0.712770402431488,-1,-1,-1
540,-1,571,253,117,91,0.9339017271995544,-1,-1,-1
540,-1,1003,255,131,93,0.7166858911514282,-1,-1,-1
541,-1,570,253,116,92,0.9539589881896973,-1,-1,-1
541,-1,1007,254,123,94,0.6120636463165283,-1,-1,-1
542,-1,570,253,116,92,0.9536221623420715,-1,-1,-1
542,-1,1007,254,123,94,0.6203652620315552,-1,-1,-1
543,-1,570,252,116,92,0.9542492628097534,-1,-1,-1
543,-1,1007,255,123,94,0.6289852857589722,-1,-1,-1
544,-1,570,252,116,92,0.9549942016601562,-1,-1,-1
544,-1,1007,255,123,94,0.6301417946815491,-1,-1,-1
545,-1,571,253,118,92,0.9365839958190918,-1,-1,-1
545,-1,1008,255,123,94,0.6927581429481506,-1,-1,-1
546,-1,571,253,117,92,0.9399123787879944,-1,-1,-1
546,-1,1008,255,123,94,0.6952904462814331,-1,-1,-1
546,-1,84,236,140,99,0.6025353670120239,-1,-1,-1
547,-1,570,253,117,92,0.9387329816818237,-1,-1,-1
547,-1,1008,255,123,94,0.694688618183136,-1,-1,-1
547,-1,85,236,140,99,0.601786196231842,-1,-1,-1
548,-1,571,253,117,92,0.9323167204856873,-1,-1,-1
548,-1,1008,255,123,94,0.7132228016853333,-1,-1,-1
548,-1,85,236,140,99,0.6103501319885254,-1,-1,-1
549,-1,570,253,118,92,0.9269548058509827,-1,-1,-1
549,-1,1008,255,123,94,0.71370929479599,-1,-1,-1
549,-1,85,236,140,99,0.6094978451728821,-1,-1,-1
550,-1,570,253,118,92,0.9295780658721924,-1,-1,-1
550,-1,1008,255,123,94,0.7207499742507935,-1,-1,-1
550,-1,85,236,140,99,0.6187496185302734,-1,-1,-1
551,-1,570,253,118,92,0.9312935471534729,-1,-1,-1
551,-1,1008,255,123,94,0.7160705924034119,-1,-1,-1
551,-1,84,236,140,99,0.6129112243652344,-1,-1,-1
552,-1,570,253,118,92,0.9330123066902161,-1,-1,-1
552,-1,1008,255,123,94,0.7200297117233276,-1,-1,-1
552,-1,84,236,141,100,0.6037741303443909,-1,-1,-1
553,-1,571,253,117,92,0.9135518670082092,-1,-1,-1
553,-1,1009,255,122,94,0.7024106979370117,-1,-1,-1
554,-1,571,253,117,92,0.9136328101158142,-1,-1,-1
554,-1,1009,255,122,94,0.7040045857429504,-1,-1,-1
555,-1,571,253,117,92,0.9134194850921631,-1,-1,-1
555,-1,1009,255,122,94,0.7037615180015564,-1,-1,-1
556,-1,571,253,117,92,0.9128208160400391,-1,-1,-1
556,-1,1009,255,122,94,0.7092171311378479,-1,-1,-1
557,-1,570,253,117,92,0.9115423560142517,-1,-1,-1
557,-1,1009,255,122,94,0.7090681195259094,-1,-1,-1
558,-1,571,253,117,92,0.9130695462226868,-1,-1,-1
558,-1,1009,255,122,94,0.711624801158905,-1,-1,-1
559,-1,570,253,117,92,0.9149535298347473,-1,-1,-1
559,-1,1009,255,122,94,0.7105024456977844,-1,-1,-1
560,-1,570,253,117,92,0.9141928553581238,-1,-1,-1
560,-1,1009,255,122,94,0.7114917039871216,-1,-1,-1
560,-1,84,236,141,100,0.6001517176628113,-1,-1,-1
561,-1,571,253,117,92,0.9162778258323669,-1,-1,-1
561,-1,1009,255,122,94,0.7176756262779236,-1,-1,-1
561,-1,84,236,141,100,0.6021384000778198,-1,-1,-1
562,-1,571,253,117,92,0.9150264859199524,-1,-1,-1
562,-1,1009,255,122,94,0.7200582027435303,-1,-1,-1
562,-1,84,236,141,100,0.600344181060791,-1,-1,-1
563,-1,571,253,117,92,0.9161571860313416,-1,-1,-1
563,-1,1009,255,122,94,0.7200110554695129,-1,-1,-1
564,-1,570,253,117,92,0.9130920767784119,-1,-1,-1
564,-1,1009,255,122,94,0.7191784977912903,-1,-1,-1
565,-1,570,253,117,92,0.9203404784202576,-1,-1,-1
565,-1,1009,255,122,94,0.7165156602859497,-1,-1,-1
565,-1,84,236,141,100,0.601922869682312,-1,-1,-1
566,-1,570,253,117,92,0.9209375977516174,-1,-1,-1
566,-1,1009,255,122,94,0.717156708240509,-1,-1,-1
566,-1,84,236,141,100,0.6014375686645508,-1,-1,-1
567,-1,570,253,117,92,0.9193795323371887,-1,-1,-1
567,-1,1009,255,122,94,0.7179628610610962,-1,-1,-1
568,-1,570,253,117,92,0.9222026467323303,-1,-1,-1
568,-1,1009,255,122,94,0.7176551818847656,-1,-1,-1
568,-1,84,236,141,100,0.6015017032623291,-1,-1,-1
569,-1,570,253,117,92,0.9219521880149841,-1,-1,-1
569,-1,1009,255,122,94,0.7183391451835632,-1,-1,-1
570,-1,570,253,117,92,0.9212594628334045,-1,-1,-1
570,-1,1009,255,122,94,0.7197620868682861,-1,-1,-1
571,-1,570,253,117,92,0.9209494590759277,-1,-1,-1
571,-1,1009,255,122,94,0.720959484577179,-1,-1,-1
571,-1,84,236,141,100,0.6059209108352661,-1,-1,-1
572,-1,570,253,117,92,0.9210274815559387,-1,-1,-1
572,-1,1009,255,122,94,0.7232751846313477,-1,-1,-1
572,-1,84,236,141,100,0.6005645394325256,-1,-1,-1
573,-1,570,253,117,92,0.9165754914283752,-1,-1,-1
573,-1,1009,255,122,94,0.7253410220146179,-1,-1,-1
573,-1,84,236,141,100,0.6001883149147034,-1,-1,-1
574,-1,570,253,117,92,0.91702800989151,-1,-1,-1
574,-1,1009,255,122,94,0.7210457921028137,-1,-1,-1
575,-1,570,253,118,92,0.9196205139160156,-1,-1,-1
575,-1,1009,255,122,94,0.7225504517555237,-1,-1,-1
576,-1,570,253,117,92,0.9209614992141724,-1,-1,-1
576,-1,1009,255,122,94,0.7215320467948914,-1,-1,-1
577,-1,570,253,118,92,0.9099875092506409,-1,-1,-1
577,-1,1009,255,123,94,0.7149938344955444,-1,-1,-1
577,-1,83,236,142,100,0.6012750864028931,-1,-1,-1
578,-1,570,253,118,92,0.9093245267868042,-1,-1,-1
578,-1,1009,255,123,94,0.7150777578353882,-1,-1,-1
578,-1,83,236,142,100,0.6098757386207581,-1,-1,-1
579,-1,570,253,117,91,0.9031705856323242,-1,-1,-1
579,-1,1009,255,123,94,0.7172365188598633,-1,-1,-1
579,-1,83,236,142,100,0.6124162077903748,-1,-1,-1
580,-1,570,253,117,91,0.9040391445159912,-1,-1,-1
580,-1,1009,255,123,94,0.7175227403640747,-1,-1,-1
580,-1,83,236,142,100,0.6122883558273315,-1,-1,-1
581,-1,570,253,117,91,0.9052330255508423,-1,-1,-1
581,-1,1009,255,123,94,0.7151015996932983,-1,-1,-1
581,-1,83,236,142,100,0.6123577356338501,-1,-1,-1
582,-1,570,253,117,91,0.9049615263938904,-1,-1,-1
582,-1,1009,255,123,94,0.715339720249176,-1,-1,-1
582,-1,83,236,142,100,0.611709475517273,-1,-1,-1
583,-1,570,253,117,92,0.9069392681121826,-1,-1,-1
583,-1,1009,255,123,94,0.7131681442260742,-1,-1,-1
583,-1,83,236,142,100,0.6163488626480103,-1,-1,-1
584,-1,570,253,117,92,0.9093432426452637,-1,-1,-1
584,-1,1009,255,123,94,0.7134565114974976,-1,-1,-1
584,-1,83,238,143,99,0.6483776569366455,-1,-1,-1
585,-1,570,253,117,92,0.90947026014328,-1,-1,-1
585,-1,1009,255,123,94,0.7161067724227905,-1,-1,-1
585,-1,83,238,143,99,0.6467016339302063,-1,-1,-1
586,-1,570,253,117,92,0.9315666556358337,-1,-1,-1
586,-1,1008,255,123,94,0.7090699076652527,-1,-1,-1
586,-1,1235,336,346,184,0.6335734128952026,-1,-1,-1
586,-1,83,237,142,99,0.627016007900238,-1,-1,-1
587,-1,570,253,117,92,0.932888925075531,-1,-1,-1
587,-1,1167,326,394,186,0.8547399640083313,-1,-1,-1
587,-1,1008,256,123,94,0.6752433776855469,-1,-1,-1
587,-1,83,237,142,99,0.6307939887046814,-1,-1,-1
588,-1,570,253,117,92,0.9324487447738647,-1,-1,-1
588,-1,1094,324,458,187,0.9272378087043762,-1,-1,-1
588,-1,1005,256,130,92,0.6346468329429626,-1,-1,-1
588,-1,83,237,142,99,0.6266139149665833,-1,-1,-1
589,-1,1001,322,473,184,0.9627994894981384,-1,-1,-1
589,-1,570,253,116,92,0.9451153874397278,-1,-1,-1
589,-1,1008,256,124,94,0.688774049282074,-1,-1,-1
590,-1,923,321,486,184,0.9666401743888855,-1,-1,-1
590,-1,570,253,116,92,0.9437239170074463,-1,-1,-1
590,-1,1001,255,134,95,0.6696223020553589,-1,-1,-1
591,-1,870,315,459,182,0.9583483338356018,-1,-1,-1
591,-1,571,253,116,91,0.9446958303451538,-1,-1,-1
591,-1,1003,254,136,97,0.6068682670593262,-1,-1,-1
591,-1,83,236,142,100,0.6028338670730591,-1,-1,-1
592,-1,778,309,450,183,0.948600709438324,-1,-1,-1
592,-1,571,253,116,91,0.9415280222892761,-1,-1,-1
592,-1,1002,254,131,94,0.7477655410766602,-1,-1,-1
592,-1,83,236,142,99,0.6074458360671997,-1,-1,-1
593,-1,678,305,456,185,0.9586084485054016,-1,-1,-1
593,-1,570,253,117,92,0.9275847673416138,-1,-1,-1
593,-1,1001,253,132,98,0.6527416706085205,-1,-1,-1
593,-1,83,236,142,99,0.6028687953948975,-1,-1,-1
594,-1,584,303,472,184,0.9479393362998962,-1,-1,-1
594,-1,570,253,117,92,0.9157196283340454,-1,-1,-1
594,-1,1003,254,129,98,0.6311983466148376,-1,-1,-1
594,-1,83,236,142,99,0.6019012928009033,-1,-1,-1
595,-1,482,301,482,184,0.9528478980064392,-1,-1,-1
595,-1,570,252,116,92,0.8571344017982483,-1,-1,-1
595,-1,1008,254,125,96,0.7682209014892578,-1,-1,-1
595,-1,83,236,142,99,0.605440080165863,-1,-1,-1
596,-1,410,302,456,175,0.944493293762207,-1,-1,-1
596,-1,1007,255,124,94,0.6854174733161926,-1,-1,-1
596,-1,571,251,119,91,0.6665052175521851,-1,-1,-1
597,-1,309,295,482,182,0.9651883244514465,-1,-1,-1
597,-1,1007,255,124,94,0.6480497717857361,-1,-1,-1
598,-1,237,298,448,177,0.9537309408187866,-1,-1,-1
598,-1,1007,255,124,94,0.6613309383392334,-1,-1,-1
599,-1,168,300,439,171,0.9464315176010132,-1,-1,-1
599,-1,1007,255,124,94,0.6822502613067627,-1,-1,-1
600,-1,82,299,439,168,0.9498103260993958,-1,-1,-1
600,-1,568,252,118,94,0.8584178686141968,-1,-1,-1
600,-1,1007,255,124,94,0.6765918731689453,-1,-1,-1
601,-1,13,299,433,165,0.9385294318199158,-1,-1,-1
601,-1,569,252,117,92,0.9289433360099792,-1,-1,-1
601,-1,1007,255,125,94,0.631432294845581,-1,-1,-1
602,-1,569,252,116,92,0.9401936531066895,-1,-1,-1
602,-1,0,293,392,170,0.8893342614173889,-1,-1,-1
602,-1,1007,255,124,94,0.6300458908081055,-1,-1,-1
603,-1,570,252,116,92,0.9493105411529541,-1,-1,-1
603,-1,0,299,380,158,0.725126326084137,-1,-1,-1
603,-1,1007,255,125,94,0.635168731212616,-1,-1,-1
604,-1,568,251,117,94,0.9208663702011108,-1,-1,-1
604,-1,1007,255,124,94,0.6266784071922302,-1,-1,-1
605,-1,568,251,116,94,0.9223307371139526,-1,-1,-1
605,-1,1007,255,124,94,0.6259269714355469,-1,-1,-1
606,-1,570,252,115,92,0.9545737504959106,-1,-1,-1
606,-1,1008,255,124,94,0.7132282257080078,-1,-1,-1
607,-1,570,252,115,92,0.9546140432357788,-1,-1,-1
607,-1,1008,255,124,94,0.7016810178756714,-1,-1,-1
608,-1,570,252,115,92,0.954879105091095,-1,-1,-1
608,-1,1007,255,124,94,0.6956687569618225,-1,-1,-1
609,-1,570,252,115,92,0.9539768099784851,-1,-1,-1
609,-1,1008,255,124,95,0.7075831890106201,-1,-1,-1
610,-1,570,252,115,92,0.9560843110084534,-1,-1,-1
610,-1,1008,255,124,95,0.6896413564682007,-1,-1,-1
611,-1,570,253,115,92,0.9555100202560425,-1,-1,-1
611,-1,1008,255,124,95,0.678758978843689,-1,-1,-1
612,-1,570,253,116,92,0.9524319171905518,-1,-1,-1
612,-1,1007,255,125,95,0.6801357865333557,-1,-1,-1
613,-1,570,253,117,92,0.9556353092193604,-1,-1,-1
613,-1,1008,255,124,95,0.6852571368217468,-1,-1,-1
614,-1,570,253,117,92,0.9556467533111572,-1,-1,-1
614,-1,1008,255,124,95,0.6832513809204102,-1,-1,-1
615,-1,570,253,117,92,0.9557090401649475,-1,-1,-1
615,-1,1008,255,124,95,0.6950991749763489,-1,-1,-1
616,-1,570,253,117,92,0.9573794007301331,-1,-1,-1
616,-1,1008,255,124,95,0.692812979221344,-1,-1,-1
617,-1,570,253,117,92,0.9570041298866272,-1,-1,-1
617,-1,1008,254,126,96,0.7153350114822388,-1,-1,-1
618,-1,570,253,117,92,0.9595956802368164,-1,-1,-1
618,-1,1008,254,127,96,0.7123462557792664,-1,-1,-1
619,-1,570,253,117,92,0.957196056842804,-1,-1,-1
619,-1,1008,254,126,96,0.7254369258880615,-1,-1,-1
620,-1,570,253,117,92,0.9550046324729919,-1,-1,-1
620,-1,1008,254,126,96,0.7309240102767944,-1,-1,-1
621,-1,570,253,117,92,0.9554548859596252,-1,-1,-1
621,-1,1008,255,124,95,0.7030863761901855,-1,-1,-1
622,-1,570,253,117,92,0.9562438726425171,-1,-1,-1
622,-1,1008,255,124,94,0.7072411179542542,-1,-1,-1
623,-1,570,253,117,92,0.9564565420150757,-1,-1,-1
623,-1,1008,254,126,96,0.7223995923995972,-1,-1,-1
624,-1,570,253,117,92,0.956462562084198,-1,-1,-1
624,-1,1008,254,126,96,0.7193900942802429,-1,-1,-1
625,-1,570,253,117,92,0.9590896964073181,-1,-1,-1
625,-1,1007,255,124,95,0.6544548273086548,-1,-1,-1
626,-1,570,253,117,92,0.9578913450241089,-1,-1,-1
626,-1,1007,255,125,95,0.6498830318450928,-1,-1,-1
627,-1,570,253,117,92,0.9584487676620483,-1,-1,-1
627,-1,1007,255,124,95,0.644766092300415,-1,-1,-1
628,-1,570,253,117,92,0.9574018120765686,-1,-1,-1
628,-1,1007,255,125,95,0.6523675918579102,-1,-1,-1
629,-1,570,253,117,92,0.9591336846351624,-1,-1,-1
629,-1,1008,254,126,96,0.6753214597702026,-1,-1,-1
630,-1,570,253,117,92,0.9603521823883057,-1,-1,-1
630,-1,1008,254,126,96,0.6832021474838257,-1,-1,-1
631,-1,570,253,117,92,0.9605945348739624,-1,-1,-1
631,-1,1007,255,124,95,0.6578056216239929,-1,-1,-1
632,-1,570,253,117,92,0.9612455368041992,-1,-1,-1
632,-1,1007,254,124,95,0.6570145487785339,-1,-1,-1
633,-1,570,253,117,92,0.9606884121894836,-1,-1,-1
633,-1,1007,254,124,95,0.6538543105125427,-1,-1,-1
634,-1,570,253,117,92,0.9603624939918518,-1,-1,-1
634,-1,1008,255,124,95,0.6667512655258179,-1,-1,-1
635,-1,570,253,117,92,0.959975004196167,-1,-1,-1
635,-1,1008,255,124,95,0.6649085879325867,-1,-1,-1
636,-1,570,253,117,92,0.9595231413841248,-1,-1,-1
636,-1,1008,255,124,95,0.6694934964179993,-1,-1,-1
637,-1,570,253,117,92,0.9604839086532593,-1,-1,-1
637,-1,1008,254,127,96,0.6832971572875977,-1,-1,-1
638,-1,570,253,117,92,0.9605617523193359,-1,-1,-1
638,-1,1008,254,127,96,0.691885232925415,-1,-1,-1
639,-1,570,253,117,92,0.9602780938148499,-1,-1,-1
639,-1,1008,254,127,96,0.6988425254821777,-1,-1,-1
640,-1,570,253,117,92,0.9610288143157959,-1,-1,-1
640,-1,1008,254,127,96,0.6975621581077576,-1,-1,-1
641,-1,570,253,117,92,0.9604965448379517,-1,-1,-1
641,-1,1008,254,127,96,0.6919652819633484,-1,-1,-1
642,-1,570,253,117,92,0.9619814157485962,-1,-1,-1
642,-1,1008,254,127,96,0.6951977610588074,-1,-1,-1
643,-1,570,253,117,92,0.9626031517982483,-1,-1,-1
643,-1,1008,254,127,96,0.6929286122322083,-1,-1,-1
644,-1,570,253,117,92,0.9624019265174866,-1,-1,-1
644,-1,1007,254,127,96,0.6867253184318542,-1,-1,-1
645,-1,570,253,117,92,0.9618741273880005,-1,-1,-1
645,-1,1008,254,127,96,0.6902344226837158,-1,-1,-1
646,-1,570,253,117,92,0.960331916809082,-1,-1,-1
646,-1,1008,254,127,96,0.686183750629425,-1,-1,-1
647,-1,570,253,117,92,0.958844780921936,-1,-1,-1
647,-1,1008,254,127,96,0.6858770847320557,-1,-1,-1
648,-1,570,253,117,92,0.9574434161186218,-1,-1,-1
648,-1,1008,254,127,96,0.683663010597229,-1,-1,-1
649,-1,570,253,117,92,0.9566657543182373,-1,-1,-1
649,-1,1008,254,127,96,0.6745027899742126,-1,-1,-1
650,-1,570,253,117,92,0.956631600856781,-1,-1,-1
650,-1,1008,254,127,96,0.6675434112548828,-1,-1,-1
651,-1,570,253,117,92,0.9589807987213135,-1,-1,-1
651,-1,1008,254,127,96,0.6724379062652588,-1,-1,-1
652,-1,570,253,117,92,0.9575790762901306,-1,-1,-1
652,-1,1008,254,127,96,0.6774128675460815,-1,-1,-1
653,-1,570,253,117,92,0.9521099925041199,-1,-1,-1
653,-1,1008,254,127,96,0.6768462657928467,-1,-1,-1
654,-1,571,253,116,92,0.9527115225791931,-1,-1,-1
654,-1,1007,254,127,96,0.6708090305328369,-1,-1,-1
655,-1,569,252,118,96,0.9482454657554626,-1,-1,-1
655,-1,1008,254,127,96,0.6761864423751831,-1,-1,-1
656,-1,571,253,116,91,0.9529553055763245,-1,-1,-1
656,-1,1008,254,127,96,0.6799452900886536,-1,-1,-1
