1,-1,1231,165,153,135,0.9905701875686646,-1,-1,-1
1,-1,1407,204,324,265,0.9754862189292908,-1,-1,-1
2,-1,1232,164,152,134,0.993950366973877,-1,-1,-1
2,-1,1423,204,318,260,0.9701541662216187,-1,-1,-1
3,-1,1233,163,152,135,0.9939011335372925,-1,-1,-1
3,-1,1431,200,306,258,0.9678951501846313,-1,-1,-1
4,-1,1233,163,152,134,0.9934729933738708,-1,-1,-1
4,-1,1442,202,295,254,0.916189968585968,-1,-1,-1
5,-1,1234,163,151,134,0.9933797121047974,-1,-1,-1
5,-1,1445,199,295,247,0.9441146850585938,-1,-1,-1
6,-1,1234,163,148,134,0.9934790134429932,-1,-1,-1
6,-1,1455,195,289,247,0.8779335618019104,-1,-1,-1
7,-1,1236,163,146,133,0.9940198659896851,-1,-1,-1
7,-1,1462,195,285,243,0.9206534028053284,-1,-1,-1
8,-1,1236,163,146,132,0.9945228099822998,-1,-1,-1
8,-1,1473,194,276,242,0.9686697125434875,-1,-1,-1
8,-1,1415,174,114,93,0.6387230753898621,-1,-1,-1
9,-1,1237,164,147,132,0.9941704869270325,-1,-1,-1
9,-1,1483,193,266,235,0.9531004428863525,-1,-1,-1
10,-1,1238,164,147,131,0.9926666617393494,-1,-1,-1
10,-1,1488,191,268,233,0.9168400764465332,-1,-1,-1
10,-1,1417,177,119,92,0.6326655149459839,-1,-1,-1
11,-1,1239,165,145,130,0.9940417408943176,-1,-1,-1
11,-1,1488,188,268,227,0.6713032722473145,-1,-1,-1
12,-1,1236,163,146,132,0.9900100827217102,-1,-1,-1
12,-1,1496,185,264,227,0.6324914693832397,-1,-1,-1
13,-1,1237,162,146,132,0.9915281534194946,-1,-1,-1
13,-1,1500,181,266,226,0.7964790463447571,-1,-1,-1
14,-1,1239,163,142,131,0.9928614497184753,-1,-1,-1
14,-1,1505,181,259,222,0.646277904510498,-1,-1,-1
15,-1,1240,164,141,130,0.9940265417098999,-1,-1,-1
15,-1,1506,180,256,219,0.6202255487442017,-1,-1,-1
16,-1,1238,165,147,131,0.9925143122673035,-1,-1,-1
16,-1,1509,179,255,219,0.8483561277389526,-1,-1,-1
17,-1,1238,166,149,129,0.9910784363746643,-1,-1,-1
17,-1,1512,176,252,217,0.6246082782745361,-1,-1,-1
18,-1,1236,166,150,129,0.9931206107139587,-1,-1,-1
19,-1,1239,164,148,130,0.9915205836296082,-1,-1,-1
20,-1,1239,162,146,130,0.9964781403541565,-1,-1,-1
21,-1,1239,162,144,130,0.9956029653549194,-1,-1,-1
21,-1,1520,173,244,205,0.8275172710418701,-1,-1,-1
21,-1,1387,147,114,105,0.8186999559402466,-1,-1,-1
22,-1,1240,163,145,129,0.9973371624946594,-1,-1,-1
22,-1,1389,148,111,102,0.8725660443305969,-1,-1,-1
22,-1,1518,176,242,202,0.8156154155731201,-1,-1,-1
23,-1,1237,165,149,129,0.990623414516449,-1,-1,-1
23,-1,1390,149,111,101,0.9201259613037109,-1,-1,-1
23,-1,508,209,268,232,0.8606590628623962,-1,-1,-1
23,-1,1517,175,239,200,0.7109861373901367,-1,-1,-1
24,-1,1239,165,148,128,0.9887364506721497,-1,-1,-1
24,-1,1390,151,112,100,0.9422426223754883,-1,-1,-1
24,-1,501,211,270,235,0.7728801965713501,-1,-1,-1
24,-1,1517,174,239,197,0.711345374584198,-1,-1,-1
24,-1,1038,159,161,88,0.6434618830680847,-1,-1,-1
25,-1,1241,166,146,128,0.9907010793685913,-1,-1,-1
25,-1,1392,149,110,103,0.9519709348678589,-1,-1,-1
25,-1,495,214,270,234,0.8696669936180115,-1,-1,-1
25,-1,1516,174,238,195,0.8542352318763733,-1,-1,-1
25,-1,1037,159,166,88,0.6982266902923584,-1,-1,-1
26,-1,1240,164,143,129,0.997434675693512,-1,-1,-1
26,-1,1391,149,112,101,0.9489781260490417,-1,-1,-1
26,-1,1517,169,239,196,0.818288266658783,-1,-1,-1
26,-1,1043,159,161,87,0.7578538656234741,-1,-1,-1
27,-1,1240,163,145,129,0.9973852038383484,-1,-1,-1
27,-1,1390,148,113,102,0.9555434584617615,-1,-1,-1
27,-1,1518,166,232,196,0.7724907398223877,-1,-1,-1
27,-1,479,210,278,248,0.758532702922821,-1,-1,-1
27,-1,1043,159,164,86,0.6553707122802734,-1,-1,-1
28,-1,1239,162,145,129,0.9944129586219788,-1,-1,-1
28,-1,1389,147,114,103,0.9548164010047913,-1,-1,-1
28,-1,1061,159,150,87,0.7981423735618591,-1,-1,-1
28,-1,469,210,276,251,0.6876853704452515,-1,-1,-1
28,-1,1518,165,229,191,0.6711478233337402,-1,-1,-1
29,-1,1239,162,145,128,0.9944849610328674,-1,-1,-1
29,-1,1390,147,113,102,0.9527672529220581,-1,-1,-1
29,-1,447,213,300,251,0.8001192808151245,-1,-1,-1
29,-1,1071,158,141,86,0.637485921382904,-1,-1,-1
29,-1,1516,166,225,189,0.607262909412384,-1,-1,-1
30,-1,1236,164,150,127,0.9912269711494446,-1,-1,-1
30,-1,1390,149,112,102,0.9512971043586731,-1,-1,-1
30,-1,1511,163,228,187,0.6135918498039246,-1,-1,-1
30,-1,1080,160,139,85,0.610228419303894,-1,-1,-1
31,-1,1239,163,145,128,0.9968922734260559,-1,-1,-1
31,-1,1390,149,114,101,0.9422569274902344,-1,-1,-1
31,-1,430,216,299,258,0.7018634676933289,-1,-1,-1
32,-1,1240,163,145,128,0.997008740901947,-1,-1,-1
32,-1,1389,150,113,100,0.9466019868850708,-1,-1,-1
32,-1,415,223,308,256,0.8871191143989563,-1,-1,-1
32,-1,1096,161,125,83,0.6841766834259033,-1,-1,-1
33,-1,1240,164,145,128,0.9967369437217712,-1,-1,-1
33,-1,1391,150,110,102,0.9579408764839172,-1,-1,-1
33,-1,398,228,319,254,0.9304731488227844,-1,-1,-1
34,-1,1240,163,144,128,0.9972593784332275,-1,-1,-1
34,-1,1390,149,112,102,0.9398949146270752,-1,-1,-1
34,-1,394,226,323,257,0.8375015258789062,-1,-1,-1
35,-1,1240,163,144,127,0.9973210692405701,-1,-1,-1
35,-1,1393,148,110,103,0.9349395632743835,-1,-1,-1
35,-1,381,226,322,264,0.8301469683647156,-1,-1,-1
36,-1,1240,162,144,127,0.9971215128898621,-1,-1,-1
36,-1,1391,148,113,102,0.9260692000389099,-1,-1,-1
36,-1,362,229,334,264,0.8808217644691467,-1,-1,-1
37,-1,1240,162,144,127,0.9969147443771362,-1,-1,-1
37,-1,1392,148,110,103,0.9439321756362915,-1,-1,-1
37,-1,357,227,332,269,0.6240886449813843,-1,-1,-1
38,-1,1240,163,143,127,0.9969673752784729,-1,-1,-1
38,-1,1390,149,113,101,0.9417225122451782,-1,-1,-1
38,-1,335,233,343,278,0.8763853311538696,-1,-1,-1
39,-1,1239,163,144,127,0.9967882633209229,-1,-1,-1
39,-1,327,238,348,275,0.9376459121704102,-1,-1,-1
39,-1,1390,150,112,100,0.9299010038375854,-1,-1,-1
40,-1,1240,163,142,126,0.9965054988861084,-1,-1,-1
40,-1,317,244,343,269,0.9792872667312622,-1,-1,-1
40,-1,1392,150,110,102,0.9244579076766968,-1,-1,-1
41,-1,1239,163,142,127,0.996895432472229,-1,-1,-1
41,-1,299,241,349,278,0.9664632081985474,-1,-1,-1
41,-1,1390,149,112,100,0.928999662399292,-1,-1,-1
42,-1,1240,163,141,126,0.9964122176170349,-1,-1,-1
42,-1,289,243,349,284,0.9859402179718018,-1,-1,-1
42,-1,1392,148,111,103,0.9482046365737915,-1,-1,-1
43,-1,1240,163,141,125,0.996392548084259,-1,-1,-1
43,-1,285,245,350,286,0.9745650887489319,-1,-1,-1
43,-1,1391,148,111,103,0.9495307207107544,-1,-1,-1
44,-1,1239,162,141,125,0.9964634776115417,-1,-1,-1
44,-1,261,247,355,290,0.9472639560699463,-1,-1,-1
44,-1,1387,147,118,105,0.9111926555633545,-1,-1,-1
44,-1,1471,166,207,167,0.6600410342216492,-1,-1,-1
45,-1,1240,162,141,125,0.9961257576942444,-1,-1,-1
45,-1,254,249,354,295,0.9710747599601746,-1,-1,-1
45,-1,1388,148,119,105,0.9373394846916199,-1,-1,-1
45,-1,901,553,890,526,0.9239270687103271,-1,-1,-1
46,-1,1239,162,141,125,0.9961172342300415,-1,-1,-1
46,-1,242,241,362,309,0.958491325378418,-1,-1,-1
46,-1,986,514,829,565,0.9327516555786133,-1,-1,-1
46,-1,1391,148,115,103,0.9166474938392639,-1,-1,-1
46,-1,1127,155,104,91,0.7103802561759949,-1,-1,-1
47,-1,1238,163,141,125,0.9965782761573792,-1,-1,-1
47,-1,225,248,372,309,0.977360725402832,-1,-1,-1
47,-1,1055,482,787,583,0.9416695237159729,-1,-1,-1
47,-1,1389,149,116,99,0.8812385201454163,-1,-1,-1
47,-1,1127,155,104,91,0.6963443756103516,-1,-1,-1
48,-1,1238,163,141,124,0.9966568946838379,-1,-1,-1
48,-1,1119,473,753,603,0.9808374047279358,-1,-1,-1
48,-1,214,256,372,307,0.9730445146560669,-1,-1,-1
48,-1,1389,150,115,99,0.893404483795166,-1,-1,-1
48,-1,1127,155,103,92,0.6943939328193665,-1,-1,-1
49,-1,1238,162,140,124,0.9966105818748474,-1,-1,-1
49,-1,1171,442,718,603,0.9847234487533569,-1,-1,-1
49,-1,192,251,378,320,0.9622172713279724,-1,-1,-1
49,-1,1388,148,114,104,0.875645101070404,-1,-1,-1
49,-1,1127,156,103,91,0.6699956655502319,-1,-1,-1
50,-1,1239,162,140,124,0.995951771736145,-1,-1,-1
50,-1,1222,409,697,586,0.9779816269874573,-1,-1,-1
50,-1,179,257,386,316,0.9351829886436462,-1,-1,-1
50,-1,1389,148,113,101,0.8300178050994873,-1,-1,-1
50,-1,1126,156,104,91,0.6950658559799194,-1,-1,-1
51,-1,1238,161,140,123,0.9956789612770081,-1,-1,-1
51,-1,1269,399,650,552,0.9805212020874023,-1,-1,-1
51,-1,165,261,390,323,0.9356621503829956,-1,-1,-1
51,-1,1387,147,114,105,0.8513545989990234,-1,-1,-1
51,-1,1126,158,104,89,0.7444739937782288,-1,-1,-1
51,-1,1456,170,194,157,0.6778673529624939,-1,-1,-1
52,-1,1238,162,139,123,0.9961751699447632,-1,-1,-1
52,-1,1305,379,614,541,0.975472629070282,-1,-1,-1
52,-1,153,254,396,335,0.9466699361801147,-1,-1,-1
52,-1,1387,147,113,105,0.8433910608291626,-1,-1,-1
52,-1,1125,158,104,89,0.7528877854347229,-1,-1,-1
53,-1,1238,162,139,123,0.9963586926460266,-1,-1,-1
53,-1,1345,351,573,525,0.952561616897583,-1,-1,-1
53,-1,130,262,408,333,0.9319494962692261,-1,-1,-1
53,-1,1388,149,112,102,0.8310509324073792,-1,-1,-1
53,-1,1454,173,187,153,0.7457247972488403,-1,-1,-1
53,-1,1125,158,104,89,0.6773310303688049,-1,-1,-1
54,-1,1238,162,139,123,0.9962729215621948,-1,-1,-1
54,-1,1378,339,541,503,0.9652886986732483,-1,-1,-1
54,-1,109,267,414,336,0.943305492401123,-1,-1,-1
54,-1,1388,149,110,102,0.7893596887588501,-1,-1,-1
54,-1,1451,172,187,152,0.7598932981491089,-1,-1,-1
55,-1,1237,163,141,121,0.9929759502410889,-1,-1,-1
55,-1,1410,318,509,489,0.9630475044250488,-1,-1,-1
55,-1,100,262,413,348,0.9174463152885437,-1,-1,-1
55,-1,1125,157,104,90,0.6519647836685181,-1,-1,-1
55,-1,1444,167,193,157,0.6469472646713257,-1,-1,-1
56,-1,1239,162,138,123,0.9962009787559509,-1,-1,-1
56,-1,1429,307,490,475,0.968882143497467,-1,-1,-1
56,-1,57,275,436,344,0.8803243637084961,-1,-1,-1
56,-1,1124,157,106,91,0.6847085356712341,-1,-1,-1
56,-1,1445,171,192,149,0.6838250756263733,-1,-1,-1
57,-1,1238,162,139,122,0.9961755275726318,-1,-1,-1
57,-1,1455,287,464,461,0.9627804756164551,-1,-1,-1
57,-1,57,268,429,355,0.9595009684562683,-1,-1,-1
57,-1,1124,157,105,91,0.7366284728050232,-1,-1,-1
57,-1,536,198,281,241,0.6294853091239929,-1,-1,-1
58,-1,1238,161,138,122,0.9949872493743896,-1,-1,-1
58,-1,1463,276,456,450,0.9601914286613464,-1,-1,-1
58,-1,37,271,440,361,0.9182161688804626,-1,-1,-1
58,-1,1124,158,104,90,0.721786618232727,-1,-1,-1
58,-1,1447,172,180,147,0.7111610174179077,-1,-1,-1
59,-1,1238,160,142,123,0.9926179051399231,-1,-1,-1
59,-1,1485,267,434,430,0.9343931674957275,-1,-1,-1
59,-1,13,280,458,363,0.9200102090835571,-1,-1,-1
59,-1,1124,158,105,90,0.7417435050010681,-1,-1,-1
60,-1,1239,161,138,123,0.994985818862915,-1,-1,-1
60,-1,1493,253,426,424,0.9075292944908142,-1,-1,-1
60,-1,5,281,455,371,0.8662251234054565,-1,-1,-1
60,-1,1122,158,107,92,0.759274959564209,-1,-1,-1
61,-1,1238,162,138,121,0.9956766963005066,-1,-1,-1
61,-1,1508,247,411,410,0.9443848729133606,-1,-1,-1
61,-1,0,282,444,379,0.8273709416389465,-1,-1,-1
61,-1,1122,159,106,93,0.7693633437156677,-1,-1,-1
62,-1,1238,162,137,122,0.9936879277229309,-1,-1,-1
62,-1,1521,236,398,403,0.943256676197052,-1,-1,-1
62,-1,0,299,449,376,0.7936685085296631,-1,-1,-1
62,-1,496,210,291,247,0.7379534840583801,-1,-1,-1
62,-1,1122,161,106,92,0.7264436483383179,-1,-1,-1
63,-1,1239,162,137,122,0.9935339689254761,-1,-1,-1
63,-1,1527,230,392,396,0.907215416431427,-1,-1,-1
63,-1,493,214,292,252,0.8169103264808655,-1,-1,-1
63,-1,1120,160,107,93,0.6091110706329346,-1,-1,-1
64,-1,1235,160,162,122,0.9846379160881042,-1,-1,-1
64,-1,1540,222,379,381,0.9472965002059937,-1,-1,-1
64,-1,484,212,295,254,0.7297102212905884,-1,-1,-1
64,-1,1119,159,108,94,0.6659185290336609,-1,-1,-1
65,-1,1237,161,145,121,0.9905812740325928,-1,-1,-1
65,-1,1556,218,360,369,0.9419427514076233,-1,-1,-1
65,-1,476,221,302,244,0.8230668306350708,-1,-1,-1
65,-1,1118,159,108,93,0.6223896145820618,-1,-1,-1
66,-1,1240,160,134,122,0.9861871004104614,-1,-1,-1
66,-1,1554,211,365,360,0.9312140345573425,-1,-1,-1
66,-1,467,216,306,254,0.6395348310470581,-1,-1,-1
67,-1,1239,162,136,120,0.9866014122962952,-1,-1,-1
67,-1,1568,208,351,347,0.9324411749839783,-1,-1,-1
67,-1,1156,179,126,99,0.6487780809402466,-1,-1,-1
67,-1,1441,167,165,138,0.6455271244049072,-1,-1,-1
68,-1,1238,162,137,121,0.9887490272521973,-1,-1,-1
68,-1,1578,204,341,349,0.9209122657775879,-1,-1,-1
68,-1,451,219,307,259,0.8604039549827576,-1,-1,-1
68,-1,1129,181,147,100,0.8500591516494751,-1,-1,-1
69,-1,1240,162,135,120,0.9906918406486511,-1,-1,-1
69,-1,1575,202,344,337,0.9246841669082642,-1,-1,-1
69,-1,1113,180,153,100,0.8370321989059448,-1,-1,-1
69,-1,439,220,320,265,0.7248753905296326,-1,-1,-1
70,-1,1235,160,141,121,0.9890010356903076,-1,-1,-1
70,-1,1588,197,331,335,0.9667543768882751,-1,-1,-1
70,-1,1091,182,170,102,0.94157475233078,-1,-1,-1
70,-1,430,220,319,266,0.8259099721908569,-1,-1,-1
70,-1,1441,167,161,140,0.7094356417655945,-1,-1,-1
71,-1,1237,162,138,118,0.9885005950927734,-1,-1,-1
71,-1,1588,196,331,327,0.9748159646987915,-1,-1,-1
71,-1,1080,185,169,101,0.9535580277442932,-1,-1,-1
71,-1,423,220,320,277,0.7387869358062744,-1,-1,-1
72,-1,1241,160,133,120,0.9924525618553162,-1,-1,-1
72,-1,1587,192,332,324,0.9754735231399536,-1,-1,-1
72,-1,1066,185,170,99,0.9606575965881348,-1,-1,-1
72,-1,1439,167,160,137,0.7121457457542419,-1,-1,-1
73,-1,1236,162,139,118,0.9931314587593079,-1,-1,-1
73,-1,1590,195,329,312,0.9777871370315552,-1,-1,-1
73,-1,1059,183,160,103,0.9459424018859863,-1,-1,-1
73,-1,1437,170,159,136,0.9070203900337219,-1,-1,-1
73,-1,389,223,342,279,0.8070735335350037,-1,-1,-1
74,-1,1236,163,139,118,0.9932727813720703,-1,-1,-1
74,-1,1439,175,155,132,0.9777119159698486,-1,-1,-1
74,-1,1591,192,328,306,0.9763742089271545,-1,-1,-1
74,-1,1042,186,165,103,0.9721817374229431,-1,-1,-1
74,-1,382,227,337,279,0.893923282623291,-1,-1,-1
75,-1,1237,162,137,119,0.992573618888855,-1,-1,-1
75,-1,1594,195,318,298,0.9653221368789673,-1,-1,-1
75,-1,1028,189,165,103,0.9650571942329407,-1,-1,-1
75,-1,1437,177,153,129,0.9590715765953064,-1,-1,-1
75,-1,372,227,340,286,0.7089099884033203,-1,-1,-1
76,-1,1236,163,137,118,0.9922441840171814,-1,-1,-1
76,-1,1593,194,319,292,0.9811344146728516,-1,-1,-1
76,-1,1436,177,153,129,0.9721765518188477,-1,-1,-1
76,-1,1022,186,161,110,0.9672890305519104,-1,-1,-1
76,-1,356,229,349,291,0.94271320104599,-1,-1,-1
77,-1,1236,163,139,118,0.9926067590713501,-1,-1,-1
77,-1,1596,189,314,290,0.982867956161499,-1,-1,-1
77,-1,1436,174,153,133,0.9793023467063904,-1,-1,-1
77,-1,1009,190,160,106,0.9304686188697815,-1,-1,-1
77,-1,350,231,357,293,0.8998664617538452,-1,-1,-1
78,-1,1235,162,139,118,0.9924085140228271,-1,-1,-1
78,-1,1590,189,318,284,0.9909005165100098,-1,-1,-1
78,-1,1435,174,152,132,0.982468843460083,-1,-1,-1
78,-1,328,232,361,297,0.9283196330070496,-1,-1,-1
78,-1,1001,191,156,107,0.8903284668922424,-1,-1,-1
79,-1,1235,162,138,117,0.991831362247467,-1,-1,-1
79,-1,1588,185,312,284,0.9875696301460266,-1,-1,-1
79,-1,1431,173,152,131,0.9295184016227722,-1,-1,-1
79,-1,991,194,146,105,0.8939036130905151,-1,-1,-1
79,-1,326,232,365,302,0.8723623156547546,-1,-1,-1
80,-1,1236,162,136,118,0.9919987320899963,-1,-1,-1
80,-1,1585,184,309,278,0.9898528456687927,-1,-1,-1
80,-1,1431,174,152,131,0.9784513711929321,-1,-1,-1
80,-1,319,234,365,310,0.8647398948669434,-1,-1,-1
80,-1,1106,164,114,97,0.7966849207878113,-1,-1,-1
80,-1,986,196,139,102,0.7542164325714111,-1,-1,-1
81,-1,1236,162,138,117,0.9931220412254333,-1,-1,-1
81,-1,1585,181,303,274,0.9804869294166565,-1,-1,-1
81,-1,299,246,361,304,0.9541676640510559,-1,-1,-1
81,-1,1429,174,152,128,0.937260091304779,-1,-1,-1
81,-1,1104,164,117,97,0.8259157538414001,-1,-1,-1
81,-1,981,198,134,102,0.7986692190170288,-1,-1,-1
82,-1,1237,163,137,116,0.9928216338157654,-1,-1,-1
82,-1,1586,181,298,271,0.9816107749938965,-1,-1,-1
82,-1,281,245,371,310,0.9613603353500366,-1,-1,-1
82,-1,1428,175,153,126,0.8985891938209534,-1,-1,-1
82,-1,1102,165,118,98,0.8444402813911438,-1,-1,-1
82,-1,967,200,147,102,0.7647996544837952,-1,-1,-1
83,-1,1237,163,137,116,0.9928174018859863,-1,-1,-1
83,-1,1585,177,289,267,0.9835011959075928,-1,-1,-1
83,-1,271,244,379,315,0.9499204754829407,-1,-1,-1
83,-1,1426,175,153,125,0.9320809245109558,-1,-1,-1
83,-1,964,200,139,106,0.8867136240005493,-1,-1,-1
83,-1,1104,166,113,97,0.8381090760231018,-1,-1,-1
84,-1,1236,163,137,116,0.9926080703735352,-1,-1,-1
84,-1,1586,177,279,260,0.9773843288421631,-1,-1,-1
84,-1,1424,175,152,127,0.9757274389266968,-1,-1,-1
84,-1,261,247,385,320,0.9416648149490356,-1,-1,-1
84,-1,962,200,136,107,0.87086021900177,-1,-1,-1
84,-1,1104,167,113,97,0.8426982760429382,-1,-1,-1
85,-1,1236,163,137,116,0.99326491355896,-1,-1,-1
85,-1,1580,175,283,252,0.9888976216316223,-1,-1,-1
85,-1,1420,178,155,122,0.9656152725219727,-1,-1,-1
85,-1,251,248,386,326,0.9486866593360901,-1,-1,-1
85,-1,958,198,132,108,0.910269021987915,-1,-1,-1
85,-1,1104,168,114,97,0.8183674216270447,-1,-1,-1
86,-1,1236,162,137,117,0.9930775165557861,-1,-1,-1
86,-1,1573,174,287,253,0.9827824234962463,-1,-1,-1
86,-1,1419,177,154,122,0.9696953892707825,-1,-1,-1
86,-1,234,250,395,329,0.9372195601463318,-1,-1,-1
86,-1,949,201,137,105,0.9187533855438232,-1,-1,-1
86,-1,1101,168,116,96,0.8470978736877441,-1,-1,-1
87,-1,1235,163,138,116,0.9929277300834656,-1,-1,-1
87,-1,1577,172,265,248,0.9760312438011169,-1,-1,-1
87,-1,1416,175,155,125,0.9384390115737915,-1,-1,-1
87,-1,221,251,394,332,0.9198448657989502,-1,-1,-1
87,-1,945,202,137,106,0.9115192890167236,-1,-1,-1
87,-1,1100,169,117,95,0.8447291254997253,-1,-1,-1
88,-1,1236,162,138,117,0.992779552936554,-1,-1,-1
88,-1,1416,175,154,125,0.9852560758590698,-1,-1,-1
88,-1,1573,169,268,247,0.9840131998062134,-1,-1,-1
88,-1,212,246,397,347,0.9224668145179749,-1,-1,-1
88,-1,944,202,131,105,0.8811889886856079,-1,-1,-1
88,-1,1098,170,121,95,0.7921044826507568,-1,-1,-1
89,-1,1236,161,136,119,0.9944109320640564,-1,-1,-1
89,-1,1568,172,269,238,0.9840254187583923,-1,-1,-1
89,-1,1415,175,151,126,0.9650273323059082,-1,-1,-1
89,-1,198,259,400,338,0.937711775302887,-1,-1,-1
89,-1,945,202,129,106,0.8842107057571411,-1,-1,-1
89,-1,1100,169,117,96,0.7837727069854736,-1,-1,-1
90,-1,1236,163,138,117,0.9924415349960327,-1,-1,-1
90,-1,1566,172,265,234,0.9864324927330017,-1,-1,-1
90,-1,1413,177,152,124,0.9596453905105591,-1,-1,-1
90,-1,173,256,419,348,0.906401515007019,-1,-1,-1
90,-1,1099,171,120,96,0.7563269138336182,-1,-1,-1
90,-1,938,204,133,105,0.6837661266326904,-1,-1,-1
91,-1,1235,162,138,116,0.9924179315567017,-1,-1,-1
91,-1,1561,168,263,231,0.9835335612297058,-1,-1,-1
91,-1,1414,178,146,121,0.9484215974807739,-1,-1,-1
91,-1,168,262,414,345,0.9155709147453308,-1,-1,-1
91,-1,1100,171,116,95,0.8140053153038025,-1,-1,-1
92,-1,1235,162,138,116,0.9921475052833557,-1,-1,-1
92,-1,1558,165,262,227,0.9751141667366028,-1,-1,-1
92,-1,1413,177,145,123,0.9546302556991577,-1,-1,-1
92,-1,134,259,429,361,0.8852388262748718,-1,-1,-1
92,-1,1099,171,117,96,0.8063605427742004,-1,-1,-1
93,-1,1236,162,137,116,0.992391049861908,-1,-1,-1
93,-1,1555,163,256,224,0.9836785197257996,-1,-1,-1
93,-1,1411,179,147,118,0.9692111611366272,-1,-1,-1
93,-1,122,268,438,354,0.8831089735031128,-1,-1,-1
93,-1,1099,170,117,97,0.8240348696708679,-1,-1,-1
94,-1,1236,162,137,117,0.9915649890899658,-1,-1,-1
94,-1,1552,161,254,224,0.9831613302230835,-1,-1,-1
94,-1,1408,179,148,118,0.9680782556533813,-1,-1,-1
94,-1,107,263,439,362,0.9196584820747375,-1,-1,-1
94,-1,1098,169,117,99,0.8501995801925659,-1,-1,-1
95,-1,1236,162,137,117,0.9912756681442261,-1,-1,-1
95,-1,1546,160,254,219,0.9750192165374756,-1,-1,-1
95,-1,1407,178,147,119,0.9743538498878479,-1,-1,-1
95,-1,100,277,443,356,0.9526610970497131,-1,-1,-1
95,-1,1097,169,118,99,0.8950733542442322,-1,-1,-1
96,-1,1236,162,137,116,0.9913320541381836,-1,-1,-1
96,-1,1544,159,250,215,0.9836782217025757,-1,-1,-1
96,-1,1405,178,147,119,0.9763489961624146,-1,-1,-1
96,-1,1097,170,118,99,0.8767504692077637,-1,-1,-1
96,-1,76,276,468,362,0.8604761362075806,-1,-1,-1
96,-1,919,204,131,106,0.6172124147415161,-1,-1,-1
97,-1,1236,162,137,116,0.9913634061813354,-1,-1,-1
97,-1,1542,158,245,214,0.9850038290023804,-1,-1,-1
97,-1,1405,179,143,118,0.9787551760673523,-1,-1,-1
97,-1,63,276,468,371,0.8875980973243713,-1,-1,-1
97,-1,1096,170,119,99,0.8685321807861328,-1,-1,-1
97,-1,918,206,131,106,0.8449625372886658,-1,-1,-1
98,-1,1236,162,137,115,0.99115389585495,-1,-1,-1
98,-1,1541,155,241,214,0.9794819951057434,-1,-1,-1
98,-1,1404,178,147,117,0.9728192687034607,-1,-1,-1
98,-1,1096,171,119,100,0.8920393586158752,-1,-1,-1
98,-1,45,281,466,373,0.8908129930496216,-1,-1,-1
98,-1,920,211,128,102,0.89061439037323,-1,-1,-1
99,-1,1236,162,137,116,0.9914554953575134,-1,-1,-1
99,-1,1535,155,239,211,0.9805614352226257,-1,-1,-1
99,-1,1403,178,147,116,0.9731355905532837,-1,-1,-1
99,-1,916,209,129,106,0.9050509929656982,-1,-1,-1
99,-1,32,281,464,386,0.8966450691223145,-1,-1,-1
99,-1,1095,172,119,99,0.856796383857727,-1,-1,-1
100,-1,1237,162,135,118,0.990760326385498,-1,-1,-1
100,-1,1529,155,238,210,0.9771878123283386,-1,-1,-1
100,-1,1401,179,144,116,0.9718436002731323,-1,-1,-1
100,-1,18,273,470,402,0.9427610039710999,-1,-1,-1
100,-1,915,208,132,105,0.8784134984016418,-1,-1,-1
100,-1,1095,172,118,98,0.8637778759002686,-1,-1,-1
101,-1,1236,162,135,118,0.9900678396224976,-1,-1,-1
101,-1,1527,156,237,205,0.9736966490745544,-1,-1,-1
101,-1,1400,178,143,117,0.9640524387359619,-1,-1,-1
101,-1,7,280,470,398,0.9414201378822327,-1,-1,-1
101,-1,914,209,133,104,0.8695620894432068,-1,-1,-1
101,-1,1094,171,118,99,0.8645010590553284,-1,-1,-1
102,-1,1235,162,137,116,0.9906461238861084,-1,-1,-1
102,-1,1526,156,234,199,0.972093939781189,-1,-1,-1
102,-1,1400,176,142,120,0.9705679416656494,-1,-1,-1
102,-1,0,289,470,402,0.8907527327537537,-1,-1,-1
102,-1,913,209,133,105,0.8664911389350891,-1,-1,-1
102,-1,1093,172,118,98,0.8638874292373657,-1,-1,-1
103,-1,1235,162,137,116,0.990429699420929,-1,-1,-1
103,-1,1518,154,232,198,0.9567905068397522,-1,-1,-1
103,-1,1400,177,141,116,0.9530013799667358,-1,-1,-1
103,-1,1092,172,119,99,0.9137890338897705,-1,-1,-1
103,-1,914,211,126,105,0.8887828588485718,-1,-1,-1
103,-1,0,287,459,416,0.8592941164970398,-1,-1,-1
104,-1,1235,162,137,117,0.9911924004554749,-1,-1,-1
104,-1,1515,154,227,195,0.98222416639328,-1,-1,-1
104,-1,1399,177,141,115,0.929031252861023,-1,-1,-1
104,-1,1091,172,119,99,0.9277825355529785,-1,-1,-1
104,-1,911,210,130,106,0.9105671644210815,-1,-1,-1
104,-1,0,290,459,429,0.6631179451942444,-1,-1,-1
105,-1,1235,162,138,117,0.9910550117492676,-1,-1,-1
105,-1,1513,155,226,191,0.9808140993118286,-1,-1,-1
105,-1,1091,172,118,100,0.9474576115608215,-1,-1,-1
105,-1,1398,177,140,115,0.9443073272705078,-1,-1,-1
105,-1,910,211,130,106,0.920059859752655,-1,-1,-1
105,-1,0,296,450,429,0.6021450757980347,-1,-1,-1
106,-1,1235,162,138,116,0.9899557828903198,-1,-1,-1
106,-1,1512,152,224,191,0.9690556526184082,-1,-1,-1
106,-1,1091,173,118,99,0.9479456543922424,-1,-1,-1
106,-1,910,211,131,107,0.9040778279304504,-1,-1,-1
106,-1,1397,178,142,115,0.9039246439933777,-1,-1,-1
107,-1,1236,160,135,119,0.9899279475212097,-1,-1,-1
107,-1,1510,155,222,187,0.9665855169296265,-1,-1,-1
107,-1,1395,176,142,116,0.942978024482727,-1,-1,-1
107,-1,1090,174,118,99,0.9377368092536926,-1,-1,-1
107,-1,907,211,134,107,0.9180532693862915,-1,-1,-1
107,-1,0,308,429,436,0.6451119780540466,-1,-1,-1
108,-1,1236,160,134,119,0.9906322956085205,-1,-1,-1
108,-1,1506,154,220,184,0.9480485916137695,-1,-1,-1
108,-1,908,211,133,108,0.9259843230247498,-1,-1,-1
108,-1,1088,174,119,99,0.9228217005729675,-1,-1,-1
108,-1,1396,177,143,115,0.8733692169189453,-1,-1,-1
109,-1,1236,162,136,115,0.9917150139808655,-1,-1,-1
109,-1,1503,155,216,183,0.9637117981910706,-1,-1,-1
109,-1,904,211,135,109,0.9439001679420471,-1,-1,-1
109,-1,1089,176,118,97,0.9015501737594604,-1,-1,-1
109,-1,1394,177,139,115,0.8911939263343811,-1,-1,-1
110,-1,1234,162,138,116,0.9919971823692322,-1,-1,-1
110,-1,1498,154,217,181,0.9601659774780273,-1,-1,-1
110,-1,902,211,137,107,0.9490938782691956,-1,-1,-1
110,-1,1087,175,119,98,0.9284671545028687,-1,-1,-1
110,-1,1392,177,139,115,0.8149726986885071,-1,-1,-1
111,-1,1237,160,133,117,0.9913512468338013,-1,-1,-1
111,-1,1496,154,214,181,0.9715198874473572,-1,-1,-1
111,-1,1086,174,120,99,0.9634619355201721,-1,-1,-1
111,-1,901,211,138,110,0.9579257965087891,-1,-1,-1
111,-1,1392,175,138,116,0.8874692916870117,-1,-1,-1
112,-1,1236,160,134,120,0.992122232913971,-1,-1,-1
112,-1,899,211,139,110,0.9601500034332275,-1,-1,-1
112,-1,1086,176,120,97,0.958142876625061,-1,-1,-1
112,-1,1497,153,207,179,0.9558987617492676,-1,-1,-1
112,-1,1391,175,137,116,0.8113672733306885,-1,-1,-1
113,-1,1237,160,134,117,0.9919736385345459,-1,-1,-1
113,-1,1493,156,211,175,0.9640676379203796,-1,-1,-1
113,-1,897,213,140,107,0.9607266783714294,-1,-1,-1
113,-1,1085,178,122,98,0.9517755508422852,-1,-1,-1
113,-1,1391,173,137,118,0.7631596326828003,-1,-1,-1
114,-1,1233,162,137,116,0.9930930137634277,-1,-1,-1
114,-1,1491,157,208,172,0.9762740135192871,-1,-1,-1
114,-1,897,214,139,108,0.9639343619346619,-1,-1,-1
114,-1,1086,180,121,97,0.9279499053955078,-1,-1,-1
114,-1,1390,174,137,117,0.7752008438110352,-1,-1,-1
115,-1,1236,161,134,115,0.9908317923545837,-1,-1,-1
115,-1,1485,157,207,172,0.9782229661941528,-1,-1,-1
115,-1,897,213,140,110,0.9469873309135437,-1,-1,-1
115,-1,1085,180,121,96,0.9367712140083313,-1,-1,-1
115,-1,1390,173,135,118,0.7469345331192017,-1,-1,-1
116,-1,1236,161,134,116,0.9897757768630981,-1,-1,-1
116,-1,1482,157,207,170,0.9657238721847534,-1,-1,-1
116,-1,1083,179,124,96,0.9470740556716919,-1,-1,-1
116,-1,899,213,138,112,0.9434351921081543,-1,-1,-1
117,-1,1237,161,133,116,0.991370439529419,-1,-1,-1
117,-1,897,213,137,108,0.9436165690422058,-1,-1,-1
117,-1,1480,157,204,168,0.938908576965332,-1,-1,-1
117,-1,1081,178,124,98,0.9297276139259338,-1,-1,-1
118,-1,1236,159,135,115,0.9906442165374756,-1,-1,-1
118,-1,895,212,140,110,0.9602304697036743,-1,-1,-1
118,-1,1478,157,201,165,0.9425711631774902,-1,-1,-1
118,-1,1083,181,121,96,0.925016462802887,-1,-1,-1
119,-1,1237,158,134,118,0.9915353059768677,-1,-1,-1
119,-1,897,211,139,109,0.9630368947982788,-1,-1,-1
119,-1,1477,158,199,165,0.9313806891441345,-1,-1,-1
119,-1,1083,181,120,97,0.9266704320907593,-1,-1,-1
119,-1,432,240,311,257,0.6624321937561035,-1,-1,-1
120,-1,1238,159,132,115,0.9910079836845398,-1,-1,-1
120,-1,895,211,142,112,0.9704229831695557,-1,-1,-1
120,-1,1476,158,195,165,0.961494505405426,-1,-1,-1
120,-1,1081,181,121,96,0.9188061356544495,-1,-1,-1
121,-1,1237,159,134,115,0.9893190264701843,-1,-1,-1
121,-1,1473,159,195,162,0.9617602825164795,-1,-1,-1
121,-1,897,211,141,115,0.9486515522003174,-1,-1,-1
121,-1,1079,180,119,98,0.9226782917976379,-1,-1,-1
122,-1,1238,159,133,115,0.9891605973243713,-1,-1,-1
122,-1,897,211,140,115,0.957148015499115,-1,-1,-1
122,-1,1469,160,193,161,0.9461609125137329,-1,-1,-1
122,-1,1078,181,122,97,0.848236083984375,-1,-1,-1
123,-1,1237,159,133,116,0.9881442785263062,-1,-1,-1
123,-1,897,211,141,117,0.9538799524307251,-1,-1,-1
123,-1,1472,156,182,163,0.9207837581634521,-1,-1,-1
123,-1,1075,181,123,99,0.8802392482757568,-1,-1,-1
124,-1,1235,159,134,115,0.9867947697639465,-1,-1,-1
124,-1,1464,159,190,161,0.9387997984886169,-1,-1,-1
124,-1,895,211,141,117,0.9319764375686646,-1,-1,-1
124,-1,1074,180,126,100,0.8994190692901611,-1,-1,-1
124,-1,377,246,342,270,0.7719603776931763,-1,-1,-1
125,-1,1234,157,132,117,0.9889954328536987,-1,-1,-1
125,-1,1465,157,184,158,0.9489577412605286,-1,-1,-1
125,-1,895,210,143,118,0.9386646747589111,-1,-1,-1
125,-1,357,243,356,272,0.8949596285820007,-1,-1,-1
125,-1,1073,178,127,101,0.8826914429664612,-1,-1,-1
126,-1,1235,159,133,113,0.9889182448387146,-1,-1,-1
126,-1,893,211,142,115,0.94315505027771,-1,-1,-1
126,-1,1072,178,128,101,0.8758205771446228,-1,-1,-1
126,-1,1458,156,185,161,0.8659886121749878,-1,-1,-1
126,-1,351,247,353,278,0.8629385232925415,-1,-1,-1
127,-1,1234,159,133,113,0.988249659538269,-1,-1,-1
127,-1,893,211,143,115,0.955948531627655,-1,-1,-1
127,-1,1464,153,177,161,0.9133340716362,-1,-1,-1
127,-1,340,248,354,281,0.9077396392822266,-1,-1,-1
127,-1,1071,179,130,99,0.8590613603591919,-1,-1,-1
128,-1,1234,159,133,113,0.9874702095985413,-1,-1,-1
128,-1,893,211,145,117,0.958071231842041,-1,-1,-1
128,-1,331,251,355,283,0.9544881582260132,-1,-1,-1
128,-1,1463,149,172,165,0.918445885181427,-1,-1,-1
128,-1,1071,179,131,100,0.8939187526702881,-1,-1,-1
129,-1,1237,159,130,114,0.9869108200073242,-1,-1,-1
129,-1,1456,159,180,158,0.9743980169296265,-1,-1,-1
129,-1,328,257,354,284,0.9665261507034302,-1,-1,-1
129,-1,888,212,148,117,0.9567521810531616,-1,-1,-1
129,-1,1070,181,126,99,0.9129867553710938,-1,-1,-1
130,-1,1234,159,132,113,0.9870648384094238,-1,-1,-1
130,-1,1457,156,174,155,0.9727842211723328,-1,-1,-1
130,-1,886,212,149,117,0.9230146408081055,-1,-1,-1
130,-1,1072,181,128,101,0.9123409390449524,-1,-1,-1
130,-1,313,256,368,289,0.8997609615325928,-1,-1,-1
130,-1,1141,592,620,479,0.7773805856704712,-1,-1,-1
131,-1,1235,158,132,113,0.9870216250419617,-1,-1,-1
131,-1,1464,145,160,161,0.9588634371757507,-1,-1,-1
131,-1,1070,179,128,104,0.9387074708938599,-1,-1,-1
131,-1,884,211,151,117,0.9196489453315735,-1,-1,-1
131,-1,305,261,364,285,0.8985836505889893,-1,-1,-1
131,-1,1163,561,591,473,0.7828608751296997,-1,-1,-1
132,-1,1232,160,133,111,0.9895138740539551,-1,-1,-1
132,-1,1462,145,158,160,0.9650859236717224,-1,-1,-1
132,-1,1070,178,123,103,0.929889976978302,-1,-1,-1
132,-1,880,212,153,118,0.9050260782241821,-1,-1,-1
132,-1,1210,539,545,448,0.8714114427566528,-1,-1,-1
132,-1,291,265,363,294,0.8238299489021301,-1,-1,-1
133,-1,1236,158,129,112,0.986296534538269,-1,-1,-1
133,-1,1454,153,165,151,0.9800318479537964,-1,-1,-1
133,-1,1068,178,130,105,0.93344646692276,-1,-1,-1
133,-1,884,210,149,121,0.9040669202804565,-1,-1,-1
133,-1,283,264,366,295,0.8741469383239746,-1,-1,-1
133,-1,1227,515,537,445,0.8053926825523376,-1,-1,-1
134,-1,1236,158,129,111,0.9868496656417847,-1,-1,-1
134,-1,1456,157,162,146,0.970770537853241,-1,-1,-1
134,-1,882,210,148,120,0.947381317615509,-1,-1,-1
134,-1,1069,178,124,104,0.9431840181350708,-1,-1,-1
134,-1,267,266,378,302,0.9103385806083679,-1,-1,-1
134,-1,1244,493,508,430,0.881862461566925,-1,-1,-1
135,-1,1232,160,133,111,0.9865643978118896,-1,-1,-1
135,-1,1451,157,167,148,0.9487155079841614,-1,-1,-1
135,-1,1067,179,126,104,0.9384933114051819,-1,-1,-1
135,-1,879,211,152,119,0.9343334436416626,-1,-1,-1
135,-1,261,269,377,301,0.8629670739173889,-1,-1,-1
135,-1,1257,469,496,423,0.7997627854347229,-1,-1,-1
136,-1,1235,159,129,112,0.9866906404495239,-1,-1,-1
136,-1,876,212,154,119,0.9515998959541321,-1,-1,-1
136,-1,1068,180,125,104,0.93136066198349,-1,-1,-1
136,-1,1452,158,163,147,0.8690966963768005,-1,-1,-1
136,-1,1277,452,490,417,0.8403623700141907,-1,-1,-1
136,-1,253,269,382,311,0.7696142792701721,-1,-1,-1
137,-1,1235,159,128,111,0.985913097858429,-1,-1,-1
137,-1,876,213,151,119,0.9757674336433411,-1,-1,-1
137,-1,1064,182,135,103,0.9211224913597107,-1,-1,-1
137,-1,1452,158,162,147,0.8334516286849976,-1,-1,-1
137,-1,1269,438,485,394,0.8199677467346191,-1,-1,-1
137,-1,240,276,381,308,0.792320728302002,-1,-1,-1
138,-1,1235,159,129,110,0.9844716191291809,-1,-1,-1
138,-1,879,214,146,118,0.9836463928222656,-1,-1,-1
138,-1,1064,183,132,103,0.9577076435089111,-1,-1,-1
138,-1,223,276,385,311,0.8634882569313049,-1,-1,-1
138,-1,1455,149,157,152,0.8582490086555481,-1,-1,-1
138,-1,1274,419,472,389,0.7915967702865601,-1,-1,-1
139,-1,1233,159,130,109,0.9804116487503052,-1,-1,-1
139,-1,874,212,152,119,0.9710653424263,-1,-1,-1
139,-1,1063,183,133,103,0.9684712290763855,-1,-1,-1
139,-1,208,278,397,316,0.9034298062324524,-1,-1,-1
139,-1,1449,159,161,144,0.897280752658844,-1,-1,-1
139,-1,1260,401,471,375,0.8274315595626831,-1,-1,-1
140,-1,1234,157,129,110,0.9757344722747803,-1,-1,-1
140,-1,1062,184,133,104,0.9666429758071899,-1,-1,-1
140,-1,874,214,151,118,0.960706889629364,-1,-1,-1
140,-1,192,285,411,316,0.9136499762535095,-1,-1,-1
140,-1,1258,383,461,370,0.9020479917526245,-1,-1,-1
140,-1,1448,147,159,149,0.8687188625335693,-1,-1,-1
140,-1,1612,170,307,279,0.748695433139801,-1,-1,-1
141,-1,870,213,154,120,0.9783823490142822,-1,-1,-1
141,-1,1234,158,129,108,0.9770680665969849,-1,-1,-1
141,-1,1063,184,134,104,0.9725826382637024,-1,-1,-1
141,-1,1445,160,162,139,0.9225605726242065,-1,-1,-1
141,-1,1262,373,447,359,0.9162391424179077,-1,-1,-1
141,-1,187,280,399,319,0.8697337508201599,-1,-1,-1
142,-1,1234,158,129,109,0.9777047634124756,-1,-1,-1
142,-1,867,213,154,120,0.9768789410591125,-1,-1,-1
142,-1,1061,184,136,105,0.9720949530601501,-1,-1,-1
142,-1,1444,162,160,143,0.9205055236816406,-1,-1,-1
142,-1,183,282,410,329,0.875297486782074,-1,-1,-1
142,-1,1253,358,452,352,0.8618116974830627,-1,-1,-1
143,-1,1060,186,136,104,0.9824366569519043,-1,-1,-1
143,-1,1235,160,127,105,0.9730532169342041,-1,-1,-1
143,-1,863,214,156,119,0.9612901210784912,-1,-1,-1
143,-1,1442,163,158,142,0.9579149484634399,-1,-1,-1
143,-1,1261,342,418,343,0.9252930879592896,-1,-1,-1
143,-1,178,285,402,333,0.9195860028266907,-1,-1,-1
143,-1,1600,165,319,277,0.6144096255302429,-1,-1,-1
144,-1,1059,188,137,103,0.980090320110321,-1,-1,-1
144,-1,863,215,157,120,0.9784669876098633,-1,-1,-1
144,-1,1234,160,128,105,0.9675258994102478,-1,-1,-1
144,-1,1442,163,158,143,0.9672396183013916,-1,-1,-1
144,-1,1262,336,407,338,0.9446088075637817,-1,-1,-1
144,-1,153,292,417,332,0.8919365406036377,-1,-1,-1
145,-1,1057,187,138,105,0.9800833463668823,-1,-1,-1
145,-1,1441,165,156,139,0.9800773859024048,-1,-1,-1
145,-1,1235,159,126,105,0.9683374762535095,-1,-1,-1
145,-1,1259,325,408,324,0.9618380665779114,-1,-1,-1
145,-1,858,215,156,120,0.9431626200675964,-1,-1,-1
145,-1,134,292,433,340,0.9403867125511169,-1,-1,-1
146,-1,1057,187,138,105,0.9828127026557922,-1,-1,-1
146,-1,1235,158,125,106,0.9741592407226562,-1,-1,-1
146,-1,1438,165,153,133,0.9673146605491638,-1,-1,-1
146,-1,1260,315,416,321,0.9518303275108337,-1,-1,-1
146,-1,852,214,158,122,0.9444166421890259,-1,-1,-1
146,-1,117,294,440,344,0.9250074028968811,-1,-1,-1
147,-1,1056,188,139,104,0.981463611125946,-1,-1,-1
147,-1,1235,158,126,106,0.9679387211799622,-1,-1,-1
147,-1,1435,162,154,136,0.9677543640136719,-1,-1,-1
147,-1,1262,306,391,310,0.9553827047348022,-1,-1,-1
147,-1,846,213,162,123,0.9098716378211975,-1,-1,-1
147,-1,102,291,441,352,0.8971697688102722,-1,-1,-1
148,-1,1432,163,153,133,0.9854823350906372,-1,-1,-1
148,-1,1056,188,139,104,0.9825130701065063,-1,-1,-1
148,-1,1260,301,386,300,0.9686800241470337,-1,-1,-1
148,-1,1234,158,126,104,0.9631940126419067,-1,-1,-1
148,-1,88,295,452,350,0.9372593760490417,-1,-1,-1
148,-1,838,214,169,120,0.7743818163871765,-1,-1,-1
149,-1,1431,165,152,131,0.9817958474159241,-1,-1,-1
149,-1,1054,187,141,106,0.981631338596344,-1,-1,-1
149,-1,1234,158,126,104,0.960212767124176,-1,-1,-1
149,-1,1245,292,388,297,0.9427400231361389,-1,-1,-1
149,-1,83,299,444,364,0.8157482147216797,-1,-1,-1
150,-1,1054,187,137,108,0.9828333854675293,-1,-1,-1
150,-1,1430,166,149,129,0.9747347235679626,-1,-1,-1
150,-1,1245,286,372,291,0.9701142311096191,-1,-1,-1
150,-1,1233,158,127,105,0.963667631149292,-1,-1,-1
150,-1,67,298,450,366,0.9258496761322021,-1,-1,-1
150,-1,829,217,167,122,0.8229565620422363,-1,-1,-1
150,-1,1567,160,285,244,0.6536353230476379,-1,-1,-1
151,-1,1058,187,136,110,0.9751383066177368,-1,-1,-1
151,-1,1235,159,125,105,0.965772271156311,-1,-1,-1
151,-1,824,218,172,126,0.9504043459892273,-1,-1,-1
151,-1,1431,166,150,130,0.9499279856681824,-1,-1,-1
151,-1,1249,285,376,286,0.9406774640083313,-1,-1,-1
151,-1,49,312,469,364,0.86727374792099,-1,-1,-1
152,-1,1052,188,137,108,0.9786974787712097,-1,-1,-1
152,-1,810,218,177,125,0.9741971492767334,-1,-1,-1
152,-1,1426,165,156,130,0.9533237218856812,-1,-1,-1
152,-1,1238,279,353,280,0.9529471397399902,-1,-1,-1
152,-1,1234,158,125,105,0.948637068271637,-1,-1,-1
152,-1,34,311,475,373,0.87516850233078,-1,-1,-1
153,-1,804,218,182,124,0.9874200224876404,-1,-1,-1
153,-1,1050,188,140,109,0.9790453910827637,-1,-1,-1
153,-1,1418,164,163,132,0.9619234204292297,-1,-1,-1
153,-1,1232,158,128,103,0.9489387273788452,-1,-1,-1
153,-1,1245,274,351,277,0.9450504779815674,-1,-1,-1
153,-1,23,317,475,373,0.9030339121818542,-1,-1,-1
154,-1,795,216,190,125,0.9816909432411194,-1,-1,-1
154,-1,1048,188,141,110,0.9804609417915344,-1,-1,-1
154,-1,1246,269,347,268,0.9557769894599915,-1,-1,-1
154,-1,1232,157,128,104,0.9492258429527283,-1,-1,-1
154,-1,11,317,479,381,0.8948178887367249,-1,-1,-1
154,-1,1412,165,165,132,0.8481289744377136,-1,-1,-1
154,-1,1542,151,262,230,0.7535832524299622,-1,-1,-1
155,-1,1047,189,141,110,0.9798781871795654,-1,-1,-1
155,-1,779,218,191,124,0.9795134663581848,-1,-1,-1
155,-1,1232,156,127,104,0.9528908729553223,-1,-1,-1
155,-1,1241,266,338,264,0.94107985496521,-1,-1,-1
155,-1,0,317,483,388,0.8995342254638672,-1,-1,-1
155,-1,1533,146,268,225,0.7998122572898865,-1,-1,-1
156,-1,1044,190,143,111,0.9824081063270569,-1,-1,-1
156,-1,1233,265,336,258,0.9733191132545471,-1,-1,-1
156,-1,772,220,191,122,0.9626737236976624,-1,-1,-1
156,-1,1232,156,126,103,0.9381728768348694,-1,-1,-1
156,-1,1537,145,248,223,0.8246253728866577,-1,-1,-1
156,-1,1410,166,160,133,0.8076533675193787,-1,-1,-1
156,-1,0,331,480,383,0.7787467241287231,-1,-1,-1
157,-1,1044,190,145,111,0.9785966873168945,-1,-1,-1
157,-1,1233,261,332,254,0.9767512083053589,-1,-1,-1
157,-1,1232,157,127,104,0.9477697610855103,-1,-1,-1
157,-1,764,219,206,122,0.9366276860237122,-1,-1,-1
157,-1,1520,146,260,219,0.8552569150924683,-1,-1,-1
157,-1,0,335,468,392,0.6403281688690186,-1,-1,-1
158,-1,1044,191,143,111,0.9788844585418701,-1,-1,-1
158,-1,1229,259,320,247,0.9659636616706848,-1,-1,-1
158,-1,1235,156,122,106,0.9367206692695618,-1,-1,-1
158,-1,1513,143,265,215,0.8564525246620178,-1,-1,-1
158,-1,731,222,224,121,0.6856269836425781,-1,-1,-1
158,-1,1412,166,159,128,0.6076165437698364,-1,-1,-1
159,-1,1043,191,143,112,0.9797979593276978,-1,-1,-1
159,-1,1234,257,316,244,0.9762699007987976,-1,-1,-1
159,-1,1516,143,245,220,0.9494962096214294,-1,-1,-1
159,-1,1234,155,123,106,0.9154978394508362,-1,-1,-1
159,-1,714,223,229,127,0.8891666531562805,-1,-1,-1
159,-1,1411,164,153,128,0.8170648813247681,-1,-1,-1
160,-1,1043,191,144,112,0.9810881614685059,-1,-1,-1
160,-1,1230,253,310,244,0.9500370025634766,-1,-1,-1
160,-1,1232,155,127,103,0.9227529764175415,-1,-1,-1
160,-1,1512,143,245,218,0.9021028280258179,-1,-1,-1
160,-1,706,221,236,129,0.814989447593689,-1,-1,-1
160,-1,1406,162,157,127,0.6073873043060303,-1,-1,-1
161,-1,1042,192,146,110,0.9857274889945984,-1,-1,-1
161,-1,1225,251,305,240,0.9673223495483398,-1,-1,-1
161,-1,1235,154,120,103,0.9150480628013611,-1,-1,-1
161,-1,1508,142,244,212,0.9094072580337524,-1,-1,-1
161,-1,706,222,224,122,0.7021058797836304,-1,-1,-1
162,-1,1042,192,147,110,0.9850747585296631,-1,-1,-1
162,-1,1237,153,117,103,0.9431120157241821,-1,-1,-1
162,-1,1504,142,237,209,0.9294763803482056,-1,-1,-1
162,-1,1226,248,297,236,0.9274148344993591,-1,-1,-1
162,-1,706,223,226,120,0.6831064820289612,-1,-1,-1
163,-1,1042,191,146,112,0.9819414615631104,-1,-1,-1
163,-1,1229,245,296,227,0.9402589797973633,-1,-1,-1
163,-1,1237,153,117,104,0.9323731660842896,-1,-1,-1
163,-1,1501,142,234,206,0.8864375948905945,-1,-1,-1
163,-1,701,226,214,117,0.7784180641174316,-1,-1,-1
164,-1,1039,193,151,112,0.9879820942878723,-1,-1,-1
164,-1,1235,242,278,227,0.9386147260665894,-1,-1,-1
164,-1,1235,153,120,103,0.9028225541114807,-1,-1,-1
164,-1,1499,143,229,204,0.8714121580123901,-1,-1,-1
164,-1,690,228,210,120,0.6477377414703369,-1,-1,-1
165,-1,1036,194,155,111,0.9865520000457764,-1,-1,-1
165,-1,1236,239,275,227,0.9598246216773987,-1,-1,-1
165,-1,1494,144,229,199,0.9156040549278259,-1,-1,-1
165,-1,1236,154,119,103,0.9144710898399353,-1,-1,-1
165,-1,686,226,215,121,0.7878872752189636,-1,-1,-1
166,-1,1038,193,152,112,0.9836951494216919,-1,-1,-1
166,-1,1236,234,275,225,0.9554033875465393,-1,-1,-1
166,-1,1236,153,120,103,0.9003233313560486,-1,-1,-1
166,-1,1494,144,224,188,0.6769278645515442,-1,-1,-1
167,-1,1037,194,152,111,0.9820592999458313,-1,-1,-1
167,-1,1238,232,265,221,0.9694576859474182,-1,-1,-1
167,-1,1236,153,119,103,0.9029876589775085,-1,-1,-1
167,-1,1489,135,225,202,0.8297181129455566,-1,-1,-1
168,-1,1034,193,151,112,0.9838274717330933,-1,-1,-1
168,-1,1241,231,258,215,0.9720741510391235,-1,-1,-1
168,-1,1236,153,119,103,0.900000810623169,-1,-1,-1
168,-1,1485,140,220,195,0.8911218643188477,-1,-1,-1
169,-1,1036,193,152,112,0.9823847413063049,-1,-1,-1
169,-1,1247,231,250,209,0.960155725479126,-1,-1,-1
169,-1,1479,143,216,188,0.9178096652030945,-1,-1,-1
169,-1,1237,152,118,103,0.8838911652565002,-1,-1,-1
170,-1,1034,193,152,113,0.9834856986999512,-1,-1,-1
170,-1,1240,227,260,209,0.9490551948547363,-1,-1,-1
170,-1,1477,144,217,188,0.946160078048706,-1,-1,-1
170,-1,1237,151,119,103,0.8581584692001343,-1,-1,-1
171,-1,1033,192,154,113,0.985260009765625,-1,-1,-1
171,-1,1242,225,249,204,0.9415631294250488,-1,-1,-1
171,-1,1475,144,212,183,0.8929975032806396,-1,-1,-1
171,-1,1238,151,118,102,0.8074327111244202,-1,-1,-1
172,-1,1029,194,160,113,0.979182779788971,-1,-1,-1
172,-1,1242,223,249,203,0.8928769826889038,-1,-1,-1
172,-1,1475,146,207,179,0.8705520033836365,-1,-1,-1
172,-1,1238,152,118,103,0.7729476690292358,-1,-1,-1
173,-1,1028,194,162,114,0.9785016775131226,-1,-1,-1
173,-1,1241,222,246,199,0.9274017214775085,-1,-1,-1
173,-1,1467,144,210,180,0.8186753988265991,-1,-1,-1
173,-1,1237,152,119,101,0.7279411554336548,-1,-1,-1
174,-1,1026,193,161,116,0.9781088829040527,-1,-1,-1
174,-1,1244,219,241,196,0.9447892308235168,-1,-1,-1
174,-1,1468,144,208,182,0.8563752174377441,-1,-1,-1
174,-1,1238,150,117,103,0.7129467725753784,-1,-1,-1
175,-1,1025,192,158,117,0.9817551374435425,-1,-1,-1
175,-1,1250,213,233,195,0.9312607645988464,-1,-1,-1
175,-1,1463,146,205,179,0.8595277070999146,-1,-1,-1
176,-1,1024,189,160,120,0.9794396758079529,-1,-1,-1
176,-1,1250,209,238,192,0.8680859804153442,-1,-1,-1
176,-1,1463,146,199,175,0.7772424221038818,-1,-1,-1
177,-1,1023,191,166,117,0.9788488149642944,-1,-1,-1
177,-1,1248,210,233,189,0.8427437543869019,-1,-1,-1
177,-1,1455,146,203,173,0.7784920930862427,-1,-1,-1
178,-1,1024,190,158,121,0.9769890904426575,-1,-1,-1
178,-1,1457,149,199,169,0.8833948373794556,-1,-1,-1
178,-1,1256,208,215,182,0.7850016951560974,-1,-1,-1
179,-1,1023,189,160,123,0.9803404808044434,-1,-1,-1
179,-1,1456,150,198,165,0.9258130788803101,-1,-1,-1
179,-1,1256,205,220,184,0.767112135887146,-1,-1,-1
180,-1,1022,191,159,122,0.9733690023422241,-1,-1,-1
180,-1,1451,150,195,165,0.8930800557136536,-1,-1,-1
181,-1,1023,189,159,123,0.9674133062362671,-1,-1,-1
181,-1,1262,206,217,174,0.9206205606460571,-1,-1,-1
181,-1,1449,148,191,165,0.6557881236076355,-1,-1,-1
182,-1,1023,189,165,121,0.9644615650177002,-1,-1,-1
182,-1,1270,202,206,174,0.9288882613182068,-1,-1,-1
182,-1,1449,150,193,161,0.716282308101654,-1,-1,-1
183,-1,1023,188,165,122,0.9651808738708496,-1,-1,-1
183,-1,1266,203,211,169,0.9362233281135559,-1,-1,-1
184,-1,1020,188,167,123,0.9593918919563293,-1,-1,-1
184,-1,1273,202,212,165,0.9555881023406982,-1,-1,-1
185,-1,1022,185,161,132,0.9897065162658691,-1,-1,-1
185,-1,1269,201,211,165,0.9353227615356445,-1,-1,-1
186,-1,1019,187,161,128,0.9842670559883118,-1,-1,-1
186,-1,1272,200,208,164,0.9263712763786316,-1,-1,-1
187,-1,1019,185,165,134,0.9854397177696228,-1,-1,-1
187,-1,1276,198,207,161,0.9166514873504639,-1,-1,-1
188,-1,1020,186,162,137,0.968834400177002,-1,-1,-1
188,-1,1286,194,211,163,0.8601387143135071,-1,-1,-1
189,-1,1016,184,167,139,0.9472479224205017,-1,-1,-1
189,-1,1289,195,208,160,0.8885909914970398,-1,-1,-1
189,-1,1238,146,109,100,0.6683264970779419,-1,-1,-1
190,-1,1294,195,200,163,0.9556369781494141,-1,-1,-1
190,-1,1017,185,165,139,0.9408386945724487,-1,-1,-1
191,-1,1294,193,202,161,0.9477567076683044,-1,-1,-1
191,-1,1013,186,168,138,0.843938410282135,-1,-1,-1
191,-1,1239,144,108,101,0.6637150049209595,-1,-1,-1
192,-1,1300,195,196,155,0.8944975733757019,-1,-1,-1
192,-1,1012,185,170,140,0.7773335576057434,-1,-1,-1
192,-1,1240,144,108,101,0.6048048138618469,-1,-1,-1
192,-1,824,349,989,730,0.6010027527809143,-1,-1,-1
193,-1,1306,191,189,153,0.8378420472145081,-1,-1,-1
194,-1,1002,187,173,142,0.9278966784477234,-1,-1,-1
195,-1,1006,189,173,143,0.9443839192390442,-1,-1,-1
195,-1,1046,321,782,758,0.6485534310340881,-1,-1,-1
195,-1,1312,185,187,157,0.6256932616233826,-1,-1,-1
195,-1,1239,143,109,102,0.6180446743965149,-1,-1,-1
196,-1,1004,190,171,140,0.9527210593223572,-1,-1,-1
196,-1,1083,301,736,777,0.8702327013015747,-1,-1,-1
196,-1,1320,187,179,152,0.8322911858558655,-1,-1,-1
196,-1,1239,143,109,102,0.6687775254249573,-1,-1,-1
197,-1,1002,191,175,143,0.9736985564231873,-1,-1,-1
197,-1,1117,301,708,735,0.9489424824714661,-1,-1,-1
197,-1,1322,187,182,125,0.8638092279434204,-1,-1,-1
197,-1,1241,141,106,100,0.6338589191436768,-1,-1,-1
198,-1,1000,190,175,143,0.9774670004844666,-1,-1,-1
198,-1,1158,284,657,722,0.9480182528495789,-1,-1,-1
198,-1,1241,141,106,98,0.7326623201370239,-1,-1,-1
199,-1,996,191,178,143,0.9641650319099426,-1,-1,-1
199,-1,1176,263,625,708,0.9114333987236023,-1,-1,-1
199,-1,1243,142,105,95,0.7583513259887695,-1,-1,-1
200,-1,994,192,176,143,0.9731684327125549,-1,-1,-1
200,-1,1190,252,596,676,0.9134001135826111,-1,-1,-1
200,-1,1241,141,106,98,0.6685684323310852,-1,-1,-1
201,-1,993,193,180,144,0.9622157216072083,-1,-1,-1
201,-1,1196,209,581,686,0.9063327312469482,-1,-1,-1
202,-1,1207,207,558,660,0.9620591998100281,-1,-1,-1
202,-1,990,195,188,143,0.8572354912757874,-1,-1,-1
203,-1,1215,193,565,638,0.889985203742981,-1,-1,-1
203,-1,985,191,185,147,0.8452542424201965,-1,-1,-1
204,-1,1226,183,532,625,0.9505218267440796,-1,-1,-1
204,-1,984,190,187,148,0.6548474431037903,-1,-1,-1
205,-1,1232,186,523,592,0.9278432726860046,-1,-1,-1
205,-1,986,188,191,147,0.7855314016342163,-1,-1,-1
206,-1,1234,179,507,569,0.9026267528533936,-1,-1,-1
206,-1,981,189,190,152,0.6725044846534729,-1,-1,-1
207,-1,1244,167,494,564,0.949974775314331,-1,-1,-1
208,-1,1243,152,485,555,0.9486120939254761,-1,-1,-1
208,-1,977,185,197,162,0.6773030757904053,-1,-1,-1
209,-1,1239,152,472,538,0.9529118537902832,-1,-1,-1
209,-1,973,185,198,162,0.8058717250823975,-1,-1,-1
210,-1,1243,138,471,525,0.9609396457672119,-1,-1,-1
210,-1,973,187,197,161,0.8435178399085999,-1,-1,-1
211,-1,1245,137,456,511,0.9676064252853394,-1,-1,-1
211,-1,973,184,198,165,0.8809478282928467,-1,-1,-1
212,-1,1247,127,449,505,0.9782334566116333,-1,-1,-1
212,-1,973,185,196,167,0.9198458790779114,-1,-1,-1
213,-1,1246,121,448,493,0.9808698892593384,-1,-1,-1
213,-1,967,185,197,168,0.9406895041465759,-1,-1,-1
214,-1,1245,123,437,479,0.9809396266937256,-1,-1,-1
214,-1,970,189,199,165,0.9050525426864624,-1,-1,-1
215,-1,1249,132,418,458,0.9808844327926636,-1,-1,-1
215,-1,971,191,197,164,0.9494695663452148,-1,-1,-1
216,-1,1253,118,415,458,0.9805797934532166,-1,-1,-1
216,-1,966,191,202,165,0.9388446807861328,-1,-1,-1
217,-1,1257,114,398,452,0.9805651307106018,-1,-1,-1
217,-1,962,190,205,167,0.9527524709701538,-1,-1,-1
218,-1,1260,109,384,445,0.9836791157722473,-1,-1,-1
218,-1,956,190,210,169,0.9734231233596802,-1,-1,-1
219,-1,1254,110,379,438,0.9843877553939819,-1,-1,-1
219,-1,953,189,214,172,0.9631348848342896,-1,-1,-1
220,-1,1258,112,372,428,0.9865065813064575,-1,-1,-1
220,-1,949,191,217,173,0.9436589479446411,-1,-1,-1
221,-1,1257,110,369,420,0.9766693115234375,-1,-1,-1
221,-1,948,190,219,175,0.9571709632873535,-1,-1,-1
222,-1,1257,113,362,411,0.9879471659660339,-1,-1,-1
222,-1,945,189,230,173,0.936644434928894,-1,-1,-1
223,-1,1252,114,359,402,0.9895268678665161,-1,-1,-1
223,-1,939,191,221,180,0.8694332242012024,-1,-1,-1
224,-1,1264,108,347,399,0.9890804886817932,-1,-1,-1
224,-1,929,189,230,184,0.7798047661781311,-1,-1,-1
225,-1,1253,116,348,386,0.9901207685470581,-1,-1,-1
225,-1,927,187,225,188,0.668846607208252,-1,-1,-1
226,-1,1255,115,338,378,0.9898104667663574,-1,-1,-1
226,-1,925,188,224,191,0.7280667424201965,-1,-1,-1
227,-1,1265,115,328,375,0.9881229996681213,-1,-1,-1
228,-1,1265,109,322,373,0.9909960627555847,-1,-1,-1
229,-1,1265,114,316,363,0.9881840944290161,-1,-1,-1
230,-1,1267,115,310,358,0.9872524738311768,-1,-1,-1
230,-1,903,196,239,193,0.7660064697265625,-1,-1,-1
231,-1,1266,113,307,355,0.9898430705070496,-1,-1,-1
232,-1,1260,113,311,346,0.9857375621795654,-1,-1,-1
233,-1,1257,111,307,343,0.9879921078681946,-1,-1,-1
234,-1,1257,111,303,337,0.9900913238525391,-1,-1,-1
235,-1,1259,112,298,328,0.9911875128746033,-1,-1,-1
236,-1,1267,109,287,329,0.9934579730033875,-1,-1,-1
237,-1,1266,112,281,319,0.9933968782424927,-1,-1,-1
238,-1,1266,104,284,316,0.9930049777030945,-1,-1,-1
238,-1,865,209,262,209,0.7611166834831238,-1,-1,-1
239,-1,1271,109,269,311,0.9921464323997498,-1,-1,-1
239,-1,858,214,267,207,0.6770205497741699,-1,-1,-1
240,-1,1265,106,276,306,0.9944762587547302,-1,-1,-1
241,-1,1269,108,264,305,0.9941402077674866,-1,-1,-1
242,-1,1261,106,276,300,0.99111008644104,-1,-1,-1
243,-1,1266,107,261,295,0.9917829036712646,-1,-1,-1
243,-1,841,216,258,225,0.631559431552887,-1,-1,-1
244,-1,1254,103,267,295,0.9908099174499512,-1,-1,-1
245,-1,1261,108,257,282,0.9942599534988403,-1,-1,-1
246,-1,1256,106,263,284,0.9911973476409912,-1,-1,-1
246,-1,815,223,288,236,0.6519635915756226,-1,-1,-1
247,-1,1257,103,256,280,0.9904040098190308,-1,-1,-1
248,-1,1256,103,256,279,0.9909082651138306,-1,-1,-1
248,-1,808,232,292,233,0.7065577507019043,-1,-1,-1
249,-1,1254,101,257,281,0.9934843182563782,-1,-1,-1
249,-1,800,230,290,245,0.6995779275894165,-1,-1,-1
250,-1,1253,103,255,275,0.9931144118309021,-1,-1,-1
250,-1,799,232,294,246,0.7430384755134583,-1,-1,-1
251,-1,1253,103,249,270,0.9919243454933167,-1,-1,-1
252,-1,1255,105,238,262,0.9932255148887634,-1,-1,-1
253,-1,1250,106,242,263,0.9931332468986511,-1,-1,-1
253,-1,780,233,293,260,0.6563765406608582,-1,-1,-1
254,-1,1251,104,241,262,0.9935838580131531,-1,-1,-1
255,-1,1250,101,239,262,0.9918753504753113,-1,-1,-1
256,-1,1251,102,232,262,0.9924216866493225,-1,-1,-1
257,-1,1248,103,235,256,0.9926058053970337,-1,-1,-1
258,-1,1247,103,235,255,0.9939678907394409,-1,-1,-1
258,-1,734,253,329,272,0.6529292464256287,-1,-1,-1
259,-1,1246,101,230,251,0.9934119582176208,-1,-1,-1
259,-1,724,254,333,275,0.8248233795166016,-1,-1,-1
260,-1,1246,104,228,245,0.9947550296783447,-1,-1,-1
260,-1,716,258,337,277,0.8090784549713135,-1,-1,-1
261,-1,1246,106,224,240,0.9947163462638855,-1,-1,-1
262,-1,1246,107,221,237,0.9943998456001282,-1,-1,-1
263,-1,1245,108,221,235,0.9942230582237244,-1,-1,-1
264,-1,1245,108,217,235,0.9934750199317932,-1,-1,-1
265,-1,1246,108,212,232,0.9938085675239563,-1,-1,-1
265,-1,675,265,371,309,0.7426996827125549,-1,-1,-1
265,-1,1010,204,208,159,0.623225212097168,-1,-1,-1
266,-1,1247,107,210,231,0.992990255355835,-1,-1,-1
266,-1,1018,203,215,158,0.7815746068954468,-1,-1,-1
266,-1,672,264,374,314,0.7591775059700012,-1,-1,-1
267,-1,1248,108,217,225,0.9926121830940247,-1,-1,-1
267,-1,657,270,382,324,0.7058646082878113,-1,-1,-1
267,-1,1022,204,227,163,0.6678758859634399,-1,-1,-1
268,-1,1249,110,203,224,0.9921445250511169,-1,-1,-1
268,-1,1023,206,244,161,0.9361844658851624,-1,-1,-1
268,-1,645,275,390,332,0.7385696172714233,-1,-1,-1
269,-1,1249,112,199,219,0.9855324625968933,-1,-1,-1
269,-1,1024,205,262,160,0.9619002342224121,-1,-1,-1
269,-1,647,283,388,339,0.7656834125518799,-1,-1,-1
270,-1,1040,207,274,161,0.9747036099433899,-1,-1,-1
270,-1,1251,109,198,215,0.9718436002731323,-1,-1,-1
270,-1,635,293,399,333,0.8760407567024231,-1,-1,-1
271,-1,1054,202,289,164,0.974000871181488,-1,-1,-1
271,-1,1250,109,193,217,0.9213707447052002,-1,-1,-1
271,-1,625,291,412,351,0.8253303170204163,-1,-1,-1
272,-1,1082,203,286,166,0.9670575261116028,-1,-1,-1
272,-1,601,295,420,360,0.8999358415603638,-1,-1,-1
272,-1,1252,111,193,211,0.7802441120147705,-1,-1,-1
273,-1,1102,200,301,168,0.9575325846672058,-1,-1,-1
273,-1,1010,200,138,114,0.7793477177619934,-1,-1,-1
273,-1,592,301,433,367,0.670661985874176,-1,-1,-1
274,-1,1128,202,310,164,0.9388399124145508,-1,-1,-1
274,-1,574,304,451,390,0.7462271451950073,-1,-1,-1
274,-1,1008,200,146,119,0.7250158786773682,-1,-1,-1
275,-1,1007,200,157,126,0.9768854379653931,-1,-1,-1
275,-1,1149,200,333,169,0.956419825553894,-1,-1,-1
275,-1,573,322,449,387,0.873630166053772,-1,-1,-1
276,-1,1006,200,155,128,0.9895399212837219,-1,-1,-1
276,-1,1176,199,346,171,0.9739716053009033,-1,-1,-1
276,-1,558,322,458,406,0.9225099682807922,-1,-1,-1
276,-1,1259,115,168,138,0.6123813986778259,-1,-1,-1
277,-1,1003,201,160,127,0.9917832612991333,-1,-1,-1
277,-1,1209,201,345,170,0.9619326591491699,-1,-1,-1
277,-1,545,324,474,422,0.8946236968040466,-1,-1,-1
278,-1,998,201,162,128,0.9903128147125244,-1,-1,-1
278,-1,1236,200,354,170,0.9593887329101562,-1,-1,-1
278,-1,531,344,483,421,0.9197487235069275,-1,-1,-1
278,-1,1253,117,173,128,0.7177624702453613,-1,-1,-1
279,-1,993,203,163,126,0.991125762462616,-1,-1,-1
279,-1,1264,202,356,169,0.9720073342323303,-1,-1,-1
279,-1,520,349,492,435,0.9334145784378052,-1,-1,-1
279,-1,1116,149,112,98,0.6240654587745667,-1,-1,-1
280,-1,990,203,164,130,0.9915600419044495,-1,-1,-1
280,-1,1297,200,357,173,0.9403641819953918,-1,-1,-1
280,-1,505,356,508,447,0.9262606501579285,-1,-1,-1
280,-1,1113,150,116,96,0.6664832830429077,-1,-1,-1
281,-1,988,205,166,129,0.9907472133636475,-1,-1,-1
281,-1,500,373,506,456,0.9418584704399109,-1,-1,-1
281,-1,1337,203,354,169,0.9350408911705017,-1,-1,-1
281,-1,560,246,244,186,0.739629864692688,-1,-1,-1
281,-1,1110,149,119,101,0.7297576069831848,-1,-1,-1
282,-1,982,204,169,130,0.9920840263366699,-1,-1,-1
282,-1,482,379,528,471,0.9250779747962952,-1,-1,-1
282,-1,1363,202,371,174,0.9105326533317566,-1,-1,-1
282,-1,550,247,254,191,0.6554402112960815,-1,-1,-1
282,-1,1107,152,123,97,0.6072064638137817,-1,-1,-1
283,-1,980,206,167,131,0.9901206493377686,-1,-1,-1
283,-1,1393,203,378,172,0.9404083490371704,-1,-1,-1
283,-1,1248,119,178,196,0.9265380501747131,-1,-1,-1
283,-1,475,381,529,491,0.9218704104423523,-1,-1,-1
284,-1,977,205,169,132,0.9907253384590149,-1,-1,-1
284,-1,1248,119,177,199,0.9706065654754639,-1,-1,-1
284,-1,1411,204,388,173,0.9323765635490417,-1,-1,-1
284,-1,462,398,534,493,0.8782621026039124,-1,-1,-1
285,-1,977,202,166,135,0.9899729490280151,-1,-1,-1
285,-1,1248,119,183,198,0.9809500575065613,-1,-1,-1
285,-1,1434,206,387,171,0.947930634021759,-1,-1,-1
285,-1,426,400,567,516,0.9104446768760681,-1,-1,-1
286,-1,972,204,170,132,0.987276017665863,-1,-1,-1
286,-1,1245,121,178,194,0.9868729114532471,-1,-1,-1
286,-1,1475,203,390,177,0.9497336745262146,-1,-1,-1
286,-1,403,429,576,518,0.9194156527519226,-1,-1,-1
287,-1,971,205,173,133,0.989757776260376,-1,-1,-1
287,-1,1245,122,178,191,0.9894809722900391,-1,-1,-1
287,-1,368,433,612,538,0.9545788764953613,-1,-1,-1
287,-1,1479,204,405,175,0.9333678483963013,-1,-1,-1
288,-1,965,205,177,136,0.990854024887085,-1,-1,-1
288,-1,1244,122,174,191,0.9901005625724792,-1,-1,-1
288,-1,346,450,627,546,0.9579518437385559,-1,-1,-1
288,-1,1518,207,393,176,0.9159647822380066,-1,-1,-1
288,-1,1400,169,126,102,0.6311490535736084,-1,-1,-1
289,-1,965,206,178,135,0.9940880537033081,-1,-1,-1
289,-1,1244,123,172,189,0.9917476177215576,-1,-1,-1
289,-1,321,466,632,562,0.9407399296760559,-1,-1,-1
289,-1,1526,210,393,170,0.9277576208114624,-1,-1,-1
289,-1,1409,172,133,100,0.8720842599868774,-1,-1,-1
290,-1,1243,124,171,188,0.9923036694526672,-1,-1,-1
290,-1,961,205,180,137,0.9893929958343506,-1,-1,-1
290,-1,287,476,654,568,0.927573561668396,-1,-1,-1
290,-1,1547,210,372,170,0.9031283259391785,-1,-1,-1
290,-1,1411,172,146,100,0.8564021587371826,-1,-1,-1
291,-1,1241,123,169,186,0.9914587140083313,-1,-1,-1
291,-1,958,205,186,142,0.9722031354904175,-1,-1,-1
291,-1,251,493,687,575,0.8804121017456055,-1,-1,-1
291,-1,1570,208,349,172,0.834197461605072,-1,-1,-1
291,-1,1424,170,138,98,0.721403181552887,-1,-1,-1
292,-1,1240,123,167,185,0.9911598563194275,-1,-1,-1
292,-1,953,205,187,143,0.9796159267425537,-1,-1,-1
292,-1,1423,170,163,99,0.8047796487808228,-1,-1,-1
292,-1,228,505,711,574,0.7319755554199219,-1,-1,-1
292,-1,1560,211,359,173,0.7194282412528992,-1,-1,-1
292,-1,655,320,359,274,0.6526197195053101,-1,-1,-1
293,-1,1240,125,166,181,0.9928741455078125,-1,-1,-1
293,-1,954,205,186,143,0.9748987555503845,-1,-1,-1
293,-1,1436,171,159,98,0.8872652053833008,-1,-1,-1
293,-1,181,523,742,556,0.6174451112747192,-1,-1,-1
293,-1,1579,209,340,174,0.6162611246109009,-1,-1,-1
294,-1,1239,127,164,178,0.9938969016075134,-1,-1,-1
294,-1,952,205,184,143,0.9836587309837341,-1,-1,-1
294,-1,633,323,370,291,0.6295225024223328,-1,-1,-1
295,-1,1239,129,160,174,0.9922120571136475,-1,-1,-1
295,-1,949,206,186,144,0.9821816086769104,-1,-1,-1
295,-1,626,329,377,294,0.8418496251106262,-1,-1,-1
295,-1,1388,146,113,107,0.6250562071800232,-1,-1,-1
296,-1,1238,132,160,171,0.9931517839431763,-1,-1,-1
296,-1,946,208,185,144,0.9855479598045349,-1,-1,-1
296,-1,610,339,386,296,0.8949080109596252,-1,-1,-1
296,-1,1390,149,111,104,0.8395872116088867,-1,-1,-1
297,-1,1235,132,161,168,0.9938178658485413,-1,-1,-1
297,-1,940,207,187,147,0.9851047396659851,-1,-1,-1
297,-1,1389,150,112,102,0.900235116481781,-1,-1,-1
297,-1,584,345,405,306,0.6977309584617615,-1,-1,-1
298,-1,1237,133,158,168,0.9935058355331421,-1,-1,-1
298,-1,940,207,190,147,0.9875743985176086,-1,-1,-1
298,-1,1389,150,113,101,0.937445342540741,-1,-1,-1
298,-1,569,349,415,321,0.7959054708480835,-1,-1,-1
299,-1,1238,135,157,166,0.99224853515625,-1,-1,-1
299,-1,936,206,194,148,0.9830053448677063,-1,-1,-1
299,-1,1390,150,111,104,0.9542840123176575,-1,-1,-1
299,-1,571,353,412,325,0.9270842671394348,-1,-1,-1
300,-1,1236,136,156,164,0.9930580854415894,-1,-1,-1
300,-1,927,205,198,154,0.9848310947418213,-1,-1,-1
300,-1,1389,150,112,101,0.9369816184043884,-1,-1,-1
300,-1,547,359,421,333,0.8501322865486145,-1,-1,-1
301,-1,1236,137,154,164,0.9887075424194336,-1,-1,-1
301,-1,929,206,201,151,0.9613704681396484,-1,-1,-1
301,-1,1388,150,113,101,0.9600537419319153,-1,-1,-1
301,-1,545,367,423,334,0.9379082322120667,-1,-1,-1
302,-1,1237,137,151,164,0.988878607749939,-1,-1,-1
302,-1,924,207,199,153,0.9787205457687378,-1,-1,-1
302,-1,1387,149,115,103,0.9642099142074585,-1,-1,-1
302,-1,526,375,428,346,0.9264358282089233,-1,-1,-1
303,-1,1235,136,151,162,0.9922569990158081,-1,-1,-1
303,-1,926,207,200,152,0.9792405962944031,-1,-1,-1
303,-1,522,390,434,339,0.9700453877449036,-1,-1,-1
303,-1,1387,150,115,102,0.9588834643363953,-1,-1,-1
304,-1,1235,137,150,161,0.9933837056159973,-1,-1,-1
304,-1,511,392,438,355,0.9671311974525452,-1,-1,-1
304,-1,923,209,202,152,0.9609859585762024,-1,-1,-1
304,-1,1387,152,115,101,0.9371791481971741,-1,-1,-1
305,-1,1237,137,149,159,0.9933574795722961,-1,-1,-1
305,-1,497,398,438,369,0.9587718844413757,-1,-1,-1
305,-1,920,208,204,156,0.9571074843406677,-1,-1,-1
305,-1,1388,151,115,101,0.9485941529273987,-1,-1,-1
306,-1,1237,138,149,159,0.9935173988342285,-1,-1,-1
306,-1,1389,150,113,102,0.9583310484886169,-1,-1,-1
306,-1,475,411,447,367,0.951736330986023,-1,-1,-1
306,-1,916,209,206,157,0.9398272633552551,-1,-1,-1
306,-1,1568,182,277,126,0.844513475894928,-1,-1,-1
307,-1,1238,137,146,159,0.993624210357666,-1,-1,-1
307,-1,468,417,455,388,0.9357994198799133,-1,-1,-1
307,-1,1388,148,115,103,0.9327250123023987,-1,-1,-1
307,-1,913,209,208,160,0.9228185415267944,-1,-1,-1
307,-1,1542,182,276,128,0.8945367932319641,-1,-1,-1
308,-1,1238,136,145,158,0.9929549098014832,-1,-1,-1
308,-1,1497,185,274,131,0.959909975528717,-1,-1,-1
308,-1,460,428,459,387,0.9522218704223633,-1,-1,-1
308,-1,911,210,208,161,0.9504699110984802,-1,-1,-1
308,-1,1389,148,114,103,0.9495095014572144,-1,-1,-1
309,-1,1239,138,145,158,0.9922835230827332,-1,-1,-1
309,-1,1466,186,284,131,0.9741771221160889,-1,-1,-1
309,-1,448,432,463,391,0.959479033946991,-1,-1,-1
309,-1,1389,149,113,102,0.9446164965629578,-1,-1,-1
309,-1,909,213,208,160,0.9327623844146729,-1,-1,-1
309,-1,1099,157,128,109,0.7507435083389282,-1,-1,-1
310,-1,1239,139,145,156,0.9910014271736145,-1,-1,-1
310,-1,1441,186,303,131,0.9694601893424988,-1,-1,-1
310,-1,432,451,473,389,0.9559224843978882,-1,-1,-1
310,-1,906,214,210,161,0.9469747543334961,-1,-1,-1
310,-1,1388,149,115,103,0.9301773309707642,-1,-1,-1
310,-1,1100,156,127,112,0.613869309425354,-1,-1,-1
311,-1,1240,140,144,155,0.9924365878105164,-1,-1,-1
311,-1,1421,187,308,129,0.9601815938949585,-1,-1,-1
311,-1,427,450,465,412,0.9510451555252075,-1,-1,-1
311,-1,904,216,210,162,0.8635817170143127,-1,-1,-1
311,-1,1389,151,112,100,0.8586081266403198,-1,-1,-1
311,-1,1101,158,127,109,0.7793928384780884,-1,-1,-1
312,-1,1241,140,144,154,0.9908639788627625,-1,-1,-1
312,-1,1394,189,302,130,0.9750664830207825,-1,-1,-1
312,-1,406,461,490,409,0.9547508358955383,-1,-1,-1
312,-1,903,218,210,161,0.9265264868736267,-1,-1,-1
312,-1,1099,159,127,110,0.8227395415306091,-1,-1,-1
312,-1,1390,150,111,97,0.641738772392273,-1,-1,-1
313,-1,1242,140,142,153,0.990151047706604,-1,-1,-1
313,-1,1375,189,292,130,0.9690086245536804,-1,-1,-1
313,-1,397,471,493,417,0.96319979429245,-1,-1,-1
313,-1,892,217,217,163,0.8915347456932068,-1,-1,-1
313,-1,1388,149,113,98,0.6821876764297485,-1,-1,-1
313,-1,1100,159,125,109,0.6698320508003235,-1,-1,-1
314,-1,1242,141,143,153,0.9753256440162659,-1,-1,-1
314,-1,1349,187,306,131,0.9642896056175232,-1,-1,-1
314,-1,386,483,498,420,0.9536359310150146,-1,-1,-1
314,-1,884,218,223,163,0.8189978003501892,-1,-1,-1
314,-1,1101,159,123,111,0.7839314937591553,-1,-1,-1
314,-1,92,349,428,315,0.6524357199668884,-1,-1,-1
315,-1,1314,186,303,131,0.9631350636482239,-1,-1,-1
315,-1,376,492,494,432,0.9500755071640015,-1,-1,-1
315,-1,1242,140,148,154,0.8121178150177002,-1,-1,-1
315,-1,1102,159,121,112,0.789520800113678,-1,-1,-1
315,-1,896,220,220,162,0.7541691064834595,-1,-1,-1
315,-1,70,360,437,318,0.676169753074646,-1,-1,-1
316,-1,1284,187,307,133,0.9648588299751282,-1,-1,-1
316,-1,357,499,501,428,0.9394576549530029,-1,-1,-1
316,-1,895,223,216,164,0.824262261390686,-1,-1,-1
316,-1,1101,160,122,111,0.778461754322052,-1,-1,-1
316,-1,56,359,452,321,0.7414588928222656,-1,-1,-1
317,-1,1253,190,301,131,0.9635917544364929,-1,-1,-1
317,-1,341,513,515,427,0.9259821772575378,-1,-1,-1
317,-1,885,221,226,169,0.9110068082809448,-1,-1,-1
317,-1,1102,162,121,112,0.8372846841812134,-1,-1,-1
317,-1,38,369,455,330,0.796199381351471,-1,-1,-1
318,-1,1243,187,280,134,0.9712356328964233,-1,-1,-1
318,-1,328,525,523,426,0.9371222853660583,-1,-1,-1
318,-1,882,223,228,170,0.9197854399681091,-1,-1,-1
318,-1,1099,163,123,110,0.9168933629989624,-1,-1,-1
318,-1,20,377,454,336,0.7122780680656433,-1,-1,-1
319,-1,1204,193,302,130,0.9819688200950623,-1,-1,-1
319,-1,312,527,519,447,0.9211722612380981,-1,-1,-1
319,-1,883,223,232,172,0.8976829051971436,-1,-1,-1
319,-1,1095,164,127,109,0.8885456323623657,-1,-1,-1
319,-1,1,380,470,346,0.6792859435081482,-1,-1,-1
320,-1,1173,194,306,131,0.9811607003211975,-1,-1,-1
320,-1,303,540,529,440,0.9613298177719116,-1,-1,-1
320,-1,883,221,235,176,0.8281923532485962,-1,-1,-1
320,-1,1094,162,127,112,0.7486358284950256,-1,-1,-1
321,-1,1154,193,303,132,0.9769015908241272,-1,-1,-1
321,-1,279,546,545,447,0.9495603442192078,-1,-1,-1
321,-1,883,230,231,169,0.8119092583656311,-1,-1,-1
321,-1,0,392,460,351,0.620522141456604,-1,-1,-1
322,-1,1150,197,291,127,0.9751983284950256,-1,-1,-1
322,-1,881,223,238,180,0.9380685091018677,-1,-1,-1
322,-1,275,553,543,455,0.9223350882530212,-1,-1,-1
322,-1,1392,149,109,98,0.748543381690979,-1,-1,-1
323,-1,1132,198,286,129,0.9691466689109802,-1,-1,-1
323,-1,248,568,557,452,0.9155799746513367,-1,-1,-1
323,-1,880,228,234,179,0.9124978184700012,-1,-1,-1
323,-1,1392,148,111,103,0.8608876466751099,-1,-1,-1
324,-1,1114,197,267,130,0.9809753894805908,-1,-1,-1
324,-1,1389,149,113,102,0.941184937953949,-1,-1,-1
324,-1,233,575,565,458,0.929399847984314,-1,-1,-1
324,-1,878,234,235,176,0.8559401631355286,-1,-1,-1
325,-1,1098,196,265,133,0.9798776507377625,-1,-1,-1
325,-1,1388,151,114,101,0.9459682703018188,-1,-1,-1
325,-1,863,228,245,184,0.9142805337905884,-1,-1,-1
325,-1,225,585,574,462,0.8805306553840637,-1,-1,-1
326,-1,1084,197,250,134,0.9658077359199524,-1,-1,-1
326,-1,872,230,244,190,0.9590334296226501,-1,-1,-1
326,-1,1387,151,115,102,0.9486437439918518,-1,-1,-1
326,-1,209,588,590,473,0.9141650795936584,-1,-1,-1
327,-1,1069,197,254,136,0.9742320775985718,-1,-1,-1
327,-1,1390,150,111,104,0.9643056988716125,-1,-1,-1
327,-1,869,231,245,191,0.9576215744018555,-1,-1,-1
327,-1,199,592,608,477,0.9143858551979065,-1,-1,-1
328,-1,1390,148,112,105,0.9695053100585938,-1,-1,-1
328,-1,1062,197,234,133,0.9690677523612976,-1,-1,-1
328,-1,865,234,261,191,0.9598527550697327,-1,-1,-1
328,-1,181,599,619,479,0.875115692615509,-1,-1,-1
328,-1,1250,143,134,136,0.7453227639198303,-1,-1,-1
329,-1,1387,146,117,105,0.9700588583946228,-1,-1,-1
329,-1,863,232,252,195,0.9655041694641113,-1,-1,-1
329,-1,1052,197,232,132,0.9334050416946411,-1,-1,-1
329,-1,1249,143,133,135,0.927049458026886,-1,-1,-1
329,-1,176,617,586,458,0.8562317490577698,-1,-1,-1
330,-1,1245,142,136,138,0.9749290347099304,-1,-1,-1
330,-1,1387,147,117,105,0.9724025726318359,-1,-1,-1
330,-1,859,235,253,196,0.9625154733657837,-1,-1,-1
330,-1,1050,196,215,131,0.8554481267929077,-1,-1,-1
330,-1,150,610,615,469,0.7662747502326965,-1,-1,-1
331,-1,1244,141,136,138,0.993071973323822,-1,-1,-1
331,-1,1389,149,114,102,0.9682103991508484,-1,-1,-1
331,-1,855,238,256,199,0.938770592212677,-1,-1,-1
331,-1,1050,197,200,132,0.8575038909912109,-1,-1,-1
332,-1,1246,143,133,137,0.9895736575126648,-1,-1,-1
332,-1,1389,150,112,101,0.971149742603302,-1,-1,-1
332,-1,856,243,256,198,0.9012090563774109,-1,-1,-1
332,-1,1046,198,194,133,0.6227317452430725,-1,-1,-1
333,-1,1244,143,135,136,0.983593761920929,-1,-1,-1
333,-1,1388,152,113,101,0.9623002409934998,-1,-1,-1
333,-1,847,248,262,199,0.8852403163909912,-1,-1,-1
334,-1,1246,141,133,139,0.9932892918586731,-1,-1,-1
334,-1,1388,152,112,100,0.9686749577522278,-1,-1,-1
334,-1,845,248,265,202,0.8938065767288208,-1,-1,-1
335,-1,1245,143,135,131,0.9878193140029907,-1,-1,-1
335,-1,1389,150,112,101,0.9709076285362244,-1,-1,-1
335,-1,839,248,270,206,0.9528180360794067,-1,-1,-1
336,-1,1246,139,134,137,0.994675874710083,-1,-1,-1
336,-1,833,247,275,209,0.9684607982635498,-1,-1,-1
336,-1,1390,150,111,101,0.9623331427574158,-1,-1,-1
337,-1,1244,138,134,136,0.9943575263023376,-1,-1,-1
337,-1,830,249,278,212,0.9659677743911743,-1,-1,-1
337,-1,1389,149,113,101,0.9580374956130981,-1,-1,-1
338,-1,1246,142,130,129,0.9865601062774658,-1,-1,-1
338,-1,1390,150,112,100,0.9636175632476807,-1,-1,-1
338,-1,824,250,285,216,0.957686185836792,-1,-1,-1
339,-1,1246,141,131,129,0.9870734214782715,-1,-1,-1
339,-1,1390,151,111,100,0.9684703350067139,-1,-1,-1
339,-1,817,254,291,219,0.9527693390846252,-1,-1,-1
340,-1,1246,140,130,133,0.9853630065917969,-1,-1,-1
340,-1,817,257,292,221,0.9687962532043457,-1,-1,-1
340,-1,1388,152,113,100,0.9620634317398071,-1,-1,-1
341,-1,1245,142,131,128,0.9899711608886719,-1,-1,-1
341,-1,1388,152,112,101,0.96811443567276,-1,-1,-1
341,-1,814,258,286,222,0.9298833608627319,-1,-1,-1
342,-1,1246,141,130,129,0.98671954870224,-1,-1,-1
342,-1,1388,151,113,101,0.9703189134597778,-1,-1,-1
342,-1,806,260,289,224,0.9646795988082886,-1,-1,-1
343,-1,1245,140,130,128,0.987098753452301,-1,-1,-1
343,-1,1388,151,112,101,0.9678294062614441,-1,-1,-1
343,-1,797,260,306,232,0.9505986571311951,-1,-1,-1
344,-1,1245,140,127,127,0.9881934523582458,-1,-1,-1
344,-1,1389,148,112,105,0.9677510261535645,-1,-1,-1
344,-1,788,269,303,224,0.9496572017669678,-1,-1,-1
344,-1,1044,503,814,576,0.6687273979187012,-1,-1,-1
345,-1,1244,140,127,126,0.9874839186668396,-1,-1,-1
345,-1,1389,147,112,106,0.9650987982749939,-1,-1,-1
345,-1,786,267,307,232,0.9330576062202454,-1,-1,-1
345,-1,1101,488,752,587,0.8041097521781921,-1,-1,-1
346,-1,1245,140,126,125,0.9880110621452332,-1,-1,-1
346,-1,1390,150,112,101,0.9691264033317566,-1,-1,-1
346,-1,781,271,303,234,0.9645853638648987,-1,-1,-1
346,-1,1134,473,716,587,0.9233170747756958,-1,-1,-1
347,-1,1245,140,126,125,0.985089898109436,-1,-1,-1
347,-1,1389,152,112,100,0.9668368101119995,-1,-1,-1
347,-1,766,271,318,240,0.9664528965950012,-1,-1,-1
347,-1,1148,459,719,602,0.9359717965126038,-1,-1,-1
348,-1,1245,140,125,124,0.985386848449707,-1,-1,-1
348,-1,763,277,319,237,0.9785175919532776,-1,-1,-1
348,-1,1161,435,663,599,0.9672889113426208,-1,-1,-1
348,-1,1388,151,113,102,0.9604671597480774,-1,-1,-1
349,-1,1181,416,654,593,0.9850703477859497,-1,-1,-1
349,-1,1245,139,124,124,0.9844449758529663,-1,-1,-1
349,-1,761,277,320,248,0.9794243574142456,-1,-1,-1
349,-1,1390,151,110,104,0.959580659866333,-1,-1,-1
350,-1,1245,138,124,124,0.9774847626686096,-1,-1,-1
350,-1,755,283,320,241,0.9713181853294373,-1,-1,-1
350,-1,1389,151,113,101,0.966253936290741,-1,-1,-1
350,-1,1209,408,612,558,0.9398579597473145,-1,-1,-1
351,-1,1244,138,124,124,0.9761788845062256,-1,-1,-1
351,-1,736,279,330,251,0.97122722864151,-1,-1,-1
351,-1,1195,381,603,565,0.9679235219955444,-1,-1,-1
351,-1,1389,150,112,102,0.9658775925636292,-1,-1,-1
352,-1,731,281,334,256,0.9793443083763123,-1,-1,-1
352,-1,1244,138,124,123,0.9716501832008362,-1,-1,-1
352,-1,1390,149,112,102,0.9605829119682312,-1,-1,-1
352,-1,1208,390,591,517,0.9467289447784424,-1,-1,-1
353,-1,1218,356,570,535,0.9833016395568848,-1,-1,-1
353,-1,729,284,336,257,0.9829373955726624,-1,-1,-1
353,-1,1244,138,122,123,0.967265248298645,-1,-1,-1
353,-1,1390,151,112,101,0.9559832811355591,-1,-1,-1
354,-1,717,287,345,259,0.9844629764556885,-1,-1,-1
354,-1,1244,138,123,123,0.9685133695602417,-1,-1,-1
354,-1,1389,151,112,100,0.9604858756065369,-1,-1,-1
354,-1,1218,352,563,504,0.9540020823478699,-1,-1,-1
355,-1,708,294,352,258,0.9865161180496216,-1,-1,-1
355,-1,1245,138,120,124,0.9680526256561279,-1,-1,-1
355,-1,1390,151,112,100,0.9617667198181152,-1,-1,-1
355,-1,1226,337,536,504,0.9383278489112854,-1,-1,-1
356,-1,712,291,348,262,0.9785251021385193,-1,-1,-1
356,-1,1243,139,123,123,0.9665402770042419,-1,-1,-1
356,-1,1228,328,521,485,0.9559385180473328,-1,-1,-1
356,-1,1389,151,112,100,0.9488467574119568,-1,-1,-1
356,-1,977,211,194,147,0.6087105870246887,-1,-1,-1
357,-1,704,298,350,263,0.9881179928779602,-1,-1,-1
357,-1,1245,138,120,122,0.9730590581893921,-1,-1,-1
357,-1,1389,151,113,100,0.9502700567245483,-1,-1,-1
357,-1,1224,321,519,457,0.9415546655654907,-1,-1,-1
357,-1,976,211,194,148,0.6046178936958313,-1,-1,-1
358,-1,699,298,355,266,0.9859629273414612,-1,-1,-1
358,-1,1243,137,122,124,0.9646309018135071,-1,-1,-1
358,-1,1221,302,521,464,0.9515108466148376,-1,-1,-1
358,-1,1388,151,114,100,0.94339519739151,-1,-1,-1
358,-1,977,210,193,151,0.6185685396194458,-1,-1,-1
359,-1,696,297,355,269,0.9731647372245789,-1,-1,-1
359,-1,1244,137,122,123,0.968518853187561,-1,-1,-1
359,-1,1388,150,114,100,0.950961172580719,-1,-1,-1
359,-1,1219,297,512,453,0.9383946061134338,-1,-1,-1
359,-1,976,211,193,154,0.6660611629486084,-1,-1,-1
360,-1,695,302,360,265,0.9857001304626465,-1,-1,-1
360,-1,1242,137,125,122,0.966929018497467,-1,-1,-1
360,-1,1388,150,114,100,0.9508100152015686,-1,-1,-1
360,-1,1228,286,493,442,0.9316429495811462,-1,-1,-1
360,-1,963,211,204,153,0.6239745020866394,-1,-1,-1
