1,-1,394,109,224,189,0.9814886450767517,-1,-1,-1
1,-1,1079,296,575,442,0.9787445068359375,-1,-1,-1
2,-1,1096,300,586,459,0.9783000349998474,-1,-1,-1
2,-1,383,108,227,193,0.9640312790870667,-1,-1,-1
3,-1,376,112,230,192,0.9825412631034851,-1,-1,-1
3,-1,1113,307,605,470,0.976414144039154,-1,-1,-1
4,-1,1113,309,624,492,0.989319920539856,-1,-1,-1
4,-1,374,112,231,193,0.9827591180801392,-1,-1,-1
5,-1,361,111,243,196,0.9834054708480835,-1,-1,-1
5,-1,1149,304,628,512,0.9834028482437134,-1,-1,-1
6,-1,1149,304,627,512,0.9835220575332642,-1,-1,-1
6,-1,361,112,243,195,0.9826626777648926,-1,-1,-1
7,-1,1150,323,644,510,0.9928538203239441,-1,-1,-1
7,-1,357,115,242,193,0.9745272994041443,-1,-1,-1
7,-1,1534,142,374,307,0.8332358598709106,-1,-1,-1
8,-1,1160,326,658,523,0.9889402985572815,-1,-1,-1
8,-1,354,113,237,197,0.952991783618927,-1,-1,-1
8,-1,1528,125,363,318,0.9091264605522156,-1,-1,-1
9,-1,1203,331,652,542,0.9874568581581116,-1,-1,-1
9,-1,347,113,239,199,0.9407318830490112,-1,-1,-1
9,-1,1496,131,376,304,0.8868151307106018,-1,-1,-1
10,-1,1209,341,673,551,0.9863112568855286,-1,-1,-1
10,-1,346,114,240,200,0.9851288795471191,-1,-1,-1
10,-1,1495,134,359,286,0.9655738472938538,-1,-1,-1
11,-1,340,114,242,202,0.9873298406600952,-1,-1,-1
11,-1,1244,347,675,562,0.9783294796943665,-1,-1,-1
11,-1,1487,139,351,275,0.9508739113807678,-1,-1,-1
12,-1,335,117,243,200,0.9885327816009521,-1,-1,-1
12,-1,1255,354,664,571,0.9761269092559814,-1,-1,-1
12,-1,1466,137,347,267,0.9277738332748413,-1,-1,-1
13,-1,334,114,243,205,0.9866548776626587,-1,-1,-1
13,-1,1457,136,328,266,0.9759730100631714,-1,-1,-1
13,-1,1251,362,668,578,0.9194645285606384,-1,-1,-1
14,-1,323,122,247,198,0.9780358076095581,-1,-1,-1
14,-1,1451,120,327,283,0.9747982621192932,-1,-1,-1
14,-1,1268,371,651,583,0.9461373686790466,-1,-1,-1
15,-1,321,120,246,200,0.9694988131523132,-1,-1,-1
15,-1,1428,121,331,274,0.9639564156532288,-1,-1,-1
15,-1,1294,380,625,595,0.9004666805267334,-1,-1,-1
16,-1,1418,123,325,272,0.9646940231323242,-1,-1,-1
16,-1,312,121,251,200,0.961085855960846,-1,-1,-1
16,-1,1308,392,611,592,0.9391740560531616,-1,-1,-1
17,-1,310,120,251,208,0.97939532995224,-1,-1,-1
17,-1,1409,126,313,263,0.9789041876792908,-1,-1,-1
17,-1,1330,401,589,620,0.8882877826690674,-1,-1,-1
18,-1,1401,119,316,273,0.9770370721817017,-1,-1,-1
18,-1,303,122,254,208,0.9753376245498657,-1,-1,-1
18,-1,1349,414,570,638,0.8483825325965881,-1,-1,-1
19,-1,294,119,260,214,0.977417528629303,-1,-1,-1
19,-1,1387,118,320,264,0.9742357134819031,-1,-1,-1
19,-1,1384,427,535,633,0.8449351191520691,-1,-1,-1
20,-1,293,123,260,211,0.9764610528945923,-1,-1,-1
20,-1,1376,107,316,277,0.9756327867507935,-1,-1,-1
21,-1,1366,113,315,270,0.9851972460746765,-1,-1,-1
21,-1,287,123,263,213,0.9756753444671631,-1,-1,-1
22,-1,1366,113,315,270,0.9852928519248962,-1,-1,-1
22,-1,287,123,263,214,0.975426435470581,-1,-1,-1
23,-1,1366,113,315,270,0.9852467775344849,-1,-1,-1
23,-1,287,123,263,214,0.974609375,-1,-1,-1
24,-1,1366,113,315,270,0.9852848649024963,-1,-1,-1
24,-1,287,123,263,214,0.975179135799408,-1,-1,-1
25,-1,1366,113,313,270,0.9842133522033691,-1,-1,-1
25,-1,287,123,263,214,0.9764314889907837,-1,-1,-1
26,-1,1366,113,313,270,0.984185516834259,-1,-1,-1
26,-1,287,123,263,214,0.9764744639396667,-1,-1,-1
27,-1,1367,114,313,269,0.9840556383132935,-1,-1,-1
27,-1,287,123,262,214,0.9763003587722778,-1,-1,-1
28,-1,1367,114,312,269,0.9838283061981201,-1,-1,-1
28,-1,287,122,262,214,0.9766358733177185,-1,-1,-1
29,-1,1367,114,312,269,0.9839116930961609,-1,-1,-1
29,-1,287,122,262,214,0.9766444563865662,-1,-1,-1
30,-1,1367,114,312,269,0.9838660359382629,-1,-1,-1
30,-1,287,122,262,214,0.9767653346061707,-1,-1,-1
31,-1,1367,114,312,269,0.9838553071022034,-1,-1,-1
31,-1,287,122,263,214,0.9767246246337891,-1,-1,-1
32,-1,1262,115,284,239,0.9889621138572693,-1,-1,-1
32,-1,258,131,283,236,0.9488509297370911,-1,-1,-1
33,-1,1251,118,290,236,0.988874077796936,-1,-1,-1
33,-1,260,133,288,238,0.9387933611869812,-1,-1,-1
33,-1,1582,166,337,297,0.6966820955276489,-1,-1,-1
34,-1,1247,119,276,227,0.9845095276832581,-1,-1,-1
34,-1,258,133,286,243,0.9406760931015015,-1,-1,-1
34,-1,1565,158,354,308,0.6544103026390076,-1,-1,-1
35,-1,1236,114,281,230,0.9850144982337952,-1,-1,-1
35,-1,256,139,290,243,0.9646272659301758,-1,-1,-1
35,-1,1541,155,378,305,0.7600955367088318,-1,-1,-1
36,-1,258,141,289,247,0.9639242887496948,-1,-1,-1
36,-1,1540,151,374,307,0.9450410008430481,-1,-1,-1
36,-1,1228,98,280,244,0.9442406892776489,-1,-1,-1
37,-1,257,143,290,248,0.9719951748847961,-1,-1,-1
37,-1,1219,105,279,232,0.9684302806854248,-1,-1,-1
37,-1,1528,144,366,297,0.9414980411529541,-1,-1,-1
38,-1,249,145,298,248,0.9738690257072449,-1,-1,-1
38,-1,1211,104,271,233,0.9712975025177002,-1,-1,-1
38,-1,1513,144,371,295,0.9606901407241821,-1,-1,-1
39,-1,1206,108,262,229,0.9735234379768372,-1,-1,-1
39,-1,251,147,297,250,0.9673599600791931,-1,-1,-1
39,-1,1500,143,360,293,0.9660191535949707,-1,-1,-1
40,-1,1206,108,262,229,0.9736296534538269,-1,-1,-1
40,-1,251,147,297,250,0.968736469745636,-1,-1,-1
40,-1,1494,144,365,287,0.9666517972946167,-1,-1,-1
41,-1,257,144,296,248,0.9762157201766968,-1,-1,-1
41,-1,1203,107,272,231,0.97222501039505,-1,-1,-1
41,-1,1501,144,364,294,0.9689801931381226,-1,-1,-1
42,-1,1181,98,264,231,0.9809178113937378,-1,-1,-1
42,-1,1460,135,355,285,0.9758752584457397,-1,-1,-1
42,-1,265,146,303,263,0.9586430788040161,-1,-1,-1
43,-1,1170,90,265,238,0.9770455360412598,-1,-1,-1
43,-1,1453,131,346,287,0.9737616777420044,-1,-1,-1
43,-1,267,147,307,268,0.9689338803291321,-1,-1,-1
44,-1,1163,97,259,230,0.9772182106971741,-1,-1,-1
44,-1,268,152,310,267,0.9705911874771118,-1,-1,-1
44,-1,1435,125,348,281,0.9643867015838623,-1,-1,-1
45,-1,1149,95,265,231,0.9825944304466248,-1,-1,-1
45,-1,268,153,316,270,0.9596255421638489,-1,-1,-1
45,-1,1421,114,348,288,0.9459140300750732,-1,-1,-1
46,-1,1146,91,259,231,0.9846650958061218,-1,-1,-1
46,-1,266,162,322,261,0.9541177749633789,-1,-1,-1
46,-1,1396,106,349,287,0.9443235397338867,-1,-1,-1
47,-1,1141,93,262,228,0.9830916523933411,-1,-1,-1
47,-1,270,164,324,266,0.9582431316375732,-1,-1,-1
47,-1,1399,123,334,273,0.9474623203277588,-1,-1,-1
48,-1,1136,90,255,228,0.98813396692276,-1,-1,-1
48,-1,274,167,329,272,0.9725965261459351,-1,-1,-1
48,-1,1383,118,336,276,0.9724958539009094,-1,-1,-1
49,-1,1129,94,254,225,0.9854151010513306,-1,-1,-1
49,-1,1369,121,333,267,0.9732932448387146,-1,-1,-1
49,-1,277,173,334,271,0.9627067446708679,-1,-1,-1
50,-1,1359,118,330,269,0.9833685755729675,-1,-1,-1
50,-1,1119,96,254,219,0.9707809090614319,-1,-1,-1
50,-1,276,174,336,279,0.951478123664856,-1,-1,-1
51,-1,1110,91,251,220,0.9775123000144958,-1,-1,-1
51,-1,1349,116,325,267,0.9715027809143066,-1,-1,-1
51,-1,280,173,340,284,0.9644684195518494,-1,-1,-1
52,-1,1110,92,251,220,0.9775074124336243,-1,-1,-1
52,-1,1349,117,325,267,0.973013162612915,-1,-1,-1
52,-1,280,173,339,283,0.9643001556396484,-1,-1,-1
53,-1,1110,92,251,220,0.9781598448753357,-1,-1,-1
53,-1,1349,117,325,266,0.9734042286872864,-1,-1,-1
53,-1,280,173,339,284,0.9642412662506104,-1,-1,-1
54,-1,1111,92,251,220,0.9777944087982178,-1,-1,-1
54,-1,1349,117,325,266,0.9724841117858887,-1,-1,-1
54,-1,280,173,339,284,0.9638913869857788,-1,-1,-1
55,-1,1110,91,251,220,0.9773231744766235,-1,-1,-1
55,-1,1349,117,326,267,0.97209632396698,-1,-1,-1
55,-1,280,173,339,284,0.9649099707603455,-1,-1,-1
56,-1,1111,91,251,220,0.9774380326271057,-1,-1,-1
56,-1,1349,117,326,268,0.9697912335395813,-1,-1,-1
56,-1,280,173,339,284,0.9637517333030701,-1,-1,-1
57,-1,1110,91,251,221,0.9770209193229675,-1,-1,-1
57,-1,1349,117,326,268,0.9698449373245239,-1,-1,-1
57,-1,280,173,339,284,0.963997483253479,-1,-1,-1
58,-1,1110,91,251,221,0.9762607216835022,-1,-1,-1
58,-1,1349,117,326,268,0.9698955416679382,-1,-1,-1
58,-1,280,173,339,284,0.9642354249954224,-1,-1,-1
59,-1,1111,91,251,220,0.9764716029167175,-1,-1,-1
59,-1,1350,118,326,258,0.9698357582092285,-1,-1,-1
59,-1,280,173,339,284,0.9640543460845947,-1,-1,-1
60,-1,1111,91,251,220,0.9768973588943481,-1,-1,-1
60,-1,1350,118,326,258,0.9688767790794373,-1,-1,-1
60,-1,280,173,339,284,0.9641839861869812,-1,-1,-1
61,-1,1111,91,252,221,0.979555070400238,-1,-1,-1
61,-1,1349,117,325,267,0.969106137752533,-1,-1,-1
61,-1,285,174,336,282,0.9615283608436584,-1,-1,-1
62,-1,1063,83,229,209,0.9608278274536133,-1,-1,-1
62,-1,314,219,383,318,0.9560242295265198,-1,-1,-1
62,-1,1239,113,293,241,0.8613186478614807,-1,-1,-1
62,-1,342,103,209,160,0.6771722435951233,-1,-1,-1
63,-1,320,220,391,325,0.9808871746063232,-1,-1,-1
63,-1,1046,88,233,200,0.9625455141067505,-1,-1,-1
63,-1,1227,112,300,237,0.8898200988769531,-1,-1,-1
64,-1,317,223,400,325,0.9791960716247559,-1,-1,-1
64,-1,327,100,209,164,0.9216639399528503,-1,-1,-1
64,-1,1037,83,232,207,0.9130946397781372,-1,-1,-1
64,-1,1221,107,292,241,0.9080694913864136,-1,-1,-1
65,-1,320,226,404,330,0.9671980142593384,-1,-1,-1
65,-1,1208,104,297,242,0.8384164571762085,-1,-1,-1
65,-1,1034,80,230,204,0.8357183933258057,-1,-1,-1
65,-1,318,94,215,173,0.6695032715797424,-1,-1,-1
66,-1,1027,77,228,204,0.9614049196243286,-1,-1,-1
66,-1,315,231,412,334,0.9585256576538086,-1,-1,-1
66,-1,1204,103,289,241,0.9254300594329834,-1,-1,-1
66,-1,316,96,209,169,0.8001748919487,-1,-1,-1
67,-1,322,236,410,332,0.9718317985534668,-1,-1,-1
67,-1,311,94,212,171,0.9519983530044556,-1,-1,-1
67,-1,1019,87,226,193,0.9182409048080444,-1,-1,-1
67,-1,1193,102,291,240,0.8991317749023438,-1,-1,-1
68,-1,306,93,211,174,0.9699556231498718,-1,-1,-1
68,-1,1189,109,286,230,0.9599305987358093,-1,-1,-1
68,-1,327,240,414,337,0.9540438652038574,-1,-1,-1
68,-1,1024,86,221,195,0.9226409196853638,-1,-1,-1
69,-1,303,91,210,176,0.9810630679130554,-1,-1,-1
69,-1,325,246,427,341,0.9619099497795105,-1,-1,-1
69,-1,1183,106,282,232,0.9331978559494019,-1,-1,-1
69,-1,1011,90,220,191,0.9328086972236633,-1,-1,-1
70,-1,297,92,210,175,0.9846587181091309,-1,-1,-1
70,-1,319,245,439,353,0.9460164904594421,-1,-1,-1
70,-1,1176,104,281,230,0.9200038313865662,-1,-1,-1
70,-1,1001,85,229,191,0.7488406896591187,-1,-1,-1
71,-1,294,91,206,179,0.9866979718208313,-1,-1,-1
71,-1,334,249,434,355,0.9672901630401611,-1,-1,-1
71,-1,996,87,230,188,0.907085120677948,-1,-1,-1
71,-1,1163,99,280,233,0.8789761066436768,-1,-1,-1
72,-1,289,92,208,179,0.9866886734962463,-1,-1,-1
72,-1,337,254,436,361,0.9539888501167297,-1,-1,-1
72,-1,1156,100,275,230,0.8515638113021851,-1,-1,-1
72,-1,991,89,222,188,0.7713031768798828,-1,-1,-1
73,-1,284,94,212,180,0.9885783195495605,-1,-1,-1
73,-1,339,262,441,363,0.9588663578033447,-1,-1,-1
73,-1,1150,103,275,226,0.9346027374267578,-1,-1,-1
73,-1,987,92,224,182,0.7790738940238953,-1,-1,-1
74,-1,281,93,212,183,0.9914359450340271,-1,-1,-1
74,-1,1146,102,265,228,0.9653703570365906,-1,-1,-1
74,-1,341,267,448,369,0.9393293857574463,-1,-1,-1
74,-1,982,93,223,185,0.7047391533851624,-1,-1,-1
75,-1,281,93,212,183,0.9914419054985046,-1,-1,-1
75,-1,1146,102,265,228,0.9661304354667664,-1,-1,-1
75,-1,341,267,448,369,0.9408806562423706,-1,-1,-1
75,-1,982,93,223,185,0.69875168800354,-1,-1,-1
76,-1,281,93,212,183,0.9914025664329529,-1,-1,-1
76,-1,1146,101,265,228,0.9685925245285034,-1,-1,-1
76,-1,342,267,447,369,0.9384168982505798,-1,-1,-1
76,-1,983,93,223,185,0.6857216358184814,-1,-1,-1
77,-1,281,93,212,183,0.991439938545227,-1,-1,-1
77,-1,1146,101,265,228,0.9685460329055786,-1,-1,-1
77,-1,342,267,447,369,0.9373926520347595,-1,-1,-1
77,-1,982,93,223,185,0.6963884830474854,-1,-1,-1
78,-1,281,93,212,183,0.9914686679840088,-1,-1,-1
78,-1,1146,101,265,228,0.9683910608291626,-1,-1,-1
78,-1,342,267,447,369,0.9353255033493042,-1,-1,-1
78,-1,983,93,223,185,0.7001563310623169,-1,-1,-1
79,-1,281,93,212,183,0.9914656281471252,-1,-1,-1
79,-1,1146,101,265,228,0.9684808254241943,-1,-1,-1
79,-1,341,267,448,370,0.9329864382743835,-1,-1,-1
79,-1,983,93,223,185,0.7010000348091125,-1,-1,-1
80,-1,281,93,212,183,0.9914235472679138,-1,-1,-1
80,-1,1146,101,265,228,0.9682894349098206,-1,-1,-1
80,-1,341,267,448,370,0.9331285357475281,-1,-1,-1
80,-1,983,93,223,185,0.7021333575248718,-1,-1,-1
81,-1,280,92,212,185,0.9904696345329285,-1,-1,-1
81,-1,1146,101,265,229,0.9671578407287598,-1,-1,-1
81,-1,342,267,447,369,0.925740122795105,-1,-1,-1
81,-1,981,93,223,186,0.782109260559082,-1,-1,-1
82,-1,280,92,212,185,0.9905087947845459,-1,-1,-1
82,-1,1147,101,265,229,0.9675750732421875,-1,-1,-1
82,-1,342,267,447,369,0.9221835136413574,-1,-1,-1
82,-1,980,93,223,186,0.7708603143692017,-1,-1,-1
83,-1,280,92,212,185,0.9904148578643799,-1,-1,-1
83,-1,1147,101,265,229,0.9674102663993835,-1,-1,-1
83,-1,342,267,447,369,0.9261771440505981,-1,-1,-1
83,-1,980,93,223,186,0.7732471227645874,-1,-1,-1
84,-1,280,92,212,185,0.9903631806373596,-1,-1,-1
84,-1,1146,101,265,229,0.9644684195518494,-1,-1,-1
84,-1,342,267,447,369,0.9272387027740479,-1,-1,-1
84,-1,980,93,223,186,0.779981255531311,-1,-1,-1
85,-1,280,91,212,185,0.9908932447433472,-1,-1,-1
85,-1,1146,101,266,230,0.9612910151481628,-1,-1,-1
85,-1,344,261,449,377,0.9445136189460754,-1,-1,-1
85,-1,981,93,223,187,0.7505930662155151,-1,-1,-1
86,-1,280,91,212,185,0.9909282326698303,-1,-1,-1
86,-1,1146,101,266,230,0.9622465968132019,-1,-1,-1
86,-1,344,261,449,377,0.9445054531097412,-1,-1,-1
86,-1,981,93,223,187,0.7508451342582703,-1,-1,-1
87,-1,280,91,212,185,0.990955650806427,-1,-1,-1
87,-1,1146,101,266,230,0.9622880816459656,-1,-1,-1
87,-1,344,261,449,376,0.944314181804657,-1,-1,-1
87,-1,981,93,223,187,0.7510597109794617,-1,-1,-1
88,-1,280,91,212,185,0.9909589290618896,-1,-1,-1
88,-1,1146,101,266,230,0.9621905088424683,-1,-1,-1
88,-1,344,261,449,377,0.944290041923523,-1,-1,-1
88,-1,981,93,223,187,0.7484481334686279,-1,-1,-1
89,-1,280,91,212,185,0.990947425365448,-1,-1,-1
89,-1,1146,101,266,230,0.9624971151351929,-1,-1,-1
89,-1,344,261,450,377,0.9438101053237915,-1,-1,-1
89,-1,981,93,223,187,0.7479128837585449,-1,-1,-1
90,-1,280,91,212,185,0.9909425377845764,-1,-1,-1
90,-1,1146,101,266,230,0.9635253548622131,-1,-1,-1
90,-1,344,261,450,377,0.9438014030456543,-1,-1,-1
90,-1,981,93,223,187,0.7490213513374329,-1,-1,-1
91,-1,280,91,212,185,0.9909225106239319,-1,-1,-1
91,-1,1147,101,266,230,0.9640921354293823,-1,-1,-1
91,-1,344,261,450,376,0.943547248840332,-1,-1,-1
91,-1,981,93,223,187,0.7441429495811462,-1,-1,-1
92,-1,239,109,240,214,0.9917430281639099,-1,-1,-1
92,-1,432,401,629,534,0.9668012857437134,-1,-1,-1
92,-1,1394,147,317,250,0.9643210768699646,-1,-1,-1
92,-1,964,85,315,210,0.8200992345809937,-1,-1,-1
93,-1,232,112,248,213,0.9907722473144531,-1,-1,-1
93,-1,1385,138,314,255,0.9509790539741516,-1,-1,-1
93,-1,422,414,665,545,0.9396601319313049,-1,-1,-1
93,-1,947,84,331,209,0.8268272280693054,-1,-1,-1
94,-1,236,111,247,216,0.9907145500183105,-1,-1,-1
94,-1,1373,141,309,249,0.9757142066955566,-1,-1,-1
94,-1,457,417,663,568,0.9480669498443604,-1,-1,-1
94,-1,997,78,263,215,0.778319239616394,-1,-1,-1
95,-1,233,113,253,218,0.991344690322876,-1,-1,-1
95,-1,1362,138,312,248,0.9745609164237976,-1,-1,-1
95,-1,446,435,687,576,0.9442815184593201,-1,-1,-1
95,-1,1001,86,257,208,0.7557238340377808,-1,-1,-1
96,-1,234,113,254,218,0.9906242489814758,-1,-1,-1
96,-1,1351,128,310,256,0.9716216325759888,-1,-1,-1
96,-1,453,437,712,607,0.9039480686187744,-1,-1,-1
96,-1,996,82,254,209,0.7659171223640442,-1,-1,-1
97,-1,234,112,256,221,0.9909005165100098,-1,-1,-1
97,-1,1338,127,306,253,0.9621815085411072,-1,-1,-1
97,-1,449,444,747,621,0.8283762335777283,-1,-1,-1
97,-1,1000,79,245,213,0.7311358451843262,-1,-1,-1
98,-1,235,111,253,227,0.9910886287689209,-1,-1,-1
98,-1,1326,127,306,249,0.9425023198127747,-1,-1,-1
98,-1,452,468,763,619,0.8372818827629089,-1,-1,-1
98,-1,970,89,277,201,0.7567713260650635,-1,-1,-1
99,-1,230,112,265,232,0.9875210523605347,-1,-1,-1
99,-1,1317,128,307,246,0.9492307901382446,-1,-1,-1
99,-1,967,85,272,206,0.8485774993896484,-1,-1,-1
99,-1,476,475,787,612,0.7163465023040771,-1,-1,-1
100,-1,232,113,266,233,0.9870229363441467,-1,-1,-1
100,-1,1308,121,306,249,0.9534203410148621,-1,-1,-1
100,-1,962,85,271,205,0.7851602435112,-1,-1,-1
101,-1,234,116,268,233,0.9894243478775024,-1,-1,-1
101,-1,1298,133,301,239,0.9683921337127686,-1,-1,-1
101,-1,956,91,270,193,0.8745908737182617,-1,-1,-1
102,-1,232,113,270,239,0.9893997311592102,-1,-1,-1
102,-1,1293,135,290,234,0.9260379076004028,-1,-1,-1
102,-1,930,90,296,196,0.7262479066848755,-1,-1,-1
103,-1,231,114,276,240,0.9893361330032349,-1,-1,-1
103,-1,1283,132,292,238,0.9782917499542236,-1,-1,-1
103,-1,943,86,278,198,0.6565353274345398,-1,-1,-1
104,-1,230,113,297,244,0.9895424842834473,-1,-1,-1
104,-1,1271,134,291,235,0.9884617328643799,-1,-1,-1
105,-1,228,119,290,240,0.9900446534156799,-1,-1,-1
105,-1,1263,135,293,233,0.9876061081886292,-1,-1,-1
106,-1,233,117,290,248,0.9918855428695679,-1,-1,-1
106,-1,1253,130,288,234,0.9809587597846985,-1,-1,-1
107,-1,234,120,294,250,0.9928081035614014,-1,-1,-1
107,-1,1245,128,283,227,0.9872456789016724,-1,-1,-1
108,-1,229,124,303,253,0.9907537698745728,-1,-1,-1
108,-1,1237,126,285,227,0.9756777286529541,-1,-1,-1
108,-1,925,90,277,187,0.7985593676567078,-1,-1,-1
109,-1,229,126,308,255,0.9920320510864258,-1,-1,-1
109,-1,1232,129,272,225,0.9790380001068115,-1,-1,-1
109,-1,931,93,269,183,0.8026885390281677,-1,-1,-1
109,-1,1574,191,319,256,0.7633516788482666,-1,-1,-1
110,-1,229,127,312,257,0.9923785924911499,-1,-1,-1
110,-1,1226,129,267,222,0.9830157160758972,-1,-1,-1
110,-1,1574,182,312,257,0.7443786263465881,-1,-1,-1
110,-1,931,92,268,180,0.705557107925415,-1,-1,-1
111,-1,231,128,312,259,0.9912762641906738,-1,-1,-1
111,-1,1218,124,268,227,0.9840618968009949,-1,-1,-1
111,-1,923,91,269,182,0.7628304362297058,-1,-1,-1
111,-1,1551,179,322,252,0.7131401896476746,-1,-1,-1
112,-1,231,127,312,259,0.9912459254264832,-1,-1,-1
112,-1,1218,124,268,227,0.9841118454933167,-1,-1,-1
112,-1,928,84,259,190,0.7722434997558594,-1,-1,-1
112,-1,1551,179,322,253,0.697198212146759,-1,-1,-1
113,-1,231,127,313,259,0.9911602139472961,-1,-1,-1
113,-1,1218,124,267,227,0.9846691489219666,-1,-1,-1
113,-1,928,84,259,190,0.7513763308525085,-1,-1,-1
113,-1,1551,179,322,253,0.6722341179847717,-1,-1,-1
114,-1,231,127,313,259,0.991083025932312,-1,-1,-1
114,-1,1218,124,268,227,0.9833794236183167,-1,-1,-1
114,-1,928,84,259,190,0.7478488087654114,-1,-1,-1
114,-1,1551,179,322,253,0.6727747321128845,-1,-1,-1
115,-1,231,127,313,259,0.99115389585495,-1,-1,-1
115,-1,1218,124,268,227,0.9828525185585022,-1,-1,-1
115,-1,928,84,259,190,0.7753220200538635,-1,-1,-1
115,-1,1551,179,322,253,0.6865353584289551,-1,-1,-1
116,-1,230,127,313,259,0.9910922646522522,-1,-1,-1
116,-1,1217,124,268,227,0.982855498790741,-1,-1,-1
116,-1,928,84,258,190,0.7777323722839355,-1,-1,-1
116,-1,1551,179,321,253,0.6984500288963318,-1,-1,-1
117,-1,230,127,313,259,0.9910633563995361,-1,-1,-1
117,-1,1218,124,268,228,0.9828758835792542,-1,-1,-1
117,-1,928,84,258,190,0.7809373736381531,-1,-1,-1
117,-1,1551,179,321,253,0.6993857622146606,-1,-1,-1
118,-1,230,127,313,259,0.9910436868667603,-1,-1,-1
118,-1,1218,124,268,228,0.9828517436981201,-1,-1,-1
118,-1,928,84,258,190,0.7837313413619995,-1,-1,-1
118,-1,1551,179,321,253,0.6971464157104492,-1,-1,-1
119,-1,230,127,313,259,0.9911571741104126,-1,-1,-1
119,-1,1218,124,268,228,0.9823663234710693,-1,-1,-1
119,-1,928,84,258,190,0.789118766784668,-1,-1,-1
119,-1,1551,179,322,253,0.6970829367637634,-1,-1,-1
120,-1,230,127,313,259,0.9911097288131714,-1,-1,-1
120,-1,1218,124,268,228,0.9818981289863586,-1,-1,-1
120,-1,928,84,258,190,0.7808290123939514,-1,-1,-1
120,-1,1551,179,322,253,0.6988544464111328,-1,-1,-1
121,-1,231,127,313,260,0.9909002780914307,-1,-1,-1
121,-1,1218,124,268,228,0.9834843277931213,-1,-1,-1
121,-1,928,84,259,192,0.807268500328064,-1,-1,-1
121,-1,1552,179,321,253,0.7091559171676636,-1,-1,-1
122,-1,258,166,330,288,0.9905636310577393,-1,-1,-1
122,-1,1143,122,251,205,0.9856488704681396,-1,-1,-1
123,-1,264,169,337,295,0.9893858432769775,-1,-1,-1
123,-1,1144,120,241,203,0.9887474775314331,-1,-1,-1
123,-1,936,102,215,172,0.6985872387886047,-1,-1,-1
124,-1,256,167,354,304,0.9885380268096924,-1,-1,-1
124,-1,1128,119,249,204,0.9874320030212402,-1,-1,-1
124,-1,938,101,210,171,0.6955659985542297,-1,-1,-1
125,-1,258,173,360,307,0.9903019070625305,-1,-1,-1
125,-1,1118,119,250,205,0.988754391670227,-1,-1,-1
126,-1,259,178,364,309,0.9891357421875,-1,-1,-1
126,-1,1110,119,253,202,0.9882315993309021,-1,-1,-1
127,-1,259,178,364,309,0.9892168045043945,-1,-1,-1
127,-1,1110,119,253,202,0.9877275228500366,-1,-1,-1
128,-1,259,178,364,309,0.9890734553337097,-1,-1,-1
128,-1,1110,119,253,201,0.987514317035675,-1,-1,-1
129,-1,259,178,364,309,0.989158034324646,-1,-1,-1
129,-1,1110,119,253,202,0.9868382811546326,-1,-1,-1
130,-1,260,178,364,309,0.9891253709793091,-1,-1,-1
130,-1,1110,119,253,201,0.9870811104774475,-1,-1,-1
131,-1,259,177,364,311,0.9888022541999817,-1,-1,-1
131,-1,1108,119,255,201,0.986485481262207,-1,-1,-1
132,-1,283,204,393,338,0.9916536211967468,-1,-1,-1
132,-1,201,91,226,180,0.9688548445701599,-1,-1,-1
132,-1,1081,110,239,196,0.9537861347198486,-1,-1,-1
132,-1,1529,152,344,277,0.8626097440719604,-1,-1,-1
133,-1,282,207,401,336,0.9892337322235107,-1,-1,-1
133,-1,1083,106,234,201,0.9720430374145508,-1,-1,-1
133,-1,200,91,225,182,0.940229594707489,-1,-1,-1
133,-1,1509,144,344,273,0.8678992986679077,-1,-1,-1
134,-1,286,208,403,348,0.9912264943122864,-1,-1,-1
134,-1,1074,112,233,192,0.9640488028526306,-1,-1,-1
134,-1,199,93,231,182,0.9401111602783203,-1,-1,-1
134,-1,1499,140,344,274,0.8998161554336548,-1,-1,-1
135,-1,288,218,420,347,0.9886820316314697,-1,-1,-1
135,-1,1068,107,233,198,0.9676641821861267,-1,-1,-1
135,-1,205,95,228,188,0.9491866827011108,-1,-1,-1
135,-1,1487,145,343,265,0.854519248008728,-1,-1,-1
136,-1,298,220,414,352,0.9875242710113525,-1,-1,-1
136,-1,1066,109,230,195,0.9658172726631165,-1,-1,-1
136,-1,201,95,232,186,0.9473018646240234,-1,-1,-1
136,-1,1463,141,363,269,0.8056835532188416,-1,-1,-1
137,-1,299,219,419,361,0.986352801322937,-1,-1,-1
137,-1,1062,110,229,193,0.9751449227333069,-1,-1,-1
137,-1,199,94,234,189,0.9556284546852112,-1,-1,-1
137,-1,1457,129,355,275,0.8609139919281006,-1,-1,-1
138,-1,300,228,434,366,0.9904176592826843,-1,-1,-1
138,-1,199,94,236,194,0.9707406759262085,-1,-1,-1
138,-1,1060,109,227,193,0.965614378452301,-1,-1,-1
138,-1,1449,132,351,272,0.8107558488845825,-1,-1,-1
139,-1,302,232,438,376,0.9907925128936768,-1,-1,-1
139,-1,1053,110,221,192,0.9647438526153564,-1,-1,-1
139,-1,208,95,224,196,0.9473955631256104,-1,-1,-1
139,-1,1435,132,353,266,0.7681912779808044,-1,-1,-1
140,-1,302,244,456,377,0.9860602617263794,-1,-1,-1
140,-1,1051,107,219,193,0.9524379968643188,-1,-1,-1
140,-1,203,96,233,197,0.9405853152275085,-1,-1,-1
140,-1,421,151,169,119,0.6162056922912598,-1,-1,-1
141,-1,300,248,470,385,0.9840151071548462,-1,-1,-1
141,-1,1045,113,219,186,0.9775300621986389,-1,-1,-1
141,-1,202,99,237,196,0.9250332713127136,-1,-1,-1
141,-1,422,149,171,120,0.8932783603668213,-1,-1,-1
141,-1,1435,125,324,264,0.7633955478668213,-1,-1,-1
142,-1,311,244,457,396,0.9908862113952637,-1,-1,-1
142,-1,1038,109,217,190,0.9520840644836426,-1,-1,-1
142,-1,204,101,233,197,0.9365899562835693,-1,-1,-1
142,-1,1417,132,325,257,0.8642891645431519,-1,-1,-1
142,-1,416,145,181,131,0.8112258911132812,-1,-1,-1
143,-1,308,258,477,404,0.9880812168121338,-1,-1,-1
143,-1,1031,107,221,191,0.9749560952186584,-1,-1,-1
143,-1,422,143,174,129,0.9490694999694824,-1,-1,-1
143,-1,205,101,235,200,0.9302696585655212,-1,-1,-1
143,-1,1413,130,312,258,0.7864382266998291,-1,-1,-1
144,-1,306,272,487,401,0.9867598414421082,-1,-1,-1
144,-1,1026,107,226,191,0.973629891872406,-1,-1,-1
144,-1,422,142,180,130,0.9463697075843811,-1,-1,-1
144,-1,208,103,238,204,0.9174612760543823,-1,-1,-1
144,-1,1398,126,323,256,0.6459512114524841,-1,-1,-1
145,-1,304,272,490,402,0.9869365096092224,-1,-1,-1
145,-1,1027,107,224,191,0.9750229716300964,-1,-1,-1
145,-1,424,139,181,132,0.9459815621376038,-1,-1,-1
145,-1,208,102,238,205,0.9158498644828796,-1,-1,-1
145,-1,1396,125,325,257,0.6195131540298462,-1,-1,-1
146,-1,304,272,490,402,0.9870603084564209,-1,-1,-1
146,-1,1027,107,224,191,0.9747811555862427,-1,-1,-1
146,-1,424,139,181,132,0.9473361968994141,-1,-1,-1
146,-1,208,102,238,204,0.9164382815361023,-1,-1,-1
146,-1,1397,125,324,257,0.6360259056091309,-1,-1,-1
147,-1,304,271,491,402,0.9868930578231812,-1,-1,-1
147,-1,1028,107,224,191,0.97519850730896,-1,-1,-1
147,-1,424,143,178,130,0.9542028307914734,-1,-1,-1
147,-1,208,103,238,204,0.91578209400177,-1,-1,-1
147,-1,1396,125,325,257,0.6340213418006897,-1,-1,-1
148,-1,304,272,491,402,0.9868831038475037,-1,-1,-1
148,-1,1028,107,224,191,0.9749777317047119,-1,-1,-1
148,-1,424,143,178,130,0.9541811347007751,-1,-1,-1
148,-1,208,103,237,204,0.9143289923667908,-1,-1,-1
148,-1,1393,125,331,257,0.6563857197761536,-1,-1,-1
149,-1,304,272,490,402,0.9868157505989075,-1,-1,-1
149,-1,1028,107,224,191,0.9751231670379639,-1,-1,-1
149,-1,424,143,178,130,0.9544649124145508,-1,-1,-1
149,-1,208,103,237,205,0.9152335524559021,-1,-1,-1
149,-1,1393,125,331,257,0.6689354181289673,-1,-1,-1
150,-1,304,272,490,402,0.9869303703308105,-1,-1,-1
150,-1,1027,107,224,191,0.9744365811347961,-1,-1,-1
150,-1,424,143,178,130,0.9546491503715515,-1,-1,-1
150,-1,208,103,238,204,0.9167840480804443,-1,-1,-1
150,-1,1393,125,331,257,0.6576074957847595,-1,-1,-1
151,-1,306,271,486,401,0.9869996905326843,-1,-1,-1
151,-1,1027,106,225,191,0.96669602394104,-1,-1,-1
151,-1,423,142,178,130,0.9442000985145569,-1,-1,-1
151,-1,207,101,239,205,0.9153681993484497,-1,-1,-1
151,-1,1400,130,309,256,0.6075101494789124,-1,-1,-1
152,-1,353,353,572,454,0.9891809821128845,-1,-1,-1
152,-1,213,109,259,215,0.9655300378799438,-1,-1,-1
152,-1,445,123,187,148,0.9389945268630981,-1,-1,-1
152,-1,959,101,253,184,0.9322203397750854,-1,-1,-1
152,-1,1327,123,306,245,0.6497378349304199,-1,-1,-1
153,-1,359,356,584,476,0.989787220954895,-1,-1,-1
153,-1,216,111,261,215,0.9756801128387451,-1,-1,-1
153,-1,444,123,191,146,0.9723612070083618,-1,-1,-1
153,-1,984,101,221,182,0.9451279640197754,-1,-1,-1
154,-1,356,362,619,492,0.9876675605773926,-1,-1,-1
154,-1,444,124,196,147,0.9799282550811768,-1,-1,-1
154,-1,217,115,271,216,0.9765966534614563,-1,-1,-1
154,-1,935,105,274,179,0.9421254992485046,-1,-1,-1
154,-1,1311,121,300,246,0.7877833843231201,-1,-1,-1
155,-1,374,372,635,504,0.9891826510429382,-1,-1,-1
155,-1,218,114,273,218,0.9790576696395874,-1,-1,-1
155,-1,444,125,201,149,0.9750717878341675,-1,-1,-1
155,-1,921,106,278,175,0.9061327576637268,-1,-1,-1
155,-1,1296,125,298,233,0.7053325176239014,-1,-1,-1
156,-1,386,380,637,521,0.9878016114234924,-1,-1,-1
156,-1,447,124,205,150,0.983117938041687,-1,-1,-1
156,-1,216,113,278,221,0.9764776229858398,-1,-1,-1
156,-1,1289,122,296,242,0.8435305953025818,-1,-1,-1
156,-1,928,104,272,175,0.842184841632843,-1,-1,-1
157,-1,400,379,618,539,0.9911273121833801,-1,-1,-1
157,-1,451,124,206,153,0.9857988357543945,-1,-1,-1
157,-1,215,110,282,225,0.9783684015274048,-1,-1,-1
157,-1,943,101,252,182,0.8035588264465332,-1,-1,-1
157,-1,1286,118,289,241,0.7672833800315857,-1,-1,-1
158,-1,400,388,658,561,0.9922582507133484,-1,-1,-1
158,-1,216,111,282,227,0.9795894026756287,-1,-1,-1
158,-1,456,124,206,154,0.9751757383346558,-1,-1,-1
158,-1,942,101,250,180,0.7478469014167786,-1,-1,-1
158,-1,1274,120,292,239,0.6202581524848938,-1,-1,-1
159,-1,410,412,673,571,0.9911503791809082,-1,-1,-1
159,-1,221,110,283,231,0.9831526875495911,-1,-1,-1
159,-1,461,123,204,157,0.977713406085968,-1,-1,-1
159,-1,1267,125,286,231,0.6986860036849976,-1,-1,-1
159,-1,947,102,243,177,0.6150050759315491,-1,-1,-1
160,-1,430,419,687,592,0.9809280037879944,-1,-1,-1
160,-1,225,113,279,232,0.976198136806488,-1,-1,-1
160,-1,464,123,206,157,0.9578943848609924,-1,-1,-1
160,-1,1264,125,285,228,0.7259617447853088,-1,-1,-1
161,-1,427,431,710,609,0.9876205325126648,-1,-1,-1
161,-1,227,112,280,236,0.9809823036193848,-1,-1,-1
161,-1,470,127,203,157,0.863209068775177,-1,-1,-1
161,-1,931,106,256,172,0.7365138530731201,-1,-1,-1
161,-1,1252,126,283,223,0.6463738679885864,-1,-1,-1
162,-1,427,431,710,609,0.9878032803535461,-1,-1,-1
162,-1,227,112,280,237,0.9807443022727966,-1,-1,-1
162,-1,470,127,203,157,0.860852062702179,-1,-1,-1
162,-1,931,106,255,172,0.7247520685195923,-1,-1,-1
162,-1,1252,126,283,223,0.6510664224624634,-1,-1,-1
163,-1,427,431,710,609,0.9878410696983337,-1,-1,-1
163,-1,227,112,280,237,0.9807009696960449,-1,-1,-1
163,-1,470,127,203,157,0.8525439500808716,-1,-1,-1
163,-1,931,106,256,172,0.7469316720962524,-1,-1,-1
163,-1,1251,125,285,226,0.6633700132369995,-1,-1,-1
164,-1,427,431,710,609,0.9879746437072754,-1,-1,-1
164,-1,222,113,287,236,0.9769183993339539,-1,-1,-1
164,-1,470,126,203,157,0.8431941270828247,-1,-1,-1
164,-1,931,106,256,172,0.7436302304267883,-1,-1,-1
164,-1,1252,126,283,223,0.6337890625,-1,-1,-1
165,-1,427,431,710,610,0.9878131151199341,-1,-1,-1
165,-1,222,113,287,236,0.9771319031715393,-1,-1,-1
165,-1,470,127,203,157,0.8444212079048157,-1,-1,-1
165,-1,931,106,256,172,0.7486833333969116,-1,-1,-1
165,-1,1251,125,285,226,0.6646996140480042,-1,-1,-1
166,-1,427,431,710,609,0.9880077838897705,-1,-1,-1
166,-1,227,112,280,237,0.9799565076828003,-1,-1,-1
166,-1,470,127,203,157,0.8501778841018677,-1,-1,-1
166,-1,930,106,257,172,0.7067559957504272,-1,-1,-1
166,-1,1252,126,284,223,0.6571923494338989,-1,-1,-1
167,-1,427,431,710,609,0.9878942370414734,-1,-1,-1
167,-1,227,112,280,237,0.9801044464111328,-1,-1,-1
167,-1,470,127,203,157,0.8523145914077759,-1,-1,-1
167,-1,930,106,258,172,0.6922736763954163,-1,-1,-1
167,-1,1253,126,279,228,0.6572210788726807,-1,-1,-1
168,-1,427,431,710,609,0.9878230094909668,-1,-1,-1
168,-1,227,112,280,237,0.9800295233726501,-1,-1,-1
168,-1,470,126,203,157,0.8528672456741333,-1,-1,-1
168,-1,929,106,258,172,0.6822455525398254,-1,-1,-1
168,-1,1252,126,283,223,0.6639525890350342,-1,-1,-1
169,-1,427,432,711,607,0.9882277846336365,-1,-1,-1
169,-1,227,113,279,236,0.9791655540466309,-1,-1,-1
169,-1,470,126,204,157,0.8907931447029114,-1,-1,-1
169,-1,1253,126,283,224,0.6639397740364075,-1,-1,-1
169,-1,932,104,246,173,0.6392285227775574,-1,-1,-1
170,-1,427,432,711,607,0.988224983215332,-1,-1,-1
170,-1,229,114,275,236,0.9816286563873291,-1,-1,-1
170,-1,470,126,203,157,0.8926293253898621,-1,-1,-1
170,-1,1254,126,283,224,0.6752309799194336,-1,-1,-1
170,-1,932,104,246,173,0.6308152079582214,-1,-1,-1
171,-1,427,432,711,607,0.9881420731544495,-1,-1,-1
171,-1,229,114,275,236,0.9818670749664307,-1,-1,-1
171,-1,470,126,203,157,0.8918233513832092,-1,-1,-1
171,-1,1254,126,283,224,0.6808063983917236,-1,-1,-1
171,-1,932,104,246,173,0.6380696296691895,-1,-1,-1
172,-1,252,124,318,270,0.98974609375,-1,-1,-1
172,-1,514,140,221,162,0.759954571723938,-1,-1,-1
173,-1,249,129,327,273,0.9829052686691284,-1,-1,-1
173,-1,527,135,212,174,0.7134450078010559,-1,-1,-1
174,-1,256,131,327,275,0.986894965171814,-1,-1,-1
174,-1,535,139,211,169,0.6805571913719177,-1,-1,-1
175,-1,258,135,336,276,0.9903203845024109,-1,-1,-1
175,-1,544,140,205,174,0.8737573623657227,-1,-1,-1
176,-1,260,136,334,282,0.9914681911468506,-1,-1,-1
176,-1,547,141,208,176,0.8058680891990662,-1,-1,-1
176,-1,1143,105,265,219,0.6771660447120667,-1,-1,-1
177,-1,265,137,335,287,0.987532913684845,-1,-1,-1
177,-1,549,144,214,173,0.8252769708633423,-1,-1,-1
178,-1,272,147,345,285,0.9898353219032288,-1,-1,-1
178,-1,554,145,209,176,0.911952793598175,-1,-1,-1
179,-1,274,150,354,287,0.9897369742393494,-1,-1,-1
179,-1,554,144,214,173,0.8608583807945251,-1,-1,-1
179,-1,1129,107,264,211,0.6586893200874329,-1,-1,-1
180,-1,274,148,360,300,0.9913889765739441,-1,-1,-1
180,-1,558,146,213,177,0.8751212954521179,-1,-1,-1
181,-1,272,150,364,305,0.9898160696029663,-1,-1,-1
181,-1,1113,105,265,213,0.6549453139305115,-1,-1,-1
182,-1,270,157,380,306,0.989183783531189,-1,-1,-1
183,-1,280,163,370,310,0.9929904937744141,-1,-1,-1
184,-1,281,166,380,314,0.9919147491455078,-1,-1,-1
185,-1,280,163,394,329,0.9863536357879639,-1,-1,-1
186,-1,282,174,392,323,0.9883373379707336,-1,-1,-1
187,-1,283,175,403,333,0.9836812019348145,-1,-1,-1
188,-1,293,182,398,333,0.9880452752113342,-1,-1,-1
189,-1,293,182,398,333,0.9878657460212708,-1,-1,-1
190,-1,293,182,398,333,0.9878308176994324,-1,-1,-1
191,-1,292,183,407,335,0.9829778075218201,-1,-1,-1
192,-1,308,204,428,348,0.9859994053840637,-1,-1,-1
193,-1,308,212,437,350,0.9869072437286377,-1,-1,-1
194,-1,306,216,448,352,0.9827070832252502,-1,-1,-1
195,-1,312,210,456,364,0.9840431809425354,-1,-1,-1
196,-1,323,214,456,377,0.9894266128540039,-1,-1,-1
197,-1,328,220,461,382,0.9856598377227783,-1,-1,-1
197,-1,430,107,237,156,0.7664890289306641,-1,-1,-1
198,-1,328,226,481,389,0.9828503131866455,-1,-1,-1
198,-1,426,101,216,166,0.8043488264083862,-1,-1,-1
199,-1,333,230,494,399,0.9807648062705994,-1,-1,-1
199,-1,419,100,217,172,0.7707518339157104,-1,-1,-1
200,-1,345,232,496,408,0.9882878661155701,-1,-1,-1
200,-1,412,98,222,179,0.7315673828125,-1,-1,-1
201,-1,342,246,515,414,0.9700552225112915,-1,-1,-1
201,-1,412,95,213,185,0.9169695377349854,-1,-1,-1
202,-1,342,246,515,414,0.9700774550437927,-1,-1,-1
202,-1,412,95,213,185,0.9083683490753174,-1,-1,-1
203,-1,342,246,516,413,0.9701860547065735,-1,-1,-1
203,-1,412,95,213,185,0.9100321531295776,-1,-1,-1
204,-1,349,253,506,409,0.969953179359436,-1,-1,-1
204,-1,412,95,213,185,0.9094719290733337,-1,-1,-1
205,-1,340,246,509,422,0.9691780209541321,-1,-1,-1
205,-1,412,95,213,185,0.9267016649246216,-1,-1,-1
206,-1,348,253,505,410,0.9692594408988953,-1,-1,-1
206,-1,412,95,213,185,0.9264608025550842,-1,-1,-1
207,-1,349,253,506,410,0.9693557620048523,-1,-1,-1
207,-1,412,95,213,185,0.9246687889099121,-1,-1,-1
208,-1,348,253,506,409,0.9703661799430847,-1,-1,-1
208,-1,412,95,213,185,0.9242048263549805,-1,-1,-1
209,-1,348,253,506,409,0.9705228805541992,-1,-1,-1
209,-1,412,95,213,185,0.9241828322410583,-1,-1,-1
210,-1,348,253,507,409,0.9709665179252625,-1,-1,-1
210,-1,412,95,212,185,0.9230683445930481,-1,-1,-1
211,-1,348,253,507,409,0.9708340167999268,-1,-1,-1
211,-1,412,95,212,185,0.9220372438430786,-1,-1,-1
212,-1,439,348,658,537,0.9921934604644775,-1,-1,-1
212,-1,1289,204,382,297,0.9686403870582581,-1,-1,-1
212,-1,412,68,212,203,0.9615374803543091,-1,-1,-1
213,-1,449,346,701,561,0.9892736077308655,-1,-1,-1
213,-1,1272,196,383,300,0.967926561832428,-1,-1,-1
213,-1,415,66,213,206,0.9642882943153381,-1,-1,-1
214,-1,463,375,699,563,0.9941657781600952,-1,-1,-1
214,-1,1249,197,372,284,0.9791151285171509,-1,-1,-1
214,-1,420,65,212,206,0.944686770439148,-1,-1,-1
215,-1,468,366,722,592,0.9929637312889099,-1,-1,-1
215,-1,1233,186,370,288,0.9734096527099609,-1,-1,-1
215,-1,422,62,212,212,0.9337109923362732,-1,-1,-1
216,-1,481,372,745,623,0.9889633655548096,-1,-1,-1
216,-1,1213,186,359,277,0.9741933941841125,-1,-1,-1
216,-1,420,59,218,215,0.9582562446594238,-1,-1,-1
217,-1,498,409,760,626,0.9917586445808411,-1,-1,-1
217,-1,1196,178,351,279,0.9757729768753052,-1,-1,-1
217,-1,421,59,217,214,0.9531360864639282,-1,-1,-1
218,-1,504,426,757,635,0.9875301122665405,-1,-1,-1
218,-1,1189,179,339,275,0.9796563386917114,-1,-1,-1
218,-1,423,53,221,221,0.9663978815078735,-1,-1,-1
219,-1,531,449,763,626,0.9869367480278015,-1,-1,-1
219,-1,1169,174,337,268,0.9792354702949524,-1,-1,-1
219,-1,425,53,223,221,0.9723983407020569,-1,-1,-1
219,-1,540,281,369,263,0.8867326378822327,-1,-1,-1
220,-1,516,465,807,622,0.9800488948822021,-1,-1,-1
220,-1,427,53,222,221,0.9770743250846863,-1,-1,-1
220,-1,1146,171,330,262,0.97179114818573,-1,-1,-1
220,-1,557,286,371,271,0.9577662348747253,-1,-1,-1
221,-1,430,51,225,228,0.9824371933937073,-1,-1,-1
221,-1,517,483,841,604,0.9692060351371765,-1,-1,-1
221,-1,563,292,369,275,0.966627299785614,-1,-1,-1
221,-1,1136,161,340,265,0.9185254573822021,-1,-1,-1
222,-1,433,50,225,230,0.982600748538971,-1,-1,-1
222,-1,569,293,376,287,0.9569594264030457,-1,-1,-1
222,-1,1123,160,326,261,0.9470950365066528,-1,-1,-1
222,-1,590,511,862,576,0.9467102289199829,-1,-1,-1
223,-1,438,49,224,233,0.9804665446281433,-1,-1,-1
223,-1,574,301,388,295,0.9750560522079468,-1,-1,-1
223,-1,1106,156,322,259,0.955532431602478,-1,-1,-1
223,-1,598,534,921,553,0.906253457069397,-1,-1,-1
224,-1,437,50,226,233,0.9867774844169617,-1,-1,-1
224,-1,577,307,393,302,0.9790036082267761,-1,-1,-1
224,-1,1095,151,323,258,0.9263944029808044,-1,-1,-1
224,-1,607,551,979,536,0.7657042145729065,-1,-1,-1
225,-1,439,47,226,238,0.9892898201942444,-1,-1,-1
225,-1,576,307,393,302,0.9788420796394348,-1,-1,-1
225,-1,1096,151,322,258,0.9327793717384338,-1,-1,-1
225,-1,607,551,978,536,0.7652180790901184,-1,-1,-1
226,-1,439,48,226,238,0.9885997772216797,-1,-1,-1
226,-1,577,307,393,302,0.9797003865242004,-1,-1,-1
226,-1,1095,151,322,258,0.9360928535461426,-1,-1,-1
226,-1,608,552,978,535,0.7821269035339355,-1,-1,-1
227,-1,439,48,226,238,0.9884340167045593,-1,-1,-1
227,-1,576,307,393,302,0.9795792102813721,-1,-1,-1
227,-1,1095,151,322,258,0.9301950931549072,-1,-1,-1
227,-1,608,552,977,535,0.7810570597648621,-1,-1,-1
228,-1,439,48,226,238,0.9882929921150208,-1,-1,-1
228,-1,576,307,393,302,0.9794953465461731,-1,-1,-1
228,-1,1095,151,322,258,0.924945056438446,-1,-1,-1
228,-1,608,553,977,534,0.7840417623519897,-1,-1,-1
229,-1,438,48,225,238,0.989944577217102,-1,-1,-1
229,-1,577,308,393,302,0.9792693257331848,-1,-1,-1
229,-1,1095,151,323,259,0.9331320524215698,-1,-1,-1
229,-1,608,552,977,535,0.7709633111953735,-1,-1,-1
230,-1,438,47,225,238,0.9900234341621399,-1,-1,-1
230,-1,577,308,393,302,0.9797661900520325,-1,-1,-1
230,-1,1095,151,323,258,0.9338054656982422,-1,-1,-1
230,-1,608,552,977,535,0.7737488150596619,-1,-1,-1
231,-1,439,46,224,239,0.9871605634689331,-1,-1,-1
231,-1,568,308,400,301,0.9745647311210632,-1,-1,-1
231,-1,1093,155,319,258,0.9070724844932556,-1,-1,-1
231,-1,608,550,978,537,0.8200530409812927,-1,-1,-1
232,-1,454,42,244,258,0.9823538064956665,-1,-1,-1
232,-1,587,388,475,361,0.9711814522743225,-1,-1,-1
233,-1,455,48,246,255,0.9858724474906921,-1,-1,-1
233,-1,597,394,478,375,0.9760534167289734,-1,-1,-1
234,-1,459,47,246,258,0.9834307432174683,-1,-1,-1
234,-1,595,407,495,381,0.9713925719261169,-1,-1,-1
235,-1,462,44,248,265,0.9829777479171753,-1,-1,-1
235,-1,602,421,503,390,0.9763473868370056,-1,-1,-1
236,-1,466,44,247,268,0.9761130213737488,-1,-1,-1
236,-1,606,434,515,396,0.9524253010749817,-1,-1,-1
237,-1,460,45,257,264,0.9654730558395386,-1,-1,-1
237,-1,615,446,520,415,0.959800660610199,-1,-1,-1
237,-1,950,104,293,241,0.8144553303718567,-1,-1,-1
238,-1,464,42,261,270,0.9704091548919678,-1,-1,-1
238,-1,613,467,547,412,0.9347116351127625,-1,-1,-1
238,-1,929,96,301,246,0.7178227305412292,-1,-1,-1
239,-1,470,49,256,270,0.9797098636627197,-1,-1,-1
239,-1,628,471,537,434,0.9671745896339417,-1,-1,-1
239,-1,927,88,295,251,0.7450249195098877,-1,-1,-1
240,-1,475,52,257,268,0.9866012930870056,-1,-1,-1
240,-1,628,490,571,442,0.9421281218528748,-1,-1,-1
240,-1,919,106,284,227,0.677194356918335,-1,-1,-1
241,-1,474,46,259,277,0.9826532602310181,-1,-1,-1
241,-1,651,508,557,452,0.9402850270271301,-1,-1,-1
241,-1,923,112,268,220,0.7888906598091125,-1,-1,-1
241,-1,1344,266,381,284,0.7485166788101196,-1,-1,-1
242,-1,474,46,259,277,0.9823153018951416,-1,-1,-1
242,-1,651,509,556,451,0.9415888786315918,-1,-1,-1
242,-1,923,112,268,220,0.7939351201057434,-1,-1,-1
242,-1,1344,266,381,284,0.7525607943534851,-1,-1,-1
243,-1,474,46,259,277,0.9823083877563477,-1,-1,-1
243,-1,651,509,556,451,0.9403441548347473,-1,-1,-1
243,-1,923,112,268,220,0.792055606842041,-1,-1,-1
243,-1,1344,266,381,284,0.7517489194869995,-1,-1,-1
244,-1,474,46,259,277,0.9818634986877441,-1,-1,-1
244,-1,651,508,556,452,0.940224826335907,-1,-1,-1
244,-1,923,112,268,220,0.7969589829444885,-1,-1,-1
244,-1,1344,266,381,284,0.7469789981842041,-1,-1,-1
245,-1,474,46,259,277,0.9817257523536682,-1,-1,-1
245,-1,651,509,556,451,0.9411653876304626,-1,-1,-1
245,-1,923,112,268,220,0.8000144958496094,-1,-1,-1
245,-1,1344,266,381,284,0.7415602207183838,-1,-1,-1
246,-1,474,46,259,277,0.9821377992630005,-1,-1,-1
246,-1,651,508,556,452,0.9404463171958923,-1,-1,-1
246,-1,924,112,268,219,0.8153184056282043,-1,-1,-1
246,-1,1344,266,381,284,0.7339166402816772,-1,-1,-1
247,-1,474,46,259,277,0.9821749329566956,-1,-1,-1
247,-1,638,511,572,446,0.9405425786972046,-1,-1,-1
247,-1,924,112,268,219,0.809395432472229,-1,-1,-1
247,-1,1344,266,381,284,0.7300196290016174,-1,-1,-1
248,-1,474,46,259,277,0.9821572303771973,-1,-1,-1
248,-1,651,508,556,452,0.9408543109893799,-1,-1,-1
248,-1,924,112,267,219,0.7960253357887268,-1,-1,-1
248,-1,1344,266,381,284,0.7317698001861572,-1,-1,-1
249,-1,474,46,259,277,0.9819720387458801,-1,-1,-1
249,-1,651,509,556,451,0.9410030245780945,-1,-1,-1
249,-1,924,112,267,219,0.7901692986488342,-1,-1,-1
249,-1,1344,266,381,284,0.7311316132545471,-1,-1,-1
250,-1,474,46,259,277,0.9818502068519592,-1,-1,-1
250,-1,638,511,572,446,0.9406738877296448,-1,-1,-1
250,-1,924,112,267,219,0.7932278513908386,-1,-1,-1
250,-1,1344,266,381,284,0.7331763505935669,-1,-1,-1
251,-1,474,46,259,277,0.9819843173027039,-1,-1,-1
251,-1,638,511,572,446,0.9405376315116882,-1,-1,-1
251,-1,924,112,267,219,0.7963542938232422,-1,-1,-1
251,-1,1344,267,381,284,0.7296077609062195,-1,-1,-1
252,-1,520,44,284,295,0.9814888834953308,-1,-1,-1
252,-1,1164,199,354,261,0.6952657103538513,-1,-1,-1
253,-1,531,44,285,300,0.9823083877563477,-1,-1,-1
253,-1,1177,201,326,256,0.6346378326416016,-1,-1,-1
254,-1,534,46,290,299,0.9845227003097534,-1,-1,-1
255,-1,534,46,294,303,0.9816856384277344,-1,-1,-1
256,-1,545,48,297,314,0.9702171683311462,-1,-1,-1
257,-1,551,55,299,305,0.9729065895080566,-1,-1,-1
258,-1,557,45,298,317,0.9817665219306946,-1,-1,-1
259,-1,560,50,305,318,0.979237973690033,-1,-1,-1
260,-1,567,55,303,316,0.9683960676193237,-1,-1,-1
261,-1,575,50,306,324,0.9647965431213379,-1,-1,-1
262,-1,579,44,316,339,0.9646404385566711,-1,-1,-1
262,-1,1057,156,340,253,0.6093661189079285,-1,-1,-1
263,-1,587,44,311,343,0.9625261425971985,-1,-1,-1
263,-1,1033,153,352,255,0.6217772960662842,-1,-1,-1
264,-1,592,48,313,337,0.9771469235420227,-1,-1,-1
264,-1,1550,207,348,254,0.8344600796699524,-1,-1,-1
264,-1,1074,171,292,232,0.746788740158081,-1,-1,-1
265,-1,599,54,323,341,0.9777505397796631,-1,-1,-1
265,-1,1517,205,346,246,0.845076858997345,-1,-1,-1
265,-1,1067,167,293,232,0.6279260516166687,-1,-1,-1
266,-1,608,53,322,347,0.9650930166244507,-1,-1,-1
266,-1,1505,203,332,240,0.8396923542022705,-1,-1,-1
267,-1,614,55,326,352,0.9748343229293823,-1,-1,-1
267,-1,1483,197,328,235,0.8787965774536133,-1,-1,-1
268,-1,624,63,326,350,0.9580504298210144,-1,-1,-1
268,-1,1472,194,322,233,0.8241174221038818,-1,-1,-1
269,-1,627,70,338,347,0.9750006198883057,-1,-1,-1
269,-1,1448,189,329,230,0.8666898608207703,-1,-1,-1
270,-1,632,61,340,358,0.9704463481903076,-1,-1,-1
270,-1,1441,188,319,225,0.8823471069335938,-1,-1,-1
271,-1,642,61,345,364,0.9733095169067383,-1,-1,-1
271,-1,1423,184,317,220,0.9237738847732544,-1,-1,-1
272,-1,648,75,351,361,0.970249354839325,-1,-1,-1
272,-1,1410,182,319,223,0.9197807312011719,-1,-1,-1
273,-1,663,77,361,365,0.9742311835289001,-1,-1,-1
273,-1,1395,177,306,218,0.8809917569160461,-1,-1,-1
274,-1,668,76,359,374,0.9758440256118774,-1,-1,-1
274,-1,1374,173,303,215,0.8820211887359619,-1,-1,-1
275,-1,680,80,358,374,0.9717016220092773,-1,-1,-1
275,-1,1363,175,292,212,0.6945534348487854,-1,-1,-1
276,-1,678,82,365,375,0.9760389924049377,-1,-1,-1
276,-1,1357,172,285,210,0.8606129884719849,-1,-1,-1
277,-1,689,78,378,393,0.9772266149520874,-1,-1,-1
277,-1,1339,160,287,218,0.7272066473960876,-1,-1,-1
278,-1,700,88,377,393,0.9803144931793213,-1,-1,-1
279,-1,708,91,377,395,0.9827913641929626,-1,-1,-1
280,-1,708,91,377,395,0.9833365082740784,-1,-1,-1
281,-1,707,93,375,392,0.9814550280570984,-1,-1,-1
282,-1,707,92,375,392,0.9814044833183289,-1,-1,-1
283,-1,708,92,375,392,0.9817204475402832,-1,-1,-1
284,-1,708,93,375,392,0.9818491339683533,-1,-1,-1
285,-1,707,93,375,392,0.9814125299453735,-1,-1,-1
286,-1,708,93,374,392,0.9811016917228699,-1,-1,-1
287,-1,708,93,374,392,0.9810060262680054,-1,-1,-1
288,-1,708,93,374,392,0.980968177318573,-1,-1,-1
289,-1,708,92,375,392,0.9817158579826355,-1,-1,-1
290,-1,708,92,374,392,0.9815977811813354,-1,-1,-1
291,-1,708,92,375,392,0.9816889762878418,-1,-1,-1
292,-1,850,114,484,492,0.9654141664505005,-1,-1,-1
292,-1,148,164,421,191,0.8961201906204224,-1,-1,-1
292,-1,1413,256,386,286,0.84012770652771,-1,-1,-1
293,-1,865,106,500,510,0.9579309225082397,-1,-1,-1
293,-1,135,165,384,192,0.9117529988288879,-1,-1,-1
293,-1,1384,245,380,282,0.6958504319190979,-1,-1,-1
294,-1,885,119,491,513,0.9655925035476685,-1,-1,-1
294,-1,104,170,373,187,0.8908092975616455,-1,-1,-1
294,-1,1371,247,365,271,0.6062828898429871,-1,-1,-1
295,-1,902,125,498,518,0.9545539021492004,-1,-1,-1
295,-1,93,170,379,189,0.9402637481689453,-1,-1,-1
295,-1,1362,241,361,269,0.8475929498672485,-1,-1,-1
296,-1,917,127,516,525,0.9672081470489502,-1,-1,-1
296,-1,74,169,376,189,0.9319653511047363,-1,-1,-1
296,-1,1361,231,358,275,0.8531862497329712,-1,-1,-1
297,-1,924,108,535,559,0.9781754612922668,-1,-1,-1
297,-1,48,170,393,189,0.8647201657295227,-1,-1,-1
297,-1,1389,224,309,267,0.6967955827713013,-1,-1,-1
298,-1,958,154,529,527,0.9207435250282288,-1,-1,-1
298,-1,42,170,400,187,0.8665254712104797,-1,-1,-1
299,-1,980,151,548,556,0.9324531555175781,-1,-1,-1
299,-1,23,175,367,183,0.7848981022834778,-1,-1,-1
