1,-1,1305,747,345,207,0.9932838678359985,-1,-1,-1
1,-1,2021,905,198,167,0.9778098464012146,-1,-1,-1
2,-1,1291,743,345,210,0.9934896230697632,-1,-1,-1
2,-1,2027,905,191,164,0.9681504964828491,-1,-1,-1
3,-1,1273,741,348,215,0.9921080470085144,-1,-1,-1
3,-1,2038,904,187,164,0.9717204570770264,-1,-1,-1
4,-1,1258,741,359,222,0.9889029860496521,-1,-1,-1
4,-1,2041,906,186,158,0.9818105697631836,-1,-1,-1
5,-1,1235,739,369,218,0.9906904697418213,-1,-1,-1
5,-1,2045,905,183,157,0.9810498356819153,-1,-1,-1
6,-1,1226,735,381,223,0.9894346594810486,-1,-1,-1
6,-1,2049,903,182,154,0.9863142967224121,-1,-1,-1
7,-1,1200,732,390,227,0.9903483390808105,-1,-1,-1
7,-1,2045,904,181,153,0.9871395230293274,-1,-1,-1
8,-1,2049,904,178,148,0.9894715547561646,-1,-1,-1
8,-1,1184,731,392,228,0.987583339214325,-1,-1,-1
9,-1,1171,728,400,233,0.9935063123703003,-1,-1,-1
9,-1,2052,902,173,146,0.9882789850234985,-1,-1,-1
10,-1,1152,725,407,235,0.9901152849197388,-1,-1,-1
10,-1,2054,902,171,145,0.9885603785514832,-1,-1,-1
11,-1,1132,723,420,240,0.9902874231338501,-1,-1,-1
11,-1,2061,902,173,140,0.9805008172988892,-1,-1,-1
12,-1,1118,721,420,240,0.9926256537437439,-1,-1,-1
12,-1,2063,902,170,140,0.982783317565918,-1,-1,-1
13,-1,1091,717,421,242,0.9884768724441528,-1,-1,-1
13,-1,2071,901,166,138,0.9799339771270752,-1,-1,-1
14,-1,1078,716,436,244,0.9908289909362793,-1,-1,-1
14,-1,2074,897,166,142,0.9860556125640869,-1,-1,-1
15,-1,1079,717,425,246,0.9923987984657288,-1,-1,-1
15,-1,2079,898,156,142,0.9832795858383179,-1,-1,-1
16,-1,1053,712,446,252,0.9917650818824768,-1,-1,-1
16,-1,2081,900,162,135,0.9797073602676392,-1,-1,-1
17,-1,1027,709,451,254,0.9841317534446716,-1,-1,-1
17,-1,2084,899,160,135,0.9774307608604431,-1,-1,-1
18,-1,1009,707,465,257,0.985934317111969,-1,-1,-1
18,-1,2088,901,155,132,0.9713114500045776,-1,-1,-1
19,-1,992,705,471,258,0.9845715761184692,-1,-1,-1
19,-1,2089,902,154,130,0.9649516344070435,-1,-1,-1
20,-1,983,702,464,262,0.9815226793289185,-1,-1,-1
20,-1,2098,903,143,121,0.9550145268440247,-1,-1,-1
21,-1,963,699,476,263,0.9777184128761292,-1,-1,-1
21,-1,2100,902,138,119,0.9475337266921997,-1,-1,-1
22,-1,956,698,468,265,0.9765817523002625,-1,-1,-1
22,-1,2102,901,136,118,0.9341706037521362,-1,-1,-1
23,-1,917,692,505,276,0.9827103018760681,-1,-1,-1
23,-1,2103,898,139,119,0.9369723796844482,-1,-1,-1
24,-1,910,692,510,276,0.9825718402862549,-1,-1,-1
24,-1,2105,898,137,117,0.9383749961853027,-1,-1,-1
25,-1,901,693,509,274,0.9793841242790222,-1,-1,-1
25,-1,2108,899,138,115,0.926754891872406,-1,-1,-1
26,-1,890,690,514,278,0.9809768795967102,-1,-1,-1
26,-1,2112,899,136,115,0.9302893877029419,-1,-1,-1
27,-1,885,688,506,279,0.9816964268684387,-1,-1,-1
27,-1,2115,899,133,112,0.8984073996543884,-1,-1,-1
28,-1,873,687,512,279,0.9772238731384277,-1,-1,-1
28,-1,2117,899,133,111,0.8423171639442444,-1,-1,-1
29,-1,871,686,507,281,0.977060079574585,-1,-1,-1
29,-1,2117,899,133,109,0.8088200688362122,-1,-1,-1
30,-1,857,686,519,282,0.9782101511955261,-1,-1,-1
30,-1,2121,899,131,109,0.8075959086418152,-1,-1,-1
31,-1,832,682,544,290,0.977627158164978,-1,-1,-1
31,-1,2123,899,131,107,0.7161703109741211,-1,-1,-1
32,-1,818,681,553,290,0.9785570502281189,-1,-1,-1
32,-1,0,896,997,739,0.6630166172981262,-1,-1,-1
33,-1,813,679,555,294,0.9777376651763916,-1,-1,-1
33,-1,13,948,1206,657,0.8374134302139282,-1,-1,-1
34,-1,794,676,552,298,0.9639579653739929,-1,-1,-1
34,-1,58,974,1342,620,0.8486924767494202,-1,-1,-1
35,-1,778,669,565,299,0.9668972492218018,-1,-1,-1
35,-1,37,893,1416,688,0.7879475951194763,-1,-1,-1
36,-1,783,675,559,298,0.968589723110199,-1,-1,-1
36,-1,219,895,1354,662,0.8474439382553101,-1,-1,-1
37,-1,777,675,558,293,0.9748051762580872,-1,-1,-1
37,-1,507,920,1148,592,0.852043628692627,-1,-1,-1
38,-1,782,674,555,298,0.9704533219337463,-1,-1,-1
38,-1,742,916,1016,565,0.9278042912483215,-1,-1,-1
39,-1,772,674,570,300,0.9740920662879944,-1,-1,-1
39,-1,976,930,855,507,0.9561115503311157,-1,-1,-1
40,-1,774,674,564,299,0.9739608764648438,-1,-1,-1
40,-1,1135,945,757,465,0.9638289213180542,-1,-1,-1
41,-1,768,673,565,300,0.9798407554626465,-1,-1,-1
41,-1,1291,950,661,428,0.9782076478004456,-1,-1,-1
42,-1,1367,953,598,394,0.9777247905731201,-1,-1,-1
42,-1,760,671,564,302,0.9766231775283813,-1,-1,-1
43,-1,1464,957,518,372,0.9812662601470947,-1,-1,-1
43,-1,751,670,569,302,0.9753943681716919,-1,-1,-1
43,-1,1693,798,164,123,0.88679039478302,-1,-1,-1
44,-1,747,669,563,302,0.9753773212432861,-1,-1,-1
44,-1,1525,952,486,358,0.9424882531166077,-1,-1,-1
44,-1,1680,797,167,125,0.9113709330558777,-1,-1,-1
45,-1,743,668,571,305,0.9778579473495483,-1,-1,-1
45,-1,1666,793,175,133,0.963065505027771,-1,-1,-1
45,-1,1594,951,448,332,0.9430167078971863,-1,-1,-1
46,-1,739,667,574,306,0.9795529246330261,-1,-1,-1
46,-1,1652,791,175,135,0.9662364721298218,-1,-1,-1
46,-1,1654,957,423,300,0.8489753007888794,-1,-1,-1
47,-1,1652,792,172,134,0.9802175760269165,-1,-1,-1
47,-1,733,667,579,305,0.9795278310775757,-1,-1,-1
47,-1,1700,957,400,289,0.9055444598197937,-1,-1,-1
48,-1,1626,789,186,136,0.9778397083282471,-1,-1,-1
48,-1,727,664,596,313,0.976617693901062,-1,-1,-1
48,-1,1743,959,386,270,0.7503361701965332,-1,-1,-1
49,-1,1626,789,179,135,0.98317551612854,-1,-1,-1
49,-1,711,661,599,317,0.9791456460952759,-1,-1,-1
49,-1,1777,957,348,264,0.8318799734115601,-1,-1,-1
50,-1,1614,791,187,136,0.9828154444694519,-1,-1,-1
50,-1,704,662,602,316,0.9801297187805176,-1,-1,-1
50,-1,1810,967,312,236,0.6106058955192566,-1,-1,-1
51,-1,1605,789,184,136,0.9811064004898071,-1,-1,-1
51,-1,697,661,602,315,0.9733852744102478,-1,-1,-1
52,-1,701,664,598,313,0.9712206721305847,-1,-1,-1
52,-1,1582,788,194,133,0.9686606526374817,-1,-1,-1
53,-1,1572,787,191,135,0.9829012155532837,-1,-1,-1
53,-1,652,654,610,317,0.9548676609992981,-1,-1,-1
53,-1,1869,962,289,219,0.7965728044509888,-1,-1,-1
54,-1,1537,784,208,139,0.9800358414649963,-1,-1,-1
54,-1,653,653,610,320,0.9526958465576172,-1,-1,-1
54,-1,1895,962,268,210,0.8126336932182312,-1,-1,-1
55,-1,1536,780,202,141,0.9845893979072571,-1,-1,-1
55,-1,642,653,623,319,0.9624577164649963,-1,-1,-1
55,-1,1905,958,248,195,0.74072265625,-1,-1,-1
56,-1,1530,776,196,145,0.9876478910446167,-1,-1,-1
56,-1,614,647,634,327,0.9482797384262085,-1,-1,-1
56,-1,1916,957,243,198,0.6822618246078491,-1,-1,-1
57,-1,1512,772,200,148,0.9904003739356995,-1,-1,-1
57,-1,592,642,644,330,0.9532017111778259,-1,-1,-1
57,-1,1927,952,238,190,0.8896991610527039,-1,-1,-1
58,-1,1495,772,209,147,0.9871182441711426,-1,-1,-1
58,-1,579,640,650,332,0.9553555250167847,-1,-1,-1
58,-1,1951,954,219,183,0.8062825798988342,-1,-1,-1
59,-1,1475,770,212,148,0.99181067943573,-1,-1,-1
59,-1,561,637,659,336,0.9550768136978149,-1,-1,-1
59,-1,1963,950,209,169,0.7770282626152039,-1,-1,-1
60,-1,1458,767,215,151,0.9890725016593933,-1,-1,-1
60,-1,547,635,674,342,0.9630261659622192,-1,-1,-1
60,-1,1971,949,206,160,0.9180652499198914,-1,-1,-1
61,-1,1432,762,222,154,0.9913962483406067,-1,-1,-1
61,-1,521,634,676,341,0.959356427192688,-1,-1,-1
61,-1,1970,946,211,164,0.9542585015296936,-1,-1,-1
62,-1,1413,757,231,158,0.9888624548912048,-1,-1,-1
62,-1,520,638,685,338,0.9611022472381592,-1,-1,-1
62,-1,1983,947,200,161,0.9211100339889526,-1,-1,-1
63,-1,1387,756,240,163,0.9857343435287476,-1,-1,-1
63,-1,469,629,703,347,0.9519243836402893,-1,-1,-1
63,-1,1985,942,201,159,0.8787826895713806,-1,-1,-1
64,-1,1368,751,242,167,0.9931325316429138,-1,-1,-1
64,-1,399,621,758,357,0.9349403381347656,-1,-1,-1
64,-1,1991,942,196,155,0.8380904197692871,-1,-1,-1
65,-1,1345,749,248,164,0.9896418452262878,-1,-1,-1
65,-1,421,624,712,354,0.9432660937309265,-1,-1,-1
65,-1,1996,937,191,157,0.6291775703430176,-1,-1,-1
66,-1,1314,747,264,170,0.9887257218360901,-1,-1,-1
66,-1,440,624,722,356,0.9263256788253784,-1,-1,-1
67,-1,1274,744,275,168,0.9875510334968567,-1,-1,-1
67,-1,371,618,745,359,0.9208999276161194,-1,-1,-1
68,-1,1251,739,279,172,0.9859222173690796,-1,-1,-1
68,-1,356,616,754,366,0.880025327205658,-1,-1,-1
69,-1,1221,734,293,176,0.9874702095985413,-1,-1,-1
69,-1,162,590,845,382,0.7982422709465027,-1,-1,-1
69,-1,2020,936,180,141,0.73215252161026,-1,-1,-1
70,-1,1199,730,290,180,0.9921621680259705,-1,-1,-1
70,-1,2024,930,177,148,0.9453125596046448,-1,-1,-1
70,-1,130,588,843,383,0.8550742268562317,-1,-1,-1
71,-1,1167,727,294,181,0.9835214614868164,-1,-1,-1
71,-1,2017,928,180,145,0.8867943286895752,-1,-1,-1
71,-1,63,573,864,399,0.8805063962936401,-1,-1,-1
72,-1,1128,726,313,183,0.9931326508522034,-1,-1,-1
72,-1,27,564,882,414,0.8604962825775146,-1,-1,-1
72,-1,2033,927,167,144,0.8158422112464905,-1,-1,-1
73,-1,1105,718,310,189,0.9934375882148743,-1,-1,-1
73,-1,0,558,869,425,0.8331137895584106,-1,-1,-1
73,-1,2038,926,166,145,0.8272935152053833,-1,-1,-1
74,-1,1073,718,328,185,0.9898171424865723,-1,-1,-1
74,-1,2044,929,156,133,0.739258348941803,-1,-1,-1
74,-1,0,558,902,427,0.7028777003288269,-1,-1,-1
75,-1,1017,705,343,200,0.9789505004882812,-1,-1,-1
75,-1,2049,922,156,140,0.8127232789993286,-1,-1,-1
75,-1,22,535,898,457,0.6416544318199158,-1,-1,-1
76,-1,972,698,364,206,0.9842460751533508,-1,-1,-1
76,-1,2050,920,152,134,0.7771151065826416,-1,-1,-1
76,-1,36,531,889,459,0.6834948658943176,-1,-1,-1
77,-1,932,695,376,209,0.9721773266792297,-1,-1,-1
77,-1,2049,918,157,136,0.8497224450111389,-1,-1,-1
77,-1,0,522,839,464,0.6533187031745911,-1,-1,-1
78,-1,891,687,384,214,0.9797282814979553,-1,-1,-1
78,-1,2053,920,150,128,0.9326642751693726,-1,-1,-1
79,-1,844,683,400,218,0.9743629097938538,-1,-1,-1
79,-1,2054,919,150,127,0.9306731224060059,-1,-1,-1
80,-1,787,674,411,223,0.9811977744102478,-1,-1,-1
80,-1,2057,916,148,130,0.8989017009735107,-1,-1,-1
81,-1,737,664,426,231,0.9779055714607239,-1,-1,-1
81,-1,2061,915,142,126,0.9307844042778015,-1,-1,-1
82,-1,2057,915,149,124,0.9687670469284058,-1,-1,-1
82,-1,712,661,439,234,0.9640612006187439,-1,-1,-1
83,-1,604,647,502,246,0.9744554758071899,-1,-1,-1
83,-1,2059,914,146,121,0.9638351202011108,-1,-1,-1
84,-1,544,638,489,251,0.9644889831542969,-1,-1,-1
84,-1,2072,916,135,118,0.9175369143486023,-1,-1,-1
85,-1,481,625,519,260,0.9646586775779724,-1,-1,-1
85,-1,2069,914,140,117,0.9113323092460632,-1,-1,-1
86,-1,390,618,554,267,0.9679173827171326,-1,-1,-1
86,-1,2069,913,142,116,0.9438429474830627,-1,-1,-1
87,-1,330,610,574,275,0.959681510925293,-1,-1,-1
87,-1,2076,912,135,119,0.9083248376846313,-1,-1,-1
88,-1,266,596,588,284,0.9526918530464172,-1,-1,-1
88,-1,2080,911,131,117,0.9100284576416016,-1,-1,-1
89,-1,186,581,618,298,0.9447250962257385,-1,-1,-1
89,-1,2081,912,131,114,0.9174294471740723,-1,-1,-1
90,-1,82,576,641,296,0.939670979976654,-1,-1,-1
90,-1,2087,910,125,114,0.9034602046012878,-1,-1,-1
91,-1,4,568,657,299,0.9299464225769043,-1,-1,-1
91,-1,2087,910,126,112,0.9145289063453674,-1,-1,-1
92,-1,2091,912,125,107,0.8714668154716492,-1,-1,-1
92,-1,0,561,607,303,0.8504070043563843,-1,-1,-1
93,-1,2094,910,122,110,0.9131649136543274,-1,-1,-1
94,-1,2096,910,120,107,0.9071083664894104,-1,-1,-1
94,-1,0,715,913,753,0.7261525988578796,-1,-1,-1
95,-1,2097,909,120,106,0.8930708169937134,-1,-1,-1
95,-1,27,679,1126,814,0.7577095031738281,-1,-1,-1
96,-1,2098,909,122,105,0.8726720213890076,-1,-1,-1
96,-1,32,649,1248,769,0.713222861289978,-1,-1,-1
97,-1,125,687,1172,662,0.924199640750885,-1,-1,-1
97,-1,2105,908,118,106,0.8965798020362854,-1,-1,-1
98,-1,409,716,979,578,0.9584294557571411,-1,-1,-1
98,-1,2105,907,121,108,0.8910807371139526,-1,-1,-1
99,-1,638,741,842,504,0.9678884744644165,-1,-1,-1
99,-1,2107,908,119,103,0.9193938374519348,-1,-1,-1
100,-1,838,758,718,451,0.9785817265510559,-1,-1,-1
100,-1,2107,906,121,104,0.924094557762146,-1,-1,-1
101,-1,972,768,594,411,0.9808713793754578,-1,-1,-1
101,-1,2110,905,120,106,0.8768507242202759,-1,-1,-1
102,-1,1092,779,548,383,0.9767764806747437,-1,-1,-1
102,-1,2109,904,123,105,0.8601789474487305,-1,-1,-1
103,-1,1191,790,488,346,0.9749382138252258,-1,-1,-1
103,-1,2114,907,122,103,0.8372526168823242,-1,-1,-1
104,-1,1269,788,455,333,0.9820887446403503,-1,-1,-1
104,-1,2118,904,122,105,0.7397620677947998,-1,-1,-1
105,-1,1343,803,409,298,0.9655882716178894,-1,-1,-1
105,-1,2119,901,127,108,0.7402344346046448,-1,-1,-1
106,-1,1402,807,409,281,0.9734655022621155,-1,-1,-1
107,-1,1455,788,403,285,0.9310324788093567,-1,-1,-1
108,-1,1514,800,339,267,0.9233002066612244,-1,-1,-1
109,-1,1565,839,288,229,0.8578407168388367,-1,-1,-1
110,-1,1608,843,274,216,0.9518269300460815,-1,-1,-1
111,-1,1637,845,276,205,0.9496074318885803,-1,-1,-1
112,-1,1669,850,263,200,0.9862082004547119,-1,-1,-1
113,-1,1687,846,257,203,0.9788656830787659,-1,-1,-1
114,-1,1724,847,240,194,0.9862529635429382,-1,-1,-1
114,-1,1615,783,190,127,0.6400332450866699,-1,-1,-1
115,-1,1749,848,229,193,0.9825457334518433,-1,-1,-1
115,-1,1599,775,187,139,0.8809940814971924,-1,-1,-1
116,-1,1773,858,214,176,0.9893115162849426,-1,-1,-1
116,-1,1581,773,196,147,0.975165069103241,-1,-1,-1
117,-1,1788,861,208,168,0.9898923635482788,-1,-1,-1
117,-1,1561,772,204,146,0.9838424921035767,-1,-1,-1
117,-1,30,785,918,549,0.7899275422096252,-1,-1,-1
118,-1,1804,861,209,166,0.99073725938797,-1,-1,-1
118,-1,1543,769,204,146,0.9837867617607117,-1,-1,-1
118,-1,12,756,1076,591,0.8191443085670471,-1,-1,-1
119,-1,1819,861,204,163,0.9921627640724182,-1,-1,-1
119,-1,1531,766,207,149,0.9851086735725403,-1,-1,-1
119,-1,211,771,1010,510,0.904208779335022,-1,-1,-1
120,-1,1833,863,201,159,0.9937887787818909,-1,-1,-1
120,-1,1508,763,212,152,0.9856030941009521,-1,-1,-1
120,-1,515,792,832,437,0.953774094581604,-1,-1,-1
121,-1,1845,863,194,158,0.9906937479972839,-1,-1,-1
121,-1,1492,761,214,151,0.9903236627578735,-1,-1,-1
121,-1,744,795,685,402,0.9678179025650024,-1,-1,-1
122,-1,1463,753,224,158,0.9936303496360779,-1,-1,-1
122,-1,1855,863,191,154,0.989988386631012,-1,-1,-1
122,-1,876,810,588,360,0.973696768283844,-1,-1,-1
123,-1,1444,753,228,159,0.989719808101654,-1,-1,-1
123,-1,1040,817,533,329,0.9790579676628113,-1,-1,-1
123,-1,1876,865,180,144,0.9759566783905029,-1,-1,-1
124,-1,1414,750,236,157,0.9904177784919739,-1,-1,-1
124,-1,1887,862,177,145,0.9853286147117615,-1,-1,-1
124,-1,1142,815,460,319,0.9773464798927307,-1,-1,-1
125,-1,1894,864,178,140,0.9807789325714111,-1,-1,-1
125,-1,1236,828,435,275,0.9797614812850952,-1,-1,-1
125,-1,1403,750,233,157,0.9729305505752563,-1,-1,-1
126,-1,1910,865,165,136,0.9790611863136292,-1,-1,-1
126,-1,1360,749,254,153,0.9726393818855286,-1,-1,-1
126,-1,1319,840,398,251,0.9279096722602844,-1,-1,-1
127,-1,1347,748,255,149,0.9806411266326904,-1,-1,-1
127,-1,1917,866,162,131,0.9739665985107422,-1,-1,-1
127,-1,1374,840,378,238,0.7721434235572815,-1,-1,-1
128,-1,1927,865,159,130,0.9682233929634094,-1,-1,-1
128,-1,1317,747,260,154,0.9679626226425171,-1,-1,-1
128,-1,1456,843,334,223,0.7387843728065491,-1,-1,-1
129,-1,1289,734,277,174,0.9850237369537354,-1,-1,-1
129,-1,1936,862,155,130,0.9769685864448547,-1,-1,-1
129,-1,1500,843,301,213,0.7644254565238953,-1,-1,-1
130,-1,1265,731,275,177,0.9900537729263306,-1,-1,-1
130,-1,1941,862,153,127,0.9643598794937134,-1,-1,-1
130,-1,1562,857,253,194,0.8540434837341309,-1,-1,-1
131,-1,1224,722,290,185,0.9935095906257629,-1,-1,-1
131,-1,1950,864,146,125,0.9588114619255066,-1,-1,-1
131,-1,1586,859,260,191,0.8904690146446228,-1,-1,-1
132,-1,1198,718,302,188,0.9959774613380432,-1,-1,-1
132,-1,1954,866,145,124,0.9695172309875488,-1,-1,-1
132,-1,1629,863,237,180,0.9155063629150391,-1,-1,-1
133,-1,1160,715,310,192,0.996240496635437,-1,-1,-1
133,-1,1962,865,138,120,0.9275022745132446,-1,-1,-1
133,-1,1656,865,227,167,0.9005979895591736,-1,-1,-1
133,-1,71,740,975,509,0.7439752817153931,-1,-1,-1
134,-1,1121,711,321,196,0.9947186708450317,-1,-1,-1
134,-1,1688,864,213,168,0.9561994671821594,-1,-1,-1
134,-1,236,749,907,465,0.8623283505439758,-1,-1,-1
134,-1,1970,866,137,117,0.8310486078262329,-1,-1,-1
135,-1,1092,707,337,198,0.990648090839386,-1,-1,-1
135,-1,1709,869,213,163,0.9888084530830383,-1,-1,-1
135,-1,486,759,755,416,0.9196970462799072,-1,-1,-1
135,-1,1980,867,134,113,0.8429450392723083,-1,-1,-1
136,-1,1738,869,204,158,0.9907608032226562,-1,-1,-1
136,-1,1050,707,355,201,0.9809272289276123,-1,-1,-1
136,-1,687,778,640,362,0.9559831619262695,-1,-1,-1
136,-1,1988,869,128,107,0.7869918346405029,-1,-1,-1
137,-1,1761,871,193,153,0.9928879141807556,-1,-1,-1
137,-1,1019,700,356,197,0.9678441286087036,-1,-1,-1
137,-1,871,793,587,339,0.9578562378883362,-1,-1,-1
138,-1,1779,870,190,150,0.9943832159042358,-1,-1,-1
138,-1,970,811,531,299,0.9765042662620544,-1,-1,-1
138,-1,996,684,383,194,0.9613502025604248,-1,-1,-1
139,-1,1791,873,191,147,0.9923977255821228,-1,-1,-1
139,-1,1084,818,466,279,0.9793611168861389,-1,-1,-1
139,-1,916,680,399,206,0.9727609753608704,-1,-1,-1
140,-1,1810,871,184,148,0.9862890243530273,-1,-1,-1
140,-1,867,671,421,226,0.9844319224357605,-1,-1,-1
140,-1,1196,828,442,254,0.9729971289634705,-1,-1,-1
141,-1,1822,870,183,146,0.9922199845314026,-1,-1,-1
141,-1,821,669,433,230,0.9896382093429565,-1,-1,-1
141,-1,1303,838,380,230,0.9808691740036011,-1,-1,-1
141,-1,2014,869,124,101,0.6710192561149597,-1,-1,-1
142,-1,751,655,457,244,0.9883037805557251,-1,-1,-1
142,-1,1366,836,334,219,0.9776060581207275,-1,-1,-1
142,-1,1836,872,176,135,0.9774234890937805,-1,-1,-1
142,-1,2022,867,122,102,0.6659793257713318,-1,-1,-1
143,-1,676,645,477,250,0.9840817451477051,-1,-1,-1
143,-1,1437,845,305,206,0.979812741279602,-1,-1,-1
143,-1,1847,870,171,138,0.9610791206359863,-1,-1,-1
144,-1,603,631,497,261,0.9808266162872314,-1,-1,-1
144,-1,1866,869,169,137,0.973747968673706,-1,-1,-1
144,-1,1486,848,288,191,0.9602808356285095,-1,-1,-1
145,-1,551,627,519,265,0.9820496439933777,-1,-1,-1
145,-1,1530,851,271,182,0.9429648518562317,-1,-1,-1
145,-1,1878,864,157,137,0.9390739798545837,-1,-1,-1
145,-1,0,957,1560,962,0.8146928548812866,-1,-1,-1
146,-1,466,613,557,281,0.9722205996513367,-1,-1,-1
146,-1,503,960,1187,789,0.9581964015960693,-1,-1,-1
146,-1,1574,852,236,178,0.9413796663284302,-1,-1,-1
146,-1,1887,876,156,119,0.9041582942008972,-1,-1,-1
147,-1,383,603,598,290,0.9692708849906921,-1,-1,-1
147,-1,1610,858,231,168,0.9657258987426758,-1,-1,-1
147,-1,1900,875,152,116,0.9509321451187134,-1,-1,-1
147,-1,909,971,888,604,0.929609477519989,-1,-1,-1
148,-1,1637,862,225,164,0.9845800399780273,-1,-1,-1
148,-1,1215,955,679,510,0.9719217419624329,-1,-1,-1
148,-1,1907,874,153,115,0.9677495360374451,-1,-1,-1
148,-1,286,585,654,303,0.9627582430839539,-1,-1,-1
149,-1,1656,863,224,156,0.9832907915115356,-1,-1,-1
149,-1,190,567,685,319,0.9407795071601868,-1,-1,-1
149,-1,1921,876,140,111,0.9402064085006714,-1,-1,-1
149,-1,1321,933,578,442,0.872361421585083,-1,-1,-1
150,-1,1684,864,214,159,0.9874401092529297,-1,-1,-1
150,-1,108,561,705,326,0.9445202350616455,-1,-1,-1
150,-1,1930,877,136,108,0.9233799576759338,-1,-1,-1
150,-1,1461,883,508,425,0.8498849868774414,-1,-1,-1
151,-1,1709,866,206,153,0.989597737789154,-1,-1,-1
151,-1,1936,876,138,109,0.9259054660797119,-1,-1,-1
151,-1,60,550,726,328,0.8927002549171448,-1,-1,-1
152,-1,1744,869,192,142,0.9726446866989136,-1,-1,-1
152,-1,1944,878,137,106,0.9323830008506775,-1,-1,-1
152,-1,1,537,735,338,0.8471101522445679,-1,-1,-1
153,-1,1757,859,204,146,0.9223722815513611,-1,-1,-1
153,-1,1957,877,126,104,0.8886381983757019,-1,-1,-1
154,-1,1965,876,122,101,0.8148940205574036,-1,-1,-1
154,-1,1776,855,183,135,0.6744371652603149,-1,-1,-1
155,-1,1969,876,123,100,0.778460681438446,-1,-1,-1
155,-1,1786,857,182,129,0.6524764895439148,-1,-1,-1
155,-1,1803,939,275,198,0.6093631982803345,-1,-1,-1
156,-1,1835,938,268,198,0.8009061813354492,-1,-1,-1
156,-1,1811,868,168,114,0.7553877830505371,-1,-1,-1
156,-1,1974,873,125,102,0.6800285577774048,-1,-1,-1
157,-1,1864,936,233,168,0.7511806488037109,-1,-1,-1
157,-1,1982,873,122,102,0.7411447167396545,-1,-1,-1
157,-1,1828,870,164,107,0.7391042113304138,-1,-1,-1
158,-1,1864,933,250,184,0.8996849656105042,-1,-1,-1
158,-1,1835,868,161,113,0.8039108514785767,-1,-1,-1
158,-1,1992,872,113,102,0.6202728152275085,-1,-1,-1
159,-1,1880,935,246,169,0.9443140625953674,-1,-1,-1
159,-1,1850,869,160,109,0.7463110685348511,-1,-1,-1
160,-1,1906,930,228,174,0.9752791523933411,-1,-1,-1
161,-1,1917,932,229,165,0.9871613383293152,-1,-1,-1
162,-1,1941,932,214,157,0.9871228933334351,-1,-1,-1
162,-1,1890,870,133,103,0.669044554233551,-1,-1,-1
163,-1,1949,930,211,153,0.9692423343658447,-1,-1,-1
164,-1,1968,923,197,155,0.9336274266242981,-1,-1,-1
165,-1,1973,918,199,152,0.9836052060127258,-1,-1,-1
166,-1,1990,913,186,155,0.983116090297699,-1,-1,-1
166,-1,1680,788,173,136,0.7626141905784607,-1,-1,-1
167,-1,2000,911,174,145,0.9725732803344727,-1,-1,-1
167,-1,1658,787,186,134,0.9724439978599548,-1,-1,-1
168,-1,1646,783,187,139,0.9804656505584717,-1,-1,-1
168,-1,2008,911,174,142,0.9742366075515747,-1,-1,-1
169,-1,2008,909,171,142,0.9707099199295044,-1,-1,-1
169,-1,1633,786,189,139,0.969619870185852,-1,-1,-1
170,-1,1618,781,190,143,0.9793916344642639,-1,-1,-1
170,-1,2019,908,167,140,0.9625245928764343,-1,-1,-1
171,-1,1607,777,198,147,0.9778411984443665,-1,-1,-1
171,-1,2025,904,163,141,0.9536720514297485,-1,-1,-1
172,-1,1587,778,206,146,0.9836488962173462,-1,-1,-1
172,-1,2036,908,159,132,0.957547664642334,-1,-1,-1
173,-1,1562,771,214,157,0.9879734516143799,-1,-1,-1
173,-1,2044,912,155,125,0.9650489687919617,-1,-1,-1
174,-1,1546,771,208,147,0.9840098023414612,-1,-1,-1
174,-1,2052,903,147,129,0.8763583302497864,-1,-1,-1
175,-1,1528,763,216,159,0.9889755249023438,-1,-1,-1
175,-1,2059,903,148,127,0.9548289775848389,-1,-1,-1
176,-1,1507,763,225,159,0.9868826270103455,-1,-1,-1
176,-1,2064,908,140,118,0.9348141551017761,-1,-1,-1
177,-1,1486,754,223,168,0.9922072291374207,-1,-1,-1
177,-1,2069,898,138,125,0.8647054433822632,-1,-1,-1
178,-1,1459,751,233,166,0.9946056008338928,-1,-1,-1
178,-1,2073,894,136,125,0.8240400552749634,-1,-1,-1
179,-1,1435,750,242,170,0.9940556287765503,-1,-1,-1
179,-1,2074,890,139,128,0.8611460328102112,-1,-1,-1
179,-1,0,776,840,591,0.6517118811607361,-1,-1,-1
180,-1,1410,749,243,169,0.9926103949546814,-1,-1,-1
180,-1,2083,888,135,128,0.8857302069664001,-1,-1,-1
180,-1,49,811,1000,539,0.8721128702163696,-1,-1,-1
181,-1,1382,744,253,171,0.9923836588859558,-1,-1,-1
181,-1,137,769,1066,537,0.9366919994354248,-1,-1,-1
181,-1,2092,892,134,120,0.914025604724884,-1,-1,-1
182,-1,1337,744,268,171,0.9918890595436096,-1,-1,-1
182,-1,484,785,834,452,0.9664978384971619,-1,-1,-1
182,-1,2097,890,131,120,0.9178110957145691,-1,-1,-1
183,-1,1304,738,286,179,0.9847651720046997,-1,-1,-1
183,-1,744,804,711,402,0.9825785160064697,-1,-1,-1
183,-1,2100,889,131,121,0.9156816601753235,-1,-1,-1
184,-1,1272,729,315,186,0.9912075400352478,-1,-1,-1
184,-1,908,814,624,365,0.9856377243995667,-1,-1,-1
184,-1,2103,889,128,120,0.8718759417533875,-1,-1,-1
185,-1,1051,819,531,329,0.9889683723449707,-1,-1,-1
185,-1,1240,726,305,186,0.9647948741912842,-1,-1,-1
185,-1,2107,885,125,121,0.7468013763427734,-1,-1,-1
186,-1,1165,829,469,298,0.9919237494468689,-1,-1,-1
186,-1,1212,721,320,181,0.9512374997138977,-1,-1,-1
186,-1,2107,888,126,117,0.8119438886642456,-1,-1,-1
187,-1,1268,837,426,271,0.9881840944290161,-1,-1,-1
187,-1,1171,712,333,182,0.9240039587020874,-1,-1,-1
188,-1,1125,708,363,197,0.9882957935333252,-1,-1,-1
188,-1,1365,834,378,257,0.9817602038383484,-1,-1,-1
189,-1,1086,698,371,214,0.9908117055892944,-1,-1,-1
189,-1,1432,843,340,229,0.9684503078460693,-1,-1,-1
190,-1,1038,694,388,219,0.993083119392395,-1,-1,-1
190,-1,1502,845,315,219,0.9778193831443787,-1,-1,-1
191,-1,985,684,400,224,0.9940229058265686,-1,-1,-1
191,-1,1552,861,266,195,0.9917700290679932,-1,-1,-1
192,-1,1588,866,257,189,0.9920275807380676,-1,-1,-1
192,-1,931,671,417,235,0.9917352199554443,-1,-1,-1
193,-1,842,654,461,252,0.9903648495674133,-1,-1,-1
193,-1,1630,869,244,180,0.9886963367462158,-1,-1,-1
194,-1,1664,872,233,170,0.9903297424316406,-1,-1,-1
194,-1,784,653,499,250,0.9856331944465637,-1,-1,-1
195,-1,1689,874,235,163,0.9893213510513306,-1,-1,-1
195,-1,717,643,516,264,0.9887534379959106,-1,-1,-1
195,-1,1662,801,151,111,0.6501467823982239,-1,-1,-1
196,-1,1723,874,217,158,0.9905276298522949,-1,-1,-1
196,-1,602,626,561,281,0.9796317219734192,-1,-1,-1
196,-1,1643,795,154,114,0.7295922636985779,-1,-1,-1
197,-1,1753,869,201,160,0.9871184825897217,-1,-1,-1
197,-1,539,614,586,291,0.9848573207855225,-1,-1,-1
197,-1,1621,792,179,132,0.8655387759208679,-1,-1,-1
198,-1,1775,870,195,156,0.987533450126648,-1,-1,-1
198,-1,433,601,621,302,0.9702329635620117,-1,-1,-1
198,-1,1604,798,176,126,0.9527948498725891,-1,-1,-1
199,-1,1791,872,189,149,0.9869591593742371,-1,-1,-1
199,-1,1582,797,189,131,0.9816411137580872,-1,-1,-1
199,-1,333,583,645,311,0.9685461521148682,-1,-1,-1
200,-1,1812,872,189,146,0.987939715385437,-1,-1,-1
200,-1,1556,797,196,131,0.9811353087425232,-1,-1,-1
200,-1,202,563,707,328,0.9567525386810303,-1,-1,-1
201,-1,1822,870,188,145,0.9880455136299133,-1,-1,-1
201,-1,1542,796,194,130,0.9771182537078857,-1,-1,-1
201,-1,100,550,713,338,0.9526004195213318,-1,-1,-1
202,-1,1834,871,182,142,0.9861850142478943,-1,-1,-1
202,-1,1520,792,199,134,0.9841028451919556,-1,-1,-1
202,-1,0,531,742,347,0.9435468316078186,-1,-1,-1
203,-1,1500,789,201,136,0.9869905114173889,-1,-1,-1
203,-1,1848,874,178,133,0.9784892797470093,-1,-1,-1
204,-1,1465,783,211,141,0.9831954836845398,-1,-1,-1
204,-1,1861,874,173,129,0.9809267520904541,-1,-1,-1
205,-1,1448,777,216,148,0.9818726181983948,-1,-1,-1
205,-1,1874,874,166,129,0.967077910900116,-1,-1,-1
206,-1,1425,774,220,151,0.988160252571106,-1,-1,-1
206,-1,1886,874,157,128,0.9534383416175842,-1,-1,-1
207,-1,1393,771,229,153,0.9850826263427734,-1,-1,-1
207,-1,1902,875,152,123,0.9524220824241638,-1,-1,-1
208,-1,1370,767,232,152,0.9898790121078491,-1,-1,-1
208,-1,1910,878,153,117,0.977218747138977,-1,-1,-1
209,-1,1330,764,244,154,0.9869676232337952,-1,-1,-1
209,-1,1916,876,155,118,0.9787777662277222,-1,-1,-1
210,-1,1304,763,244,150,0.9887294173240662,-1,-1,-1
210,-1,1924,878,149,113,0.963059663772583,-1,-1,-1
211,-1,1264,756,261,160,0.98686683177948,-1,-1,-1
211,-1,1935,877,146,112,0.9287552833557129,-1,-1,-1
212,-1,1222,754,277,159,0.9871821403503418,-1,-1,-1
212,-1,1947,877,142,110,0.941336452960968,-1,-1,-1
213,-1,1201,746,279,166,0.9889670014381409,-1,-1,-1
213,-1,1954,878,139,109,0.9416539072990417,-1,-1,-1
214,-1,1141,742,304,167,0.9850654006004333,-1,-1,-1
214,-1,1961,879,132,105,0.9220935702323914,-1,-1,-1
215,-1,1109,735,303,175,0.9832875728607178,-1,-1,-1
215,-1,1964,876,133,106,0.8900657296180725,-1,-1,-1
216,-1,1060,730,316,177,0.9862209558486938,-1,-1,-1
216,-1,1973,877,132,104,0.7797016501426697,-1,-1,-1
217,-1,1021,727,327,176,0.9782127737998962,-1,-1,-1
217,-1,1983,877,128,100,0.7296255230903625,-1,-1,-1
218,-1,982,722,332,180,0.9765028953552246,-1,-1,-1
218,-1,1993,875,123,102,0.8247016668319702,-1,-1,-1
219,-1,938,715,339,185,0.9669909477233887,-1,-1,-1
219,-1,1998,873,121,101,0.8152175545692444,-1,-1,-1
220,-1,847,706,391,193,0.9758710265159607,-1,-1,-1
220,-1,2006,872,115,99,0.839324414730072,-1,-1,-1
221,-1,779,699,415,197,0.9706593751907349,-1,-1,-1
221,-1,2009,872,114,100,0.6757733225822449,-1,-1,-1
222,-1,714,690,431,203,0.9713961482048035,-1,-1,-1
223,-1,669,681,424,208,0.968128502368927,-1,-1,-1
224,-1,573,668,467,225,0.9437292218208313,-1,-1,-1
225,-1,480,657,503,231,0.9399538636207581,-1,-1,-1
226,-1,353,643,531,240,0.9552229046821594,-1,-1,-1
227,-1,280,640,551,244,0.9269694089889526,-1,-1,-1
228,-1,182,625,605,256,0.9501612782478333,-1,-1,-1
229,-1,78,612,612,263,0.922539472579956,-1,-1,-1
230,-1,0,592,621,277,0.8736287951469421,-1,-1,-1
231,-1,0,589,593,276,0.7669146060943604,-1,-1,-1
254,-1,1870,811,148,126,0.6018677949905396,-1,-1,-1
255,-1,1865,811,145,126,0.7399160861968994,-1,-1,-1
256,-1,1857,811,151,128,0.8782289028167725,-1,-1,-1
257,-1,1848,808,155,133,0.8598043322563171,-1,-1,-1
258,-1,1833,801,160,139,0.8037128448486328,-1,-1,-1
259,-1,1818,801,169,141,0.8891186714172363,-1,-1,-1
260,-1,1806,796,171,145,0.910003125667572,-1,-1,-1
261,-1,1795,798,172,143,0.9468902945518494,-1,-1,-1
262,-1,1778,788,178,156,0.9515531659126282,-1,-1,-1
263,-1,1759,787,189,157,0.9644894003868103,-1,-1,-1
264,-1,1754,791,183,151,0.966195821762085,-1,-1,-1
265,-1,1743,784,191,160,0.974705159664154,-1,-1,-1
266,-1,1729,781,193,165,0.9648317694664001,-1,-1,-1
267,-1,1704,778,203,170,0.9786399602890015,-1,-1,-1
268,-1,1689,776,200,171,0.9806545376777649,-1,-1,-1
269,-1,1665,771,218,176,0.980048656463623,-1,-1,-1
270,-1,1649,776,211,173,0.9860745072364807,-1,-1,-1
271,-1,1620,770,229,180,0.9887989163398743,-1,-1,-1
272,-1,1597,772,231,176,0.9829671382904053,-1,-1,-1
273,-1,1582,761,237,186,0.9882434010505676,-1,-1,-1
274,-1,1546,759,253,194,0.9884741902351379,-1,-1,-1
275,-1,1517,752,265,203,0.9925641417503357,-1,-1,-1
276,-1,1470,750,286,203,0.9928373694419861,-1,-1,-1
277,-1,1440,740,295,209,0.9901914596557617,-1,-1,-1
278,-1,1409,733,301,220,0.9950538873672485,-1,-1,-1
279,-1,1354,731,338,229,0.9923163652420044,-1,-1,-1
280,-1,1310,717,345,236,0.9935781955718994,-1,-1,-1
281,-1,1234,702,389,257,0.9908949136734009,-1,-1,-1
282,-1,1183,691,404,269,0.9912949204444885,-1,-1,-1
283,-1,1125,670,430,288,0.9839008450508118,-1,-1,-1
284,-1,1051,665,465,293,0.9858134388923645,-1,-1,-1
285,-1,986,654,479,307,0.9787826538085938,-1,-1,-1
286,-1,891,636,520,326,0.9835485816001892,-1,-1,-1
287,-1,778,625,565,337,0.9805775880813599,-1,-1,-1
288,-1,651,602,617,360,0.9810935854911804,-1,-1,-1
289,-1,526,573,676,403,0.9473317861557007,-1,-1,-1
290,-1,697,960,1089,879,0.897061824798584,-1,-1,-1
290,-1,0,544,1130,839,0.8191432952880859,-1,-1,-1
291,-1,1140,951,759,654,0.9477636814117432,-1,-1,-1
291,-1,118,562,1028,792,0.7585355043411255,-1,-1,-1
292,-1,1386,938,612,524,0.9644680023193359,-1,-1,-1
292,-1,21,584,1178,724,0.631222128868103,-1,-1,-1
293,-1,1532,939,511,427,0.9733749032020569,-1,-1,-1
293,-1,310,650,1029,583,0.801349401473999,-1,-1,-1
294,-1,1659,928,440,370,0.9664809107780457,-1,-1,-1
294,-1,622,692,864,510,0.8108195662498474,-1,-1,-1
295,-1,1748,932,377,315,0.957183301448822,-1,-1,-1
295,-1,793,710,752,464,0.86667400598526,-1,-1,-1
296,-1,974,750,621,413,0.9624497294425964,-1,-1,-1
296,-1,1797,924,348,286,0.9193031191825867,-1,-1,-1
297,-1,1099,759,556,384,0.9768452644348145,-1,-1,-1
297,-1,1849,924,299,254,0.9500646591186523,-1,-1,-1
298,-1,1198,776,528,338,0.9900262355804443,-1,-1,-1
298,-1,1870,922,290,248,0.9647464156150818,-1,-1,-1
299,-1,1286,785,467,314,0.9864085912704468,-1,-1,-1
299,-1,1913,922,245,221,0.9622918367385864,-1,-1,-1
300,-1,1375,782,402,305,0.985272228717804,-1,-1,-1
300,-1,1931,920,240,209,0.9618250131607056,-1,-1,-1
301,-1,1433,789,385,284,0.9805268049240112,-1,-1,-1
301,-1,1959,918,224,200,0.9775351881980896,-1,-1,-1
302,-1,1484,793,351,273,0.9824333190917969,-1,-1,-1
302,-1,1979,918,210,187,0.9542524218559265,-1,-1,-1
303,-1,1523,805,334,256,0.9802087545394897,-1,-1,-1
303,-1,1989,916,205,178,0.9438690543174744,-1,-1,-1
304,-1,1581,810,298,245,0.9821932315826416,-1,-1,-1
304,-1,2006,917,194,168,0.9645681381225586,-1,-1,-1
305,-1,1602,821,299,224,0.9875913858413696,-1,-1,-1
305,-1,2019,919,184,158,0.9770025014877319,-1,-1,-1
306,-1,1640,826,282,210,0.9886151552200317,-1,-1,-1
306,-1,2033,911,177,158,0.9748127460479736,-1,-1,-1
307,-1,1667,830,265,194,0.9912561178207397,-1,-1,-1
307,-1,2045,912,168,148,0.967563807964325,-1,-1,-1
308,-1,1699,834,253,193,0.9921125173568726,-1,-1,-1
308,-1,2051,908,165,148,0.9737206101417542,-1,-1,-1
309,-1,1725,833,241,187,0.9910137057304382,-1,-1,-1
309,-1,2055,906,161,147,0.9796748757362366,-1,-1,-1
310,-1,1747,830,230,188,0.992749810218811,-1,-1,-1
310,-1,2066,907,155,139,0.9793583750724792,-1,-1,-1
311,-1,1763,829,227,189,0.9940047860145569,-1,-1,-1
311,-1,2073,907,149,133,0.979506254196167,-1,-1,-1
312,-1,1789,831,216,181,0.9929943680763245,-1,-1,-1
312,-1,2077,907,150,130,0.9717321395874023,-1,-1,-1
313,-1,1806,839,206,174,0.9933578372001648,-1,-1,-1
313,-1,2086,906,148,125,0.9554694294929504,-1,-1,-1
313,-1,386,921,1436,998,0.791157066822052,-1,-1,-1
314,-1,1818,839,203,171,0.9879891872406006,-1,-1,-1
314,-1,893,930,1010,781,0.9664437174797058,-1,-1,-1
314,-1,2091,904,141,125,0.9400830268859863,-1,-1,-1
315,-1,1825,845,207,163,0.991438090801239,-1,-1,-1
315,-1,1190,929,783,616,0.9475124478340149,-1,-1,-1
315,-1,2096,903,135,121,0.8544269800186157,-1,-1,-1
316,-1,1831,845,209,163,0.9920161962509155,-1,-1,-1
316,-1,1381,920,634,521,0.9645184278488159,-1,-1,-1
316,-1,2101,904,131,113,0.8599212169647217,-1,-1,-1
317,-1,1843,847,198,158,0.9862568974494934,-1,-1,-1
317,-1,1519,918,546,443,0.9655826091766357,-1,-1,-1
317,-1,2103,898,128,116,0.8632910847663879,-1,-1,-1
318,-1,1846,847,200,155,0.9619175791740417,-1,-1,-1
318,-1,1627,901,466,387,0.86415034532547,-1,-1,-1
318,-1,2107,898,125,110,0.7267690300941467,-1,-1,-1
319,-1,1705,882,405,373,0.9197877645492554,-1,-1,-1
319,-1,1861,847,191,146,0.8694398403167725,-1,-1,-1
320,-1,1884,847,180,142,0.8655046820640564,-1,-1,-1
320,-1,1770,885,320,333,0.6980193257331848,-1,-1,-1
321,-1,1894,850,164,129,0.6032448410987854,-1,-1,-1
322,-1,1849,917,288,247,0.6898944973945618,-1,-1,-1
323,-1,1896,930,257,198,0.7729822397232056,-1,-1,-1
324,-1,1911,934,244,206,0.867006242275238,-1,-1,-1
325,-1,1935,931,232,187,0.7810491919517517,-1,-1,-1
326,-1,1951,933,231,180,0.8845267295837402,-1,-1,-1
327,-1,1970,928,216,173,0.8905101418495178,-1,-1,-1
328,-1,1987,927,204,171,0.9671257734298706,-1,-1,-1
329,-1,1987,918,209,175,0.9715408086776733,-1,-1,-1
330,-1,1998,918,200,167,0.9755630493164062,-1,-1,-1
331,-1,2016,915,193,159,0.9841318726539612,-1,-1,-1
332,-1,2022,910,189,161,0.9672678112983704,-1,-1,-1
333,-1,2033,903,184,162,0.940443754196167,-1,-1,-1
334,-1,2043,904,175,156,0.9383584260940552,-1,-1,-1
335,-1,2048,903,172,150,0.9570859670639038,-1,-1,-1
336,-1,2052,902,171,149,0.9851565361022949,-1,-1,-1
337,-1,2064,905,165,142,0.9880735278129578,-1,-1,-1
338,-1,2071,902,162,143,0.9859848022460938,-1,-1,-1
339,-1,2076,897,155,143,0.9767445921897888,-1,-1,-1
340,-1,2083,903,149,133,0.943636953830719,-1,-1,-1
341,-1,2092,901,144,132,0.8439977169036865,-1,-1,-1
342,-1,2097,898,141,130,0.8632885813713074,-1,-1,-1
343,-1,2101,894,138,133,0.9405918121337891,-1,-1,-1
344,-1,2107,886,133,135,0.6413857936859131,-1,-1,-1
348,-1,2116,883,134,128,0.6873500347137451,-1,-1,-1
424,-1,1679,799,166,118,0.7897338271141052,-1,-1,-1
425,-1,1668,800,169,115,0.8270485401153564,-1,-1,-1
426,-1,1660,794,173,123,0.941179633140564,-1,-1,-1
427,-1,1652,793,171,124,0.949248194694519,-1,-1,-1
428,-1,1639,789,178,128,0.9653830528259277,-1,-1,-1
429,-1,1630,788,186,131,0.9741598963737488,-1,-1,-1
430,-1,1610,787,189,132,0.9703056812286377,-1,-1,-1
431,-1,1599,779,188,140,0.9783930778503418,-1,-1,-1
432,-1,1586,784,195,135,0.983348548412323,-1,-1,-1
433,-1,1570,778,193,141,0.9873721599578857,-1,-1,-1
434,-1,1558,774,192,143,0.989828884601593,-1,-1,-1
435,-1,1543,773,204,143,0.983352541923523,-1,-1,-1
436,-1,1525,771,208,146,0.9909425377845764,-1,-1,-1
437,-1,1516,770,205,142,0.9895771741867065,-1,-1,-1
438,-1,1492,763,215,153,0.9905748963356018,-1,-1,-1
439,-1,1469,756,222,152,0.9921150803565979,-1,-1,-1
440,-1,1453,757,227,154,0.9907989501953125,-1,-1,-1
441,-1,1432,753,229,155,0.992868959903717,-1,-1,-1
442,-1,1408,756,235,153,0.9876176714897156,-1,-1,-1
443,-1,1391,750,239,161,0.9900060296058655,-1,-1,-1
444,-1,1368,749,247,161,0.9901378154754639,-1,-1,-1
445,-1,1334,741,265,166,0.9888710379600525,-1,-1,-1
446,-1,1315,742,266,164,0.9852860569953918,-1,-1,-1
447,-1,1280,736,273,167,0.9877334833145142,-1,-1,-1
448,-1,1257,729,281,176,0.9835157990455627,-1,-1,-1
449,-1,1234,726,281,177,0.9888689517974854,-1,-1,-1
450,-1,1216,719,282,185,0.9896668195724487,-1,-1,-1
451,-1,1184,720,285,181,0.9901673793792725,-1,-1,-1
452,-1,1149,716,298,183,0.9910287857055664,-1,-1,-1
453,-1,1124,711,301,191,0.9927704930305481,-1,-1,-1
454,-1,1096,707,311,190,0.9890212416648865,-1,-1,-1
455,-1,1045,700,349,201,0.992442786693573,-1,-1,-1
456,-1,1016,692,348,204,0.9888842105865479,-1,-1,-1
456,-1,0,829,1474,1090,0.6417466998100281,-1,-1,-1
457,-1,975,685,360,212,0.9839226603507996,-1,-1,-1
457,-1,52,845,1430,972,0.8294364809989929,-1,-1,-1
