1,-1,93,419,236,174,0.923825204372406,-1,-1,-1
1,-1,1565,480,947,538,0.8870699405670166,-1,-1,-1
2,-1,91,417,232,170,0.949458658695221,-1,-1,-1
2,-1,1563,481,950,538,0.8980534076690674,-1,-1,-1
3,-1,84,413,230,169,0.9756990671157837,-1,-1,-1
3,-1,1574,479,912,535,0.9139778017997742,-1,-1,-1
4,-1,80,410,224,168,0.9872825145721436,-1,-1,-1
4,-1,1574,479,913,535,0.9147265553474426,-1,-1,-1
5,-1,76,407,209,167,0.986512303352356,-1,-1,-1
5,-1,1574,479,912,536,0.9151977300643921,-1,-1,-1
6,-1,72,404,208,165,0.9914265871047974,-1,-1,-1
6,-1,1574,479,913,535,0.9148653149604797,-1,-1,-1
7,-1,68,402,207,161,0.9897103905677795,-1,-1,-1
7,-1,1574,478,913,535,0.9139094948768616,-1,-1,-1
8,-1,60,399,208,161,0.9788228869438171,-1,-1,-1
8,-1,1573,479,913,535,0.9140973091125488,-1,-1,-1
9,-1,58,397,202,154,0.974685549736023,-1,-1,-1
9,-1,1573,479,914,535,0.9147833585739136,-1,-1,-1
10,-1,54,391,205,156,0.9653890132904053,-1,-1,-1
10,-1,1573,478,913,536,0.9140382409095764,-1,-1,-1
11,-1,49,391,202,153,0.9731829166412354,-1,-1,-1
11,-1,1579,478,907,534,0.9110149145126343,-1,-1,-1
12,-1,48,389,200,152,0.975173830986023,-1,-1,-1
12,-1,1568,480,945,537,0.900177538394928,-1,-1,-1
13,-1,44,389,194,147,0.950893223285675,-1,-1,-1
13,-1,1573,480,939,536,0.8930854797363281,-1,-1,-1
14,-1,40,385,193,149,0.9225386381149292,-1,-1,-1
14,-1,1574,480,937,537,0.8927650451660156,-1,-1,-1
15,-1,36,390,189,135,0.9012978672981262,-1,-1,-1
15,-1,1573,481,938,535,0.8951386213302612,-1,-1,-1
16,-1,1574,480,938,535,0.8977625370025635,-1,-1,-1
16,-1,35,381,184,144,0.7671410441398621,-1,-1,-1
17,-1,1574,481,938,535,0.8960527777671814,-1,-1,-1
18,-1,1573,481,939,535,0.8960119485855103,-1,-1,-1
19,-1,1573,481,940,535,0.8955561518669128,-1,-1,-1
20,-1,0,635,717,497,0.9505180716514587,-1,-1,-1
20,-1,1574,481,939,535,0.8949191570281982,-1,-1,-1
21,-1,0,635,875,549,0.9744637608528137,-1,-1,-1
21,-1,1574,480,936,538,0.8962647914886475,-1,-1,-1
22,-1,26,644,1077,598,0.9779625535011292,-1,-1,-1
22,-1,1574,480,936,538,0.8975196480751038,-1,-1,-1
23,-1,64,655,1248,636,0.9827806949615479,-1,-1,-1
23,-1,1574,480,936,538,0.8961636424064636,-1,-1,-1
24,-1,130,657,1424,713,0.977233350276947,-1,-1,-1
24,-1,1572,480,940,538,0.902111828327179,-1,-1,-1
25,-1,284,678,1520,770,0.9660100340843201,-1,-1,-1
25,-1,1570,480,940,543,0.8732998371124268,-1,-1,-1
26,-1,466,680,1676,855,0.9413134455680847,-1,-1,-1
26,-1,1577,476,928,541,0.8066638112068176,-1,-1,-1
27,-1,634,695,1818,921,0.9628556370735168,-1,-1,-1
27,-1,1581,483,927,534,0.7673465609550476,-1,-1,-1
28,-1,823,709,1734,956,0.787479043006897,-1,-1,-1
28,-1,1608,487,895,506,0.6070728302001953,-1,-1,-1
29,-1,964,719,1534,935,0.7115306854248047,-1,-1,-1
30,-1,1248,772,1262,815,0.6995929479598999,-1,-1,-1
31,-1,1570,482,889,447,0.8677692413330078,-1,-1,-1
31,-1,1584,780,975,839,0.7960795760154724,-1,-1,-1
32,-1,1550,482,955,537,0.752159059047699,-1,-1,-1
33,-1,1571,481,942,537,0.8911349773406982,-1,-1,-1
34,-1,1568,481,948,537,0.8959734439849854,-1,-1,-1
35,-1,1568,481,948,537,0.8962258696556091,-1,-1,-1
36,-1,1568,481,947,537,0.8987547159194946,-1,-1,-1
37,-1,1568,480,945,537,0.8879077434539795,-1,-1,-1
38,-1,1567,480,947,537,0.8890124559402466,-1,-1,-1
39,-1,1568,480,945,537,0.8905393481254578,-1,-1,-1
40,-1,1567,481,947,536,0.89118891954422,-1,-1,-1
41,-1,1571,480,915,533,0.9120368957519531,-1,-1,-1
42,-1,1573,481,911,531,0.9126490354537964,-1,-1,-1
43,-1,1567,479,923,532,0.9267542958259583,-1,-1,-1
44,-1,1556,477,933,534,0.9207611083984375,-1,-1,-1
45,-1,1517,477,969,542,0.9215006828308105,-1,-1,-1
46,-1,1508,479,976,539,0.9283952116966248,-1,-1,-1
47,-1,1491,478,989,541,0.9332761764526367,-1,-1,-1
48,-1,1498,482,968,531,0.9296886920928955,-1,-1,-1
49,-1,1469,483,986,525,0.9366984963417053,-1,-1,-1
50,-1,1425,481,1016,531,0.9480097889900208,-1,-1,-1
51,-1,1394,481,1044,533,0.9592612385749817,-1,-1,-1
52,-1,1367,482,1062,532,0.9470768570899963,-1,-1,-1
53,-1,1300,478,1079,529,0.9462621212005615,-1,-1,-1
54,-1,1248,475,1080,532,0.9301393032073975,-1,-1,-1
55,-1,1210,480,1085,530,0.9405765533447266,-1,-1,-1
56,-1,1120,484,1151,534,0.9349607229232788,-1,-1,-1
57,-1,1026,473,1332,548,0.9285995364189148,-1,-1,-1
58,-1,935,474,1330,549,0.9396563172340393,-1,-1,-1
59,-1,908,476,1349,542,0.9456891417503357,-1,-1,-1
60,-1,811,478,1388,546,0.949370265007019,-1,-1,-1
61,-1,698,485,1411,540,0.9459188580513,-1,-1,-1
62,-1,546,485,1446,540,0.9188047051429749,-1,-1,-1
63,-1,388,481,1545,541,0.9079732894897461,-1,-1,-1
64,-1,322,496,1426,546,0.9344835877418518,-1,-1,-1
65,-1,280,490,1341,553,0.9597283005714417,-1,-1,-1
66,-1,233,486,1288,549,0.9671798348426819,-1,-1,-1
67,-1,137,483,1318,554,0.9539940357208252,-1,-1,-1
68,-1,9,478,1260,555,0.9512080550193787,-1,-1,-1
69,-1,0,483,1213,567,0.9115279912948608,-1,-1,-1
70,-1,0,471,1112,574,0.854968249797821,-1,-1,-1
71,-1,0,464,980,560,0.7891000509262085,-1,-1,-1
72,-1,0,465,925,556,0.6827125549316406,-1,-1,-1
80,-1,1489,462,994,535,0.8115504384040833,-1,-1,-1
81,-1,1350,476,1072,518,0.7122171521186829,-1,-1,-1
82,-1,1184,488,1246,516,0.8133859634399414,-1,-1,-1
83,-1,1069,468,1308,555,0.7972550988197327,-1,-1,-1
84,-1,962,474,1420,549,0.8474387526512146,-1,-1,-1
85,-1,0,702,921,883,0.8285930156707764,-1,-1,-1
85,-1,886,488,1301,537,0.8162934184074402,-1,-1,-1
86,-1,0,698,1296,914,0.9148469567298889,-1,-1,-1
86,-1,654,477,1444,547,0.6405006647109985,-1,-1,-1
87,-1,72,719,1692,887,0.9038668870925903,-1,-1,-1
88,-1,116,694,1922,899,0.8018646836280823,-1,-1,-1
89,-1,120,599,2189,993,0.7617355585098267,-1,-1,-1
90,-1,575,687,1906,887,0.7497240900993347,-1,-1,-1
91,-1,0,492,1219,537,0.7653528451919556,-1,-1,-1
92,-1,0,487,1211,559,0.7575254440307617,-1,-1,-1
93,-1,0,474,1071,557,0.6119251251220703,-1,-1,-1
95,-1,1871,489,649,377,0.6360694766044617,-1,-1,-1
96,-1,1783,496,739,371,0.8917071223258972,-1,-1,-1
97,-1,1602,489,852,384,0.9477803707122803,-1,-1,-1
98,-1,1506,483,920,391,0.9386724829673767,-1,-1,-1
99,-1,1385,482,880,390,0.9500044584274292,-1,-1,-1
100,-1,1286,479,897,393,0.9466420412063599,-1,-1,-1
101,-1,1174,482,857,386,0.954371452331543,-1,-1,-1
102,-1,1086,482,834,386,0.9466351270675659,-1,-1,-1
103,-1,990,481,834,384,0.9546935558319092,-1,-1,-1
104,-1,907,488,818,372,0.9478949904441833,-1,-1,-1
105,-1,821,495,833,362,0.921076774597168,-1,-1,-1
106,-1,715,504,795,341,0.9344922304153442,-1,-1,-1
107,-1,659,502,828,339,0.9150156378746033,-1,-1,-1
108,-1,572,500,806,340,0.9019302725791931,-1,-1,-1
109,-1,574,506,713,318,0.9120655655860901,-1,-1,-1
109,-1,0,741,1131,716,0.8890904784202576,-1,-1,-1
110,-1,490,498,753,328,0.9610801935195923,-1,-1,-1
110,-1,45,759,1499,706,0.9286679029464722,-1,-1,-1
111,-1,427,499,765,302,0.9353541731834412,-1,-1,-1
111,-1,177,767,1854,701,0.8087626099586487,-1,-1,-1
112,-1,410,491,710,323,0.9375962615013123,-1,-1,-1
112,-1,503,741,1774,730,0.7319309711456299,-1,-1,-1
113,-1,384,485,706,326,0.9507262706756592,-1,-1,-1
113,-1,763,745,1692,705,0.8466153144836426,-1,-1,-1
114,-1,344,482,653,329,0.9593508839607239,-1,-1,-1
114,-1,1356,746,1110,686,0.8764618039131165,-1,-1,-1
115,-1,320,475,627,330,0.9625447988510132,-1,-1,-1
116,-1,271,477,618,318,0.965840220451355,-1,-1,-1
117,-1,245,473,588,317,0.9780735373497009,-1,-1,-1
118,-1,216,468,561,314,0.9819242358207703,-1,-1,-1
119,-1,191,461,523,315,0.986069917678833,-1,-1,-1
120,-1,165,458,512,305,0.9872649908065796,-1,-1,-1
121,-1,149,454,492,300,0.9853999018669128,-1,-1,-1
122,-1,147,456,448,286,0.9881858825683594,-1,-1,-1
123,-1,140,453,421,267,0.9864118099212646,-1,-1,-1
124,-1,132,449,394,264,0.9835522770881653,-1,-1,-1
125,-1,115,446,375,254,0.9833072423934937,-1,-1,-1
125,-1,7,712,1155,641,0.907024621963501,-1,-1,-1
126,-1,113,441,363,250,0.9718644618988037,-1,-1,-1
126,-1,149,712,1579,651,0.8595907092094421,-1,-1,-1
127,-1,103,430,339,242,0.9646984934806824,-1,-1,-1
127,-1,607,717,1597,648,0.8971245288848877,-1,-1,-1
128,-1,87,423,332,237,0.8711864948272705,-1,-1,-1
128,-1,1107,740,1410,604,0.7426486611366272,-1,-1,-1
129,-1,1239,718,1235,620,0.6581742167472839,-1,-1,-1
129,-1,89,415,321,242,0.6245213150978088,-1,-1,-1
143,-1,53,388,225,181,0.8891449570655823,-1,-1,-1
144,-1,52,382,222,184,0.967417299747467,-1,-1,-1
145,-1,45,382,226,177,0.9384880661964417,-1,-1,-1
146,-1,49,382,214,172,0.9682649374008179,-1,-1,-1
147,-1,43,374,202,173,0.9642478227615356,-1,-1,-1
148,-1,39,371,207,173,0.9713107943534851,-1,-1,-1
149,-1,39,370,198,168,0.9547796249389648,-1,-1,-1
150,-1,34,368,200,162,0.958472490310669,-1,-1,-1
151,-1,37,365,192,164,0.9759830236434937,-1,-1,-1
152,-1,35,363,188,160,0.9837998151779175,-1,-1,-1
153,-1,33,361,186,159,0.9780568480491638,-1,-1,-1
154,-1,29,358,191,161,0.9743114113807678,-1,-1,-1
155,-1,25,357,192,161,0.9713062644004822,-1,-1,-1
156,-1,23,361,185,149,0.9595409035682678,-1,-1,-1
156,-1,1631,477,835,397,0.909687340259552,-1,-1,-1
157,-1,1510,475,900,396,0.9520612359046936,-1,-1,-1
157,-1,21,354,184,154,0.9125043749809265,-1,-1,-1
158,-1,1377,476,900,398,0.9643183350563049,-1,-1,-1
158,-1,18,357,185,145,0.8727247714996338,-1,-1,-1
159,-1,1230,472,1019,404,0.9705696105957031,-1,-1,-1
159,-1,14,356,184,143,0.9142807126045227,-1,-1,-1
160,-1,1146,462,980,408,0.964191734790802,-1,-1,-1
160,-1,16,349,180,154,0.873248815536499,-1,-1,-1
161,-1,1023,468,962,404,0.9626293182373047,-1,-1,-1
161,-1,12,348,177,149,0.9259007573127747,-1,-1,-1
162,-1,918,470,968,403,0.9765949845314026,-1,-1,-1
162,-1,10,347,179,146,0.8827609419822693,-1,-1,-1
163,-1,788,474,1022,396,0.967978835105896,-1,-1,-1
163,-1,9,346,176,145,0.879983127117157,-1,-1,-1
164,-1,744,470,947,389,0.9406915307044983,-1,-1,-1
164,-1,7,351,175,136,0.7647376656532288,-1,-1,-1
165,-1,587,477,999,379,0.9358677268028259,-1,-1,-1
165,-1,4,351,174,133,0.648709237575531,-1,-1,-1
166,-1,471,483,962,382,0.9273200035095215,-1,-1,-1
167,-1,407,485,937,373,0.9463376998901367,-1,-1,-1
168,-1,370,480,872,364,0.9193713665008545,-1,-1,-1
169,-1,352,478,861,360,0.9146144986152649,-1,-1,-1
170,-1,312,475,797,361,0.9388048648834229,-1,-1,-1
171,-1,225,455,765,375,0.9614118933677673,-1,-1,-1
172,-1,260,469,675,348,0.9475053548812866,-1,-1,-1
172,-1,6,760,902,718,0.8566208481788635,-1,-1,-1
173,-1,193,471,674,341,0.9431305527687073,-1,-1,-1
173,-1,0,743,1456,745,0.9363489747047424,-1,-1,-1
174,-1,167,470,724,323,0.914069652557373,-1,-1,-1
174,-1,213,766,1757,731,0.8261083960533142,-1,-1,-1
175,-1,137,463,721,334,0.8660128116607666,-1,-1,-1
175,-1,520,759,1866,742,0.8110228180885315,-1,-1,-1
176,-1,151,464,649,333,0.9433886408805847,-1,-1,-1
176,-1,922,758,1547,707,0.8828976154327393,-1,-1,-1
177,-1,139,458,631,333,0.9663475751876831,-1,-1,-1
177,-1,1522,725,1033,720,0.860521137714386,-1,-1,-1
178,-1,114,447,616,339,0.9704846143722534,-1,-1,-1
179,-1,107,447,565,319,0.9810088872909546,-1,-1,-1
180,-1,97,446,525,309,0.9767781496047974,-1,-1,-1
181,-1,96,445,477,305,0.989935576915741,-1,-1,-1
182,-1,95,442,428,294,0.9871553182601929,-1,-1,-1
183,-1,84,436,403,287,0.9903653264045715,-1,-1,-1
184,-1,72,428,390,276,0.9840759634971619,-1,-1,-1
185,-1,68,425,367,266,0.9724858999252319,-1,-1,-1
186,-1,65,420,354,258,0.9817429780960083,-1,-1,-1
187,-1,69,427,334,249,0.9616675972938538,-1,-1,-1
188,-1,74,415,320,249,0.8906736969947815,-1,-1,-1
189,-1,62,405,320,261,0.8919892907142639,-1,-1,-1
190,-1,63,402,297,249,0.9711478352546692,-1,-1,-1
191,-1,67,399,287,239,0.9829913377761841,-1,-1,-1
192,-1,64,405,277,230,0.9876041412353516,-1,-1,-1
193,-1,62,406,272,218,0.9862901568412781,-1,-1,-1
194,-1,66,400,256,217,0.9827682375907898,-1,-1,-1
195,-1,58,397,255,207,0.9829363822937012,-1,-1,-1
196,-1,57,393,253,209,0.9823465347290039,-1,-1,-1
197,-1,61,392,241,203,0.9868619441986084,-1,-1,-1
198,-1,59,388,239,199,0.9899673461914062,-1,-1,-1
199,-1,56,387,237,192,0.9805373549461365,-1,-1,-1
200,-1,57,386,226,186,0.9802718758583069,-1,-1,-1
201,-1,53,387,227,179,0.9847733974456787,-1,-1,-1
202,-1,52,387,220,173,0.9888896942138672,-1,-1,-1
203,-1,47,380,219,177,0.9868646264076233,-1,-1,-1
204,-1,47,377,212,175,0.9882230162620544,-1,-1,-1
205,-1,45,374,207,173,0.9834176898002625,-1,-1,-1
206,-1,44,373,202,170,0.9826136231422424,-1,-1,-1
206,-1,1563,475,854,391,0.8888235092163086,-1,-1,-1
207,-1,39,366,205,171,0.9790505766868591,-1,-1,-1
207,-1,1477,466,803,393,0.9512911438941956,-1,-1,-1
208,-1,37,363,203,173,0.9878033995628357,-1,-1,-1
208,-1,1315,453,837,405,0.9599926471710205,-1,-1,-1
209,-1,36,363,198,168,0.9855358600616455,-1,-1,-1
209,-1,1166,466,899,401,0.9602357745170593,-1,-1,-1
210,-1,32,362,197,164,0.9828875660896301,-1,-1,-1
210,-1,1056,466,918,398,0.9644731879234314,-1,-1,-1
211,-1,26,362,199,159,0.9880461692810059,-1,-1,-1
211,-1,934,458,921,396,0.9702121019363403,-1,-1,-1
212,-1,27,360,194,157,0.9821178317070007,-1,-1,-1
212,-1,741,461,1025,393,0.9490758180618286,-1,-1,-1
213,-1,25,356,194,157,0.9788674116134644,-1,-1,-1
213,-1,642,458,998,384,0.9485535025596619,-1,-1,-1
214,-1,22,354,189,154,0.9509825706481934,-1,-1,-1
214,-1,505,459,976,377,0.9428034424781799,-1,-1,-1
215,-1,18,357,190,145,0.9616121053695679,-1,-1,-1
215,-1,469,459,900,374,0.9554497599601746,-1,-1,-1
216,-1,418,460,798,367,0.9719625115394592,-1,-1,-1
216,-1,17,353,182,150,0.9426281452178955,-1,-1,-1
217,-1,351,458,784,364,0.9659479856491089,-1,-1,-1
217,-1,17,352,178,149,0.9473843574523926,-1,-1,-1
218,-1,259,442,843,375,0.9639872908592224,-1,-1,-1
218,-1,15,350,177,150,0.9313599467277527,-1,-1,-1
219,-1,241,438,807,369,0.9724670648574829,-1,-1,-1
219,-1,15,348,174,146,0.9171309471130371,-1,-1,-1
220,-1,233,441,753,359,0.978729784488678,-1,-1,-1
220,-1,12,349,171,142,0.80713951587677,-1,-1,-1
221,-1,210,436,723,357,0.9828402996063232,-1,-1,-1
221,-1,10,349,171,138,0.6351702213287354,-1,-1,-1
222,-1,181,441,680,339,0.9804650545120239,-1,-1,-1
223,-1,168,436,628,331,0.9776511788368225,-1,-1,-1
224,-1,131,437,609,316,0.9835565090179443,-1,-1,-1
225,-1,122,435,562,312,0.9875039458274841,-1,-1,-1
226,-1,111,432,505,299,0.9941818118095398,-1,-1,-1
227,-1,94,425,475,289,0.9940046668052673,-1,-1,-1
228,-1,84,420,450,284,0.9933441877365112,-1,-1,-1
229,-1,85,414,405,276,0.9933346509933472,-1,-1,-1
230,-1,76,411,380,267,0.9900451302528381,-1,-1,-1
231,-1,62,403,357,253,0.9855698943138123,-1,-1,-1
232,-1,57,404,353,239,0.9526836276054382,-1,-1,-1
233,-1,53,394,344,235,0.8407239317893982,-1,-1,-1
233,-1,1850,559,645,308,0.7907726764678955,-1,-1,-1
234,-1,1708,555,807,319,0.9199568629264832,-1,-1,-1
234,-1,55,396,319,222,0.7647194266319275,-1,-1,-1
235,-1,1553,546,871,326,0.9326693415641785,-1,-1,-1
236,-1,1419,548,827,323,0.9411815404891968,-1,-1,-1
237,-1,1318,558,832,308,0.9600790143013,-1,-1,-1
238,-1,1197,554,815,310,0.9775257706642151,-1,-1,-1
238,-1,57,379,275,209,0.6126299500465393,-1,-1,-1
239,-1,1043,553,852,307,0.9719803333282471,-1,-1,-1
239,-1,56,378,269,202,0.6666693091392517,-1,-1,-1
240,-1,977,553,792,304,0.9672887921333313,-1,-1,-1
240,-1,58,373,257,200,0.733388364315033,-1,-1,-1
241,-1,876,553,779,302,0.9666057825088501,-1,-1,-1
242,-1,762,552,782,298,0.9610717296600342,-1,-1,-1
243,-1,717,555,746,283,0.9464628100395203,-1,-1,-1
244,-1,598,556,741,277,0.956013560295105,-1,-1,-1
244,-1,44,365,239,192,0.9464051723480225,-1,-1,-1
245,-1,43,361,224,191,0.9559897184371948,-1,-1,-1
245,-1,536,553,732,278,0.9435625672340393,-1,-1,-1
246,-1,492,549,707,278,0.9604285955429077,-1,-1,-1
246,-1,41,360,225,188,0.9545152187347412,-1,-1,-1
247,-1,462,545,670,277,0.9664894938468933,-1,-1,-1
247,-1,39,357,221,185,0.962636411190033,-1,-1,-1
248,-1,414,538,647,276,0.9659229516983032,-1,-1,-1
248,-1,36,356,219,185,0.9626576900482178,-1,-1,-1
249,-1,377,534,619,272,0.9719922542572021,-1,-1,-1
249,-1,34,353,215,180,0.9536568522453308,-1,-1,-1
250,-1,322,531,580,267,0.9712556600570679,-1,-1,-1
250,-1,30,349,213,180,0.9528447389602661,-1,-1,-1
251,-1,303,525,553,269,0.9764092564582825,-1,-1,-1
251,-1,30,349,206,180,0.9757840633392334,-1,-1,-1
252,-1,28,346,201,181,0.9846869111061096,-1,-1,-1
252,-1,277,515,548,272,0.9617499113082886,-1,-1,-1
253,-1,21,344,205,174,0.9865183234214783,-1,-1,-1
253,-1,250,511,505,265,0.9783843755722046,-1,-1,-1
254,-1,228,505,477,260,0.9820939898490906,-1,-1,-1
254,-1,22,343,198,174,0.9727559685707092,-1,-1,-1
255,-1,17,342,201,174,0.981013834476471,-1,-1,-1
255,-1,224,501,423,251,0.9804486632347107,-1,-1,-1
256,-1,207,494,397,243,0.9838688969612122,-1,-1,-1
256,-1,16,340,195,172,0.9718709588050842,-1,-1,-1
257,-1,197,489,362,234,0.9823761582374573,-1,-1,-1
257,-1,12,341,195,165,0.9640381932258606,-1,-1,-1
258,-1,199,486,342,229,0.985522985458374,-1,-1,-1
258,-1,10,339,194,166,0.9394065141677856,-1,-1,-1
259,-1,189,475,319,229,0.9740933179855347,-1,-1,-1
259,-1,7,338,193,165,0.9114786982536316,-1,-1,-1
260,-1,182,470,299,221,0.9627068638801575,-1,-1,-1
260,-1,10,337,187,164,0.9331138730049133,-1,-1,-1
261,-1,157,465,308,222,0.9779810309410095,-1,-1,-1
261,-1,8,336,182,161,0.845098614692688,-1,-1,-1
262,-1,161,459,287,218,0.9596406817436218,-1,-1,-1
262,-1,4,336,182,159,0.8175274729728699,-1,-1,-1
263,-1,146,456,280,213,0.9703832268714905,-1,-1,-1
263,-1,2,338,180,153,0.6448976397514343,-1,-1,-1
264,-1,132,451,277,209,0.9627429842948914,-1,-1,-1
264,-1,1,335,177,150,0.6895528435707092,-1,-1,-1
265,-1,118,448,279,201,0.9551305770874023,-1,-1,-1
266,-1,119,444,269,201,0.955068051815033,-1,-1,-1
267,-1,113,439,267,196,0.9710342884063721,-1,-1,-1
268,-1,103,433,254,196,0.9705679416656494,-1,-1,-1
269,-1,91,433,252,189,0.9702256917953491,-1,-1,-1
270,-1,88,430,251,186,0.9776179194450378,-1,-1,-1
271,-1,90,423,246,190,0.9479998350143433,-1,-1,-1
272,-1,77,419,253,189,0.9748152494430542,-1,-1,-1
273,-1,73,417,249,186,0.9889472723007202,-1,-1,-1
274,-1,63,414,246,180,0.9750407338142395,-1,-1,-1
275,-1,52,412,244,176,0.9849141240119934,-1,-1,-1
276,-1,52,407,232,174,0.9846700429916382,-1,-1,-1
277,-1,46,408,235,172,0.9854171872138977,-1,-1,-1
278,-1,44,404,221,166,0.99010169506073,-1,-1,-1
279,-1,40,400,215,164,0.9867171049118042,-1,-1,-1
280,-1,39,397,214,164,0.9910414814949036,-1,-1,-1
281,-1,38,393,207,167,0.9860369563102722,-1,-1,-1
282,-1,35,391,207,166,0.9819504022598267,-1,-1,-1
282,-1,0,583,1084,881,0.8320298194885254,-1,-1,-1
283,-1,29,390,209,159,0.9787467122077942,-1,-1,-1
283,-1,0,553,1468,953,0.9199384450912476,-1,-1,-1
284,-1,26,382,209,164,0.9647283554077148,-1,-1,-1
284,-1,242,564,1798,936,0.747026801109314,-1,-1,-1
285,-1,24,381,199,162,0.9739379286766052,-1,-1,-1
286,-1,19,383,194,151,0.9655052423477173,-1,-1,-1
287,-1,22,381,184,154,0.9516780376434326,-1,-1,-1
288,-1,18,379,185,150,0.9372573494911194,-1,-1,-1
289,-1,18,372,182,153,0.9192442297935486,-1,-1,-1
290,-1,12,368,185,150,0.9418065547943115,-1,-1,-1
291,-1,12,364,180,154,0.9292473793029785,-1,-1,-1
292,-1,11,364,179,146,0.9103457927703857,-1,-1,-1
293,-1,10,364,174,144,0.8771111965179443,-1,-1,-1
293,-1,1606,362,880,650,0.7994585037231445,-1,-1,-1
294,-1,1229,341,1252,678,0.9409391283988953,-1,-1,-1
294,-1,7,363,168,141,0.8021765351295471,-1,-1,-1
295,-1,840,361,1514,651,0.8810053467750549,-1,-1,-1
295,-1,7,365,169,133,0.8132235407829285,-1,-1,-1
296,-1,638,336,1492,690,0.8746064305305481,-1,-1,-1
296,-1,2,364,166,129,0.738388180732727,-1,-1,-1
297,-1,350,329,1416,707,0.9047073125839233,-1,-1,-1
298,-1,101,360,1364,666,0.8685128688812256,-1,-1,-1
299,-1,0,309,1214,716,0.94634610414505,-1,-1,-1
300,-1,0,321,989,677,0.6337552070617676,-1,-1,-1
301,-1,0,308,713,670,0.851263701915741,-1,-1,-1
302,-1,0,304,434,668,0.8934757709503174,-1,-1,-1
441,-1,0,650,743,845,0.6866998076438904,-1,-1,-1
442,-1,0,637,912,924,0.9263332486152649,-1,-1,-1
443,-1,0,657,1130,984,0.9642132520675659,-1,-1,-1
444,-1,0,657,1379,1079,0.9231147766113281,-1,-1,-1
445,-1,0,700,1728,1133,0.914760410785675,-1,-1,-1
446,-1,29,692,1966,1203,0.8918081521987915,-1,-1,-1
447,-1,210,706,2080,1213,0.8697518706321716,-1,-1,-1
448,-1,390,709,2031,1210,0.7862508893013,-1,-1,-1
449,-1,447,730,2022,1189,0.6338773965835571,-1,-1,-1
450,-1,564,749,1866,1166,0.7411211729049683,-1,-1,-1
451,-1,936,746,1580,1173,0.6984526515007019,-1,-1,-1
