1,-1,1372,335,174,150,0.9829581379890442,-1,-1,-1
1,-1,556,518,120,89,0.8959152698516846,-1,-1,-1
1,-1,302,588,81,72,0.8586480617523193,-1,-1,-1
2,-1,1370,339,181,156,0.9899625182151794,-1,-1,-1
2,-1,556,518,120,89,0.9069627523422241,-1,-1,-1
2,-1,304,589,81,69,0.8805143237113953,-1,-1,-1
3,-1,1368,345,187,159,0.9931190013885498,-1,-1,-1
3,-1,556,518,120,89,0.9130851030349731,-1,-1,-1
3,-1,306,589,84,70,0.8757646679878235,-1,-1,-1
4,-1,1367,349,191,171,0.991349458694458,-1,-1,-1
4,-1,557,517,116,89,0.9030614495277405,-1,-1,-1
4,-1,307,588,88,71,0.883845329284668,-1,-1,-1
5,-1,1364,359,200,169,0.9826933145523071,-1,-1,-1
5,-1,309,587,88,72,0.9195382595062256,-1,-1,-1
5,-1,557,517,116,89,0.9051371812820435,-1,-1,-1
6,-1,1359,365,211,177,0.9814727306365967,-1,-1,-1
6,-1,310,588,89,73,0.9248243570327759,-1,-1,-1
6,-1,557,517,116,89,0.904596745967865,-1,-1,-1
7,-1,313,589,88,71,0.9606727361679077,-1,-1,-1
7,-1,1355,371,225,178,0.9601007103919983,-1,-1,-1
7,-1,557,517,116,89,0.9044269323348999,-1,-1,-1
8,-1,1355,378,236,180,0.9693443179130554,-1,-1,-1
8,-1,317,588,87,73,0.956304669380188,-1,-1,-1
8,-1,557,517,116,89,0.905817985534668,-1,-1,-1
9,-1,1354,379,245,188,0.9491472244262695,-1,-1,-1
9,-1,316,589,89,72,0.9443965554237366,-1,-1,-1
9,-1,557,517,116,89,0.9035003781318665,-1,-1,-1
10,-1,318,590,92,72,0.9524422883987427,-1,-1,-1
10,-1,557,517,116,89,0.9031009674072266,-1,-1,-1
10,-1,1365,379,234,201,0.8047890663146973,-1,-1,-1
11,-1,321,590,89,73,0.9532594680786133,-1,-1,-1
11,-1,558,519,117,88,0.9019916653633118,-1,-1,-1
12,-1,324,589,91,74,0.9711524248123169,-1,-1,-1
12,-1,558,518,117,88,0.8921647071838379,-1,-1,-1
13,-1,326,589,92,74,0.9729853868484497,-1,-1,-1
13,-1,557,518,116,91,0.8686256408691406,-1,-1,-1
14,-1,327,589,95,74,0.9786807894706726,-1,-1,-1
14,-1,557,518,116,91,0.8683918714523315,-1,-1,-1
15,-1,330,590,95,74,0.9793842434883118,-1,-1,-1
15,-1,557,518,117,89,0.8876137137413025,-1,-1,-1
16,-1,332,589,96,75,0.9832940101623535,-1,-1,-1
16,-1,557,518,117,89,0.8858453035354614,-1,-1,-1
17,-1,331,588,96,75,0.9812567830085754,-1,-1,-1
17,-1,557,518,117,89,0.8880853056907654,-1,-1,-1
18,-1,337,590,94,75,0.9833837747573853,-1,-1,-1
18,-1,557,518,116,91,0.8652108907699585,-1,-1,-1
19,-1,338,589,93,77,0.9847250580787659,-1,-1,-1
19,-1,557,518,116,91,0.8699882626533508,-1,-1,-1
20,-1,339,589,97,78,0.9845780730247498,-1,-1,-1
20,-1,557,518,116,91,0.8412768840789795,-1,-1,-1
21,-1,340,589,102,78,0.9893274307250977,-1,-1,-1
21,-1,556,519,121,88,0.9163872599601746,-1,-1,-1
22,-1,343,589,104,80,0.9901502132415771,-1,-1,-1
22,-1,556,519,121,88,0.919280469417572,-1,-1,-1
23,-1,346,588,102,81,0.9893801212310791,-1,-1,-1
23,-1,556,519,121,88,0.9127762317657471,-1,-1,-1
24,-1,348,587,103,82,0.9910933375358582,-1,-1,-1
24,-1,556,519,121,88,0.8996095657348633,-1,-1,-1
25,-1,351,587,105,85,0.9910666346549988,-1,-1,-1
25,-1,555,518,121,89,0.9109340906143188,-1,-1,-1
26,-1,351,587,106,84,0.9914528131484985,-1,-1,-1
26,-1,555,518,121,89,0.9146162867546082,-1,-1,-1
27,-1,355,586,106,86,0.9917313456535339,-1,-1,-1
27,-1,555,518,121,89,0.9162455201148987,-1,-1,-1
28,-1,357,586,107,88,0.9910127520561218,-1,-1,-1
28,-1,557,518,118,90,0.9070661067962646,-1,-1,-1
29,-1,359,584,109,90,0.9895892143249512,-1,-1,-1
29,-1,557,518,118,90,0.901338517665863,-1,-1,-1
30,-1,362,585,112,90,0.9893503785133362,-1,-1,-1
30,-1,557,518,118,89,0.8883715271949768,-1,-1,-1
31,-1,369,584,111,92,0.9904623627662659,-1,-1,-1
31,-1,555,518,121,89,0.9342567324638367,-1,-1,-1
32,-1,371,583,111,92,0.993059515953064,-1,-1,-1
32,-1,557,519,119,89,0.9133227467536926,-1,-1,-1
33,-1,372,584,112,93,0.9940113425254822,-1,-1,-1
33,-1,556,519,121,88,0.9186972379684448,-1,-1,-1
34,-1,371,585,121,94,0.9925100803375244,-1,-1,-1
34,-1,556,519,121,88,0.9236565232276917,-1,-1,-1
35,-1,375,583,123,96,0.9928417205810547,-1,-1,-1
35,-1,556,519,121,88,0.9192896485328674,-1,-1,-1
36,-1,377,584,124,97,0.9943748712539673,-1,-1,-1
36,-1,557,519,118,89,0.8890203237533569,-1,-1,-1
37,-1,378,582,124,99,0.9941667318344116,-1,-1,-1
37,-1,557,519,118,89,0.8950431942939758,-1,-1,-1
38,-1,385,581,125,99,0.9947097301483154,-1,-1,-1
38,-1,557,519,118,88,0.8901814818382263,-1,-1,-1
39,-1,384,581,129,101,0.9948310256004333,-1,-1,-1
39,-1,557,519,119,89,0.8938132524490356,-1,-1,-1
40,-1,388,581,130,101,0.9942991733551025,-1,-1,-1
40,-1,557,518,117,91,0.8838933110237122,-1,-1,-1
41,-1,388,580,137,104,0.9948142766952515,-1,-1,-1
41,-1,557,518,117,91,0.8766757845878601,-1,-1,-1
42,-1,392,579,137,105,0.994616687297821,-1,-1,-1
42,-1,557,518,117,91,0.8748684525489807,-1,-1,-1
43,-1,396,579,138,105,0.9930517673492432,-1,-1,-1
43,-1,557,518,117,91,0.8784177303314209,-1,-1,-1
44,-1,400,579,141,106,0.9934431314468384,-1,-1,-1
44,-1,557,518,117,91,0.8749454021453857,-1,-1,-1
45,-1,402,577,144,108,0.9936569333076477,-1,-1,-1
45,-1,557,518,117,91,0.8710111379623413,-1,-1,-1
46,-1,408,578,143,108,0.9946931004524231,-1,-1,-1
46,-1,557,518,117,91,0.8646945953369141,-1,-1,-1
47,-1,407,577,150,112,0.9948835968971252,-1,-1,-1
47,-1,556,518,117,91,0.8778027892112732,-1,-1,-1
48,-1,410,576,152,113,0.9942123293876648,-1,-1,-1
48,-1,552,518,121,90,0.881250262260437,-1,-1,-1
49,-1,416,576,155,115,0.9933688044548035,-1,-1,-1
49,-1,554,519,120,89,0.8756441473960876,-1,-1,-1
50,-1,422,577,156,115,0.9935640692710876,-1,-1,-1
50,-1,552,519,119,91,0.8556843996047974,-1,-1,-1
51,-1,424,575,158,118,0.9933429956436157,-1,-1,-1
51,-1,555,519,119,89,0.901505708694458,-1,-1,-1
52,-1,426,573,166,124,0.9955657124519348,-1,-1,-1
52,-1,555,519,118,89,0.8839247226715088,-1,-1,-1
53,-1,432,572,169,126,0.9945133924484253,-1,-1,-1
53,-1,558,519,114,90,0.850795328617096,-1,-1,-1
54,-1,435,572,168,128,0.993767261505127,-1,-1,-1
54,-1,558,519,112,90,0.7875728011131287,-1,-1,-1
55,-1,438,573,172,130,0.991692841053009,-1,-1,-1
55,-1,557,519,112,87,0.7883855104446411,-1,-1,-1
56,-1,444,572,180,131,0.9953188300132751,-1,-1,-1
56,-1,557,520,114,87,0.7120745182037354,-1,-1,-1
57,-1,448,571,188,137,0.994105339050293,-1,-1,-1
57,-1,322,596,75,64,0.693539023399353,-1,-1,-1
58,-1,456,570,190,139,0.9944581985473633,-1,-1,-1
58,-1,323,597,80,63,0.785908043384552,-1,-1,-1
59,-1,465,570,196,141,0.9938550591468811,-1,-1,-1
59,-1,325,596,81,65,0.778122067451477,-1,-1,-1
60,-1,474,567,200,145,0.9922010898590088,-1,-1,-1
60,-1,329,595,81,65,0.8013806939125061,-1,-1,-1
61,-1,476,568,211,149,0.9892479777336121,-1,-1,-1
61,-1,331,596,82,65,0.8750377297401428,-1,-1,-1
62,-1,485,568,221,151,0.983816385269165,-1,-1,-1
62,-1,334,594,81,66,0.8721258640289307,-1,-1,-1
63,-1,484,565,229,158,0.980544924736023,-1,-1,-1
63,-1,335,594,84,68,0.9103889465332031,-1,-1,-1
64,-1,498,567,234,163,0.9817731976509094,-1,-1,-1
64,-1,338,594,87,69,0.9228718280792236,-1,-1,-1
65,-1,512,565,247,168,0.9829859137535095,-1,-1,-1
65,-1,341,594,86,70,0.9117897748947144,-1,-1,-1
66,-1,516,559,263,179,0.9807009696960449,-1,-1,-1
66,-1,344,594,90,72,0.9462930560112,-1,-1,-1
67,-1,531,558,268,180,0.9800400733947754,-1,-1,-1
67,-1,348,595,95,71,0.955746591091156,-1,-1,-1
68,-1,541,556,286,193,0.9756436944007874,-1,-1,-1
68,-1,351,593,94,75,0.9633548855781555,-1,-1,-1
69,-1,558,554,299,198,0.9837741851806641,-1,-1,-1
69,-1,351,593,100,76,0.9720461964607239,-1,-1,-1
70,-1,571,550,312,213,0.9812005162239075,-1,-1,-1
70,-1,354,594,100,77,0.9731008410453796,-1,-1,-1
71,-1,586,553,329,212,0.985683262348175,-1,-1,-1
71,-1,358,593,102,77,0.9831128716468811,-1,-1,-1
71,-1,555,519,113,87,0.7930412292480469,-1,-1,-1
72,-1,361,593,104,77,0.9849041700363159,-1,-1,-1
72,-1,613,548,355,223,0.9835145473480225,-1,-1,-1
72,-1,557,519,114,89,0.8224548101425171,-1,-1,-1
72,-1,312,595,66,60,0.6735444664955139,-1,-1,-1
73,-1,364,593,110,82,0.9877469539642334,-1,-1,-1
73,-1,630,546,369,229,0.9746465086936951,-1,-1,-1
73,-1,557,519,116,90,0.8757891654968262,-1,-1,-1
73,-1,313,595,65,60,0.6641662120819092,-1,-1,-1
74,-1,658,537,411,250,0.9873365759849548,-1,-1,-1
74,-1,368,592,112,83,0.9870203733444214,-1,-1,-1
74,-1,557,519,117,91,0.9439259767532349,-1,-1,-1
74,-1,1068,356,486,295,0.7432776689529419,-1,-1,-1
74,-1,314,594,69,61,0.692333996295929,-1,-1,-1
75,-1,374,591,112,85,0.9883869290351868,-1,-1,-1
75,-1,678,532,453,269,0.9852723479270935,-1,-1,-1
75,-1,554,518,123,92,0.9518551230430603,-1,-1,-1
75,-1,1037,359,503,290,0.8722902536392212,-1,-1,-1
75,-1,315,594,73,61,0.6810893416404724,-1,-1,-1
76,-1,377,591,116,85,0.9888609051704407,-1,-1,-1
76,-1,706,526,500,284,0.9825724363327026,-1,-1,-1
76,-1,556,518,119,92,0.9603221416473389,-1,-1,-1
76,-1,1012,372,484,276,0.8961312174797058,-1,-1,-1
76,-1,318,594,73,62,0.7569741606712341,-1,-1,-1
77,-1,386,589,119,88,0.993728756904602,-1,-1,-1
77,-1,751,515,556,313,0.9853965640068054,-1,-1,-1
77,-1,554,518,122,91,0.947280764579773,-1,-1,-1
77,-1,317,595,76,62,0.8667117357254028,-1,-1,-1
77,-1,995,379,440,251,0.6561920046806335,-1,-1,-1
78,-1,390,589,119,89,0.9935809373855591,-1,-1,-1
78,-1,788,508,617,346,0.9879278540611267,-1,-1,-1
78,-1,557,518,117,90,0.9495493769645691,-1,-1,-1
78,-1,318,595,77,62,0.8668290376663208,-1,-1,-1
79,-1,397,587,123,93,0.9917783141136169,-1,-1,-1
79,-1,856,505,667,370,0.9848176836967468,-1,-1,-1
79,-1,557,519,117,90,0.954253613948822,-1,-1,-1
79,-1,319,596,79,63,0.8535868525505066,-1,-1,-1
80,-1,401,587,127,93,0.9915478825569153,-1,-1,-1
80,-1,556,519,117,90,0.9553556442260742,-1,-1,-1
80,-1,912,455,687,452,0.8945802450180054,-1,-1,-1
80,-1,323,595,79,64,0.8248463273048401,-1,-1,-1
81,-1,408,586,132,96,0.9932756423950195,-1,-1,-1
81,-1,554,518,120,91,0.9382738471031189,-1,-1,-1
81,-1,327,595,79,63,0.8780990242958069,-1,-1,-1
81,-1,947,446,652,512,0.7243189811706543,-1,-1,-1
81,-1,864,425,342,192,0.6648425459861755,-1,-1,-1
82,-1,413,586,136,98,0.9923827052116394,-1,-1,-1
82,-1,554,518,121,91,0.9409068822860718,-1,-1,-1
82,-1,332,593,79,67,0.8618341684341431,-1,-1,-1
82,-1,870,429,329,213,0.636094868183136,-1,-1,-1
83,-1,423,583,138,103,0.9946085214614868,-1,-1,-1
83,-1,822,437,356,207,0.9710851311683655,-1,-1,-1
83,-1,554,518,122,91,0.938300371170044,-1,-1,-1
83,-1,334,594,80,66,0.9091262817382812,-1,-1,-1
84,-1,432,582,145,105,0.9929407835006714,-1,-1,-1
84,-1,802,444,358,200,0.9828845262527466,-1,-1,-1
84,-1,554,518,122,91,0.9301937222480774,-1,-1,-1
84,-1,336,594,80,67,0.9194614291191101,-1,-1,-1
85,-1,442,582,146,108,0.9937705397605896,-1,-1,-1
85,-1,779,454,344,191,0.9881373047828674,-1,-1,-1
85,-1,557,518,116,91,0.9350602626800537,-1,-1,-1
85,-1,339,594,83,68,0.9268987774848938,-1,-1,-1
86,-1,447,582,151,111,0.9902412295341492,-1,-1,-1
86,-1,758,457,334,186,0.9885364770889282,-1,-1,-1
86,-1,558,518,115,91,0.9360918402671814,-1,-1,-1
86,-1,340,595,84,67,0.9257630109786987,-1,-1,-1
87,-1,463,578,158,118,0.9917254447937012,-1,-1,-1
87,-1,742,466,303,177,0.98835688829422,-1,-1,-1
87,-1,343,593,89,70,0.9422942996025085,-1,-1,-1
87,-1,558,519,119,89,0.8727937340736389,-1,-1,-1
88,-1,470,579,168,119,0.9904162883758545,-1,-1,-1
88,-1,721,470,300,171,0.9897868633270264,-1,-1,-1
88,-1,346,592,93,72,0.9722651243209839,-1,-1,-1
88,-1,555,518,119,89,0.7872440218925476,-1,-1,-1
89,-1,483,577,171,124,0.9947258830070496,-1,-1,-1
89,-1,715,475,270,166,0.9902453422546387,-1,-1,-1
89,-1,352,592,93,73,0.9697766900062561,-1,-1,-1
89,-1,252,608,73,61,0.6087965965270996,-1,-1,-1
90,-1,699,486,259,155,0.9931267499923706,-1,-1,-1
90,-1,497,577,182,127,0.9896177649497986,-1,-1,-1
90,-1,355,591,93,74,0.9637630581855774,-1,-1,-1
90,-1,555,519,118,86,0.6210970878601074,-1,-1,-1
91,-1,679,486,249,155,0.9943432807922363,-1,-1,-1
91,-1,513,574,192,133,0.9904264807701111,-1,-1,-1
91,-1,358,592,95,74,0.9787078499794006,-1,-1,-1
91,-1,253,607,76,65,0.7237550020217896,-1,-1,-1
91,-1,558,519,114,88,0.611606240272522,-1,-1,-1
92,-1,669,492,234,148,0.9935338497161865,-1,-1,-1
92,-1,524,571,211,140,0.990522563457489,-1,-1,-1
92,-1,361,592,99,76,0.9764867424964905,-1,-1,-1
92,-1,253,607,77,66,0.8372856974601746,-1,-1,-1
92,-1,556,518,117,87,0.6029807329177856,-1,-1,-1
93,-1,539,569,230,147,0.9902927875518799,-1,-1,-1
93,-1,671,491,207,142,0.9720429182052612,-1,-1,-1
93,-1,369,591,100,78,0.9694151282310486,-1,-1,-1
93,-1,254,606,78,68,0.7728303074836731,-1,-1,-1
93,-1,555,518,118,92,0.671301543712616,-1,-1,-1
94,-1,558,568,231,152,0.9899740815162659,-1,-1,-1
94,-1,373,590,102,80,0.9751938581466675,-1,-1,-1
94,-1,253,606,81,69,0.8669669032096863,-1,-1,-1
95,-1,571,564,275,165,0.9800844192504883,-1,-1,-1
95,-1,377,591,107,81,0.9761556386947632,-1,-1,-1
95,-1,254,606,84,70,0.9203399419784546,-1,-1,-1
95,-1,1081,356,480,285,0.7205608487129211,-1,-1,-1
96,-1,384,589,109,83,0.9854546785354614,-1,-1,-1
96,-1,610,558,270,178,0.9756735563278198,-1,-1,-1
96,-1,254,606,87,71,0.931483805179596,-1,-1,-1
96,-1,969,354,549,292,0.8182846307754517,-1,-1,-1
97,-1,389,589,111,84,0.986578643321991,-1,-1,-1
97,-1,626,554,301,185,0.9576292037963867,-1,-1,-1
97,-1,255,606,89,72,0.9284160137176514,-1,-1,-1
97,-1,965,375,482,276,0.9097921848297119,-1,-1,-1
98,-1,397,587,115,89,0.9864909648895264,-1,-1,-1
98,-1,256,607,89,72,0.9547169208526611,-1,-1,-1
98,-1,657,552,328,196,0.9404398798942566,-1,-1,-1
98,-1,576,511,191,122,0.892058253288269,-1,-1,-1
98,-1,943,393,415,261,0.8674904108047485,-1,-1,-1
99,-1,406,586,122,89,0.9878111481666565,-1,-1,-1
99,-1,568,512,197,120,0.972862720489502,-1,-1,-1
99,-1,257,609,92,74,0.9577422738075256,-1,-1,-1
99,-1,690,548,364,213,0.9512783885002136,-1,-1,-1
99,-1,891,395,445,255,0.7777355313301086,-1,-1,-1
100,-1,563,515,179,121,0.9898606538772583,-1,-1,-1
100,-1,412,586,124,91,0.9895763397216797,-1,-1,-1
100,-1,734,548,411,226,0.9823234677314758,-1,-1,-1
100,-1,258,608,94,77,0.944916307926178,-1,-1,-1
101,-1,424,585,128,95,0.991784930229187,-1,-1,-1
101,-1,559,517,172,116,0.9893529415130615,-1,-1,-1
101,-1,769,542,441,243,0.9726600050926208,-1,-1,-1
101,-1,258,610,96,78,0.9474962949752808,-1,-1,-1
102,-1,428,583,135,97,0.9936424493789673,-1,-1,-1
102,-1,551,521,164,114,0.9913750290870667,-1,-1,-1
102,-1,835,522,528,280,0.9761265516281128,-1,-1,-1
102,-1,261,611,92,76,0.9554054737091064,-1,-1,-1
103,-1,440,582,138,101,0.992405116558075,-1,-1,-1
103,-1,913,516,613,315,0.9893843531608582,-1,-1,-1
103,-1,541,520,155,116,0.9868423342704773,-1,-1,-1
103,-1,261,612,95,79,0.9608966112136841,-1,-1,-1
104,-1,449,583,141,100,0.9940151572227478,-1,-1,-1
104,-1,259,611,100,82,0.9744651317596436,-1,-1,-1
104,-1,811,445,348,193,0.9312822818756104,-1,-1,-1
104,-1,992,503,607,353,0.8942638635635376,-1,-1,-1
104,-1,543,521,154,109,0.8654896020889282,-1,-1,-1
105,-1,469,575,148,110,0.9922502040863037,-1,-1,-1
105,-1,771,451,344,191,0.9777276515960693,-1,-1,-1
105,-1,262,611,101,86,0.9581788778305054,-1,-1,-1
105,-1,1059,511,513,372,0.6226101517677307,-1,-1,-1
106,-1,484,576,151,111,0.9896950721740723,-1,-1,-1
106,-1,263,612,104,86,0.9798973202705383,-1,-1,-1
106,-1,759,455,320,186,0.9719065427780151,-1,-1,-1
107,-1,495,572,164,117,0.989424467086792,-1,-1,-1
107,-1,264,613,107,88,0.9833462238311768,-1,-1,-1
107,-1,727,462,311,178,0.9800795912742615,-1,-1,-1
108,-1,714,470,285,168,0.9858375191688538,-1,-1,-1
108,-1,267,615,114,88,0.9852306246757507,-1,-1,-1
108,-1,524,570,164,120,0.9831235408782959,-1,-1,-1
109,-1,525,569,194,126,0.9919261336326599,-1,-1,-1
109,-1,697,480,260,162,0.9905643463134766,-1,-1,-1
109,-1,271,618,110,90,0.9818640947341919,-1,-1,-1
110,-1,272,617,114,91,0.9838851690292358,-1,-1,-1
110,-1,535,566,214,135,0.9824002981185913,-1,-1,-1
110,-1,682,481,235,157,0.9807763695716858,-1,-1,-1
111,-1,568,563,229,142,0.9869491457939148,-1,-1,-1
111,-1,276,620,118,94,0.9796403050422668,-1,-1,-1
111,-1,671,485,226,148,0.860736072063446,-1,-1,-1
111,-1,478,533,138,102,0.8528656959533691,-1,-1,-1
112,-1,280,620,122,97,0.9835895299911499,-1,-1,-1
112,-1,469,536,133,100,0.9783061146736145,-1,-1,-1
112,-1,581,554,258,155,0.9435619115829468,-1,-1,-1
113,-1,281,620,125,101,0.9893947243690491,-1,-1,-1
113,-1,462,535,135,100,0.9820312261581421,-1,-1,-1
113,-1,608,547,278,167,0.9461496472358704,-1,-1,-1
114,-1,285,622,127,104,0.9911331534385681,-1,-1,-1
114,-1,458,537,137,97,0.9837121367454529,-1,-1,-1
114,-1,649,551,296,173,0.9666183590888977,-1,-1,-1
114,-1,1472,242,96,81,0.6001781821250916,-1,-1,-1
115,-1,292,623,132,105,0.9927238821983337,-1,-1,-1
115,-1,453,538,129,98,0.9859640598297119,-1,-1,-1
115,-1,681,547,322,186,0.9379969239234924,-1,-1,-1
116,-1,447,541,122,94,0.9840964078903198,-1,-1,-1
116,-1,297,624,142,108,0.9832599759101868,-1,-1,-1
116,-1,600,517,177,120,0.9545173645019531,-1,-1,-1
116,-1,741,536,368,205,0.9534123539924622,-1,-1,-1
117,-1,299,623,145,114,0.988911509513855,-1,-1,-1
117,-1,580,514,187,124,0.9866711497306824,-1,-1,-1
117,-1,442,543,116,91,0.9709258675575256,-1,-1,-1
117,-1,796,526,429,228,0.954858124256134,-1,-1,-1
117,-1,1469,244,98,81,0.605330228805542,-1,-1,-1
118,-1,571,517,178,117,0.9889439344406128,-1,-1,-1
118,-1,305,621,153,120,0.9879910349845886,-1,-1,-1
118,-1,438,545,118,89,0.9723607897758484,-1,-1,-1
118,-1,872,510,479,260,0.9604930281639099,-1,-1,-1
118,-1,1470,244,97,83,0.6462060213088989,-1,-1,-1
119,-1,563,516,173,117,0.991751492023468,-1,-1,-1
119,-1,306,622,164,128,0.9836711883544922,-1,-1,-1
119,-1,943,496,560,292,0.9690050482749939,-1,-1,-1
119,-1,432,548,114,87,0.9666791558265686,-1,-1,-1
120,-1,556,518,160,117,0.9912309646606445,-1,-1,-1
120,-1,320,623,171,134,0.9814919829368591,-1,-1,-1
120,-1,428,547,113,86,0.9485710859298706,-1,-1,-1
120,-1,1030,489,569,319,0.8827248811721802,-1,-1,-1
120,-1,1465,242,103,88,0.7762781381607056,-1,-1,-1
121,-1,545,518,159,115,0.9923825860023499,-1,-1,-1
121,-1,327,623,176,141,0.9878594279289246,-1,-1,-1
121,-1,423,550,111,85,0.9589588642120361,-1,-1,-1
122,-1,534,522,159,113,0.9921875,-1,-1,-1
122,-1,337,623,190,148,0.9857831001281738,-1,-1,-1
122,-1,417,546,110,89,0.952354371547699,-1,-1,-1
122,-1,1463,245,98,89,0.6377535462379456,-1,-1,-1
123,-1,526,524,147,111,0.987419068813324,-1,-1,-1
123,-1,345,623,208,164,0.984348714351654,-1,-1,-1
123,-1,414,547,108,89,0.9464461803436279,-1,-1,-1
123,-1,1461,246,99,88,0.8859990239143372,-1,-1,-1
124,-1,350,626,222,170,0.9855437278747559,-1,-1,-1
124,-1,511,521,147,115,0.9825950860977173,-1,-1,-1
124,-1,1462,247,101,86,0.9229540228843689,-1,-1,-1
124,-1,411,548,105,88,0.9057477116584778,-1,-1,-1
125,-1,363,628,243,188,0.9828414916992188,-1,-1,-1
125,-1,505,523,147,112,0.9826914668083191,-1,-1,-1
125,-1,407,549,104,86,0.9309591054916382,-1,-1,-1
125,-1,1459,247,104,89,0.9283269047737122,-1,-1,-1
125,-1,292,599,74,62,0.6150016784667969,-1,-1,-1
126,-1,377,630,264,195,0.98332279920578,-1,-1,-1
126,-1,1458,248,102,89,0.9399937987327576,-1,-1,-1
126,-1,498,523,152,109,0.9119911789894104,-1,-1,-1
126,-1,404,552,96,84,0.7901666164398193,-1,-1,-1
126,-1,294,598,74,62,0.6483777165412903,-1,-1,-1
127,-1,386,634,298,210,0.9827202558517456,-1,-1,-1
127,-1,485,528,154,106,0.9713613986968994,-1,-1,-1
127,-1,1457,249,103,92,0.9537529349327087,-1,-1,-1
127,-1,400,557,94,76,0.7584440112113953,-1,-1,-1
127,-1,294,597,78,62,0.7318795919418335,-1,-1,-1
128,-1,409,635,322,230,0.9844415783882141,-1,-1,-1
128,-1,1455,252,106,89,0.9648948907852173,-1,-1,-1
128,-1,479,533,149,101,0.94220370054245,-1,-1,-1
128,-1,399,559,90,77,0.8436340093612671,-1,-1,-1
128,-1,296,596,79,66,0.812269926071167,-1,-1,-1
129,-1,429,643,361,260,0.9785125255584717,-1,-1,-1
129,-1,474,534,140,103,0.9706133008003235,-1,-1,-1
129,-1,1455,252,106,91,0.9686930775642395,-1,-1,-1
129,-1,297,596,82,69,0.76756751537323,-1,-1,-1
129,-1,390,561,96,74,0.7041352987289429,-1,-1,-1
130,-1,457,650,411,285,0.9812001585960388,-1,-1,-1
130,-1,1455,252,107,92,0.9636605381965637,-1,-1,-1
130,-1,467,539,140,95,0.9446791410446167,-1,-1,-1
130,-1,300,598,82,67,0.8434186577796936,-1,-1,-1
130,-1,388,563,90,70,0.7966053485870361,-1,-1,-1
131,-1,487,644,500,346,0.9809078574180603,-1,-1,-1
131,-1,1454,252,107,93,0.9704005122184753,-1,-1,-1
131,-1,462,536,136,97,0.9577693939208984,-1,-1,-1
131,-1,301,597,85,70,0.8700749278068542,-1,-1,-1
131,-1,388,563,82,71,0.826657772064209,-1,-1,-1
132,-1,504,645,641,427,0.977071225643158,-1,-1,-1
132,-1,1453,249,105,98,0.9685867428779602,-1,-1,-1
132,-1,456,536,135,101,0.9628645777702332,-1,-1,-1
132,-1,303,597,92,71,0.8619813919067383,-1,-1,-1
132,-1,385,564,82,71,0.8615453839302063,-1,-1,-1
133,-1,1450,256,108,93,0.9699501395225525,-1,-1,-1
133,-1,454,540,124,94,0.9638824462890625,-1,-1,-1
133,-1,580,648,824,544,0.9581079483032227,-1,-1,-1
133,-1,308,596,90,71,0.9357463717460632,-1,-1,-1
133,-1,382,564,82,71,0.847481906414032,-1,-1,-1
134,-1,1449,255,108,95,0.9664157032966614,-1,-1,-1
134,-1,449,543,118,92,0.9646356105804443,-1,-1,-1
134,-1,310,597,93,72,0.9544614553451538,-1,-1,-1
134,-1,378,567,80,65,0.7344797253608704,-1,-1,-1
134,-1,597,647,954,552,0.6886224150657654,-1,-1,-1
134,-1,560,518,110,91,0.6621343493461609,-1,-1,-1
135,-1,443,545,113,90,0.967645525932312,-1,-1,-1
135,-1,1447,259,109,93,0.9652917981147766,-1,-1,-1
135,-1,314,595,95,74,0.9498165845870972,-1,-1,-1
135,-1,559,519,111,88,0.7714014649391174,-1,-1,-1
136,-1,320,595,95,75,0.9624367952346802,-1,-1,-1
136,-1,1446,261,110,94,0.9556815028190613,-1,-1,-1
136,-1,440,548,108,87,0.9246001839637756,-1,-1,-1
136,-1,559,519,112,88,0.8376250267028809,-1,-1,-1
137,-1,323,594,96,78,0.9731902480125427,-1,-1,-1
137,-1,1446,262,112,93,0.9644036889076233,-1,-1,-1
137,-1,435,551,111,83,0.8970065712928772,-1,-1,-1
137,-1,559,519,112,88,0.8811298608779907,-1,-1,-1
138,-1,328,594,100,79,0.9757502675056458,-1,-1,-1
138,-1,1445,263,113,94,0.9685783386230469,-1,-1,-1
138,-1,433,552,104,82,0.9023239612579346,-1,-1,-1
138,-1,558,519,113,88,0.8965723514556885,-1,-1,-1
139,-1,332,592,100,81,0.9832395911216736,-1,-1,-1
139,-1,1444,263,114,96,0.9644553661346436,-1,-1,-1
139,-1,424,554,106,79,0.9390187859535217,-1,-1,-1
139,-1,558,519,113,88,0.8916419148445129,-1,-1,-1
140,-1,337,594,105,80,0.9794942140579224,-1,-1,-1
140,-1,1442,263,116,99,0.9708770513534546,-1,-1,-1
140,-1,558,520,115,88,0.8953063488006592,-1,-1,-1
140,-1,422,554,100,78,0.8551690578460693,-1,-1,-1
141,-1,342,585,107,91,0.9794321060180664,-1,-1,-1
141,-1,1440,263,115,100,0.9774155020713806,-1,-1,-1
141,-1,558,518,113,88,0.8855264782905579,-1,-1,-1
142,-1,349,586,108,92,0.985178530216217,-1,-1,-1
142,-1,1439,266,117,100,0.984549880027771,-1,-1,-1
142,-1,558,518,113,88,0.8847845792770386,-1,-1,-1
143,-1,353,582,110,93,0.9896860718727112,-1,-1,-1
143,-1,1439,268,117,101,0.979584276676178,-1,-1,-1
143,-1,558,518,113,88,0.8940198421478271,-1,-1,-1
144,-1,355,587,116,91,0.9920790791511536,-1,-1,-1
144,-1,1437,267,119,103,0.9873538613319397,-1,-1,-1
144,-1,557,518,114,89,0.9114212393760681,-1,-1,-1
145,-1,361,589,120,91,0.9940162897109985,-1,-1,-1
145,-1,1437,267,118,105,0.9861490726470947,-1,-1,-1
145,-1,557,518,115,90,0.8479593992233276,-1,-1,-1
146,-1,366,588,122,93,0.9943517446517944,-1,-1,-1
146,-1,1436,269,118,106,0.9822074770927429,-1,-1,-1
146,-1,557,518,115,90,0.851876974105835,-1,-1,-1
147,-1,373,585,125,96,0.9949753284454346,-1,-1,-1
147,-1,1433,272,121,103,0.9870354533195496,-1,-1,-1
147,-1,557,518,115,90,0.8715593814849854,-1,-1,-1
148,-1,381,584,133,99,0.9939202070236206,-1,-1,-1
148,-1,1433,271,120,106,0.9781486988067627,-1,-1,-1
148,-1,557,518,115,90,0.8710778951644897,-1,-1,-1
149,-1,389,586,137,100,0.993498682975769,-1,-1,-1
149,-1,1430,271,121,108,0.9834058284759521,-1,-1,-1
149,-1,557,518,115,90,0.84929358959198,-1,-1,-1
150,-1,402,587,141,100,0.9936510920524597,-1,-1,-1
150,-1,1429,273,123,108,0.9793195128440857,-1,-1,-1
150,-1,557,518,114,90,0.8410152196884155,-1,-1,-1
151,-1,413,586,146,105,0.9932987093925476,-1,-1,-1
151,-1,1428,274,124,109,0.9781472086906433,-1,-1,-1
151,-1,556,520,117,87,0.908397912979126,-1,-1,-1
152,-1,419,586,152,108,0.9940335154533386,-1,-1,-1
152,-1,1426,275,123,111,0.9716273546218872,-1,-1,-1
152,-1,555,520,117,87,0.9241077303886414,-1,-1,-1
153,-1,428,582,164,115,0.993747353553772,-1,-1,-1
153,-1,1423,276,126,114,0.9784868359565735,-1,-1,-1
153,-1,556,520,117,87,0.9390092492103577,-1,-1,-1
154,-1,444,583,164,119,0.9936662316322327,-1,-1,-1
154,-1,1422,278,127,116,0.9744826555252075,-1,-1,-1
154,-1,557,519,116,88,0.9303536415100098,-1,-1,-1
155,-1,463,581,174,124,0.9934583306312561,-1,-1,-1
155,-1,1423,281,127,113,0.9822247624397278,-1,-1,-1
155,-1,558,520,117,87,0.8318966031074524,-1,-1,-1
156,-1,469,578,194,131,0.9954512715339661,-1,-1,-1
156,-1,1421,283,132,112,0.9821699261665344,-1,-1,-1
156,-1,561,518,114,91,0.7018457651138306,-1,-1,-1
157,-1,485,576,212,138,0.991240918636322,-1,-1,-1
157,-1,1417,284,130,116,0.9744566082954407,-1,-1,-1
157,-1,556,519,114,88,0.815288782119751,-1,-1,-1
158,-1,1416,286,135,115,0.9870755076408386,-1,-1,-1
158,-1,506,573,238,144,0.9821354150772095,-1,-1,-1
158,-1,557,519,114,88,0.7764479517936707,-1,-1,-1
159,-1,1415,287,135,116,0.9875825047492981,-1,-1,-1
159,-1,526,570,258,155,0.9795478582382202,-1,-1,-1
159,-1,555,517,115,93,0.8573057055473328,-1,-1,-1
160,-1,1413,288,139,119,0.9808321595191956,-1,-1,-1
160,-1,550,566,277,166,0.9794897437095642,-1,-1,-1
160,-1,556,519,116,90,0.8651060461997986,-1,-1,-1
161,-1,1415,289,139,119,0.9770720601081848,-1,-1,-1
161,-1,584,562,303,180,0.9765800833702087,-1,-1,-1
161,-1,557,520,115,90,0.9315615296363831,-1,-1,-1
162,-1,614,557,333,190,0.9724739789962769,-1,-1,-1
162,-1,1412,290,143,121,0.9695723652839661,-1,-1,-1
162,-1,557,519,116,90,0.9557517170906067,-1,-1,-1
163,-1,667,550,357,213,0.9753706455230713,-1,-1,-1
163,-1,555,518,119,91,0.9445341229438782,-1,-1,-1
163,-1,1411,293,141,121,0.9237511157989502,-1,-1,-1
164,-1,696,548,408,226,0.9799937009811401,-1,-1,-1
164,-1,555,518,120,91,0.9427201747894287,-1,-1,-1
164,-1,1409,294,142,125,0.8035454750061035,-1,-1,-1
165,-1,760,537,472,255,0.9817199110984802,-1,-1,-1
165,-1,555,518,119,91,0.9502022862434387,-1,-1,-1
165,-1,1405,298,146,126,0.9247427582740784,-1,-1,-1
166,-1,828,525,550,293,0.9807013869285583,-1,-1,-1
166,-1,555,518,119,90,0.9524877071380615,-1,-1,-1
166,-1,1404,300,147,125,0.9468976855278015,-1,-1,-1
166,-1,1471,252,109,91,0.6960171461105347,-1,-1,-1
167,-1,925,509,640,341,0.9852221608161926,-1,-1,-1
167,-1,1403,302,150,123,0.9668211340904236,-1,-1,-1
167,-1,556,520,115,89,0.9644697904586792,-1,-1,-1
167,-1,1468,251,114,93,0.6325788497924805,-1,-1,-1
168,-1,556,520,116,89,0.9699440598487854,-1,-1,-1
168,-1,1402,304,147,125,0.9372386336326599,-1,-1,-1
168,-1,1015,502,584,375,0.8424776196479797,-1,-1,-1
169,-1,1402,303,147,128,0.9825943112373352,-1,-1,-1
169,-1,557,520,116,89,0.9719194769859314,-1,-1,-1
170,-1,557,520,116,89,0.9703301787376404,-1,-1,-1
170,-1,1401,305,149,131,0.9584468603134155,-1,-1,-1
171,-1,556,519,118,90,0.9823064208030701,-1,-1,-1
171,-1,1401,305,150,131,0.9516439437866211,-1,-1,-1
172,-1,556,519,118,90,0.9822860360145569,-1,-1,-1
172,-1,1400,306,152,131,0.7741470336914062,-1,-1,-1
173,-1,556,519,118,90,0.9821786284446716,-1,-1,-1
173,-1,1398,305,154,133,0.8160536289215088,-1,-1,-1
174,-1,556,519,118,90,0.9823945164680481,-1,-1,-1
174,-1,1394,306,157,132,0.8122726082801819,-1,-1,-1
175,-1,556,519,118,90,0.9829155206680298,-1,-1,-1
175,-1,1394,308,157,136,0.9599158763885498,-1,-1,-1
176,-1,556,519,117,90,0.983022153377533,-1,-1,-1
176,-1,1392,309,158,138,0.9787090420722961,-1,-1,-1
177,-1,556,519,118,90,0.9832261204719543,-1,-1,-1
177,-1,1392,309,160,139,0.959602952003479,-1,-1,-1
178,-1,1389,310,162,143,0.9844253063201904,-1,-1,-1
178,-1,556,519,118,90,0.9831503033638,-1,-1,-1
179,-1,556,519,117,90,0.9832630157470703,-1,-1,-1
179,-1,1388,309,162,142,0.9811082482337952,-1,-1,-1
180,-1,556,519,117,90,0.983208954334259,-1,-1,-1
180,-1,1388,309,161,142,0.9812982082366943,-1,-1,-1
180,-1,1465,258,117,98,0.6673327684402466,-1,-1,-1
181,-1,1387,311,163,140,0.9822219014167786,-1,-1,-1
181,-1,557,519,116,89,0.9793847799301147,-1,-1,-1
181,-1,1466,259,116,98,0.6340602040290833,-1,-1,-1
182,-1,1388,311,163,140,0.9833316802978516,-1,-1,-1
182,-1,557,519,116,89,0.9795023798942566,-1,-1,-1
182,-1,1466,258,116,98,0.6323898434638977,-1,-1,-1
183,-1,1388,312,162,139,0.9872226119041443,-1,-1,-1
183,-1,557,519,116,89,0.9786605834960938,-1,-1,-1
184,-1,1389,312,161,139,0.9884797930717468,-1,-1,-1
184,-1,557,519,116,89,0.9780575633049011,-1,-1,-1
185,-1,1389,312,161,139,0.9906300902366638,-1,-1,-1
185,-1,557,519,116,89,0.9783321022987366,-1,-1,-1
186,-1,1388,313,162,139,0.9901694655418396,-1,-1,-1
186,-1,557,519,116,89,0.9795645475387573,-1,-1,-1
187,-1,1388,312,162,140,0.9880982041358948,-1,-1,-1
187,-1,557,519,116,89,0.9792742133140564,-1,-1,-1
188,-1,1388,312,162,140,0.9875041842460632,-1,-1,-1
188,-1,557,519,116,89,0.979496419429779,-1,-1,-1
189,-1,557,519,116,89,0.9795218110084534,-1,-1,-1
189,-1,1388,311,163,141,0.9740298390388489,-1,-1,-1
190,-1,557,519,116,89,0.9792693257331848,-1,-1,-1
190,-1,1388,311,162,140,0.9764676690101624,-1,-1,-1
191,-1,556,519,117,90,0.97782301902771,-1,-1,-1
191,-1,1389,311,162,144,0.9736236333847046,-1,-1,-1
192,-1,1388,313,159,139,0.9863587021827698,-1,-1,-1
192,-1,556,519,117,89,0.97749924659729,-1,-1,-1
193,-1,555,519,118,90,0.980238676071167,-1,-1,-1
193,-1,1388,313,159,139,0.9797693490982056,-1,-1,-1
194,-1,555,519,118,90,0.9801957011222839,-1,-1,-1
194,-1,1388,313,159,139,0.9798761606216431,-1,-1,-1
195,-1,555,519,118,90,0.9801915884017944,-1,-1,-1
195,-1,1388,313,159,139,0.9769151210784912,-1,-1,-1
196,-1,555,519,118,90,0.9803203344345093,-1,-1,-1
196,-1,1388,313,160,140,0.9778801798820496,-1,-1,-1
197,-1,555,519,118,90,0.9800614714622498,-1,-1,-1
197,-1,1388,313,160,139,0.976019561290741,-1,-1,-1
198,-1,555,519,118,90,0.980057954788208,-1,-1,-1
198,-1,1388,313,159,139,0.9784608483314514,-1,-1,-1
199,-1,555,519,118,90,0.9804808497428894,-1,-1,-1
199,-1,1388,313,159,139,0.9790593385696411,-1,-1,-1
200,-1,555,519,118,91,0.9806144833564758,-1,-1,-1
200,-1,1388,312,159,140,0.9805846810340881,-1,-1,-1
201,-1,555,519,118,91,0.9806333184242249,-1,-1,-1
201,-1,1388,312,159,140,0.9783024787902832,-1,-1,-1
202,-1,555,519,118,91,0.98080974817276,-1,-1,-1
202,-1,1388,312,159,140,0.9769341349601746,-1,-1,-1
203,-1,555,519,119,91,0.9807645678520203,-1,-1,-1
203,-1,1388,312,159,140,0.9744579792022705,-1,-1,-1
204,-1,555,519,119,91,0.9810082912445068,-1,-1,-1
204,-1,1388,312,159,140,0.9752336740493774,-1,-1,-1
205,-1,555,518,119,91,0.9820501804351807,-1,-1,-1
205,-1,1387,312,160,140,0.9563531875610352,-1,-1,-1
206,-1,555,519,119,91,0.9818280339241028,-1,-1,-1
206,-1,1388,312,160,139,0.9676715135574341,-1,-1,-1
207,-1,555,519,119,91,0.9810839295387268,-1,-1,-1
207,-1,1388,312,160,139,0.969617486000061,-1,-1,-1
208,-1,555,519,119,91,0.9810492992401123,-1,-1,-1
208,-1,1388,312,160,139,0.9640387296676636,-1,-1,-1
209,-1,555,519,119,91,0.981338620185852,-1,-1,-1
209,-1,1388,312,160,139,0.9675477743148804,-1,-1,-1
210,-1,555,519,119,91,0.9813085198402405,-1,-1,-1
210,-1,1388,312,160,139,0.9677626490592957,-1,-1,-1
211,-1,555,519,119,91,0.9814078211784363,-1,-1,-1
211,-1,1387,312,161,139,0.9624819755554199,-1,-1,-1
212,-1,555,518,119,91,0.9815024733543396,-1,-1,-1
212,-1,1387,312,161,139,0.9682744741439819,-1,-1,-1
213,-1,555,518,119,91,0.9815276265144348,-1,-1,-1
213,-1,1387,312,161,140,0.9651569128036499,-1,-1,-1
214,-1,555,518,119,91,0.9814654588699341,-1,-1,-1
214,-1,1388,312,160,140,0.9688338041305542,-1,-1,-1
215,-1,555,518,119,91,0.9816409945487976,-1,-1,-1
215,-1,1388,312,161,139,0.9734084010124207,-1,-1,-1
216,-1,555,518,119,91,0.9815710186958313,-1,-1,-1
216,-1,1388,312,161,139,0.9731130599975586,-1,-1,-1
217,-1,555,519,119,91,0.9802651405334473,-1,-1,-1
217,-1,1388,311,160,140,0.960806131362915,-1,-1,-1
218,-1,555,519,119,91,0.9800752401351929,-1,-1,-1
218,-1,1388,312,160,139,0.9674814343452454,-1,-1,-1
219,-1,555,519,119,91,0.9804968237876892,-1,-1,-1
219,-1,1388,312,160,139,0.964668333530426,-1,-1,-1
220,-1,555,519,119,91,0.9804208278656006,-1,-1,-1
220,-1,1388,312,160,139,0.9654810428619385,-1,-1,-1
221,-1,555,519,119,91,0.9802597165107727,-1,-1,-1
221,-1,1387,312,160,139,0.963577926158905,-1,-1,-1
221,-1,270,587,75,65,0.6777368783950806,-1,-1,-1
222,-1,555,519,119,91,0.9800384640693665,-1,-1,-1
222,-1,1387,312,160,139,0.9580344557762146,-1,-1,-1
223,-1,555,519,119,91,0.9794530868530273,-1,-1,-1
223,-1,1388,312,160,139,0.9638832807540894,-1,-1,-1
224,-1,555,519,119,91,0.9791192412376404,-1,-1,-1
224,-1,1388,312,160,139,0.9623442888259888,-1,-1,-1
224,-1,274,585,76,69,0.6470672488212585,-1,-1,-1
225,-1,555,519,119,91,0.9792888760566711,-1,-1,-1
225,-1,1388,312,160,139,0.9636262059211731,-1,-1,-1
225,-1,270,586,86,66,0.670831561088562,-1,-1,-1
226,-1,555,519,119,91,0.9794256091117859,-1,-1,-1
226,-1,1387,312,160,139,0.9600307941436768,-1,-1,-1
226,-1,264,586,95,66,0.6969069242477417,-1,-1,-1
227,-1,555,519,119,91,0.9792770743370056,-1,-1,-1
227,-1,1387,312,160,140,0.9534983038902283,-1,-1,-1
227,-1,261,586,100,68,0.7201665639877319,-1,-1,-1
228,-1,555,519,119,91,0.9791939854621887,-1,-1,-1
228,-1,1387,312,160,140,0.9535471796989441,-1,-1,-1
229,-1,555,519,119,91,0.9814077019691467,-1,-1,-1
229,-1,1387,312,161,139,0.967358410358429,-1,-1,-1
229,-1,273,588,92,68,0.6211403012275696,-1,-1,-1
230,-1,555,519,119,91,0.9812730550765991,-1,-1,-1
230,-1,1387,312,161,139,0.9665201306343079,-1,-1,-1
231,-1,555,519,119,91,0.9799320101737976,-1,-1,-1
231,-1,1387,312,160,139,0.9655003547668457,-1,-1,-1
231,-1,287,587,83,70,0.6905208826065063,-1,-1,-1
232,-1,555,519,119,91,0.9801382422447205,-1,-1,-1
232,-1,1387,313,160,139,0.9672224521636963,-1,-1,-1
232,-1,292,588,80,70,0.6502465009689331,-1,-1,-1
233,-1,555,519,119,91,0.9797484278678894,-1,-1,-1
233,-1,1387,313,160,139,0.9656944274902344,-1,-1,-1
233,-1,294,588,82,71,0.7639203667640686,-1,-1,-1
234,-1,555,519,119,91,0.9796761274337769,-1,-1,-1
234,-1,1387,313,160,139,0.9660576581954956,-1,-1,-1
234,-1,296,588,80,71,0.8283848762512207,-1,-1,-1
235,-1,556,518,118,90,0.9803213477134705,-1,-1,-1
235,-1,1388,312,161,139,0.9344983696937561,-1,-1,-1
235,-1,299,587,78,71,0.7936392426490784,-1,-1,-1
236,-1,556,518,118,90,0.9802091121673584,-1,-1,-1
236,-1,1388,312,161,139,0.9302411675453186,-1,-1,-1
236,-1,304,590,77,68,0.7863037586212158,-1,-1,-1
237,-1,556,518,118,90,0.9807214736938477,-1,-1,-1
237,-1,1388,312,161,139,0.9357425570487976,-1,-1,-1
237,-1,307,587,80,72,0.8589138388633728,-1,-1,-1
238,-1,556,518,118,90,0.9807348847389221,-1,-1,-1
238,-1,1388,312,161,139,0.942682147026062,-1,-1,-1
238,-1,309,585,83,75,0.8604995012283325,-1,-1,-1
239,-1,556,518,118,90,0.9803375005722046,-1,-1,-1
239,-1,1388,312,161,139,0.9471573233604431,-1,-1,-1
239,-1,311,584,87,76,0.9296561479568481,-1,-1,-1
240,-1,556,519,118,90,0.9801098108291626,-1,-1,-1
240,-1,1388,313,160,138,0.9488402009010315,-1,-1,-1
240,-1,313,584,88,77,0.9438543319702148,-1,-1,-1
241,-1,556,519,118,89,0.9736604690551758,-1,-1,-1
241,-1,314,582,93,78,0.9443395733833313,-1,-1,-1
241,-1,1388,312,161,139,0.9207547307014465,-1,-1,-1
242,-1,556,519,117,89,0.973551332950592,-1,-1,-1
242,-1,316,583,98,79,0.9508461356163025,-1,-1,-1
242,-1,1388,312,161,139,0.9232624173164368,-1,-1,-1
243,-1,556,519,117,89,0.9728261828422546,-1,-1,-1
243,-1,322,583,95,80,0.9414054751396179,-1,-1,-1
243,-1,1388,312,161,139,0.9236670136451721,-1,-1,-1
244,-1,556,519,118,89,0.9727343320846558,-1,-1,-1
244,-1,324,584,98,80,0.9683749675750732,-1,-1,-1
244,-1,1388,312,161,139,0.9239203333854675,-1,-1,-1
244,-1,262,597,74,68,0.6814430952072144,-1,-1,-1
245,-1,329,582,100,83,0.9770148992538452,-1,-1,-1
245,-1,556,519,118,89,0.9721017479896545,-1,-1,-1
245,-1,1389,312,161,139,0.9361096024513245,-1,-1,-1
245,-1,260,597,76,70,0.7130635380744934,-1,-1,-1
246,-1,332,582,107,84,0.9755591750144958,-1,-1,-1
246,-1,556,519,118,89,0.9708032608032227,-1,-1,-1
246,-1,1389,313,160,138,0.9399446249008179,-1,-1,-1
246,-1,259,599,83,71,0.781216025352478,-1,-1,-1
247,-1,556,519,118,89,0.9705812931060791,-1,-1,-1
247,-1,336,580,108,88,0.9694488644599915,-1,-1,-1
247,-1,1389,313,160,138,0.9513312578201294,-1,-1,-1
247,-1,261,599,84,72,0.8818052411079407,-1,-1,-1
248,-1,336,579,114,90,0.9709368348121643,-1,-1,-1
248,-1,556,519,118,89,0.9707441329956055,-1,-1,-1
248,-1,1389,313,160,138,0.9444314241409302,-1,-1,-1
248,-1,260,601,86,73,0.8713497519493103,-1,-1,-1
249,-1,337,579,120,91,0.9830929040908813,-1,-1,-1
249,-1,556,519,117,89,0.9688675999641418,-1,-1,-1
249,-1,1389,313,160,138,0.9523107409477234,-1,-1,-1
249,-1,262,603,83,71,0.9113659858703613,-1,-1,-1
250,-1,344,579,118,92,0.9888442158699036,-1,-1,-1
250,-1,555,518,119,91,0.9585275053977966,-1,-1,-1
250,-1,1389,313,161,138,0.9431600570678711,-1,-1,-1
250,-1,264,602,84,73,0.9381695985794067,-1,-1,-1
251,-1,349,577,123,95,0.9869288206100464,-1,-1,-1
251,-1,556,519,117,89,0.9651291370391846,-1,-1,-1
251,-1,264,602,87,75,0.9472764730453491,-1,-1,-1
251,-1,1388,313,161,138,0.9254317879676819,-1,-1,-1
252,-1,356,575,124,96,0.9853023290634155,-1,-1,-1
252,-1,266,605,88,76,0.9658814668655396,-1,-1,-1
252,-1,555,518,119,91,0.9553161263465881,-1,-1,-1
252,-1,1388,313,161,138,0.9336844682693481,-1,-1,-1
253,-1,358,574,130,100,0.9752376675605774,-1,-1,-1
253,-1,267,606,89,75,0.9723656177520752,-1,-1,-1
253,-1,555,518,119,91,0.9539049863815308,-1,-1,-1
253,-1,1393,311,162,139,0.8697229027748108,-1,-1,-1
254,-1,363,570,137,104,0.9810264706611633,-1,-1,-1
254,-1,267,606,96,77,0.9701259136199951,-1,-1,-1
254,-1,555,518,119,91,0.9483054876327515,-1,-1,-1
254,-1,1393,311,162,139,0.863922655582428,-1,-1,-1
255,-1,369,569,141,107,0.9766928553581238,-1,-1,-1
255,-1,270,608,95,79,0.9720202684402466,-1,-1,-1
255,-1,555,518,119,90,0.9481091499328613,-1,-1,-1
255,-1,1393,311,162,139,0.8480085134506226,-1,-1,-1
256,-1,273,609,96,80,0.9837391376495361,-1,-1,-1
256,-1,378,566,142,110,0.9750223755836487,-1,-1,-1
256,-1,555,518,119,91,0.9516620635986328,-1,-1,-1
256,-1,1393,311,162,138,0.8414619565010071,-1,-1,-1
257,-1,272,610,102,85,0.9818189144134521,-1,-1,-1
257,-1,384,564,148,114,0.9713374376296997,-1,-1,-1
257,-1,555,518,120,91,0.9545450806617737,-1,-1,-1
257,-1,1393,311,162,138,0.8520105481147766,-1,-1,-1
258,-1,274,610,107,87,0.9868738055229187,-1,-1,-1
258,-1,391,560,151,121,0.9626908302307129,-1,-1,-1
258,-1,1388,313,160,138,0.954127311706543,-1,-1,-1
258,-1,555,519,117,87,0.9419324398040771,-1,-1,-1
259,-1,277,611,103,88,0.9916918277740479,-1,-1,-1
259,-1,397,560,162,122,0.9559706449508667,-1,-1,-1
259,-1,1388,313,160,139,0.9491987824440002,-1,-1,-1
259,-1,555,520,116,88,0.9412644505500793,-1,-1,-1
260,-1,281,610,106,93,0.992027223110199,-1,-1,-1
260,-1,405,562,168,124,0.9743682146072388,-1,-1,-1
260,-1,1388,312,161,139,0.9405926465988159,-1,-1,-1
260,-1,558,519,113,87,0.9149776101112366,-1,-1,-1
261,-1,282,613,117,91,0.9883834719657898,-1,-1,-1
261,-1,417,560,174,126,0.9723480343818665,-1,-1,-1
261,-1,559,519,112,88,0.9374864101409912,-1,-1,-1
261,-1,1388,312,161,139,0.929439902305603,-1,-1,-1
262,-1,282,611,122,97,0.9892274141311646,-1,-1,-1
262,-1,420,557,190,132,0.9889898300170898,-1,-1,-1
262,-1,1388,312,161,139,0.9150025248527527,-1,-1,-1
262,-1,557,519,114,85,0.6212035417556763,-1,-1,-1
263,-1,436,556,198,138,0.9901997447013855,-1,-1,-1
263,-1,288,614,122,98,0.9848160743713379,-1,-1,-1
263,-1,1388,312,161,140,0.9100126624107361,-1,-1,-1
264,-1,290,616,125,109,0.9882723689079285,-1,-1,-1
264,-1,441,537,217,162,0.9856194257736206,-1,-1,-1
264,-1,1388,311,161,140,0.9047517776489258,-1,-1,-1
265,-1,291,615,135,116,0.9888773560523987,-1,-1,-1
265,-1,452,540,222,165,0.9735553860664368,-1,-1,-1
265,-1,1387,311,162,141,0.7890600562095642,-1,-1,-1
266,-1,300,617,137,116,0.9895064234733582,-1,-1,-1
266,-1,459,541,249,171,0.9675499796867371,-1,-1,-1
266,-1,1387,311,162,141,0.8089916706085205,-1,-1,-1
266,-1,251,609,71,64,0.7855411171913147,-1,-1,-1
267,-1,485,534,266,181,0.986951470375061,-1,-1,-1
267,-1,301,617,149,124,0.985933244228363,-1,-1,-1
267,-1,249,608,75,69,0.8693019151687622,-1,-1,-1
267,-1,1387,311,162,141,0.8074160814285278,-1,-1,-1
268,-1,310,616,164,140,0.9895445704460144,-1,-1,-1
268,-1,500,533,284,189,0.9833530187606812,-1,-1,-1
268,-1,250,609,79,70,0.9348459243774414,-1,-1,-1
268,-1,1387,311,163,140,0.8715620040893555,-1,-1,-1
269,-1,315,614,183,145,0.9850217700004578,-1,-1,-1
269,-1,524,530,300,195,0.9659565091133118,-1,-1,-1
269,-1,250,608,81,72,0.956585705280304,-1,-1,-1
269,-1,1387,311,163,140,0.8975465297698975,-1,-1,-1
270,-1,327,616,197,155,0.9852709770202637,-1,-1,-1
270,-1,546,522,331,216,0.9691908955574036,-1,-1,-1
270,-1,251,609,83,73,0.9533386826515198,-1,-1,-1
270,-1,1387,312,162,140,0.9043620228767395,-1,-1,-1
271,-1,330,616,204,167,0.9843101501464844,-1,-1,-1
271,-1,251,610,88,75,0.9714297652244568,-1,-1,-1
271,-1,556,524,360,217,0.9683696627616882,-1,-1,-1
271,-1,1387,312,162,140,0.9029665589332581,-1,-1,-1
272,-1,342,617,233,187,0.9790488481521606,-1,-1,-1
272,-1,252,610,92,75,0.9702000617980957,-1,-1,-1
272,-1,594,508,387,244,0.9457643032073975,-1,-1,-1
272,-1,1387,312,162,140,0.8955935835838318,-1,-1,-1
273,-1,349,623,250,197,0.9804686307907104,-1,-1,-1
273,-1,639,496,446,269,0.9772475361824036,-1,-1,-1
273,-1,254,610,93,78,0.9748445153236389,-1,-1,-1
273,-1,555,518,119,91,0.9020841121673584,-1,-1,-1
273,-1,1387,312,162,140,0.9002445340156555,-1,-1,-1
274,-1,357,625,282,214,0.9878209233283997,-1,-1,-1
274,-1,255,610,93,81,0.9795057773590088,-1,-1,-1
274,-1,686,484,506,289,0.9788993000984192,-1,-1,-1
274,-1,557,519,118,91,0.9207779765129089,-1,-1,-1
274,-1,1387,312,162,140,0.9028180837631226,-1,-1,-1
275,-1,372,627,319,242,0.9871904253959656,-1,-1,-1
275,-1,255,610,96,83,0.9846494793891907,-1,-1,-1
275,-1,557,519,118,91,0.9531316757202148,-1,-1,-1
275,-1,743,469,562,317,0.9527879357337952,-1,-1,-1
275,-1,1388,312,162,140,0.9243196845054626,-1,-1,-1
276,-1,405,632,353,281,0.9879476428031921,-1,-1,-1
276,-1,256,610,99,86,0.9858356714248657,-1,-1,-1
276,-1,831,447,652,374,0.9661641120910645,-1,-1,-1
276,-1,554,518,123,91,0.9617639183998108,-1,-1,-1
276,-1,1388,312,161,140,0.9556787610054016,-1,-1,-1
277,-1,256,611,102,88,0.9894648790359497,-1,-1,-1
277,-1,424,631,436,341,0.9879240989685059,-1,-1,-1
277,-1,556,518,119,91,0.9667125940322876,-1,-1,-1
277,-1,1387,311,163,142,0.9275109171867371,-1,-1,-1
277,-1,888,437,711,412,0.8771466016769409,-1,-1,-1
278,-1,258,613,105,89,0.9895815849304199,-1,-1,-1
278,-1,458,635,543,433,0.9808258414268494,-1,-1,-1
278,-1,557,518,117,90,0.9662631750106812,-1,-1,-1
278,-1,1387,312,160,133,0.9209294319152832,-1,-1,-1
278,-1,920,400,630,489,0.8170286417007446,-1,-1,-1
279,-1,259,613,109,91,0.9911002516746521,-1,-1,-1
279,-1,557,519,117,89,0.9445452094078064,-1,-1,-1
279,-1,488,636,787,563,0.9368622899055481,-1,-1,-1
280,-1,259,614,114,94,0.9929752349853516,-1,-1,-1
280,-1,558,519,117,88,0.9405376315116882,-1,-1,-1
280,-1,1386,313,161,137,0.7184699177742004,-1,-1,-1
280,-1,577,631,1015,568,0.6566832661628723,-1,-1,-1
281,-1,260,614,118,95,0.990257978439331,-1,-1,-1
281,-1,1388,314,161,139,0.981042742729187,-1,-1,-1
281,-1,557,519,117,88,0.9565885066986084,-1,-1,-1
282,-1,268,616,118,99,0.986536979675293,-1,-1,-1
282,-1,1388,314,160,137,0.9812553524971008,-1,-1,-1
282,-1,556,519,118,88,0.9671558737754822,-1,-1,-1
283,-1,270,615,123,106,0.9893116354942322,-1,-1,-1
283,-1,1389,314,160,137,0.9848766326904297,-1,-1,-1
283,-1,556,519,118,88,0.9674662947654724,-1,-1,-1
284,-1,269,616,130,109,0.9912686347961426,-1,-1,-1
284,-1,1389,314,159,136,0.9865140318870544,-1,-1,-1
284,-1,556,519,118,88,0.9670682549476624,-1,-1,-1
285,-1,273,619,135,110,0.9927741289138794,-1,-1,-1
285,-1,1389,314,159,136,0.987532913684845,-1,-1,-1
285,-1,556,519,117,88,0.9641786813735962,-1,-1,-1
286,-1,277,620,141,115,0.9943804144859314,-1,-1,-1
286,-1,1389,314,159,136,0.9891262054443359,-1,-1,-1
286,-1,556,519,117,87,0.9638411998748779,-1,-1,-1
287,-1,278,619,149,122,0.9921298623085022,-1,-1,-1
287,-1,1389,314,159,136,0.9879044890403748,-1,-1,-1
287,-1,556,519,117,87,0.9622055292129517,-1,-1,-1
288,-1,280,620,155,127,0.9903475046157837,-1,-1,-1
288,-1,1388,314,161,136,0.9835062623023987,-1,-1,-1
288,-1,557,519,117,89,0.9674357175827026,-1,-1,-1
289,-1,288,619,167,135,0.9889413714408875,-1,-1,-1
289,-1,1388,314,162,137,0.9768617749214172,-1,-1,-1
289,-1,556,519,117,89,0.9708207845687866,-1,-1,-1
290,-1,1388,313,162,137,0.972976565361023,-1,-1,-1
290,-1,556,519,117,89,0.9698059558868408,-1,-1,-1
290,-1,293,613,188,154,0.9345216155052185,-1,-1,-1
291,-1,1388,313,162,137,0.9754555821418762,-1,-1,-1
291,-1,556,519,117,89,0.9686347246170044,-1,-1,-1
291,-1,303,609,203,168,0.9357202053070068,-1,-1,-1
292,-1,1388,313,162,137,0.9678455591201782,-1,-1,-1
292,-1,556,519,117,89,0.967549204826355,-1,-1,-1
292,-1,314,611,215,178,0.8568904399871826,-1,-1,-1
293,-1,556,519,117,89,0.9637328386306763,-1,-1,-1
293,-1,1387,313,162,139,0.9565873146057129,-1,-1,-1
293,-1,319,621,238,186,0.891167163848877,-1,-1,-1
294,-1,1388,313,162,138,0.9645648002624512,-1,-1,-1
294,-1,556,519,117,89,0.960700273513794,-1,-1,-1
294,-1,326,619,264,204,0.9507738351821899,-1,-1,-1
295,-1,326,622,302,221,0.9649338722229004,-1,-1,-1
295,-1,556,519,117,89,0.9556856155395508,-1,-1,-1
295,-1,1387,313,163,139,0.9330897331237793,-1,-1,-1
296,-1,556,519,118,89,0.9665433168411255,-1,-1,-1
296,-1,343,623,322,246,0.9625165462493896,-1,-1,-1
296,-1,1387,312,163,140,0.917922854423523,-1,-1,-1
297,-1,360,626,372,278,0.9777260422706604,-1,-1,-1
297,-1,555,519,118,89,0.9735699892044067,-1,-1,-1
298,-1,387,622,410,334,0.9781028628349304,-1,-1,-1
298,-1,555,519,118,89,0.9706398248672485,-1,-1,-1
299,-1,408,624,488,381,0.9802497625350952,-1,-1,-1
299,-1,554,519,119,90,0.9769963622093201,-1,-1,-1
300,-1,433,625,635,465,0.9780527949333191,-1,-1,-1
300,-1,555,519,119,90,0.9732286334037781,-1,-1,-1
301,-1,450,634,897,565,0.9532508254051208,-1,-1,-1
301,-1,554,518,119,90,0.9496406316757202,-1,-1,-1
301,-1,999,287,546,343,0.884786069393158,-1,-1,-1
302,-1,556,519,117,89,0.9588716626167297,-1,-1,-1
302,-1,932,312,479,315,0.9260281920433044,-1,-1,-1
302,-1,523,622,1076,577,0.8337258696556091,-1,-1,-1
302,-1,1385,311,163,139,0.8160672187805176,-1,-1,-1
303,-1,875,339,406,288,0.9731868505477905,-1,-1,-1
303,-1,555,519,117,88,0.9644261002540588,-1,-1,-1
303,-1,1388,312,162,139,0.8461186289787292,-1,-1,-1
304,-1,838,363,360,271,0.9839102029800415,-1,-1,-1
304,-1,555,519,117,88,0.9652048349380493,-1,-1,-1
304,-1,1388,312,161,138,0.8784245848655701,-1,-1,-1
305,-1,786,379,338,256,0.9867836236953735,-1,-1,-1
305,-1,555,519,118,89,0.9646958112716675,-1,-1,-1
305,-1,1388,313,160,138,0.9022442698478699,-1,-1,-1
306,-1,746,406,309,228,0.9869794845581055,-1,-1,-1
306,-1,555,519,118,89,0.9588152170181274,-1,-1,-1
306,-1,1388,312,160,138,0.9133723378181458,-1,-1,-1
307,-1,710,425,282,206,0.9813187718391418,-1,-1,-1
307,-1,556,519,117,89,0.9619880318641663,-1,-1,-1
307,-1,1388,312,161,138,0.8898670673370361,-1,-1,-1
308,-1,682,434,265,199,0.9866222739219666,-1,-1,-1
308,-1,556,519,116,89,0.9559190273284912,-1,-1,-1
308,-1,1388,313,161,137,0.9510066509246826,-1,-1,-1
309,-1,657,446,237,188,0.9895461201667786,-1,-1,-1
309,-1,1388,313,161,137,0.9550725817680359,-1,-1,-1
309,-1,555,520,118,88,0.9269008040428162,-1,-1,-1
310,-1,631,453,229,181,0.9895971417427063,-1,-1,-1
310,-1,1388,313,161,137,0.9540797472000122,-1,-1,-1
310,-1,555,519,115,88,0.8230888247489929,-1,-1,-1
311,-1,613,458,209,175,0.9861524105072021,-1,-1,-1
311,-1,1388,313,161,137,0.9585727453231812,-1,-1,-1
312,-1,592,469,202,164,0.9860201478004456,-1,-1,-1
312,-1,1388,314,160,137,0.957973837852478,-1,-1,-1
313,-1,566,477,202,155,0.9901309013366699,-1,-1,-1
313,-1,1388,314,161,137,0.9568474888801575,-1,-1,-1
314,-1,558,483,179,148,0.9874029159545898,-1,-1,-1
314,-1,1387,314,160,137,0.9540877938270569,-1,-1,-1
315,-1,541,488,178,146,0.988801121711731,-1,-1,-1
315,-1,1387,314,160,137,0.9565293192863464,-1,-1,-1
316,-1,525,491,170,142,0.9921034574508667,-1,-1,-1
316,-1,1387,314,160,137,0.9493650794029236,-1,-1,-1
317,-1,514,497,162,135,0.9906368851661682,-1,-1,-1
317,-1,1387,314,160,137,0.9494706988334656,-1,-1,-1
318,-1,507,503,156,130,0.9896033406257629,-1,-1,-1
318,-1,1388,313,162,138,0.916959822177887,-1,-1,-1
319,-1,493,510,153,121,0.9898439645767212,-1,-1,-1
319,-1,1388,313,162,138,0.91816246509552,-1,-1,-1
320,-1,484,513,144,117,0.9912042021751404,-1,-1,-1
320,-1,1388,313,162,138,0.9230399131774902,-1,-1,-1
321,-1,470,516,145,116,0.9855979084968567,-1,-1,-1
321,-1,1388,313,162,139,0.9202974438667297,-1,-1,-1
322,-1,465,517,136,116,0.9852651953697205,-1,-1,-1
322,-1,1388,313,162,139,0.9220866560935974,-1,-1,-1
323,-1,458,518,136,116,0.9811686277389526,-1,-1,-1
323,-1,1388,313,162,138,0.927219033241272,-1,-1,-1
324,-1,449,521,132,111,0.9811843633651733,-1,-1,-1
324,-1,1388,313,162,138,0.9368288516998291,-1,-1,-1
324,-1,557,519,110,88,0.7292816042900085,-1,-1,-1
325,-1,439,523,126,112,0.9837197065353394,-1,-1,-1
325,-1,1391,313,162,141,0.8891619443893433,-1,-1,-1
325,-1,557,520,113,88,0.8181554079055786,-1,-1,-1
326,-1,435,528,120,105,0.9804366230964661,-1,-1,-1
326,-1,1391,313,162,141,0.8882981538772583,-1,-1,-1
326,-1,558,519,110,88,0.8560379147529602,-1,-1,-1
327,-1,426,530,117,104,0.9657305479049683,-1,-1,-1
327,-1,557,519,112,89,0.903322160243988,-1,-1,-1
327,-1,1391,313,162,141,0.8856156468391418,-1,-1,-1
328,-1,419,530,112,105,0.9761971831321716,-1,-1,-1
328,-1,1388,314,161,137,0.9761186242103577,-1,-1,-1
328,-1,557,519,115,88,0.9595810770988464,-1,-1,-1
329,-1,1388,314,161,137,0.9757421016693115,-1,-1,-1
329,-1,414,533,111,101,0.9735567569732666,-1,-1,-1
329,-1,556,519,116,89,0.9571869969367981,-1,-1,-1
330,-1,1388,314,161,138,0.974926769733429,-1,-1,-1
330,-1,556,519,116,89,0.9694124460220337,-1,-1,-1
330,-1,407,534,110,102,0.9639508724212646,-1,-1,-1
331,-1,401,535,108,100,0.9731191396713257,-1,-1,-1
331,-1,1388,313,161,139,0.9662331342697144,-1,-1,-1
331,-1,555,518,119,90,0.9485792517662048,-1,-1,-1
332,-1,1388,313,161,138,0.9677333831787109,-1,-1,-1
332,-1,556,519,117,89,0.964975893497467,-1,-1,-1
332,-1,397,536,106,99,0.964350163936615,-1,-1,-1
333,-1,1388,313,162,139,0.968207597732544,-1,-1,-1
333,-1,556,519,117,89,0.9648061990737915,-1,-1,-1
333,-1,389,537,109,98,0.9150003790855408,-1,-1,-1
334,-1,1388,313,161,139,0.967843770980835,-1,-1,-1
334,-1,556,519,116,89,0.9669197201728821,-1,-1,-1
334,-1,384,540,103,95,0.9492843151092529,-1,-1,-1
335,-1,556,519,116,89,0.9684780240058899,-1,-1,-1
335,-1,1388,313,162,139,0.9665701389312744,-1,-1,-1
335,-1,381,540,98,95,0.9507537484169006,-1,-1,-1
336,-1,556,519,116,89,0.9750543236732483,-1,-1,-1
336,-1,1388,313,162,139,0.9652109742164612,-1,-1,-1
336,-1,379,541,97,93,0.9226961135864258,-1,-1,-1
337,-1,556,519,116,89,0.9749577045440674,-1,-1,-1
337,-1,1387,313,162,139,0.9495396018028259,-1,-1,-1
337,-1,375,542,92,91,0.8141666650772095,-1,-1,-1
338,-1,555,519,117,89,0.9810081124305725,-1,-1,-1
338,-1,1388,313,162,139,0.9427810311317444,-1,-1,-1
338,-1,370,545,90,90,0.8445166945457458,-1,-1,-1
339,-1,555,519,117,90,0.982528805732727,-1,-1,-1
339,-1,1388,313,162,139,0.9407305121421814,-1,-1,-1
339,-1,367,545,88,91,0.8930850625038147,-1,-1,-1
340,-1,555,519,117,90,0.9830438494682312,-1,-1,-1
340,-1,1388,312,162,139,0.9368371963500977,-1,-1,-1
340,-1,360,545,94,90,0.8588114976882935,-1,-1,-1
341,-1,555,519,117,90,0.9830996990203857,-1,-1,-1
341,-1,1388,313,162,139,0.949025571346283,-1,-1,-1
341,-1,358,549,91,86,0.9020954370498657,-1,-1,-1
342,-1,555,519,117,90,0.9825873970985413,-1,-1,-1
342,-1,1388,313,162,139,0.9397751688957214,-1,-1,-1
342,-1,356,551,85,83,0.8755667209625244,-1,-1,-1
343,-1,555,519,117,89,0.982379674911499,-1,-1,-1
343,-1,1387,313,162,139,0.938624382019043,-1,-1,-1
343,-1,353,553,78,82,0.8206248879432678,-1,-1,-1
344,-1,555,519,117,89,0.9829845428466797,-1,-1,-1
344,-1,1388,313,162,138,0.9417367577552795,-1,-1,-1
344,-1,350,555,77,79,0.8951718807220459,-1,-1,-1
345,-1,555,519,117,89,0.9822121262550354,-1,-1,-1
345,-1,1387,313,162,139,0.938107430934906,-1,-1,-1
345,-1,345,559,79,75,0.9148421883583069,-1,-1,-1
346,-1,555,519,117,89,0.9820107817649841,-1,-1,-1
346,-1,1387,313,162,139,0.9298365712165833,-1,-1,-1
346,-1,343,559,78,74,0.8776355981826782,-1,-1,-1
347,-1,555,519,117,89,0.9818729758262634,-1,-1,-1
347,-1,1387,313,162,139,0.9293842315673828,-1,-1,-1
347,-1,340,561,76,75,0.897325873374939,-1,-1,-1
348,-1,555,519,117,89,0.982174277305603,-1,-1,-1
348,-1,1388,312,162,139,0.9274383187294006,-1,-1,-1
348,-1,338,560,76,74,0.8819047808647156,-1,-1,-1
349,-1,555,519,118,89,0.9804443120956421,-1,-1,-1
349,-1,1388,312,162,139,0.916549026966095,-1,-1,-1
349,-1,335,561,76,75,0.8128023743629456,-1,-1,-1
350,-1,555,519,118,89,0.9801871180534363,-1,-1,-1
350,-1,1388,312,162,139,0.9151749610900879,-1,-1,-1
350,-1,333,561,74,74,0.8736066818237305,-1,-1,-1
351,-1,555,519,118,89,0.981410562992096,-1,-1,-1
351,-1,1388,312,162,139,0.9156786203384399,-1,-1,-1
351,-1,328,565,75,69,0.7772136330604553,-1,-1,-1
352,-1,555,519,118,89,0.9815729856491089,-1,-1,-1
352,-1,1388,312,161,139,0.9173771142959595,-1,-1,-1
352,-1,326,564,76,69,0.69212806224823,-1,-1,-1
353,-1,555,519,117,89,0.9816479682922363,-1,-1,-1
353,-1,1388,312,161,139,0.9255570769309998,-1,-1,-1
353,-1,323,565,75,70,0.6916012763977051,-1,-1,-1
354,-1,555,519,117,89,0.9811182618141174,-1,-1,-1
354,-1,1388,312,161,139,0.933256208896637,-1,-1,-1
355,-1,555,519,117,89,0.9816603660583496,-1,-1,-1
355,-1,1388,312,161,139,0.9364639520645142,-1,-1,-1
356,-1,555,519,117,89,0.9824150204658508,-1,-1,-1
356,-1,1388,312,161,139,0.9380812048912048,-1,-1,-1
357,-1,555,519,117,89,0.9829403758049011,-1,-1,-1
357,-1,1388,312,161,139,0.9348129034042358,-1,-1,-1
358,-1,555,519,117,89,0.9826662540435791,-1,-1,-1
358,-1,1388,312,161,139,0.9344381093978882,-1,-1,-1
359,-1,555,519,117,89,0.9825150966644287,-1,-1,-1
359,-1,1388,312,161,139,0.9311772584915161,-1,-1,-1
360,-1,555,519,117,89,0.9824787378311157,-1,-1,-1
360,-1,1388,312,161,139,0.9326284527778625,-1,-1,-1
361,-1,555,519,117,89,0.9831262230873108,-1,-1,-1
361,-1,1388,312,162,139,0.9281437993049622,-1,-1,-1
362,-1,555,519,118,89,0.9832839965820312,-1,-1,-1
362,-1,1388,312,162,139,0.9260236024856567,-1,-1,-1
363,-1,555,519,118,89,0.9833330512046814,-1,-1,-1
363,-1,1388,312,162,139,0.9282839894294739,-1,-1,-1
364,-1,555,519,118,89,0.9834423661231995,-1,-1,-1
364,-1,1388,312,162,139,0.9326933026313782,-1,-1,-1
365,-1,555,519,118,90,0.9836764931678772,-1,-1,-1
365,-1,1388,312,162,139,0.9340481758117676,-1,-1,-1
366,-1,555,519,118,90,0.9836589097976685,-1,-1,-1
366,-1,1388,312,162,139,0.9331932067871094,-1,-1,-1
367,-1,555,519,118,90,0.983909547328949,-1,-1,-1
367,-1,1388,312,162,139,0.9300099611282349,-1,-1,-1
368,-1,555,519,118,89,0.984517514705658,-1,-1,-1
368,-1,1388,312,162,139,0.9312881827354431,-1,-1,-1
369,-1,555,519,118,89,0.9845086336135864,-1,-1,-1
369,-1,1388,312,162,139,0.9360650777816772,-1,-1,-1
370,-1,555,519,118,90,0.9846979379653931,-1,-1,-1
370,-1,1388,312,162,139,0.937931478023529,-1,-1,-1
371,-1,555,519,118,89,0.9844182729721069,-1,-1,-1
371,-1,1388,313,162,139,0.9365668296813965,-1,-1,-1
372,-1,555,519,117,89,0.9830806851387024,-1,-1,-1
372,-1,1388,312,162,139,0.9393853545188904,-1,-1,-1
373,-1,555,519,118,89,0.9802390933036804,-1,-1,-1
373,-1,1389,312,161,139,0.9597219228744507,-1,-1,-1
374,-1,555,519,118,89,0.9802215695381165,-1,-1,-1
374,-1,1389,312,161,139,0.961275041103363,-1,-1,-1
375,-1,556,519,118,89,0.9754144549369812,-1,-1,-1
375,-1,1388,313,161,138,0.9753714203834534,-1,-1,-1
376,-1,1388,313,160,137,0.9770827293395996,-1,-1,-1
376,-1,556,519,118,89,0.975798487663269,-1,-1,-1
377,-1,1388,313,160,137,0.9776960015296936,-1,-1,-1
377,-1,556,519,117,88,0.9749890565872192,-1,-1,-1
378,-1,556,519,117,88,0.9754589796066284,-1,-1,-1
378,-1,1388,313,160,138,0.9751622676849365,-1,-1,-1
379,-1,1388,313,161,138,0.9751856327056885,-1,-1,-1
379,-1,556,519,117,88,0.9741567373275757,-1,-1,-1
380,-1,556,519,117,88,0.9750951528549194,-1,-1,-1
380,-1,1388,313,161,137,0.9749571084976196,-1,-1,-1
381,-1,556,519,117,88,0.9744294881820679,-1,-1,-1
381,-1,1388,313,161,138,0.9737772345542908,-1,-1,-1
382,-1,556,519,117,88,0.9740541577339172,-1,-1,-1
382,-1,1388,313,161,138,0.9714418053627014,-1,-1,-1
383,-1,556,519,117,88,0.9746009707450867,-1,-1,-1
383,-1,1388,313,161,138,0.9721088409423828,-1,-1,-1
384,-1,556,519,117,88,0.9739669561386108,-1,-1,-1
384,-1,1388,313,160,138,0.973314106464386,-1,-1,-1
385,-1,556,519,117,88,0.9729985594749451,-1,-1,-1
385,-1,1388,313,160,137,0.9725102782249451,-1,-1,-1
386,-1,556,519,117,88,0.9731091856956482,-1,-1,-1
386,-1,1388,313,160,137,0.9726975560188293,-1,-1,-1
387,-1,556,519,117,88,0.9731157422065735,-1,-1,-1
387,-1,1388,313,160,137,0.97186678647995,-1,-1,-1
388,-1,556,519,117,88,0.9731130599975586,-1,-1,-1
388,-1,1388,313,160,137,0.9720539450645447,-1,-1,-1
389,-1,556,519,117,88,0.9727886915206909,-1,-1,-1
389,-1,1388,314,160,137,0.9724962711334229,-1,-1,-1
390,-1,556,519,117,88,0.9727059006690979,-1,-1,-1
390,-1,1388,314,160,137,0.9691538214683533,-1,-1,-1
391,-1,556,519,117,88,0.9727472066879272,-1,-1,-1
391,-1,1387,314,160,137,0.9683403968811035,-1,-1,-1
392,-1,556,519,117,88,0.9729122519493103,-1,-1,-1
392,-1,1387,314,161,137,0.9383828639984131,-1,-1,-1
393,-1,556,519,117,88,0.97307950258255,-1,-1,-1
393,-1,1387,314,161,137,0.958022952079773,-1,-1,-1
394,-1,556,519,117,88,0.9731611013412476,-1,-1,-1
394,-1,1387,314,161,138,0.9428490400314331,-1,-1,-1
395,-1,556,519,117,88,0.9728580713272095,-1,-1,-1
395,-1,1387,313,161,139,0.9698325991630554,-1,-1,-1
396,-1,1387,314,160,138,0.9800010323524475,-1,-1,-1
396,-1,556,519,117,88,0.9718924760818481,-1,-1,-1
397,-1,1388,315,159,138,0.9858888983726501,-1,-1,-1
397,-1,556,519,117,88,0.9718230962753296,-1,-1,-1
398,-1,1388,313,161,143,0.9806286096572876,-1,-1,-1
398,-1,556,519,117,88,0.9717599749565125,-1,-1,-1
399,-1,556,519,117,88,0.9713674783706665,-1,-1,-1
399,-1,1390,313,160,140,0.9697880148887634,-1,-1,-1
400,-1,556,519,117,88,0.9713966846466064,-1,-1,-1
400,-1,1388,316,162,138,0.9377296566963196,-1,-1,-1
401,-1,556,519,117,88,0.9715291261672974,-1,-1,-1
401,-1,1381,318,166,139,0.8989469408988953,-1,-1,-1
402,-1,556,519,117,88,0.9707093238830566,-1,-1,-1
402,-1,1376,319,170,140,0.6454905271530151,-1,-1,-1
403,-1,556,519,117,88,0.9706906676292419,-1,-1,-1
403,-1,1378,321,169,142,0.8076366186141968,-1,-1,-1
404,-1,556,519,117,88,0.9705886840820312,-1,-1,-1
405,-1,555,519,117,89,0.9769188761711121,-1,-1,-1
406,-1,555,519,117,89,0.9770259261131287,-1,-1,-1
407,-1,555,519,118,89,0.977521538734436,-1,-1,-1
408,-1,555,519,118,89,0.977229118347168,-1,-1,-1
409,-1,556,519,117,89,0.9813008308410645,-1,-1,-1
410,-1,556,519,117,89,0.9811153411865234,-1,-1,-1
411,-1,556,519,117,89,0.9812390804290771,-1,-1,-1
412,-1,556,519,117,89,0.9813747406005859,-1,-1,-1
413,-1,556,519,117,89,0.9812623858451843,-1,-1,-1
414,-1,556,519,117,89,0.9818252325057983,-1,-1,-1
415,-1,555,519,117,90,0.9799392223358154,-1,-1,-1
415,-1,1447,268,137,118,0.6669362187385559,-1,-1,-1
416,-1,555,519,117,90,0.9805066585540771,-1,-1,-1
416,-1,1449,268,135,118,0.9370859861373901,-1,-1,-1
417,-1,555,519,117,90,0.9801105260848999,-1,-1,-1
417,-1,1447,270,136,119,0.9318483471870422,-1,-1,-1
418,-1,555,519,117,90,0.9811136722564697,-1,-1,-1
418,-1,1445,269,137,125,0.9771844744682312,-1,-1,-1
418,-1,1274,362,213,188,0.8389435410499573,-1,-1,-1
419,-1,555,519,117,90,0.981177806854248,-1,-1,-1
419,-1,1441,273,141,125,0.9717398881912231,-1,-1,-1
419,-1,1252,370,228,182,0.9437173008918762,-1,-1,-1
420,-1,555,519,117,90,0.981130838394165,-1,-1,-1
420,-1,1440,273,140,127,0.9743632674217224,-1,-1,-1
420,-1,1234,375,238,185,0.6738672852516174,-1,-1,-1
421,-1,556,519,116,90,0.9801124334335327,-1,-1,-1
421,-1,1439,275,140,127,0.975021481513977,-1,-1,-1
422,-1,556,519,116,90,0.9804196953773499,-1,-1,-1
422,-1,1436,278,145,124,0.963047206401825,-1,-1,-1
422,-1,1213,383,252,187,0.6892359256744385,-1,-1,-1
423,-1,556,519,116,90,0.9797319769859314,-1,-1,-1
423,-1,1435,280,146,125,0.9544360637664795,-1,-1,-1
424,-1,556,519,116,90,0.9796298742294312,-1,-1,-1
424,-1,1433,282,146,127,0.9442346692085266,-1,-1,-1
424,-1,1211,384,250,206,0.8177130222320557,-1,-1,-1
425,-1,556,519,116,89,0.9801382422447205,-1,-1,-1
425,-1,1433,287,145,124,0.9329273104667664,-1,-1,-1
425,-1,1211,387,259,214,0.9318408966064453,-1,-1,-1
426,-1,556,519,116,89,0.9806293845176697,-1,-1,-1
426,-1,1208,385,272,226,0.9541301131248474,-1,-1,-1
426,-1,1431,287,148,128,0.93233722448349,-1,-1,-1
427,-1,556,519,116,89,0.9796978235244751,-1,-1,-1
427,-1,1430,288,149,132,0.9663823843002319,-1,-1,-1
427,-1,1203,387,284,238,0.9650927186012268,-1,-1,-1
428,-1,556,519,116,89,0.9803655743598938,-1,-1,-1
428,-1,1199,395,298,244,0.9724483489990234,-1,-1,-1
428,-1,1426,290,152,134,0.9615403413772583,-1,-1,-1
429,-1,555,519,116,89,0.9811190366744995,-1,-1,-1
429,-1,1193,399,326,252,0.9622508883476257,-1,-1,-1
429,-1,1424,292,153,134,0.9418984651565552,-1,-1,-1
430,-1,555,519,116,89,0.9814881086349487,-1,-1,-1
430,-1,1214,400,325,265,0.9678011536598206,-1,-1,-1
430,-1,1419,300,157,127,0.9343888759613037,-1,-1,-1
431,-1,555,519,116,89,0.981189489364624,-1,-1,-1
431,-1,1218,404,345,279,0.9706012606620789,-1,-1,-1
431,-1,1415,302,156,130,0.9636387228965759,-1,-1,-1
432,-1,555,519,116,89,0.9815255403518677,-1,-1,-1
432,-1,1230,401,360,296,0.9560220837593079,-1,-1,-1
432,-1,1413,308,159,126,0.9495518803596497,-1,-1,-1
433,-1,556,519,117,89,0.9836634397506714,-1,-1,-1
433,-1,1408,309,161,127,0.9496157169342041,-1,-1,-1
433,-1,1229,405,370,320,0.839978814125061,-1,-1,-1
434,-1,556,519,117,89,0.9835813045501709,-1,-1,-1
434,-1,1406,313,163,124,0.9324678182601929,-1,-1,-1
435,-1,555,519,117,89,0.9827908277511597,-1,-1,-1
436,-1,555,519,117,89,0.9828617572784424,-1,-1,-1
437,-1,555,519,117,89,0.982542872428894,-1,-1,-1
438,-1,555,519,117,89,0.9827577471733093,-1,-1,-1
439,-1,555,519,116,89,0.9819568395614624,-1,-1,-1
440,-1,555,519,116,89,0.982153594493866,-1,-1,-1
441,-1,555,519,117,89,0.9823213815689087,-1,-1,-1
442,-1,555,519,117,89,0.9821105599403381,-1,-1,-1
443,-1,555,519,117,89,0.9821859002113342,-1,-1,-1
443,-1,1367,343,202,178,0.8682839870452881,-1,-1,-1
444,-1,555,519,117,89,0.9820996522903442,-1,-1,-1
444,-1,1359,351,216,176,0.921784520149231,-1,-1,-1
445,-1,555,519,117,89,0.981512188911438,-1,-1,-1
445,-1,1356,356,227,179,0.8363262414932251,-1,-1,-1
446,-1,555,519,116,89,0.9822952747344971,-1,-1,-1
446,-1,1366,354,226,186,0.9183852672576904,-1,-1,-1
447,-1,555,519,116,89,0.9822614192962646,-1,-1,-1
447,-1,1361,361,238,193,0.9349811673164368,-1,-1,-1
448,-1,555,519,116,89,0.9822508692741394,-1,-1,-1
448,-1,1365,361,234,196,0.8900477290153503,-1,-1,-1
449,-1,555,519,117,89,0.9820799827575684,-1,-1,-1
450,-1,555,519,116,89,0.9820277690887451,-1,-1,-1
451,-1,555,519,116,89,0.9820187091827393,-1,-1,-1
452,-1,555,519,116,89,0.9819924831390381,-1,-1,-1
453,-1,556,519,116,89,0.9819558262825012,-1,-1,-1
454,-1,556,519,116,89,0.9819687008857727,-1,-1,-1
