4,9,1290,91,279,187,1,-1,-1,-1
5,9,1271,91,279,186,1,-1,-1,-1
6,9,1253,92,277,185,1,-1,-1,-1
7,9,1239,90,277,185,1,-1,-1,-1
8,9,1220,90,276,184,1,-1,-1,-1
9,9,1202,90,271,181,1,-1,-1,-1
10,9,1181,90,270,179,1,-1,-1,-1
11,9,1166,90,268,178,1,-1,-1,-1
12,9,1145,89,266,176,1,-1,-1,-1
13,9,1127,88,264,174,1,-1,-1,-1
14,9,1105,87,263,173,1,-1,-1,-1
15,9,1083,86,265,174,1,-1,-1,-1
16,9,1060,86,267,174,1,-1,-1,-1
17,9,1038,86,267,174,1,-1,-1,-1
18,9,1016,86,266,172,1,-1,-1,-1
19,9,995,85,265,171,1,-1,-1,-1
20,9,972,85,263,168,1,-1,-1,-1
21,9,946,84,265,168,1,-1,-1,-1
22,9,928,84,264,167,1,-1,-1,-1
23,9,909,84,264,166,1,-1,-1,-1
24,9,877,84,267,167,1,-1,-1,-1
25,9,848,84,266,165,1,-1,-1,-1
26,9,821,84,267,164,1,-1,-1,-1
27,9,798,83,266,163,1,-1,-1,-1
28,9,775,83,265,161,1,-1,-1,-1
29,10,1518,368,287,340,1,-1,-1,-1
30,10,1484,364,275,324,1,-1,-1,-1
31,9,750,91,248,150,1,-1,-1,-1
31,10,1451,359,264,310,1,-1,-1,-1
32,9,735,92,246,148,1,-1,-1,-1
32,10,1413,342,266,311,1,-1,-1,-1
33,9,717,93,244,146,1,-1,-1,-1
33,10,1377,334,263,304,1,-1,-1,-1
34,10,1340,328,260,299,1,-1,-1,-1
35,10,1313,327,251,285,1,-1,-1,-1
36,10,1283,325,243,273,1,-1,-1,-1
37,10,1260,321,239,264,1,-1,-1,-1
38,10,1232,316,239,259,1,-1,-1,-1
39,10,1209,310,239,256,1,-1,-1,-1
40,10,1185,304,241,253,1,-1,-1,-1
41,10,1162,302,238,247,1,-1,-1,-1
42,10,1140,297,239,244,1,-1,-1,-1
43,10,1120,292,236,238,1,-1,-1,-1
44,10,1102,288,238,235,1,-1,-1,-1
45,10,1086,283,237,232,1,-1,-1,-1
46,10,1071,278,235,228,1,-1,-1,-1
47,10,1058,274,235,224,1,-1,-1,-1
48,10,1048,269,236,224,1,-1,-1,-1
49,10,1042,266,233,218,1,-1,-1,-1
50,10,1039,263,229,213,1,-1,-1,-1
51,10,1036,260,226,209,1,-1,-1,-1
52,10,1031,253,227,209,1,-1,-1,-1
53,10,1028,247,228,208,1,-1,-1,-1
54,10,1031,246,222,203,1,-1,-1,-1
55,10,1034,246,217,197,1,-1,-1,-1
56,10,1041,244,209,191,1,-1,-1,-1
57,10,1049,243,205,185,1,-1,-1,-1
58,10,1057,242,200,180,1,-1,-1,-1
59,10,1068,237,199,180,1,-1,-1,-1
60,10,1080,233,200,180,1,-1,-1,-1
61,10,1094,231,198,177,1,-1,-1,-1
62,10,1109,228,197,176,1,-1,-1,-1
63,10,1124,223,198,177,1,-1,-1,-1
64,10,1139,220,198,176,1,-1,-1,-1
65,10,1158,218,194,171,1,-1,-1,-1
66,10,1179,215,191,168,1,-1,-1,-1
67,10,1197,212,191,168,1,-1,-1,-1
68,10,1216,211,191,166,1,-1,-1,-1
69,10,1233,211,191,165,1,-1,-1,-1
70,10,1250,209,192,165,1,-1,-1,-1
71,10,1270,208,192,164,1,-1,-1,-1
72,10,1285,206,192,163,1,-1,-1,-1
73,10,1299,203,190,162,1,-1,-1,-1
86,11,890,155,162,102,1,-1,-1,-1
87,11,924,152,172,108,1,-1,-1,-1
88,11,969,150,172,108,1,-1,-1,-1
89,11,1012,151,167,104,1,-1,-1,-1
90,11,1059,152,167,103,1,-1,-1,-1
91,11,1104,151,169,104,1,-1,-1,-1
92,11,1142,150,171,105,1,-1,-1,-1
93,11,1180,150,170,103,1,-1,-1,-1
94,11,1219,150,170,102,1,-1,-1,-1
95,11,1261,149,172,103,1,-1,-1,-1
96,11,1302,149,175,102,1,-1,-1,-1
97,11,1341,149,175,102,1,-1,-1,-1
98,11,1379,149,176,101,1,-1,-1,-1
99,11,1418,149,176,101,1,-1,-1,-1
114,12,850,166,204,120,1,-1,-1,-1
114,13,1319,161,159,116,1,-1,-1,-1
115,12,870,166,211,124,1,-1,-1,-1
115,13,1295,159,158,116,1,-1,-1,-1
116,12,892,164,218,128,1,-1,-1,-1
116,13,1271,157,161,118,1,-1,-1,-1
117,12,911,164,222,130,1,-1,-1,-1
117,13,1248,156,157,115,1,-1,-1,-1
118,12,935,164,222,131,1,-1,-1,-1
118,13,1225,155,154,113,1,-1,-1,-1
119,12,954,164,229,135,1,-1,-1,-1
119,13,1203,155,151,111,1,-1,-1,-1
120,12,975,164,230,136,1,-1,-1,-1
120,13,1178,155,151,109,1,-1,-1,-1
121,12,997,165,230,135,1,-1,-1,-1
121,13,1157,154,149,108,1,-1,-1,-1
122,12,1016,165,232,137,1,-1,-1,-1
122,13,1136,154,148,107,1,-1,-1,-1
123,12,1036,165,232,137,1,-1,-1,-1
124,12,1053,162,238,141,1,-1,-1,-1
125,12,1072,161,242,143,1,-1,-1,-1
126,12,1088,162,240,143,1,-1,-1,-1
127,12,1102,163,238,143,1,-1,-1,-1
128,12,1115,165,236,142,1,-1,-1,-1
128,13,980,148,144,103,1,-1,-1,-1
129,12,1127,168,235,141,1,-1,-1,-1
129,13,952,147,143,103,1,-1,-1,-1
130,12,1138,168,236,143,1,-1,-1,-1
130,13,927,146,142,102,1,-1,-1,-1
131,12,1148,169,235,144,1,-1,-1,-1
131,13,903,145,141,101,1,-1,-1,-1
132,12,1155,169,235,145,1,-1,-1,-1
133,12,1161,169,234,146,1,-1,-1,-1
133,13,838,140,153,108,1,-1,-1,-1
134,12,1166,170,232,146,1,-1,-1,-1
134,13,813,141,151,106,1,-1,-1,-1
135,12,1170,171,232,146,1,-1,-1,-1
135,13,791,142,147,102,1,-1,-1,-1
136,12,1171,170,234,149,1,-1,-1,-1
136,13,768,142,144,100,1,-1,-1,-1
137,12,1172,170,235,151,1,-1,-1,-1
137,13,743,142,143,99,1,-1,-1,-1
138,12,1173,171,234,153,1,-1,-1,-1
139,12,1171,173,233,154,1,-1,-1,-1
140,12,1170,174,232,155,1,-1,-1,-1
141,12,1169,175,231,156,1,-1,-1,-1
142,12,1166,175,229,158,1,-1,-1,-1
142,14,1246,105,238,119,1,-1,-1,-1
143,12,1161,176,229,159,1,-1,-1,-1
143,14,1219,106,234,117,1,-1,-1,-1
144,12,1155,177,229,160,1,-1,-1,-1
144,14,1192,108,227,113,1,-1,-1,-1
145,12,1146,177,230,162,1,-1,-1,-1
145,14,1155,110,224,111,1,-1,-1,-1
146,12,1136,175,233,168,1,-1,-1,-1
146,14,1110,110,228,113,1,-1,-1,-1
147,12,1127,175,236,171,1,-1,-1,-1
147,14,1067,111,235,116,1,-1,-1,-1
148,12,1117,176,237,173,1,-1,-1,-1
148,14,1035,113,235,116,1,-1,-1,-1
149,12,1107,178,237,174,1,-1,-1,-1
149,14,998,114,240,119,1,-1,-1,-1
150,12,1097,181,234,173,1,-1,-1,-1
150,14,966,115,242,120,1,-1,-1,-1
151,12,1086,185,230,172,1,-1,-1,-1
151,14,940,116,243,120,1,-1,-1,-1
152,12,1075,186,230,173,1,-1,-1,-1
152,14,912,117,243,120,1,-1,-1,-1
153,12,1061,187,232,175,1,-1,-1,-1
153,14,892,116,243,120,1,-1,-1,-1
154,12,1049,189,233,176,1,-1,-1,-1
154,14,869,115,245,122,1,-1,-1,-1
155,12,1037,190,234,178,1,-1,-1,-1
155,14,838,114,247,122,1,-1,-1,-1
156,12,1023,191,236,181,1,-1,-1,-1
156,14,802,114,245,121,1,-1,-1,-1
157,12,1010,193,236,181,1,-1,-1,-1
157,14,777,113,244,122,1,-1,-1,-1
158,12,997,194,238,182,1,-1,-1,-1
158,14,754,114,241,121,1,-1,-1,-1
159,12,984,195,241,185,1,-1,-1,-1
159,14,740,116,233,117,1,-1,-1,-1
160,12,970,196,243,187,1,-1,-1,-1
160,14,719,116,228,115,1,-1,-1,-1
161,12,953,199,245,188,1,-1,-1,-1
161,14,692,117,227,114,1,-1,-1,-1
162,12,936,200,247,190,1,-1,-1,-1
163,12,923,202,249,191,1,-1,-1,-1
164,12,909,204,253,194,1,-1,-1,-1
165,12,898,207,255,196,1,-1,-1,-1
166,12,883,208,260,200,1,-1,-1,-1
167,12,868,210,265,203,1,-1,-1,-1
168,12,853,210,272,208,1,-1,-1,-1
169,12,841,211,275,210,1,-1,-1,-1
170,12,824,212,280,213,1,-1,-1,-1
171,12,812,214,282,216,1,-1,-1,-1
172,12,798,217,287,219,1,-1,-1,-1
173,12,789,220,288,222,1,-1,-1,-1
174,12,779,222,295,226,1,-1,-1,-1
175,12,771,225,298,229,1,-1,-1,-1
176,12,761,227,302,233,1,-1,-1,-1
177,12,752,231,306,237,1,-1,-1,-1
178,12,744,235,310,240,1,-1,-1,-1
179,12,737,239,315,245,1,-1,-1,-1
180,12,730,242,320,249,1,-1,-1,-1
181,12,727,247,320,251,1,-1,-1,-1
182,12,723,252,324,256,1,-1,-1,-1
183,12,722,257,327,259,1,-1,-1,-1
184,12,729,261,328,261,1,-1,-1,-1
185,12,731,266,329,263,1,-1,-1,-1
186,12,732,270,332,267,1,-1,-1,-1
187,12,732,274,336,271,1,-1,-1,-1
188,12,730,278,340,275,1,-1,-1,-1
189,12,731,283,344,279,1,-1,-1,-1
189,15,1464,357,367,322,1,-1,-1,-1
190,12,735,287,347,282,1,-1,-1,-1
190,15,1433,348,358,314,1,-1,-1,-1
191,12,737,291,354,287,1,-1,-1,-1
191,15,1400,344,350,306,1,-1,-1,-1
192,12,739,294,363,295,1,-1,-1,-1
192,15,1373,343,333,291,1,-1,-1,-1
193,12,744,297,370,301,1,-1,-1,-1
193,15,1344,336,330,288,1,-1,-1,-1
194,12,751,299,375,306,1,-1,-1,-1
194,15,1319,330,322,280,1,-1,-1,-1
195,12,756,303,384,313,1,-1,-1,-1
195,15,1290,323,319,276,1,-1,-1,-1
196,12,761,306,396,322,1,-1,-1,-1
196,15,1267,320,310,267,1,-1,-1,-1
197,12,769,309,405,330,1,-1,-1,-1
197,15,1237,309,312,269,1,-1,-1,-1
198,12,785,315,410,333,1,-1,-1,-1
198,15,1215,305,309,264,1,-1,-1,-1
199,12,798,320,420,341,1,-1,-1,-1
199,15,1196,301,304,259,1,-1,-1,-1
200,12,811,325,429,348,1,-1,-1,-1
200,15,1176,296,299,253,1,-1,-1,-1
201,12,823,328,443,359,1,-1,-1,-1
201,15,1153,291,295,247,1,-1,-1,-1
202,12,838,333,454,367,1,-1,-1,-1
202,15,1130,285,288,243,1,-1,-1,-1
203,12,850,338,467,377,1,-1,-1,-1
204,12,869,340,480,387,1,-1,-1,-1
205,12,888,344,500,402,1,-1,-1,-1
206,12,908,349,523,420,1,-1,-1,-1
207,12,934,356,544,435,1,-1,-1,-1
208,12,959,365,561,448,1,-1,-1,-1
209,12,984,376,579,462,1,-1,-1,-1
210,12,1014,388,599,475,1,-1,-1,-1
211,12,1042,394,620,492,1,-1,-1,-1
212,12,1072,400,646,510,1,-1,-1,-1
212,15,1059,253,248,207,1,-1,-1,-1
213,12,1107,404,677,534,1,-1,-1,-1
213,15,1059,252,242,202,1,-1,-1,-1
214,12,1145,418,702,553,1,-1,-1,-1
214,15,1059,250,240,199,1,-1,-1,-1
215,12,1167,430,738,579,1,-1,-1,-1
215,15,1061,247,236,197,1,-1,-1,-1
216,12,1192,449,756,593,1,-1,-1,-1
216,15,1066,246,230,192,1,-1,-1,-1
217,12,1208,459,775,608,1,-1,-1,-1
217,15,1074,243,226,190,1,-1,-1,-1
218,12,1230,476,774,609,1,-1,-1,-1
218,15,1082,240,223,188,1,-1,-1,-1
219,12,1257,493,762,601,1,-1,-1,-1
219,15,1091,238,220,185,1,-1,-1,-1
220,12,1281,505,763,604,1,-1,-1,-1
220,15,1100,235,219,184,1,-1,-1,-1
221,12,1303,515,776,615,1,-1,-1,-1
221,15,1109,235,214,178,1,-1,-1,-1
222,15,1123,232,211,177,1,-1,-1,-1
223,15,1136,228,212,177,1,-1,-1,-1
224,15,1150,226,214,177,1,-1,-1,-1
225,15,1166,225,210,175,1,-1,-1,-1
226,15,1174,211,221,183,1,-1,-1,-1
227,15,1181,203,225,186,1,-1,-1,-1
228,15,1188,199,224,185,1,-1,-1,-1
229,15,1227,208,211,174,1,-1,-1,-1
230,15,1256,213,201,166,1,-1,-1,-1
231,15,1277,214,198,162,1,-1,-1,-1
232,15,1293,213,195,158,1,-1,-1,-1
233,15,1307,212,192,155,1,-1,-1,-1
238,16,1209,184,168,146,1,-1,-1,-1
239,16,1206,185,170,147,1,-1,-1,-1
240,16,1202,188,170,148,1,-1,-1,-1
241,16,1195,190,173,149,1,-1,-1,-1
242,16,1188,191,175,151,1,-1,-1,-1
243,16,1180,192,176,152,1,-1,-1,-1
244,16,1172,193,177,154,1,-1,-1,-1
245,16,1160,195,177,154,1,-1,-1,-1
246,16,1145,197,180,154,1,-1,-1,-1
247,16,1131,198,184,158,1,-1,-1,-1
248,16,1120,199,186,159,1,-1,-1,-1
249,16,1108,200,188,161,1,-1,-1,-1
250,16,1096,202,189,161,1,-1,-1,-1
251,16,1078,203,193,163,1,-1,-1,-1
252,16,1063,203,196,166,1,-1,-1,-1
253,16,1048,203,199,168,1,-1,-1,-1
254,16,1033,203,202,170,1,-1,-1,-1
255,16,1014,205,205,172,1,-1,-1,-1
256,16,995,207,209,174,1,-1,-1,-1
257,16,980,208,212,176,1,-1,-1,-1
258,16,961,210,216,178,1,-1,-1,-1
259,16,944,212,219,180,1,-1,-1,-1
260,16,931,214,222,183,1,-1,-1,-1
261,16,917,217,223,182,1,-1,-1,-1
262,16,901,219,225,183,1,-1,-1,-1
263,16,881,221,229,186,1,-1,-1,-1
264,16,865,223,235,188,1,-1,-1,-1
265,16,850,224,239,191,1,-1,-1,-1
266,16,835,225,244,194,1,-1,-1,-1
267,16,818,225,250,198,1,-1,-1,-1
268,16,804,228,252,200,1,-1,-1,-1
269,16,786,230,259,204,1,-1,-1,-1
270,16,772,233,263,207,1,-1,-1,-1
271,16,757,235,269,212,1,-1,-1,-1
272,16,747,241,268,211,1,-1,-1,-1
273,16,736,244,270,213,1,-1,-1,-1
274,16,721,246,278,219,1,-1,-1,-1
275,16,708,248,285,224,1,-1,-1,-1
276,16,700,252,288,227,1,-1,-1,-1
277,16,694,257,289,229,1,-1,-1,-1
278,16,688,261,292,233,1,-1,-1,-1
279,16,683,265,294,236,1,-1,-1,-1
280,16,679,270,295,237,1,-1,-1,-1
