56,25,1997,383,316,160,1,-1,-1,-1
57,25,1968,380,315,159,1,-1,-1,-1
58,25,1939,377,310,158,1,-1,-1,-1
59,25,1907,376,308,156,1,-1,-1,-1
60,25,1888,374,309,157,1,-1,-1,-1
61,25,1873,374,306,154,1,-1,-1,-1
62,25,1860,372,306,155,1,-1,-1,-1
63,25,1844,372,310,156,1,-1,-1,-1
64,25,1827,371,311,157,1,-1,-1,-1
65,25,1820,371,302,152,1,-1,-1,-1
66,25,1794,369,299,151,1,-1,-1,-1
67,25,1777,367,298,150,1,-1,-1,-1
68,25,1764,365,299,150,1,-1,-1,-1
69,25,1749,363,299,149,1,-1,-1,-1
70,25,1732,361,297,148,1,-1,-1,-1
72,25,1691,362,287,143,1,-1,-1,-1
73,25,1673,361,283,141,1,-1,-1,-1
74,25,1655,360,281,139,1,-1,-1,-1
75,25,1616,347,304,150,1,-1,-1,-1
76,25,1601,345,309,152,1,-1,-1,-1
77,25,1586,346,310,152,1,-1,-1,-1
78,25,1574,346,310,152,1,-1,-1,-1
79,25,1567,346,309,151,1,-1,-1,-1
80,25,1559,348,303,147,1,-1,-1,-1
81,25,1548,347,301,147,1,-1,-1,-1
82,25,1538,346,302,147,1,-1,-1,-1
83,25,1530,346,302,147,1,-1,-1,-1
84,25,1523,345,301,147,1,-1,-1,-1
85,25,1509,344,303,147,1,-1,-1,-1
86,25,1496,343,302,147,1,-1,-1,-1
87,25,1491,342,306,148,1,-1,-1,-1
88,25,1484,341,308,148,1,-1,-1,-1
89,25,1483,341,309,149,1,-1,-1,-1
90,25,1476,341,309,149,1,-1,-1,-1
91,25,1466,340,308,149,1,-1,-1,-1
92,25,1459,339,312,150,1,-1,-1,-1
93,25,1446,339,316,151,1,-1,-1,-1
94,25,1431,339,317,152,1,-1,-1,-1
95,25,1418,339,320,154,1,-1,-1,-1
96,25,1405,339,323,155,1,-1,-1,-1
97,25,1394,338,330,158,1,-1,-1,-1
98,25,1385,338,332,160,1,-1,-1,-1
99,25,1378,338,333,161,1,-1,-1,-1
100,25,1372,340,332,160,1,-1,-1,-1
101,25,1366,340,332,161,1,-1,-1,-1
102,25,1362,340,332,162,1,-1,-1,-1
103,25,1358,340,332,162,1,-1,-1,-1
104,25,1348,340,333,163,1,-1,-1,-1
105,25,1339,341,332,163,1,-1,-1,-1
106,25,1331,341,333,164,1,-1,-1,-1
107,25,1323,341,329,163,1,-1,-1,-1
108,25,1318,343,329,163,1,-1,-1,-1
109,25,1318,345,325,163,1,-1,-1,-1
110,25,1312,346,327,164,1,-1,-1,-1
111,25,1304,346,327,165,1,-1,-1,-1
112,25,1299,346,325,165,1,-1,-1,-1
113,25,1294,347,324,165,1,-1,-1,-1
114,25,1292,349,321,165,1,-1,-1,-1
115,25,1289,351,318,166,1,-1,-1,-1
116,25,1285,353,316,165,1,-1,-1,-1
117,25,1283,354,316,167,1,-1,-1,-1
118,25,1285,356,313,167,1,-1,-1,-1
119,25,1281,357,316,170,1,-1,-1,-1
120,25,1278,358,315,172,1,-1,-1,-1
121,25,1277,359,315,175,1,-1,-1,-1
122,25,1275,361,315,176,1,-1,-1,-1
123,25,1273,364,313,178,1,-1,-1,-1
124,25,1274,365,311,180,1,-1,-1,-1
125,25,1278,370,303,177,1,-1,-1,-1
126,25,1281,373,297,177,1,-1,-1,-1
127,25,1285,376,292,177,1,-1,-1,-1
128,25,1290,379,286,177,1,-1,-1,-1
129,25,1293,381,285,179,1,-1,-1,-1
130,25,1298,383,282,180,1,-1,-1,-1
131,25,1301,385,282,183,1,-1,-1,-1
132,25,1305,387,281,185,1,-1,-1,-1
133,25,1309,388,281,189,1,-1,-1,-1
134,25,1311,389,283,193,1,-1,-1,-1
135,25,1316,391,280,194,1,-1,-1,-1
136,25,1319,393,279,197,1,-1,-1,-1
137,25,1324,397,275,197,1,-1,-1,-1
138,25,1329,399,272,198,1,-1,-1,-1
139,25,1333,401,270,199,1,-1,-1,-1
140,25,1335,403,270,201,1,-1,-1,-1
141,25,1336,405,271,204,1,-1,-1,-1
142,25,1337,408,271,207,1,-1,-1,-1
143,25,1338,411,272,211,1,-1,-1,-1
144,25,1341,415,273,213,1,-1,-1,-1
145,25,1343,417,274,216,1,-1,-1,-1
146,25,1346,420,273,218,1,-1,-1,-1
147,25,1347,422,275,223,1,-1,-1,-1
148,25,1350,424,274,223,1,-1,-1,-1
149,25,1351,426,277,228,1,-1,-1,-1
150,25,1353,428,279,232,1,-1,-1,-1
151,25,1355,432,282,236,1,-1,-1,-1
152,25,1356,434,285,241,1,-1,-1,-1
153,25,1359,439,286,243,1,-1,-1,-1
154,25,1359,442,290,248,1,-1,-1,-1
155,25,1361,444,292,253,1,-1,-1,-1
156,25,1363,449,294,256,1,-1,-1,-1
157,25,1365,453,295,259,1,-1,-1,-1
158,25,1369,457,297,263,1,-1,-1,-1
159,25,1375,462,296,263,1,-1,-1,-1
160,25,1380,465,297,266,1,-1,-1,-1
161,25,1380,469,304,273,1,-1,-1,-1
162,25,1382,470,304,277,1,-1,-1,-1
162,27,1097,811,1109,674,1,-1,-1,-1
163,25,1384,472,308,281,1,-1,-1,-1
163,27,860,779,1167,706,1,-1,-1,-1
164,25,1385,475,312,286,1,-1,-1,-1
164,27,546,745,1219,730,1,-1,-1,-1
165,25,1389,478,316,290,1,-1,-1,-1
165,27,281,712,1257,746,1,-1,-1,-1
166,25,1394,481,313,290,1,-1,-1,-1
166,27,65,680,1267,744,1,-1,-1,-1
167,25,1400,486,311,289,1,-1,-1,-1
167,27,-46,657,1277,745,1,-1,-1,-1
168,25,1406,489,312,291,1,-1,-1,-1
168,27,-235,632,1301,758,1,-1,-1,-1
169,25,1407,492,318,298,1,-1,-1,-1
170,25,1405,496,328,306,1,-1,-1,-1
171,25,1408,500,332,311,1,-1,-1,-1
172,25,1413,505,333,314,1,-1,-1,-1
173,25,1418,510,335,316,1,-1,-1,-1
174,25,1419,512,342,323,1,-1,-1,-1
175,25,1422,514,351,332,1,-1,-1,-1
176,25,1427,519,356,337,1,-1,-1,-1
177,25,1432,524,358,340,1,-1,-1,-1
178,25,1435,529,357,339,1,-1,-1,-1
179,25,1438,532,356,338,1,-1,-1,-1
180,25,1441,536,359,342,1,-1,-1,-1
181,25,1441,538,367,350,1,-1,-1,-1
182,25,1444,541,373,354,1,-1,-1,-1
183,25,1450,545,377,358,1,-1,-1,-1
184,25,1455,549,382,363,1,-1,-1,-1
185,25,1459,550,384,365,1,-1,-1,-1
186,25,1462,552,389,370,1,-1,-1,-1
187,25,1465,555,396,376,1,-1,-1,-1
188,25,1466,559,401,379,1,-1,-1,-1
189,25,1468,562,405,383,1,-1,-1,-1
190,25,1471,566,409,386,1,-1,-1,-1
191,25,1476,571,411,387,1,-1,-1,-1
192,25,1477,574,416,392,1,-1,-1,-1
193,25,1480,578,421,395,1,-1,-1,-1
194,25,1488,582,423,397,1,-1,-1,-1
194,28,293,962,1430,752,1,-1,-1,-1
195,25,1494,584,426,399,1,-1,-1,-1
195,28,142,934,1348,708,1,-1,-1,-1
196,25,1500,587,429,401,1,-1,-1,-1
196,28,10,900,1276,670,1,-1,-1,-1
197,25,1498,588,433,404,1,-1,-1,-1
197,28,-95,883,1195,629,1,-1,-1,-1
198,25,1497,587,437,406,1,-1,-1,-1
198,28,-170,849,1155,609,1,-1,-1,-1
199,25,1498,588,443,409,1,-1,-1,-1
199,28,-263,820,1104,582,1,-1,-1,-1
200,25,1502,588,449,415,1,-1,-1,-1
200,28,-363,794,1046,552,1,-1,-1,-1
201,25,1504,588,456,421,1,-1,-1,-1
202,25,1504,588,463,427,1,-1,-1,-1
203,25,1505,590,463,426,1,-1,-1,-1
204,25,1507,590,465,427,1,-1,-1,-1
205,25,1509,590,466,427,1,-1,-1,-1
206,25,1511,592,467,425,1,-1,-1,-1
207,25,1513,593,467,425,1,-1,-1,-1
208,25,1517,598,465,423,1,-1,-1,-1
209,25,1519,602,465,421,1,-1,-1,-1
210,25,1516,598,467,423,1,-1,-1,-1
211,25,1512,595,469,422,1,-1,-1,-1
212,25,1510,593,470,423,1,-1,-1,-1
213,25,1508,591,472,423,1,-1,-1,-1
214,25,1506,590,474,423,1,-1,-1,-1
215,25,1505,590,475,423,1,-1,-1,-1
216,25,1505,590,475,422,1,-1,-1,-1
217,25,1504,590,476,422,1,-1,-1,-1
218,25,1504,590,477,422,1,-1,-1,-1
219,25,1503,590,479,422,1,-1,-1,-1
220,25,1509,595,475,419,1,-1,-1,-1
221,25,1508,595,476,418,1,-1,-1,-1
222,25,1506,594,478,419,1,-1,-1,-1
223,25,1505,593,479,420,1,-1,-1,-1
224,25,1503,593,480,420,1,-1,-1,-1
225,25,1503,593,480,420,1,-1,-1,-1
226,25,1502,594,481,419,1,-1,-1,-1
227,25,1506,598,480,417,1,-1,-1,-1
228,25,1509,600,479,417,1,-1,-1,-1
229,25,1510,602,479,416,1,-1,-1,-1
230,25,1511,603,478,416,1,-1,-1,-1
231,25,1511,604,479,415,1,-1,-1,-1
232,25,1511,604,479,416,1,-1,-1,-1
233,25,1511,604,479,416,1,-1,-1,-1
234,25,1511,604,479,416,1,-1,-1,-1
235,25,1511,604,480,416,1,-1,-1,-1
236,25,1512,604,479,416,1,-1,-1,-1
237,25,1511,604,479,416,1,-1,-1,-1
238,25,1511,604,479,416,1,-1,-1,-1
239,25,1511,604,479,416,1,-1,-1,-1
240,25,1511,604,479,416,1,-1,-1,-1
241,25,1511,604,479,416,1,-1,-1,-1
242,25,1512,605,478,415,1,-1,-1,-1
243,25,1512,605,478,415,1,-1,-1,-1
244,25,1512,604,479,416,1,-1,-1,-1
245,25,1512,604,479,416,1,-1,-1,-1
246,25,1512,604,478,416,1,-1,-1,-1
247,25,1512,604,478,416,1,-1,-1,-1
248,25,1512,604,478,416,1,-1,-1,-1
249,25,1512,604,478,416,1,-1,-1,-1
250,25,1511,603,480,417,1,-1,-1,-1
251,25,1511,603,480,417,1,-1,-1,-1
252,25,1511,603,480,417,1,-1,-1,-1
253,25,1507,599,481,418,1,-1,-1,-1
254,25,1508,600,481,418,1,-1,-1,-1
255,25,1509,601,481,417,1,-1,-1,-1
256,25,1506,597,482,419,1,-1,-1,-1
257,25,1507,599,482,418,1,-1,-1,-1
258,25,1509,601,480,417,1,-1,-1,-1
259,25,1510,602,480,416,1,-1,-1,-1
260,25,1510,602,480,417,1,-1,-1,-1
261,25,1510,603,480,416,1,-1,-1,-1
262,25,1507,599,481,417,1,-1,-1,-1
263,25,1503,595,479,416,1,-1,-1,-1
264,25,1507,592,467,405,1,-1,-1,-1
265,25,1509,591,461,399,1,-1,-1,-1
266,25,1509,590,459,397,1,-1,-1,-1
266,29,906,823,806,564,1,-1,-1,-1
267,25,1511,597,467,405,1,-1,-1,-1
267,29,560,789,805,563,1,-1,-1,-1
268,25,1510,600,474,410,1,-1,-1,-1
268,29,257,768,790,550,1,-1,-1,-1
269,25,1510,602,478,413,1,-1,-1,-1
269,29,75,737,809,559,1,-1,-1,-1
270,25,1510,602,480,416,1,-1,-1,-1
270,29,-79,702,827,569,1,-1,-1,-1
271,25,1510,603,481,415,1,-1,-1,-1
271,29,-269,673,839,574,1,-1,-1,-1
272,25,1510,604,481,415,1,-1,-1,-1
272,29,-482,645,845,578,1,-1,-1,-1
273,25,1510,604,482,416,1,-1,-1,-1
274,25,1510,604,482,416,1,-1,-1,-1
275,25,1510,604,482,415,1,-1,-1,-1
276,25,1505,599,484,418,1,-1,-1,-1
277,25,1501,596,486,419,1,-1,-1,-1
278,25,1498,594,488,421,1,-1,-1,-1
279,25,1497,593,489,421,1,-1,-1,-1
280,25,1497,592,489,422,1,-1,-1,-1
281,25,1497,592,489,422,1,-1,-1,-1
282,25,1498,592,489,421,1,-1,-1,-1
283,25,1498,592,489,421,1,-1,-1,-1
284,25,1498,591,489,421,1,-1,-1,-1
285,25,1498,591,489,421,1,-1,-1,-1
286,25,1498,591,489,420,1,-1,-1,-1
287,25,1498,592,489,420,1,-1,-1,-1
288,25,1498,592,490,420,1,-1,-1,-1
289,25,1497,592,491,420,1,-1,-1,-1
290,25,1497,591,491,421,1,-1,-1,-1
291,25,1497,591,491,421,1,-1,-1,-1
292,25,1497,591,491,420,1,-1,-1,-1
293,25,1497,591,491,420,1,-1,-1,-1
294,25,1497,591,490,420,1,-1,-1,-1
295,25,1497,591,491,420,1,-1,-1,-1
296,25,1497,591,491,420,1,-1,-1,-1
297,25,1497,591,491,420,1,-1,-1,-1
298,25,1497,591,491,420,1,-1,-1,-1
299,25,1497,591,491,420,1,-1,-1,-1
300,25,1497,591,491,420,1,-1,-1,-1
301,25,1497,591,492,421,1,-1,-1,-1
302,25,1497,591,492,421,1,-1,-1,-1
303,25,1496,591,493,421,1,-1,-1,-1
304,25,1497,591,492,422,1,-1,-1,-1
305,25,1496,591,493,422,1,-1,-1,-1
306,25,1496,591,493,422,1,-1,-1,-1
307,25,1496,591,493,422,1,-1,-1,-1
308,25,1496,591,492,422,1,-1,-1,-1
309,25,1496,591,493,422,1,-1,-1,-1
310,25,1496,591,492,421,1,-1,-1,-1
311,25,1497,591,491,421,1,-1,-1,-1
312,25,1497,591,491,421,1,-1,-1,-1
313,25,1496,591,492,420,1,-1,-1,-1
314,25,1496,591,493,420,1,-1,-1,-1
315,25,1497,591,492,420,1,-1,-1,-1
316,25,1495,591,494,421,1,-1,-1,-1
317,25,1495,591,494,421,1,-1,-1,-1
318,25,1494,590,496,422,1,-1,-1,-1
319,25,1495,590,495,423,1,-1,-1,-1
320,25,1498,595,493,421,1,-1,-1,-1
321,25,1497,595,495,422,1,-1,-1,-1
322,25,1496,593,496,424,1,-1,-1,-1
323,25,1496,593,494,422,1,-1,-1,-1
324,25,1496,592,493,422,1,-1,-1,-1
325,25,1496,592,493,422,1,-1,-1,-1
326,25,1502,597,489,418,1,-1,-1,-1
327,25,1506,600,486,417,1,-1,-1,-1
328,25,1509,602,484,415,1,-1,-1,-1
329,25,1510,603,484,415,1,-1,-1,-1
330,25,1510,603,484,415,1,-1,-1,-1
331,25,1506,599,484,416,1,-1,-1,-1
332,25,1504,596,484,417,1,-1,-1,-1
333,25,1502,595,484,417,1,-1,-1,-1
334,25,1504,598,485,417,1,-1,-1,-1
335,25,1503,596,485,418,1,-1,-1,-1
336,25,1500,594,487,419,1,-1,-1,-1
337,25,1498,592,489,421,1,-1,-1,-1
338,25,1498,592,489,420,1,-1,-1,-1
339,25,1497,591,490,421,1,-1,-1,-1
340,25,1497,591,490,421,1,-1,-1,-1
341,25,1497,591,490,421,1,-1,-1,-1
342,25,1497,591,490,421,1,-1,-1,-1
343,25,1497,591,490,421,1,-1,-1,-1
344,25,1498,592,489,420,1,-1,-1,-1
345,25,1498,592,489,420,1,-1,-1,-1
346,25,1502,596,488,418,1,-1,-1,-1
347,25,1506,599,486,417,1,-1,-1,-1
348,25,1503,596,488,418,1,-1,-1,-1
349,25,1500,593,490,420,1,-1,-1,-1
350,25,1498,591,491,421,1,-1,-1,-1
351,25,1497,590,492,422,1,-1,-1,-1
352,25,1496,590,492,421,1,-1,-1,-1
353,25,1496,589,492,422,1,-1,-1,-1
354,25,1495,589,493,422,1,-1,-1,-1
355,25,1496,590,489,418,1,-1,-1,-1
356,25,1499,589,483,412,1,-1,-1,-1
357,25,1503,590,476,406,1,-1,-1,-1
358,25,1503,593,477,408,1,-1,-1,-1
359,25,1501,593,483,412,1,-1,-1,-1
360,25,1500,594,486,414,1,-1,-1,-1
361,25,1499,594,489,417,1,-1,-1,-1
362,25,1498,595,491,417,1,-1,-1,-1
363,25,1498,595,491,417,1,-1,-1,-1
364,25,1499,595,490,417,1,-1,-1,-1
365,25,1499,595,490,417,1,-1,-1,-1
366,25,1502,599,490,415,1,-1,-1,-1
367,25,1500,597,491,417,1,-1,-1,-1
368,25,1498,595,492,417,1,-1,-1,-1
369,25,1497,594,493,419,1,-1,-1,-1
370,25,1500,598,492,417,1,-1,-1,-1
371,25,1504,601,489,416,1,-1,-1,-1
372,25,1505,602,489,416,1,-1,-1,-1
373,25,1505,603,489,416,1,-1,-1,-1
374,25,1506,604,488,415,1,-1,-1,-1
375,25,1506,604,487,415,1,-1,-1,-1
376,25,1502,598,490,417,1,-1,-1,-1
377,25,1498,594,493,420,1,-1,-1,-1
378,25,1496,591,494,422,1,-1,-1,-1
379,25,1495,590,495,422,1,-1,-1,-1
380,25,1494,589,495,423,1,-1,-1,-1
381,25,1494,589,495,422,1,-1,-1,-1
382,25,1494,590,493,420,1,-1,-1,-1
383,25,1495,591,488,416,1,-1,-1,-1
384,25,1494,590,488,416,1,-1,-1,-1
385,25,1499,591,490,419,1,-1,-1,-1
386,25,1503,594,497,424,1,-1,-1,-1
386,31,155,862,1131,489,1,-1,-1,-1
387,25,1503,596,501,429,1,-1,-1,-1
387,31,29,831,1137,493,1,-1,-1,-1
388,25,1505,599,503,430,1,-1,-1,-1
388,31,-39,818,1140,494,1,-1,-1,-1
389,25,1504,599,508,434,1,-1,-1,-1
389,31,-155,803,1141,495,1,-1,-1,-1
390,25,1505,599,513,438,1,-1,-1,-1
391,25,1510,598,519,443,1,-1,-1,-1
392,25,1523,602,525,449,1,-1,-1,-1
393,25,1539,607,526,449,1,-1,-1,-1
394,25,1554,612,535,454,1,-1,-1,-1
395,25,1565,617,540,457,1,-1,-1,-1
396,25,1591,624,544,458,1,-1,-1,-1
397,25,1617,632,544,454,1,-1,-1,-1
398,25,1637,639,558,461,1,-1,-1,-1
399,25,1659,646,576,472,1,-1,-1,-1
400,25,1687,651,592,480,1,-1,-1,-1
401,25,1718,657,606,486,1,-1,-1,-1
402,25,1758,666,624,493,1,-1,-1,-1
403,25,1785,674,643,501,1,-1,-1,-1
404,25,1801,684,661,507,1,-1,-1,-1
405,25,1813,692,685,519,1,-1,-1,-1
406,25,1816,698,711,533,1,-1,-1,-1
407,25,1826,704,731,542,1,-1,-1,-1
408,25,1844,710,740,548,1,-1,-1,-1
