93,32,340,749,131,111,1,-1,-1,-1
94,32,345,750,131,111,1,-1,-1,-1
95,32,348,750,133,112,1,-1,-1,-1
96,32,352,751,134,113,1,-1,-1,-1
97,32,356,751,134,113,1,-1,-1,-1
98,32,360,752,134,113,1,-1,-1,-1
99,32,362,753,137,116,1,-1,-1,-1
100,32,367,754,138,116,1,-1,-1,-1
101,32,371,754,140,118,1,-1,-1,-1
102,32,376,755,141,119,1,-1,-1,-1
103,32,381,756,144,120,1,-1,-1,-1
104,32,386,758,145,122,1,-1,-1,-1
105,32,392,759,148,124,1,-1,-1,-1
106,32,398,761,151,126,1,-1,-1,-1
107,32,405,762,154,128,1,-1,-1,-1
108,32,411,763,158,131,1,-1,-1,-1
109,32,418,764,161,132,1,-1,-1,-1
110,32,427,765,163,133,1,-1,-1,-1
111,32,436,766,165,135,1,-1,-1,-1
112,32,443,769,169,138,1,-1,-1,-1
113,32,449,772,175,141,1,-1,-1,-1
114,32,457,774,181,146,1,-1,-1,-1
115,32,467,776,186,150,1,-1,-1,-1
116,32,479,779,190,153,1,-1,-1,-1
117,32,490,781,196,156,1,-1,-1,-1
118,32,503,783,202,160,1,-1,-1,-1
119,32,517,784,209,166,1,-1,-1,-1
120,32,530,785,217,172,1,-1,-1,-1
121,32,542,789,228,178,1,-1,-1,-1
122,32,554,790,241,187,1,-1,-1,-1
123,32,570,792,253,196,1,-1,-1,-1
124,32,593,795,265,204,1,-1,-1,-1
125,32,615,798,277,213,1,-1,-1,-1
126,32,633,802,293,222,1,-1,-1,-1
127,32,661,805,308,232,1,-1,-1,-1
128,32,689,809,327,246,1,-1,-1,-1
129,32,721,815,346,257,1,-1,-1,-1
130,32,752,820,373,275,1,-1,-1,-1
131,32,791,825,402,294,1,-1,-1,-1
132,32,836,831,433,315,1,-1,-1,-1
133,32,890,841,463,334,1,-1,-1,-1
134,32,943,849,505,361,1,-1,-1,-1
135,32,1015,863,552,392,1,-1,-1,-1
136,32,1088,873,622,436,1,-1,-1,-1
137,32,1182,890,697,483,1,-1,-1,-1
138,32,1302,911,786,539,1,-1,-1,-1
139,32,1398,929,908,616,1,-1,-1,-1
140,32,1437,940,1054,710,1,-1,-1,-1
141,32,1499,956,1130,757,1,-1,-1,-1
142,32,1551,968,1188,793,1,-1,-1,-1
143,32,1597,976,1230,821,1,-1,-1,-1
182,33,1256,670,813,459,1,-1,-1,-1
183,33,1161,681,721,407,1,-1,-1,-1
184,33,1051,688,647,365,1,-1,-1,-1
185,33,949,679,615,347,1,-1,-1,-1
186,33,878,680,583,328,1,-1,-1,-1
187,33,848,687,537,302,1,-1,-1,-1
188,33,805,695,496,280,1,-1,-1,-1
189,33,770,699,457,258,1,-1,-1,-1
190,33,742,701,419,237,1,-1,-1,-1
191,33,706,696,403,229,1,-1,-1,-1
192,33,681,699,379,216,1,-1,-1,-1
193,33,659,701,358,205,1,-1,-1,-1
194,33,638,701,344,198,1,-1,-1,-1
195,33,616,700,334,192,1,-1,-1,-1
196,33,596,697,329,192,1,-1,-1,-1
197,33,577,695,324,189,1,-1,-1,-1
198,33,564,694,312,184,1,-1,-1,-1
199,33,555,696,303,180,1,-1,-1,-1
200,33,548,698,289,174,1,-1,-1,-1
201,33,543,699,277,169,1,-1,-1,-1
202,33,534,698,270,166,1,-1,-1,-1
203,33,528,696,266,165,1,-1,-1,-1
204,33,515,697,260,161,1,-1,-1,-1
205,33,506,697,251,159,1,-1,-1,-1
206,33,498,700,241,153,1,-1,-1,-1
207,33,494,701,231,149,1,-1,-1,-1
208,33,488,702,224,145,1,-1,-1,-1
209,33,482,703,218,143,1,-1,-1,-1
210,33,478,705,211,139,1,-1,-1,-1
211,33,471,706,208,139,1,-1,-1,-1
212,33,461,705,207,139,1,-1,-1,-1
213,33,456,706,201,136,1,-1,-1,-1
214,33,450,706,197,134,1,-1,-1,-1
215,33,444,707,191,131,1,-1,-1,-1
216,33,437,707,185,127,1,-1,-1,-1
216,34,1584,759,624,388,1,-1,-1,-1
217,33,431,708,181,125,1,-1,-1,-1
217,34,1509,757,588,365,1,-1,-1,-1
218,33,427,709,176,123,1,-1,-1,-1
218,34,1440,753,557,345,1,-1,-1,-1
219,33,423,711,170,119,1,-1,-1,-1
219,34,1383,755,520,322,1,-1,-1,-1
220,33,418,712,165,117,1,-1,-1,-1
220,34,1322,748,499,308,1,-1,-1,-1
221,33,414,711,164,117,1,-1,-1,-1
221,34,1273,741,486,300,1,-1,-1,-1
222,33,409,709,165,119,1,-1,-1,-1
222,34,1224,740,463,284,1,-1,-1,-1
223,33,404,707,167,121,1,-1,-1,-1
223,34,1174,733,457,280,1,-1,-1,-1
224,33,400,705,165,121,1,-1,-1,-1
224,34,1136,727,436,267,1,-1,-1,-1
225,33,396,703,165,121,1,-1,-1,-1
225,34,1084,721,428,262,1,-1,-1,-1
226,33,393,705,156,116,1,-1,-1,-1
226,34,1042,717,420,256,1,-1,-1,-1
227,33,389,706,149,111,1,-1,-1,-1
227,34,1014,715,400,245,1,-1,-1,-1
228,33,383,706,147,109,1,-1,-1,-1
228,34,994,707,391,239,1,-1,-1,-1
229,34,968,713,367,223,1,-1,-1,-1
230,34,939,719,348,211,1,-1,-1,-1
231,34,909,722,333,202,1,-1,-1,-1
232,34,884,723,321,195,1,-1,-1,-1
233,34,861,722,312,189,1,-1,-1,-1
234,34,835,722,304,185,1,-1,-1,-1
235,34,813,723,296,181,1,-1,-1,-1
236,34,790,725,289,176,1,-1,-1,-1
237,34,772,725,283,173,1,-1,-1,-1
238,34,754,726,275,169,1,-1,-1,-1
239,34,739,726,269,166,1,-1,-1,-1
240,34,726,724,265,164,1,-1,-1,-1
241,34,709,720,266,166,1,-1,-1,-1
242,34,693,718,264,165,1,-1,-1,-1
243,34,677,717,259,163,1,-1,-1,-1
244,34,661,715,254,161,1,-1,-1,-1
245,34,651,715,247,157,1,-1,-1,-1
246,34,642,716,241,154,1,-1,-1,-1
247,34,633,717,234,151,1,-1,-1,-1
248,34,624,717,228,149,1,-1,-1,-1
249,34,612,717,224,147,1,-1,-1,-1
250,34,601,715,220,145,1,-1,-1,-1
251,34,592,714,218,144,1,-1,-1,-1
252,34,584,712,215,143,1,-1,-1,-1
253,34,575,711,210,141,1,-1,-1,-1
254,34,567,711,205,139,1,-1,-1,-1
255,34,561,712,198,135,1,-1,-1,-1
256,34,553,711,195,134,1,-1,-1,-1
257,34,546,711,190,131,1,-1,-1,-1
258,34,538,711,187,129,1,-1,-1,-1
259,34,530,711,182,126,1,-1,-1,-1
260,34,522,711,179,126,1,-1,-1,-1
261,34,515,712,175,123,1,-1,-1,-1
262,34,509,712,173,122,1,-1,-1,-1
263,34,503,711,170,121,1,-1,-1,-1
264,34,498,712,167,120,1,-1,-1,-1
265,34,494,712,166,120,1,-1,-1,-1
266,34,491,714,160,116,1,-1,-1,-1
267,34,487,715,155,113,1,-1,-1,-1
268,34,483,715,152,111,1,-1,-1,-1
269,34,479,715,150,110,1,-1,-1,-1
270,34,474,714,148,109,1,-1,-1,-1
271,34,466,714,145,108,1,-1,-1,-1
272,34,458,714,143,106,1,-1,-1,-1
273,34,452,715,139,103,1,-1,-1,-1
279,35,331,755,126,113,1,-1,-1,-1
280,35,335,756,126,112,1,-1,-1,-1
281,35,337,756,131,116,1,-1,-1,-1
282,35,339,755,135,120,1,-1,-1,-1
283,35,342,755,138,123,1,-1,-1,-1
284,35,345,755,142,125,1,-1,-1,-1
285,35,349,755,143,127,1,-1,-1,-1
286,35,354,757,143,127,1,-1,-1,-1
286,36,1354,679,687,381,1,-1,-1,-1
287,35,358,758,146,129,1,-1,-1,-1
287,36,1221,676,646,358,1,-1,-1,-1
288,35,363,760,147,129,1,-1,-1,-1
288,36,1139,676,602,334,1,-1,-1,-1
289,35,369,760,150,131,1,-1,-1,-1
289,36,1053,677,559,311,1,-1,-1,-1
290,35,375,760,152,134,1,-1,-1,-1
290,36,981,678,531,295,1,-1,-1,-1
291,35,381,760,156,136,1,-1,-1,-1
291,36,941,682,494,275,1,-1,-1,-1
292,35,387,762,158,137,1,-1,-1,-1
292,36,915,685,460,256,1,-1,-1,-1
293,35,392,763,162,140,1,-1,-1,-1
293,36,869,692,430,240,1,-1,-1,-1
294,35,399,766,162,139,1,-1,-1,-1
294,36,832,698,398,223,1,-1,-1,-1
295,35,404,768,165,142,1,-1,-1,-1
295,36,798,702,371,208,1,-1,-1,-1
296,35,411,771,168,143,1,-1,-1,-1
296,36,764,704,351,198,1,-1,-1,-1
297,35,419,772,172,147,1,-1,-1,-1
297,36,730,707,337,191,1,-1,-1,-1
298,35,423,774,180,151,1,-1,-1,-1
298,36,705,707,327,187,1,-1,-1,-1
299,35,431,775,185,156,1,-1,-1,-1
299,36,682,705,320,184,1,-1,-1,-1
300,35,439,777,191,160,1,-1,-1,-1
300,36,661,702,312,180,1,-1,-1,-1
301,35,446,777,196,164,1,-1,-1,-1
301,36,641,698,307,179,1,-1,-1,-1
302,35,453,780,200,166,1,-1,-1,-1
302,36,611,696,295,173,1,-1,-1,-1
303,35,462,783,205,169,1,-1,-1,-1
303,36,577,696,280,165,1,-1,-1,-1
304,35,471,784,213,176,1,-1,-1,-1
305,35,481,785,222,183,1,-1,-1,-1
306,35,492,789,229,188,1,-1,-1,-1
307,35,506,793,233,190,1,-1,-1,-1
308,35,520,796,243,197,1,-1,-1,-1
309,35,534,797,256,207,1,-1,-1,-1
310,35,549,801,271,217,1,-1,-1,-1
311,35,570,804,282,226,1,-1,-1,-1
312,35,593,807,299,237,1,-1,-1,-1
313,35,614,809,319,251,1,-1,-1,-1
314,35,640,814,337,264,1,-1,-1,-1
315,35,673,821,356,276,1,-1,-1,-1
316,35,705,829,379,292,1,-1,-1,-1
317,35,739,835,409,312,1,-1,-1,-1
318,35,780,842,438,332,1,-1,-1,-1
319,35,820,853,470,352,1,-1,-1,-1
320,35,867,864,511,379,1,-1,-1,-1
321,35,926,872,566,415,1,-1,-1,-1
322,35,1001,880,631,458,1,-1,-1,-1
323,35,1089,892,710,510,1,-1,-1,-1
324,35,1191,909,809,575,1,-1,-1,-1
325,35,1297,922,940,661,1,-1,-1,-1
326,35,1347,930,1108,772,1,-1,-1,-1
327,35,1390,937,1210,837,1,-1,-1,-1
328,35,1432,943,1255,868,1,-1,-1,-1
377,37,1368,735,675,365,1,-1,-1,-1
378,37,1304,742,600,324,1,-1,-1,-1
379,37,1219,744,546,294,1,-1,-1,-1
380,37,1115,732,534,288,1,-1,-1,-1
381,37,1018,719,522,281,1,-1,-1,-1
382,37,948,714,501,270,1,-1,-1,-1
383,37,907,717,469,253,1,-1,-1,-1
384,37,865,722,423,228,1,-1,-1,-1
385,37,825,723,396,214,1,-1,-1,-1
386,37,795,725,370,200,1,-1,-1,-1
387,37,763,724,353,192,1,-1,-1,-1
388,37,737,725,337,183,1,-1,-1,-1
389,37,717,729,319,174,1,-1,-1,-1
390,37,699,730,309,170,1,-1,-1,-1
391,37,682,733,298,164,1,-1,-1,-1
392,37,664,729,295,164,1,-1,-1,-1
393,37,650,728,285,159,1,-1,-1,-1
394,37,639,728,271,153,1,-1,-1,-1
395,37,624,727,266,151,1,-1,-1,-1
396,37,610,725,262,150,1,-1,-1,-1
397,37,598,724,255,147,1,-1,-1,-1
398,37,583,721,253,148,1,-1,-1,-1
399,37,571,719,251,148,1,-1,-1,-1
400,37,562,718,245,145,1,-1,-1,-1
401,37,552,716,241,144,1,-1,-1,-1
402,37,540,714,237,143,1,-1,-1,-1
403,37,529,714,232,140,1,-1,-1,-1
403,38,1369,746,596,341,1,-1,-1,-1
404,37,518,711,227,139,1,-1,-1,-1
404,38,1255,746,532,304,1,-1,-1,-1
405,37,512,710,221,137,1,-1,-1,-1
405,38,1153,739,497,284,1,-1,-1,-1
406,37,504,711,215,134,1,-1,-1,-1
406,38,1056,728,474,270,1,-1,-1,-1
407,37,499,714,204,129,1,-1,-1,-1
407,38,985,725,446,254,1,-1,-1,-1
408,37,493,717,197,125,1,-1,-1,-1
408,38,939,723,417,238,1,-1,-1,-1
409,37,487,718,191,122,1,-1,-1,-1
409,38,887,724,383,219,1,-1,-1,-1
410,37,483,720,184,119,1,-1,-1,-1
410,38,847,727,355,202,1,-1,-1,-1
411,37,479,720,178,116,1,-1,-1,-1
411,38,806,727,336,191,1,-1,-1,-1
412,37,474,719,175,115,1,-1,-1,-1
412,38,768,725,321,184,1,-1,-1,-1
413,37,469,718,171,113,1,-1,-1,-1
413,38,736,727,305,174,1,-1,-1,-1
414,37,463,717,169,113,1,-1,-1,-1
414,38,711,730,290,167,1,-1,-1,-1
415,37,455,717,166,110,1,-1,-1,-1
415,38,686,729,285,165,1,-1,-1,-1
416,37,446,716,162,109,1,-1,-1,-1
416,38,663,724,282,165,1,-1,-1,-1
417,37,442,714,165,111,1,-1,-1,-1
417,38,648,724,270,159,1,-1,-1,-1
418,37,438,714,161,110,1,-1,-1,-1
418,38,634,725,257,152,1,-1,-1,-1
419,37,431,714,159,108,1,-1,-1,-1
419,38,607,724,243,145,1,-1,-1,-1
420,37,423,713,156,107,1,-1,-1,-1
420,38,574,724,229,136,1,-1,-1,-1
