26,39,976,56,169,120,1,-1,-1,-1
27,39,970,58,164,116,1,-1,-1,-1
28,39,957,58,164,117,1,-1,-1,-1
29,39,948,59,163,115,1,-1,-1,-1
30,39,936,60,164,115,1,-1,-1,-1
31,39,923,60,166,115,1,-1,-1,-1
32,39,911,60,166,115,1,-1,-1,-1
33,39,898,61,170,116,1,-1,-1,-1
34,39,882,59,174,118,1,-1,-1,-1
35,39,863,58,178,120,1,-1,-1,-1
36,39,844,57,184,121,1,-1,-1,-1
37,39,827,56,187,122,1,-1,-1,-1
38,39,810,55,190,123,1,-1,-1,-1
39,39,799,55,195,123,1,-1,-1,-1
40,39,793,55,196,123,1,-1,-1,-1
41,39,786,57,195,121,1,-1,-1,-1
42,39,775,56,200,124,1,-1,-1,-1
43,39,766,56,202,124,1,-1,-1,-1
44,39,759,56,203,124,1,-1,-1,-1
45,39,750,57,202,123,1,-1,-1,-1
46,39,744,57,202,123,1,-1,-1,-1
47,39,741,58,201,121,1,-1,-1,-1
48,39,732,58,201,121,1,-1,-1,-1
49,39,728,59,200,120,1,-1,-1,-1
50,39,721,59,203,122,1,-1,-1,-1
51,39,710,59,208,124,1,-1,-1,-1
52,39,703,59,210,127,1,-1,-1,-1
53,39,697,59,211,129,1,-1,-1,-1
54,39,692,60,211,129,1,-1,-1,-1
55,39,686,60,211,129,1,-1,-1,-1
56,39,681,60,209,129,1,-1,-1,-1
57,39,675,61,207,128,1,-1,-1,-1
58,39,671,61,204,128,1,-1,-1,-1
59,39,669,62,202,127,1,-1,-1,-1
60,39,663,62,203,128,1,-1,-1,-1
61,39,660,62,201,129,1,-1,-1,-1
61,40,1439,321,389,455,1,-1,-1,-1
62,39,656,63,200,128,1,-1,-1,-1
62,40,1423,314,368,428,1,-1,-1,-1
63,39,651,62,200,130,1,-1,-1,-1
63,40,1399,297,358,416,1,-1,-1,-1
64,39,645,62,202,132,1,-1,-1,-1
64,40,1370,285,342,395,1,-1,-1,-1
65,39,640,63,201,131,1,-1,-1,-1
65,40,1328,263,344,393,1,-1,-1,-1
66,39,636,63,197,131,1,-1,-1,-1
66,40,1300,253,337,382,1,-1,-1,-1
67,39,631,65,196,130,1,-1,-1,-1
67,40,1270,238,333,372,1,-1,-1,-1
68,39,628,65,194,131,1,-1,-1,-1
68,40,1239,231,321,354,1,-1,-1,-1
69,39,623,66,193,130,1,-1,-1,-1
69,40,1211,225,313,339,1,-1,-1,-1
70,39,619,67,192,130,1,-1,-1,-1
70,40,1186,216,308,328,1,-1,-1,-1
71,39,615,67,191,131,1,-1,-1,-1
71,40,1166,206,303,317,1,-1,-1,-1
72,39,610,67,193,132,1,-1,-1,-1
72,40,1139,193,305,314,1,-1,-1,-1
73,39,606,67,191,133,1,-1,-1,-1
73,40,1115,180,308,312,1,-1,-1,-1
74,39,602,68,190,132,1,-1,-1,-1
74,40,1090,169,309,309,1,-1,-1,-1
75,39,599,68,189,132,1,-1,-1,-1
75,40,1066,155,315,309,1,-1,-1,-1
76,39,596,69,188,131,1,-1,-1,-1
76,40,1039,144,317,305,1,-1,-1,-1
77,39,590,69,190,134,1,-1,-1,-1
77,40,1015,137,313,298,1,-1,-1,-1
78,39,585,69,190,135,1,-1,-1,-1
78,40,999,135,306,288,1,-1,-1,-1
79,39,582,70,190,135,1,-1,-1,-1
79,40,988,134,296,275,1,-1,-1,-1
80,39,580,71,189,135,1,-1,-1,-1
80,40,973,136,281,257,1,-1,-1,-1
81,39,577,72,189,135,1,-1,-1,-1
81,40,956,133,277,250,1,-1,-1,-1
82,39,575,73,189,135,1,-1,-1,-1
82,40,942,130,276,246,1,-1,-1,-1
83,39,571,74,190,137,1,-1,-1,-1
83,40,933,126,275,243,1,-1,-1,-1
84,39,564,72,195,142,1,-1,-1,-1
84,40,925,124,270,236,1,-1,-1,-1
85,39,559,74,195,142,1,-1,-1,-1
85,40,915,120,266,231,1,-1,-1,-1
86,39,553,74,199,146,1,-1,-1,-1
86,40,908,118,264,226,1,-1,-1,-1
87,39,549,76,200,147,1,-1,-1,-1
87,40,897,111,265,226,1,-1,-1,-1
88,39,544,78,201,149,1,-1,-1,-1
88,40,885,107,264,223,1,-1,-1,-1
89,39,542,81,202,149,1,-1,-1,-1
89,40,879,102,262,220,1,-1,-1,-1
90,39,540,84,201,149,1,-1,-1,-1
90,40,871,100,257,214,1,-1,-1,-1
91,39,540,86,198,148,1,-1,-1,-1
91,40,864,95,254,212,1,-1,-1,-1
92,39,539,88,197,148,1,-1,-1,-1
92,40,853,88,258,213,1,-1,-1,-1
93,39,534,89,201,151,1,-1,-1,-1
93,40,843,81,262,217,1,-1,-1,-1
94,39,532,92,201,153,1,-1,-1,-1
94,40,837,73,263,216,1,-1,-1,-1
95,39,530,93,204,156,1,-1,-1,-1
95,40,831,67,262,214,1,-1,-1,-1
96,39,529,97,205,156,1,-1,-1,-1
96,40,828,65,256,210,1,-1,-1,-1
97,39,529,100,205,157,1,-1,-1,-1
97,40,818,58,261,213,1,-1,-1,-1
98,39,528,103,204,158,1,-1,-1,-1
98,40,814,53,259,212,1,-1,-1,-1
99,39,528,105,204,159,1,-1,-1,-1
99,40,811,52,256,209,1,-1,-1,-1
100,39,529,108,202,158,1,-1,-1,-1
100,40,809,49,254,209,1,-1,-1,-1
101,39,531,112,201,157,1,-1,-1,-1
101,40,806,49,251,205,1,-1,-1,-1
102,39,532,114,201,158,1,-1,-1,-1
102,40,802,46,247,202,1,-1,-1,-1
103,39,533,116,204,160,1,-1,-1,-1
103,40,796,42,244,200,1,-1,-1,-1
104,39,534,118,207,164,1,-1,-1,-1
104,40,806,48,234,192,1,-1,-1,-1
105,39,534,121,209,166,1,-1,-1,-1
105,40,808,49,228,188,1,-1,-1,-1
106,39,534,123,213,170,1,-1,-1,-1
106,40,812,48,220,183,1,-1,-1,-1
107,39,535,126,214,170,1,-1,-1,-1
107,40,815,47,215,178,1,-1,-1,-1
108,39,538,130,213,170,1,-1,-1,-1
108,40,818,45,211,176,1,-1,-1,-1
109,39,540,132,214,171,1,-1,-1,-1
109,40,825,43,206,173,1,-1,-1,-1
110,39,542,135,214,171,1,-1,-1,-1
110,40,829,44,203,170,1,-1,-1,-1
111,39,544,139,215,173,1,-1,-1,-1
111,40,832,42,202,170,1,-1,-1,-1
111,41,1566,417,259,301,1,-1,-1,-1
112,39,547,141,217,175,1,-1,-1,-1
112,40,836,42,200,168,1,-1,-1,-1
112,41,1552,402,258,300,1,-1,-1,-1
113,39,546,143,224,180,1,-1,-1,-1
113,40,842,40,196,166,1,-1,-1,-1
113,41,1527,386,258,300,1,-1,-1,-1
114,39,549,147,227,182,1,-1,-1,-1
114,40,845,39,192,163,1,-1,-1,-1
114,41,1500,371,255,294,1,-1,-1,-1
115,39,551,150,230,185,1,-1,-1,-1
115,40,847,37,189,161,1,-1,-1,-1
115,41,1473,361,252,286,1,-1,-1,-1
116,39,553,153,233,187,1,-1,-1,-1
116,41,1452,351,246,276,1,-1,-1,-1
117,39,557,157,235,188,1,-1,-1,-1
117,41,1425,339,244,269,1,-1,-1,-1
118,39,560,160,238,191,1,-1,-1,-1
118,41,1398,327,244,265,1,-1,-1,-1
119,39,563,164,241,194,1,-1,-1,-1
119,41,1368,315,244,260,1,-1,-1,-1
120,39,566,168,243,195,1,-1,-1,-1
120,41,1344,306,243,254,1,-1,-1,-1
121,39,569,173,246,197,1,-1,-1,-1
121,40,884,30,191,163,1,-1,-1,-1
121,41,1315,294,247,254,1,-1,-1,-1
122,39,575,178,248,198,1,-1,-1,-1
122,40,889,29,189,161,1,-1,-1,-1
122,41,1296,284,247,249,1,-1,-1,-1
123,39,581,183,249,200,1,-1,-1,-1
123,40,898,29,188,161,1,-1,-1,-1
123,41,1274,279,244,240,1,-1,-1,-1
124,39,586,186,254,203,1,-1,-1,-1
124,40,904,28,187,160,1,-1,-1,-1
124,41,1254,271,242,235,1,-1,-1,-1
125,39,592,190,258,206,1,-1,-1,-1
125,40,909,27,185,159,1,-1,-1,-1
125,41,1230,263,245,232,1,-1,-1,-1
126,39,594,193,265,211,1,-1,-1,-1
126,41,1211,255,244,227,1,-1,-1,-1
127,39,599,198,270,215,1,-1,-1,-1
127,41,1193,249,243,222,1,-1,-1,-1
128,39,605,203,276,220,1,-1,-1,-1
128,41,1175,241,244,220,1,-1,-1,-1
129,39,614,209,279,222,1,-1,-1,-1
129,41,1159,236,243,215,1,-1,-1,-1
130,39,623,214,284,225,1,-1,-1,-1
130,41,1144,230,242,211,1,-1,-1,-1
131,39,631,220,287,228,1,-1,-1,-1
131,41,1127,220,243,209,1,-1,-1,-1
132,39,639,226,291,229,1,-1,-1,-1
132,41,1111,213,242,206,1,-1,-1,-1
133,39,647,231,298,235,1,-1,-1,-1
133,41,1093,203,245,207,1,-1,-1,-1
134,39,654,236,306,241,1,-1,-1,-1
134,41,1075,197,245,204,1,-1,-1,-1
135,39,663,244,314,248,1,-1,-1,-1
135,41,1058,190,247,204,1,-1,-1,-1
136,39,673,251,319,251,1,-1,-1,-1
136,41,1047,189,239,196,1,-1,-1,-1
137,39,684,258,325,256,1,-1,-1,-1
137,41,1030,184,243,197,1,-1,-1,-1
138,39,694,267,330,259,1,-1,-1,-1
138,41,1017,181,239,192,1,-1,-1,-1
139,39,703,274,341,268,1,-1,-1,-1
139,41,1006,176,235,188,1,-1,-1,-1
140,39,713,281,351,276,1,-1,-1,-1
140,41,994,172,232,185,1,-1,-1,-1
141,39,723,291,359,281,1,-1,-1,-1
141,41,982,167,232,183,1,-1,-1,-1
142,39,734,299,367,287,1,-1,-1,-1
142,41,971,163,228,179,1,-1,-1,-1
143,39,747,310,371,291,1,-1,-1,-1
143,41,958,159,226,176,1,-1,-1,-1
144,39,759,321,378,296,1,-1,-1,-1
144,41,947,154,222,173,1,-1,-1,-1
145,39,772,330,384,301,1,-1,-1,-1
145,41,933,149,222,171,1,-1,-1,-1
146,39,783,342,391,305,1,-1,-1,-1
146,41,921,143,221,170,1,-1,-1,-1
147,39,792,351,403,315,1,-1,-1,-1
147,41,910,138,222,170,1,-1,-1,-1
148,39,802,365,413,323,1,-1,-1,-1
148,41,900,133,225,172,1,-1,-1,-1
149,39,814,380,424,331,1,-1,-1,-1
149,41,890,130,225,171,1,-1,-1,-1
150,39,829,392,435,339,1,-1,-1,-1
150,41,882,127,225,171,1,-1,-1,-1
151,39,842,405,448,348,1,-1,-1,-1
151,41,876,123,221,168,1,-1,-1,-1
152,39,859,418,459,357,1,-1,-1,-1
152,41,871,120,217,164,1,-1,-1,-1
153,39,872,432,477,371,1,-1,-1,-1
153,41,867,118,212,161,1,-1,-1,-1
154,39,890,453,487,378,1,-1,-1,-1
154,41,862,115,213,162,1,-1,-1,-1
155,39,909,473,501,390,1,-1,-1,-1
155,41,857,111,211,161,1,-1,-1,-1
156,39,925,491,522,406,1,-1,-1,-1
156,41,855,109,205,156,1,-1,-1,-1
157,39,945,513,535,416,1,-1,-1,-1
157,41,854,108,199,151,1,-1,-1,-1
158,39,968,535,555,431,1,-1,-1,-1
158,41,855,106,194,148,1,-1,-1,-1
159,39,989,557,576,447,1,-1,-1,-1
159,41,854,104,191,146,1,-1,-1,-1
160,39,1008,583,592,459,1,-1,-1,-1
160,41,853,103,187,143,1,-1,-1,-1
161,39,1045,613,597,461,1,-1,-1,-1
161,41,854,101,183,140,1,-1,-1,-1
162,39,1070,635,606,467,1,-1,-1,-1
162,41,855,98,181,139,1,-1,-1,-1
163,39,1088,652,618,477,1,-1,-1,-1
163,41,856,95,179,138,1,-1,-1,-1
164,41,857,91,177,137,1,-1,-1,-1
165,41,858,88,176,136,1,-1,-1,-1
166,41,860,85,174,134,1,-1,-1,-1
167,41,863,82,174,135,1,-1,-1,-1
167,42,1505,333,322,407,1,-1,-1,-1
168,41,867,81,170,132,1,-1,-1,-1
168,42,1487,312,317,401,1,-1,-1,-1
169,41,872,81,164,128,1,-1,-1,-1
169,42,1468,311,297,373,1,-1,-1,-1
170,41,875,79,165,128,1,-1,-1,-1
170,42,1440,309,281,350,1,-1,-1,-1
171,41,880,78,163,127,1,-1,-1,-1
171,42,1403,302,272,337,1,-1,-1,-1
172,41,883,77,161,127,1,-1,-1,-1
172,42,1372,291,268,327,1,-1,-1,-1
173,41,888,76,159,126,1,-1,-1,-1
173,42,1336,282,266,319,1,-1,-1,-1
174,41,891,74,160,126,1,-1,-1,-1
174,42,1304,270,264,312,1,-1,-1,-1
175,41,897,72,158,126,1,-1,-1,-1
175,42,1275,262,262,302,1,-1,-1,-1
176,41,902,71,158,125,1,-1,-1,-1
176,42,1249,253,258,291,1,-1,-1,-1
177,41,910,70,155,123,1,-1,-1,-1
177,42,1229,248,252,279,1,-1,-1,-1
178,41,917,69,154,121,1,-1,-1,-1
178,42,1204,235,254,276,1,-1,-1,-1
179,41,922,67,156,123,1,-1,-1,-1
179,42,1181,228,252,268,1,-1,-1,-1
180,41,930,66,154,122,1,-1,-1,-1
180,42,1163,219,253,263,1,-1,-1,-1
181,41,938,66,152,121,1,-1,-1,-1
181,42,1141,208,255,261,1,-1,-1,-1
182,41,945,66,151,119,1,-1,-1,-1
182,42,1122,201,255,255,1,-1,-1,-1
183,41,951,64,151,120,1,-1,-1,-1
183,42,1102,189,257,255,1,-1,-1,-1
184,41,956,63,153,121,1,-1,-1,-1
184,42,1082,184,254,248,1,-1,-1,-1
185,41,963,62,150,119,1,-1,-1,-1
185,42,1064,181,252,241,1,-1,-1,-1
186,41,970,61,149,118,1,-1,-1,-1
186,42,1050,175,251,237,1,-1,-1,-1
187,41,979,62,146,115,1,-1,-1,-1
187,42,1035,172,250,232,1,-1,-1,-1
188,41,987,62,143,113,1,-1,-1,-1
188,42,1023,166,248,228,1,-1,-1,-1
189,41,993,61,143,114,1,-1,-1,-1
189,42,1011,161,248,224,1,-1,-1,-1
190,41,999,61,142,113,1,-1,-1,-1
190,42,995,156,249,223,1,-1,-1,-1
191,41,1004,60,141,112,1,-1,-1,-1
191,42,982,151,248,219,1,-1,-1,-1
192,41,1009,60,139,111,1,-1,-1,-1
192,42,969,146,247,218,1,-1,-1,-1
193,41,1015,60,140,112,1,-1,-1,-1
193,42,956,141,247,215,1,-1,-1,-1
194,41,1021,59,140,111,1,-1,-1,-1
194,42,944,137,243,209,1,-1,-1,-1
195,41,1027,58,139,111,1,-1,-1,-1
195,42,932,132,242,207,1,-1,-1,-1
196,41,1034,57,136,110,1,-1,-1,-1
196,42,924,129,241,204,1,-1,-1,-1
197,41,1040,57,135,108,1,-1,-1,-1
197,42,917,128,236,198,1,-1,-1,-1
198,42,910,126,230,193,1,-1,-1,-1
199,42,898,122,230,191,1,-1,-1,-1
200,42,891,119,228,189,1,-1,-1,-1
201,42,883,115,228,187,1,-1,-1,-1
202,42,876,110,224,185,1,-1,-1,-1
203,42,870,107,219,180,1,-1,-1,-1
204,42,864,104,216,176,1,-1,-1,-1
205,42,858,100,215,175,1,-1,-1,-1
206,42,852,99,213,173,1,-1,-1,-1
207,42,845,95,212,171,1,-1,-1,-1
208,42,841,91,209,168,1,-1,-1,-1
209,42,835,87,207,167,1,-1,-1,-1
210,42,830,85,205,164,1,-1,-1,-1
211,42,826,83,203,163,1,-1,-1,-1
212,42,822,79,203,163,1,-1,-1,-1
213,42,818,76,203,163,1,-1,-1,-1
214,42,814,72,203,163,1,-1,-1,-1
215,42,810,67,204,165,1,-1,-1,-1
216,42,807,64,202,163,1,-1,-1,-1
217,42,806,62,197,159,1,-1,-1,-1
218,42,807,61,192,155,1,-1,-1,-1
219,42,810,59,189,153,1,-1,-1,-1
220,42,813,58,186,150,1,-1,-1,-1
221,42,816,57,184,149,1,-1,-1,-1
222,42,818,55,182,149,1,-1,-1,-1
223,42,821,53,180,147,1,-1,-1,-1
224,42,825,52,178,146,1,-1,-1,-1
225,42,829,50,178,146,1,-1,-1,-1
226,42,832,48,178,147,1,-1,-1,-1
227,42,837,47,177,147,1,-1,-1,-1
228,42,844,45,176,146,1,-1,-1,-1
229,42,852,45,174,145,1,-1,-1,-1
230,42,858,44,174,145,1,-1,-1,-1
231,42,866,43,172,144,1,-1,-1,-1
232,42,875,42,169,142,1,-1,-1,-1
233,42,884,42,168,142,1,-1,-1,-1
234,42,894,42,167,140,1,-1,-1,-1
235,42,903,41,166,139,1,-1,-1,-1
236,42,914,43,161,135,1,-1,-1,-1
237,42,924,44,158,133,1,-1,-1,-1
238,42,934,44,157,132,1,-1,-1,-1
239,42,944,45,156,130,1,-1,-1,-1
240,42,952,45,155,130,1,-1,-1,-1
241,42,960,45,154,129,1,-1,-1,-1
242,42,970,47,151,126,1,-1,-1,-1
243,42,979,48,150,124,1,-1,-1,-1
244,42,987,48,148,123,1,-1,-1,-1
260,43,1465,401,352,323,1,-1,-1,-1
261,43,1439,386,340,311,1,-1,-1,-1
262,43,1406,370,332,303,1,-1,-1,-1
263,43,1384,352,326,296,1,-1,-1,-1
264,43,1355,336,322,292,1,-1,-1,-1
265,43,1317,319,326,293,1,-1,-1,-1
266,43,1288,304,321,287,1,-1,-1,-1
267,43,1261,294,315,278,1,-1,-1,-1
268,43,1230,282,308,271,1,-1,-1,-1
269,43,1204,274,305,265,1,-1,-1,-1
270,43,1180,263,301,259,1,-1,-1,-1
271,43,1156,254,295,252,1,-1,-1,-1
272,43,1140,247,290,245,1,-1,-1,-1
273,43,1125,240,285,239,1,-1,-1,-1
274,43,1112,230,279,232,1,-1,-1,-1
275,43,1101,221,272,225,1,-1,-1,-1
276,43,1088,216,266,217,1,-1,-1,-1
277,43,1065,205,270,218,1,-1,-1,-1
278,43,1049,197,268,215,1,-1,-1,-1
279,43,1034,190,266,212,1,-1,-1,-1
280,43,1019,186,261,206,1,-1,-1,-1
281,43,1008,188,251,197,1,-1,-1,-1
281,44,1572,446,241,328,1,-1,-1,-1
282,43,994,184,243,190,1,-1,-1,-1
282,44,1543,423,238,322,1,-1,-1,-1
283,43,978,177,236,184,1,-1,-1,-1
283,44,1507,406,230,310,1,-1,-1,-1
284,44,1468,389,227,301,1,-1,-1,-1
285,44,1428,372,224,293,1,-1,-1,-1
286,43,954,161,244,189,1,-1,-1,-1
286,44,1389,350,226,292,1,-1,-1,-1
287,43,942,157,240,184,1,-1,-1,-1
287,44,1353,334,224,283,1,-1,-1,-1
288,43,933,154,236,180,1,-1,-1,-1
288,44,1318,316,226,280,1,-1,-1,-1
289,43,924,150,232,177,1,-1,-1,-1
289,44,1287,306,223,270,1,-1,-1,-1
290,43,917,147,229,173,1,-1,-1,-1
290,44,1256,296,221,261,1,-1,-1,-1
291,43,909,144,227,170,1,-1,-1,-1
291,44,1227,287,219,252,1,-1,-1,-1
292,43,899,139,224,168,1,-1,-1,-1
292,44,1200,274,221,247,1,-1,-1,-1
293,43,895,134,223,167,1,-1,-1,-1
293,44,1177,262,222,243,1,-1,-1,-1
294,43,891,130,223,165,1,-1,-1,-1
294,44,1157,254,221,235,1,-1,-1,-1
295,43,885,125,220,163,1,-1,-1,-1
295,44,1136,243,222,231,1,-1,-1,-1
296,43,877,123,220,162,1,-1,-1,-1
296,44,1119,235,220,225,1,-1,-1,-1
297,43,870,119,222,163,1,-1,-1,-1
297,44,1099,227,221,221,1,-1,-1,-1
298,43,865,114,224,165,1,-1,-1,-1
298,44,1080,218,224,219,1,-1,-1,-1
299,43,861,110,224,165,1,-1,-1,-1
299,44,1061,211,224,214,1,-1,-1,-1
300,43,855,106,223,164,1,-1,-1,-1
300,44,1044,205,225,211,1,-1,-1,-1
301,43,847,101,222,163,1,-1,-1,-1
301,44,1026,196,227,210,1,-1,-1,-1
302,44,1011,192,226,206,1,-1,-1,-1
303,44,997,187,223,200,1,-1,-1,-1
304,44,986,183,220,195,1,-1,-1,-1
305,44,975,178,219,192,1,-1,-1,-1
306,44,964,173,218,189,1,-1,-1,-1
307,44,952,169,216,185,1,-1,-1,-1
308,44,941,165,216,182,1,-1,-1,-1
309,44,933,161,213,178,1,-1,-1,-1
