37,45,839,631,324,278,1,-1,-1,-1
38,45,846,603,315,269,1,-1,-1,-1
39,45,853,579,302,259,1,-1,-1,-1
40,45,859,558,296,254,1,-1,-1,-1
41,45,865,536,291,250,1,-1,-1,-1
42,45,874,520,285,244,1,-1,-1,-1
43,45,878,503,278,239,1,-1,-1,-1
44,45,883,489,269,231,1,-1,-1,-1
45,45,889,477,261,225,1,-1,-1,-1
46,45,894,462,256,220,1,-1,-1,-1
47,45,898,449,251,216,1,-1,-1,-1
48,45,902,436,247,213,1,-1,-1,-1
49,45,911,426,239,207,1,-1,-1,-1
50,45,917,417,232,201,1,-1,-1,-1
51,45,921,407,227,197,1,-1,-1,-1
52,45,923,398,222,193,1,-1,-1,-1
53,45,926,390,217,187,1,-1,-1,-1
54,45,930,381,213,185,1,-1,-1,-1
55,45,935,375,208,180,1,-1,-1,-1
56,45,939,367,206,179,1,-1,-1,-1
57,45,943,360,201,175,1,-1,-1,-1
58,45,945,352,196,172,1,-1,-1,-1
59,45,946,344,195,171,1,-1,-1,-1
60,45,948,337,191,168,1,-1,-1,-1
61,45,952,332,186,164,1,-1,-1,-1
62,45,954,325,184,161,1,-1,-1,-1
63,45,957,319,181,160,1,-1,-1,-1
64,45,959,313,180,159,1,-1,-1,-1
65,45,961,307,176,156,1,-1,-1,-1
66,45,962,302,174,154,1,-1,-1,-1
67,45,964,296,170,152,1,-1,-1,-1
68,45,967,291,167,150,1,-1,-1,-1
69,45,971,287,165,147,1,-1,-1,-1
70,45,974,282,162,145,1,-1,-1,-1
71,45,975,278,159,143,1,-1,-1,-1
72,45,975,272,159,143,1,-1,-1,-1
73,45,976,268,157,141,1,-1,-1,-1
74,45,977,264,153,137,1,-1,-1,-1
75,45,979,260,151,135,1,-1,-1,-1
76,45,981,256,150,135,1,-1,-1,-1
77,45,982,251,151,136,1,-1,-1,-1
78,45,983,248,147,132,1,-1,-1,-1
79,45,984,244,144,130,1,-1,-1,-1
80,45,983,241,142,128,1,-1,-1,-1
81,45,985,238,139,125,1,-1,-1,-1
82,45,986,233,139,126,1,-1,-1,-1
83,45,988,230,138,124,1,-1,-1,-1
84,45,988,227,137,123,1,-1,-1,-1
85,45,989,225,133,119,1,-1,-1,-1
86,45,989,223,130,116,1,-1,-1,-1
87,45,989,219,129,116,1,-1,-1,-1
88,45,991,216,128,115,1,-1,-1,-1
89,45,992,213,128,115,1,-1,-1,-1
90,45,992,210,129,115,1,-1,-1,-1
91,45,992,207,129,115,1,-1,-1,-1
92,45,991,203,128,114,1,-1,-1,-1
93,45,991,200,127,113,1,-1,-1,-1
94,45,992,199,124,110,1,-1,-1,-1
95,45,993,197,122,110,1,-1,-1,-1
96,45,994,196,121,108,1,-1,-1,-1
97,45,994,194,120,107,1,-1,-1,-1
98,45,993,191,119,106,1,-1,-1,-1
99,45,993,189,117,104,1,-1,-1,-1
100,45,994,187,115,102,1,-1,-1,-1
101,45,995,186,114,100,1,-1,-1,-1
102,45,997,186,112,98,1,-1,-1,-1
103,45,998,184,112,98,1,-1,-1,-1
104,45,998,182,111,98,1,-1,-1,-1
105,45,997,180,112,97,1,-1,-1,-1
106,45,996,177,112,97,1,-1,-1,-1
107,45,996,175,111,96,1,-1,-1,-1
108,45,996,172,111,97,1,-1,-1,-1
109,45,997,170,111,96,1,-1,-1,-1
110,45,998,169,110,95,1,-1,-1,-1
111,45,999,167,109,95,1,-1,-1,-1
112,45,999,165,109,94,1,-1,-1,-1
112,46,804,655,371,289,1,-1,-1,-1
113,45,999,163,108,94,1,-1,-1,-1
113,46,816,626,362,282,1,-1,-1,-1
114,45,999,161,108,93,1,-1,-1,-1
114,46,828,603,344,267,1,-1,-1,-1
115,45,999,159,109,94,1,-1,-1,-1
115,46,839,578,335,261,1,-1,-1,-1
116,45,1000,158,108,93,1,-1,-1,-1
116,46,844,557,324,252,1,-1,-1,-1
117,45,1001,157,106,92,1,-1,-1,-1
117,46,851,536,311,242,1,-1,-1,-1
118,45,1000,155,106,91,1,-1,-1,-1
118,46,857,516,301,234,1,-1,-1,-1
119,45,1000,153,105,90,1,-1,-1,-1
119,46,863,498,290,226,1,-1,-1,-1
120,45,998,151,107,91,1,-1,-1,-1
120,46,869,482,285,222,1,-1,-1,-1
121,45,998,149,107,91,1,-1,-1,-1
121,46,876,467,275,216,1,-1,-1,-1
122,45,998,148,107,92,1,-1,-1,-1
122,46,881,452,268,210,1,-1,-1,-1
123,45,1000,147,105,90,1,-1,-1,-1
123,46,886,440,265,207,1,-1,-1,-1
124,45,1001,145,104,90,1,-1,-1,-1
124,46,891,426,262,206,1,-1,-1,-1
125,45,1001,144,103,89,1,-1,-1,-1
125,46,895,415,256,200,1,-1,-1,-1
126,45,1001,143,102,88,1,-1,-1,-1
126,46,902,404,246,194,1,-1,-1,-1
127,45,1001,141,101,87,1,-1,-1,-1
127,46,908,394,239,189,1,-1,-1,-1
128,45,1001,139,100,87,1,-1,-1,-1
128,46,912,384,233,184,1,-1,-1,-1
129,45,1002,139,102,87,1,-1,-1,-1
129,46,915,376,228,180,1,-1,-1,-1
130,45,1003,138,101,87,1,-1,-1,-1
130,46,917,366,226,179,1,-1,-1,-1
131,45,1003,137,100,86,1,-1,-1,-1
131,46,921,357,221,175,1,-1,-1,-1
132,46,925,351,213,168,1,-1,-1,-1
133,46,926,343,212,167,1,-1,-1,-1
134,46,929,336,208,165,1,-1,-1,-1
135,46,931,329,205,163,1,-1,-1,-1
136,46,935,321,201,160,1,-1,-1,-1
137,46,938,315,197,157,1,-1,-1,-1
138,46,940,308,194,155,1,-1,-1,-1
139,46,940,302,190,152,1,-1,-1,-1
140,46,941,296,187,150,1,-1,-1,-1
141,46,942,290,187,151,1,-1,-1,-1
142,46,944,285,183,148,1,-1,-1,-1
143,46,947,281,177,143,1,-1,-1,-1
144,46,948,276,176,142,1,-1,-1,-1
145,46,950,269,174,142,1,-1,-1,-1
146,46,952,265,169,138,1,-1,-1,-1
147,46,955,261,164,135,1,-1,-1,-1
148,46,956,257,162,132,1,-1,-1,-1
149,46,958,253,160,131,1,-1,-1,-1
150,46,961,249,157,129,1,-1,-1,-1
151,46,963,245,155,127,1,-1,-1,-1
152,46,963,239,153,127,1,-1,-1,-1
153,45,851,125,124,108,1,-1,-1,-1
153,46,964,236,150,124,1,-1,-1,-1
154,45,846,126,125,109,1,-1,-1,-1
154,46,963,233,149,123,1,-1,-1,-1
155,45,844,127,126,110,1,-1,-1,-1
155,46,964,228,150,124,1,-1,-1,-1
156,45,843,128,126,111,1,-1,-1,-1
156,46,967,224,147,122,1,-1,-1,-1
157,45,841,130,128,113,1,-1,-1,-1
157,46,967,221,146,121,1,-1,-1,-1
158,45,839,132,128,114,1,-1,-1,-1
158,46,968,217,144,120,1,-1,-1,-1
159,45,837,135,129,114,1,-1,-1,-1
159,46,969,215,142,118,1,-1,-1,-1
160,45,836,137,129,114,1,-1,-1,-1
160,46,969,211,142,118,1,-1,-1,-1
161,45,834,138,131,116,1,-1,-1,-1
161,46,971,208,141,117,1,-1,-1,-1
162,45,834,140,131,117,1,-1,-1,-1
162,46,972,204,141,117,1,-1,-1,-1
163,45,833,142,131,117,1,-1,-1,-1
163,46,974,202,138,115,1,-1,-1,-1
164,45,830,145,132,118,1,-1,-1,-1
164,46,973,199,139,115,1,-1,-1,-1
165,45,828,146,134,120,1,-1,-1,-1
165,46,974,197,137,113,1,-1,-1,-1
165,47,807,630,335,290,1,-1,-1,-1
166,45,825,147,136,122,1,-1,-1,-1
166,46,975,195,134,110,1,-1,-1,-1
166,47,817,603,322,277,1,-1,-1,-1
167,45,824,150,134,121,1,-1,-1,-1
167,46,977,193,131,109,1,-1,-1,-1
167,47,831,578,309,266,1,-1,-1,-1
168,45,822,153,135,123,1,-1,-1,-1
168,46,981,192,128,107,1,-1,-1,-1
168,47,845,555,293,253,1,-1,-1,-1
169,45,821,157,136,123,1,-1,-1,-1
169,46,983,192,126,104,1,-1,-1,-1
169,47,856,535,278,240,1,-1,-1,-1
170,45,818,159,137,124,1,-1,-1,-1
170,46,984,189,126,105,1,-1,-1,-1
170,47,861,515,272,235,1,-1,-1,-1
171,45,815,161,139,127,1,-1,-1,-1
171,46,984,186,126,104,1,-1,-1,-1
171,47,868,496,265,228,1,-1,-1,-1
172,45,811,163,142,128,1,-1,-1,-1
172,46,983,183,127,105,1,-1,-1,-1
172,47,872,479,260,224,1,-1,-1,-1
173,45,808,164,143,130,1,-1,-1,-1
173,46,984,181,125,103,1,-1,-1,-1
173,47,877,464,254,218,1,-1,-1,-1
174,45,806,166,145,131,1,-1,-1,-1
174,46,985,179,123,102,1,-1,-1,-1
174,47,883,450,247,212,1,-1,-1,-1
175,45,804,170,145,132,1,-1,-1,-1
175,46,986,177,123,102,1,-1,-1,-1
175,47,890,435,247,212,1,-1,-1,-1
176,45,801,173,147,134,1,-1,-1,-1
176,46,987,175,124,102,1,-1,-1,-1
176,47,897,425,239,204,1,-1,-1,-1
177,45,797,176,150,136,1,-1,-1,-1
177,46,988,173,123,102,1,-1,-1,-1
177,47,897,411,235,201,1,-1,-1,-1
178,45,795,180,150,136,1,-1,-1,-1
178,46,987,170,123,102,1,-1,-1,-1
178,47,905,402,226,194,1,-1,-1,-1
179,45,792,184,151,137,1,-1,-1,-1
179,46,987,167,123,102,1,-1,-1,-1
179,47,909,391,223,190,1,-1,-1,-1
180,45,788,187,152,138,1,-1,-1,-1
180,46,986,164,124,103,1,-1,-1,-1
180,47,915,382,217,185,1,-1,-1,-1
181,45,785,190,154,140,1,-1,-1,-1
181,46,987,162,123,102,1,-1,-1,-1
181,47,922,374,212,179,1,-1,-1,-1
182,45,781,194,156,142,1,-1,-1,-1
182,46,988,160,122,101,1,-1,-1,-1
182,47,927,367,204,172,1,-1,-1,-1
183,45,776,197,161,145,1,-1,-1,-1
183,46,990,158,120,100,1,-1,-1,-1
183,47,931,359,200,169,1,-1,-1,-1
184,45,771,199,164,149,1,-1,-1,-1
184,46,991,157,118,98,1,-1,-1,-1
184,47,931,348,200,169,1,-1,-1,-1
185,45,766,202,166,151,1,-1,-1,-1
185,46,991,156,117,98,1,-1,-1,-1
185,47,933,340,197,165,1,-1,-1,-1
186,45,761,205,169,153,1,-1,-1,-1
186,46,991,155,116,96,1,-1,-1,-1
186,47,937,332,194,163,1,-1,-1,-1
187,45,757,210,171,155,1,-1,-1,-1
187,46,990,153,116,98,1,-1,-1,-1
187,47,939,323,192,161,1,-1,-1,-1
188,45,754,215,173,157,1,-1,-1,-1
188,46,991,151,116,98,1,-1,-1,-1
188,47,942,315,190,159,1,-1,-1,-1
189,45,749,220,175,159,1,-1,-1,-1
189,46,992,150,115,97,1,-1,-1,-1
189,47,945,308,187,156,1,-1,-1,-1
190,45,744,225,178,161,1,-1,-1,-1
190,46,992,148,115,97,1,-1,-1,-1
190,47,948,300,184,154,1,-1,-1,-1
191,45,740,229,179,163,1,-1,-1,-1
191,46,992,147,114,96,1,-1,-1,-1
191,47,951,294,180,151,1,-1,-1,-1
192,45,735,234,182,165,1,-1,-1,-1
192,46,991,145,113,96,1,-1,-1,-1
192,47,953,289,177,147,1,-1,-1,-1
193,45,727,239,186,169,1,-1,-1,-1
193,46,991,143,112,95,1,-1,-1,-1
193,47,955,283,174,145,1,-1,-1,-1
194,45,722,244,190,172,1,-1,-1,-1
194,46,991,142,111,94,1,-1,-1,-1
194,47,956,277,172,143,1,-1,-1,-1
195,45,716,250,194,175,1,-1,-1,-1
195,47,958,271,169,140,1,-1,-1,-1
196,45,710,256,197,178,1,-1,-1,-1
196,47,961,267,165,137,1,-1,-1,-1
197,45,702,262,200,181,1,-1,-1,-1
197,47,962,262,164,136,1,-1,-1,-1
198,45,694,267,205,186,1,-1,-1,-1
198,47,962,257,161,134,1,-1,-1,-1
199,45,686,273,210,190,1,-1,-1,-1
199,47,962,253,161,133,1,-1,-1,-1
200,45,678,278,215,194,1,-1,-1,-1
200,47,963,248,158,131,1,-1,-1,-1
201,45,670,286,220,198,1,-1,-1,-1
201,47,963,244,157,129,1,-1,-1,-1
202,45,663,294,224,202,1,-1,-1,-1
202,47,965,240,154,127,1,-1,-1,-1
203,45,654,301,231,208,1,-1,-1,-1
203,47,966,235,152,126,1,-1,-1,-1
204,45,646,309,236,214,1,-1,-1,-1
204,47,967,229,152,126,1,-1,-1,-1
205,45,636,319,240,216,1,-1,-1,-1
205,47,967,225,150,124,1,-1,-1,-1
206,45,625,327,244,221,1,-1,-1,-1
206,47,967,221,148,123,1,-1,-1,-1
207,45,614,335,249,226,1,-1,-1,-1
207,47,967,218,146,120,1,-1,-1,-1
208,45,603,344,256,232,1,-1,-1,-1
208,47,968,215,144,119,1,-1,-1,-1
209,45,590,354,264,238,1,-1,-1,-1
209,47,970,212,141,117,1,-1,-1,-1
210,45,577,363,275,249,1,-1,-1,-1
210,47,972,209,139,115,1,-1,-1,-1
211,45,562,374,285,257,1,-1,-1,-1
211,47,971,205,140,115,1,-1,-1,-1
212,45,549,386,289,262,1,-1,-1,-1
212,47,971,201,140,115,1,-1,-1,-1
213,45,534,400,294,266,1,-1,-1,-1
213,47,971,197,140,115,1,-1,-1,-1
214,45,518,413,303,274,1,-1,-1,-1
214,47,973,194,136,112,1,-1,-1,-1
215,45,500,426,314,283,1,-1,-1,-1
215,47,975,192,134,111,1,-1,-1,-1
216,45,481,438,324,294,1,-1,-1,-1
216,47,977,191,131,108,1,-1,-1,-1
217,45,458,454,335,302,1,-1,-1,-1
217,47,979,189,128,106,1,-1,-1,-1
218,45,435,468,348,315,1,-1,-1,-1
218,47,980,188,126,103,1,-1,-1,-1
219,45,411,482,364,328,1,-1,-1,-1
219,47,981,185,124,101,1,-1,-1,-1
220,45,385,499,380,343,1,-1,-1,-1
220,47,983,184,122,100,1,-1,-1,-1
221,45,357,518,396,357,1,-1,-1,-1
221,47,985,183,120,98,1,-1,-1,-1
222,45,328,539,411,370,1,-1,-1,-1
222,47,986,180,120,98,1,-1,-1,-1
223,45,296,564,426,384,1,-1,-1,-1
223,47,985,176,123,99,1,-1,-1,-1
224,45,258,588,445,401,1,-1,-1,-1
224,47,984,169,127,102,1,-1,-1,-1
225,45,219,615,465,418,1,-1,-1,-1
225,47,982,164,130,104,1,-1,-1,-1
226,45,183,646,471,424,1,-1,-1,-1
226,47,981,160,131,105,1,-1,-1,-1
227,45,154,669,481,431,1,-1,-1,-1
227,47,982,158,130,105,1,-1,-1,-1
227,48,844,141,101,92,1,-1,-1,-1
228,45,131,686,491,442,1,-1,-1,-1
228,47,985,158,127,102,1,-1,-1,-1
228,48,844,142,102,93,1,-1,-1,-1
229,47,986,157,125,99,1,-1,-1,-1
229,48,843,144,104,95,1,-1,-1,-1
230,47,988,156,122,98,1,-1,-1,-1
230,48,842,145,105,96,1,-1,-1,-1
231,47,989,155,120,97,1,-1,-1,-1
231,48,840,147,105,96,1,-1,-1,-1
232,47,990,155,118,96,1,-1,-1,-1
232,48,838,149,106,96,1,-1,-1,-1
233,47,992,154,114,93,1,-1,-1,-1
233,48,836,150,106,97,1,-1,-1,-1
234,47,992,152,113,92,1,-1,-1,-1
234,48,834,152,108,98,1,-1,-1,-1
235,47,992,150,112,91,1,-1,-1,-1
235,48,833,153,109,99,1,-1,-1,-1
236,47,991,148,113,92,1,-1,-1,-1
236,48,832,155,110,100,1,-1,-1,-1
237,47,991,147,112,92,1,-1,-1,-1
237,48,831,157,110,100,1,-1,-1,-1
238,47,993,146,110,90,1,-1,-1,-1
238,48,829,158,112,101,1,-1,-1,-1
239,47,993,144,109,90,1,-1,-1,-1
239,48,827,159,113,102,1,-1,-1,-1
240,47,995,144,105,87,1,-1,-1,-1
240,48,825,161,114,102,1,-1,-1,-1
241,47,995,142,105,87,1,-1,-1,-1
241,48,822,163,115,102,1,-1,-1,-1
242,47,995,141,105,86,1,-1,-1,-1
242,48,821,164,115,104,1,-1,-1,-1
243,47,995,139,105,86,1,-1,-1,-1
243,48,820,167,116,103,1,-1,-1,-1
244,47,994,138,104,85,1,-1,-1,-1
244,48,819,169,116,103,1,-1,-1,-1
245,47,995,136,102,85,1,-1,-1,-1
245,48,817,171,116,103,1,-1,-1,-1
246,47,995,135,101,83,1,-1,-1,-1
246,48,815,174,117,103,1,-1,-1,-1
247,48,814,177,116,103,1,-1,-1,-1
248,48,814,179,116,103,1,-1,-1,-1
249,48,813,181,117,104,1,-1,-1,-1
250,48,811,183,121,106,1,-1,-1,-1
251,48,808,185,123,107,1,-1,-1,-1
252,48,805,185,125,110,1,-1,-1,-1
253,48,803,186,127,111,1,-1,-1,-1
254,48,801,188,128,111,1,-1,-1,-1
255,48,800,189,128,112,1,-1,-1,-1
256,48,799,193,128,110,1,-1,-1,-1
257,48,797,195,128,111,1,-1,-1,-1
258,48,795,197,130,114,1,-1,-1,-1
259,48,791,199,133,116,1,-1,-1,-1
260,48,788,201,137,118,1,-1,-1,-1
261,48,786,204,138,120,1,-1,-1,-1
262,48,783,206,141,122,1,-1,-1,-1
263,48,780,208,143,124,1,-1,-1,-1
264,48,777,212,143,124,1,-1,-1,-1
265,48,775,215,142,124,1,-1,-1,-1
266,48,773,219,143,125,1,-1,-1,-1
267,48,769,223,144,126,1,-1,-1,-1
268,48,766,226,145,126,1,-1,-1,-1
269,48,763,230,147,128,1,-1,-1,-1
270,48,760,233,149,130,1,-1,-1,-1
271,48,756,238,150,130,1,-1,-1,-1
272,48,754,243,148,129,1,-1,-1,-1
273,48,749,246,151,132,1,-1,-1,-1
274,48,745,250,152,134,1,-1,-1,-1
274,49,778,647,376,296,1,-1,-1,-1
275,48,740,253,156,136,1,-1,-1,-1
275,49,785,620,361,285,1,-1,-1,-1
276,48,736,258,157,137,1,-1,-1,-1
276,49,798,593,348,274,1,-1,-1,-1
277,48,733,263,158,138,1,-1,-1,-1
277,49,807,568,338,267,1,-1,-1,-1
278,48,729,268,158,138,1,-1,-1,-1
278,49,815,546,326,258,1,-1,-1,-1
279,48,723,271,161,141,1,-1,-1,-1
279,49,829,527,310,246,1,-1,-1,-1
280,48,717,274,165,144,1,-1,-1,-1
280,49,840,508,296,236,1,-1,-1,-1
281,48,711,278,168,147,1,-1,-1,-1
281,49,848,492,288,230,1,-1,-1,-1
282,48,705,283,171,149,1,-1,-1,-1
282,49,856,477,278,223,1,-1,-1,-1
283,48,700,288,172,151,1,-1,-1,-1
283,49,864,465,271,216,1,-1,-1,-1
284,48,695,294,174,152,1,-1,-1,-1
284,49,874,451,260,208,1,-1,-1,-1
285,48,688,299,176,154,1,-1,-1,-1
285,49,881,439,247,199,1,-1,-1,-1
286,48,680,304,181,158,1,-1,-1,-1
286,49,885,427,243,197,1,-1,-1,-1
287,48,674,310,184,160,1,-1,-1,-1
287,49,888,415,240,194,1,-1,-1,-1
288,48,667,316,187,163,1,-1,-1,-1
288,49,895,403,232,190,1,-1,-1,-1
289,48,660,322,189,165,1,-1,-1,-1
289,49,897,392,230,189,1,-1,-1,-1
290,48,653,329,191,167,1,-1,-1,-1
290,49,902,382,225,185,1,-1,-1,-1
291,48,645,335,195,171,1,-1,-1,-1
291,49,904,374,221,182,1,-1,-1,-1
292,48,637,342,199,174,1,-1,-1,-1
292,49,908,365,215,179,1,-1,-1,-1
293,48,628,349,202,176,1,-1,-1,-1
293,49,912,356,209,175,1,-1,-1,-1
294,48,620,357,205,178,1,-1,-1,-1
294,49,914,349,205,171,1,-1,-1,-1
295,48,613,364,210,183,1,-1,-1,-1
295,49,918,341,200,168,1,-1,-1,-1
296,48,606,373,211,184,1,-1,-1,-1
296,49,924,335,193,162,1,-1,-1,-1
297,48,598,383,214,186,1,-1,-1,-1
297,49,926,326,191,162,1,-1,-1,-1
298,48,589,393,215,187,1,-1,-1,-1
298,49,926,318,191,162,1,-1,-1,-1
299,48,576,399,224,195,1,-1,-1,-1
299,49,928,311,188,159,1,-1,-1,-1
300,48,564,408,230,199,1,-1,-1,-1
300,49,930,305,185,158,1,-1,-1,-1
301,48,553,419,234,202,1,-1,-1,-1
301,49,933,300,181,154,1,-1,-1,-1
302,48,542,429,240,208,1,-1,-1,-1
302,49,939,294,176,151,1,-1,-1,-1
303,48,531,440,243,211,1,-1,-1,-1
303,49,942,288,175,151,1,-1,-1,-1
304,48,517,451,250,217,1,-1,-1,-1
304,49,944,284,171,147,1,-1,-1,-1
305,48,500,461,260,224,1,-1,-1,-1
305,49,947,278,167,145,1,-1,-1,-1
306,48,483,471,269,232,1,-1,-1,-1
306,49,948,273,165,143,1,-1,-1,-1
307,48,468,485,273,236,1,-1,-1,-1
307,49,951,268,162,140,1,-1,-1,-1
308,48,452,500,281,241,1,-1,-1,-1
308,49,954,263,159,138,1,-1,-1,-1
309,48,432,512,291,250,1,-1,-1,-1
309,49,957,258,157,136,1,-1,-1,-1
