90,75,994,657,418,352,1,-1,-1,-1
91,75,999,640,408,343,1,-1,-1,-1
92,75,1002,622,393,332,1,-1,-1,-1
93,75,1005,608,378,320,1,-1,-1,-1
94,75,1008,593,370,313,1,-1,-1,-1
95,75,1011,575,366,309,1,-1,-1,-1
96,75,1017,562,356,302,1,-1,-1,-1
97,75,1021,549,343,293,1,-1,-1,-1
98,75,1026,536,334,284,1,-1,-1,-1
99,75,1030,520,328,280,1,-1,-1,-1
100,75,1030,505,323,276,1,-1,-1,-1
101,75,1033,495,313,268,1,-1,-1,-1
102,75,1034,480,312,269,1,-1,-1,-1
103,75,1037,464,310,267,1,-1,-1,-1
104,75,1041,453,300,260,1,-1,-1,-1
105,75,1047,445,286,249,1,-1,-1,-1
106,75,1052,435,277,242,1,-1,-1,-1
107,75,1052,423,273,239,1,-1,-1,-1
108,75,1054,411,270,236,1,-1,-1,-1
109,75,1055,401,267,234,1,-1,-1,-1
110,75,1054,388,267,236,1,-1,-1,-1
111,75,1055,378,263,232,1,-1,-1,-1
112,75,1056,368,261,231,1,-1,-1,-1
113,75,1058,358,257,229,1,-1,-1,-1
114,75,1060,349,254,227,1,-1,-1,-1
115,75,1061,339,248,223,1,-1,-1,-1
116,75,1060,328,246,223,1,-1,-1,-1
117,75,1061,318,241,219,1,-1,-1,-1
118,75,1064,308,237,214,1,-1,-1,-1
119,75,1067,299,233,212,1,-1,-1,-1
120,75,1069,292,230,209,1,-1,-1,-1
121,75,1070,283,226,207,1,-1,-1,-1
122,75,1071,275,222,203,1,-1,-1,-1
123,75,1073,266,218,201,1,-1,-1,-1
124,75,1074,259,215,199,1,-1,-1,-1
125,75,1075,254,212,196,1,-1,-1,-1
126,75,1078,248,208,193,1,-1,-1,-1
127,75,1079,242,203,188,1,-1,-1,-1
128,75,1079,235,198,185,1,-1,-1,-1
129,75,1079,230,197,182,1,-1,-1,-1
130,75,1080,225,194,180,1,-1,-1,-1
131,75,1078,219,194,180,1,-1,-1,-1
132,75,1081,215,191,178,1,-1,-1,-1
133,75,1083,213,186,173,1,-1,-1,-1
134,75,1085,208,182,170,1,-1,-1,-1
135,75,1086,203,182,169,1,-1,-1,-1
136,75,1087,199,180,167,1,-1,-1,-1
137,75,1089,195,177,165,1,-1,-1,-1
138,75,1090,192,174,162,1,-1,-1,-1
139,75,1091,186,174,161,1,-1,-1,-1
140,75,1090,181,173,160,1,-1,-1,-1
141,75,1091,177,170,157,1,-1,-1,-1
142,75,1090,172,171,158,1,-1,-1,-1
143,75,1090,167,172,158,1,-1,-1,-1
144,75,1091,162,172,158,1,-1,-1,-1
145,75,1093,158,169,156,1,-1,-1,-1
146,75,1094,156,167,154,1,-1,-1,-1
147,75,1094,152,167,153,1,-1,-1,-1
148,75,1095,147,165,153,1,-1,-1,-1
149,75,1095,143,165,152,1,-1,-1,-1
150,75,1097,141,162,149,1,-1,-1,-1
151,75,1097,137,162,149,1,-1,-1,-1
152,75,1098,134,160,147,1,-1,-1,-1
153,75,1098,132,158,145,1,-1,-1,-1
154,75,1099,128,156,144,1,-1,-1,-1
155,75,1099,124,156,145,1,-1,-1,-1
156,75,1100,123,154,142,1,-1,-1,-1
157,75,1100,121,152,140,1,-1,-1,-1
158,75,1099,117,152,140,1,-1,-1,-1
159,75,1098,113,152,139,1,-1,-1,-1
160,75,1101,111,149,137,1,-1,-1,-1
161,75,1103,109,147,136,1,-1,-1,-1
162,75,1104,108,145,134,1,-1,-1,-1
163,75,1103,106,145,134,1,-1,-1,-1
164,75,1103,102,146,134,1,-1,-1,-1
165,75,1105,99,145,133,1,-1,-1,-1
166,75,1107,96,144,132,1,-1,-1,-1
167,75,1108,95,142,130,1,-1,-1,-1
168,75,1109,94,139,128,1,-1,-1,-1
169,75,1110,93,136,125,1,-1,-1,-1
170,75,1110,90,135,125,1,-1,-1,-1
171,75,1111,89,136,125,1,-1,-1,-1
172,75,1114,89,132,121,1,-1,-1,-1
173,75,1115,87,130,120,1,-1,-1,-1
174,75,1115,86,129,118,1,-1,-1,-1
175,75,1116,84,127,117,1,-1,-1,-1
176,75,1117,83,127,116,1,-1,-1,-1
177,75,1118,81,126,115,1,-1,-1,-1
178,75,1118,79,126,114,1,-1,-1,-1
179,75,1119,78,123,112,1,-1,-1,-1
180,75,1119,76,122,111,1,-1,-1,-1
181,75,1120,75,120,109,1,-1,-1,-1
183,75,1123,70,123,111,1,-1,-1,-1
184,75,1124,68,123,110,1,-1,-1,-1
185,75,1125,66,122,110,1,-1,-1,-1
186,76,972,61,122,104,1,-1,-1,-1
187,76,971,61,124,105,1,-1,-1,-1
188,76,973,64,121,103,1,-1,-1,-1
189,75,1127,60,119,107,1,-1,-1,-1
189,76,973,67,119,101,1,-1,-1,-1
190,75,1129,61,116,104,1,-1,-1,-1
190,76,972,68,119,101,1,-1,-1,-1
191,75,1129,59,115,104,1,-1,-1,-1
191,76,971,70,118,100,1,-1,-1,-1
192,75,1130,58,114,103,1,-1,-1,-1
192,76,969,70,119,101,1,-1,-1,-1
193,76,968,71,120,101,1,-1,-1,-1
194,76,968,72,121,102,1,-1,-1,-1
195,76,966,73,123,104,1,-1,-1,-1
195,77,1024,777,430,271,1,-1,-1,-1
196,76,964,74,125,105,1,-1,-1,-1
196,77,1020,759,431,272,1,-1,-1,-1
197,76,962,75,126,106,1,-1,-1,-1
197,77,1019,743,425,268,1,-1,-1,-1
198,76,962,77,126,106,1,-1,-1,-1
198,77,1021,726,417,264,1,-1,-1,-1
199,76,963,78,127,107,1,-1,-1,-1
199,77,1022,707,413,262,1,-1,-1,-1
200,76,964,80,125,107,1,-1,-1,-1
200,77,1026,692,404,258,1,-1,-1,-1
201,76,962,81,126,107,1,-1,-1,-1
201,77,1031,678,392,251,1,-1,-1,-1
202,76,959,82,127,108,1,-1,-1,-1
202,77,1035,666,379,245,1,-1,-1,-1
203,76,958,83,126,107,1,-1,-1,-1
203,77,1037,649,372,242,1,-1,-1,-1
204,76,958,84,126,108,1,-1,-1,-1
204,77,1043,638,363,237,1,-1,-1,-1
205,76,958,87,125,106,1,-1,-1,-1
205,77,1047,627,355,234,1,-1,-1,-1
206,76,958,89,125,105,1,-1,-1,-1
206,77,1053,617,343,228,1,-1,-1,-1
207,76,957,90,125,106,1,-1,-1,-1
207,77,1056,606,335,224,1,-1,-1,-1
208,76,955,92,125,106,1,-1,-1,-1
208,77,1060,595,324,219,1,-1,-1,-1
209,76,954,94,126,107,1,-1,-1,-1
209,77,1064,582,316,216,1,-1,-1,-1
210,76,954,96,128,108,1,-1,-1,-1
210,77,1066,569,312,215,1,-1,-1,-1
211,76,953,97,130,109,1,-1,-1,-1
211,77,1069,557,305,213,1,-1,-1,-1
212,76,953,98,129,110,1,-1,-1,-1
212,77,1070,544,301,212,1,-1,-1,-1
213,76,953,100,128,108,1,-1,-1,-1
213,77,1074,534,293,208,1,-1,-1,-1
214,76,952,101,129,109,1,-1,-1,-1
214,77,1077,524,286,205,1,-1,-1,-1
215,76,951,103,129,108,1,-1,-1,-1
215,77,1079,514,280,203,1,-1,-1,-1
216,76,952,106,128,108,1,-1,-1,-1
216,77,1080,504,277,202,1,-1,-1,-1
217,76,950,107,131,110,1,-1,-1,-1
217,77,1079,491,274,202,1,-1,-1,-1
218,76,948,107,133,112,1,-1,-1,-1
218,77,1081,482,267,199,1,-1,-1,-1
219,76,947,109,132,112,1,-1,-1,-1
219,77,1083,473,261,195,1,-1,-1,-1
220,76,947,111,131,111,1,-1,-1,-1
220,77,1089,466,250,189,1,-1,-1,-1
221,76,947,114,131,111,1,-1,-1,-1
221,77,1092,457,245,187,1,-1,-1,-1
222,76,945,116,133,112,1,-1,-1,-1
222,77,1094,448,239,184,1,-1,-1,-1
223,76,944,118,134,112,1,-1,-1,-1
223,77,1096,441,233,180,1,-1,-1,-1
224,76,943,119,134,113,1,-1,-1,-1
224,77,1096,431,231,180,1,-1,-1,-1
225,76,942,121,135,113,1,-1,-1,-1
225,77,1098,423,227,179,1,-1,-1,-1
226,76,940,123,136,114,1,-1,-1,-1
226,77,1100,413,225,178,1,-1,-1,-1
227,76,939,124,137,115,1,-1,-1,-1
227,77,1101,404,222,177,1,-1,-1,-1
228,76,938,126,139,116,1,-1,-1,-1
228,77,1101,395,221,177,1,-1,-1,-1
229,76,936,127,141,117,1,-1,-1,-1
229,77,1099,387,219,176,1,-1,-1,-1
230,76,934,129,142,118,1,-1,-1,-1
230,77,1099,379,215,174,1,-1,-1,-1
231,76,934,132,142,118,1,-1,-1,-1
231,77,1101,372,209,170,1,-1,-1,-1
232,76,933,134,143,119,1,-1,-1,-1
232,77,1102,364,207,169,1,-1,-1,-1
232,78,1039,668,350,304,1,-1,-1,-1
233,76,933,136,143,120,1,-1,-1,-1
233,77,1105,357,203,167,1,-1,-1,-1
233,78,1043,656,338,293,1,-1,-1,-1
234,76,930,138,145,120,1,-1,-1,-1
234,77,1105,350,201,165,1,-1,-1,-1
234,78,1047,645,327,284,1,-1,-1,-1
235,76,927,140,147,122,1,-1,-1,-1
235,77,1105,342,199,165,1,-1,-1,-1
235,78,1049,632,323,281,1,-1,-1,-1
236,76,925,142,148,122,1,-1,-1,-1
236,77,1106,336,195,162,1,-1,-1,-1
236,78,1050,619,316,275,1,-1,-1,-1
237,76,923,143,150,125,1,-1,-1,-1
237,77,1107,329,192,161,1,-1,-1,-1
237,78,1053,606,309,268,1,-1,-1,-1
238,76,919,145,154,127,1,-1,-1,-1
238,77,1107,323,190,159,1,-1,-1,-1
238,78,1053,593,303,263,1,-1,-1,-1
239,76,918,147,154,128,1,-1,-1,-1
239,77,1108,317,187,158,1,-1,-1,-1
239,78,1052,581,298,260,1,-1,-1,-1
240,76,916,151,154,127,1,-1,-1,-1
240,77,1108,310,186,157,1,-1,-1,-1
240,78,1054,570,292,253,1,-1,-1,-1
241,76,915,154,153,127,1,-1,-1,-1
241,77,1108,305,185,156,1,-1,-1,-1
241,78,1055,558,289,252,1,-1,-1,-1
242,76,914,157,153,127,1,-1,-1,-1
242,77,1109,297,185,158,1,-1,-1,-1
242,78,1056,545,288,252,1,-1,-1,-1
243,76,912,159,153,128,1,-1,-1,-1
243,77,1109,290,184,157,1,-1,-1,-1
243,78,1057,533,285,249,1,-1,-1,-1
244,76,910,162,153,128,1,-1,-1,-1
244,77,1111,284,181,156,1,-1,-1,-1
244,78,1058,521,281,245,1,-1,-1,-1
245,76,907,164,154,128,1,-1,-1,-1
245,77,1111,279,178,153,1,-1,-1,-1
245,78,1059,510,276,242,1,-1,-1,-1
246,76,904,165,156,130,1,-1,-1,-1
246,77,1111,273,177,153,1,-1,-1,-1
246,78,1057,498,273,240,1,-1,-1,-1
247,76,903,167,157,131,1,-1,-1,-1
247,77,1110,268,178,153,1,-1,-1,-1
247,78,1060,489,266,233,1,-1,-1,-1
248,76,901,169,159,133,1,-1,-1,-1
248,77,1112,263,173,150,1,-1,-1,-1
248,78,1060,476,263,231,1,-1,-1,-1
249,76,899,171,161,135,1,-1,-1,-1
249,77,1113,258,169,147,1,-1,-1,-1
249,78,1061,464,260,230,1,-1,-1,-1
250,76,897,175,162,136,1,-1,-1,-1
250,77,1112,252,170,148,1,-1,-1,-1
250,78,1062,456,256,226,1,-1,-1,-1
251,76,893,176,164,138,1,-1,-1,-1
251,77,1111,246,172,150,1,-1,-1,-1
251,78,1065,449,250,220,1,-1,-1,-1
252,76,890,178,166,141,1,-1,-1,-1
252,77,1110,239,173,152,1,-1,-1,-1
252,78,1068,440,243,216,1,-1,-1,-1
253,76,888,181,168,142,1,-1,-1,-1
253,77,1112,236,168,148,1,-1,-1,-1
253,78,1069,432,240,213,1,-1,-1,-1
254,76,886,185,168,142,1,-1,-1,-1
254,77,1112,232,167,147,1,-1,-1,-1
254,78,1071,424,236,209,1,-1,-1,-1
255,76,885,189,168,142,1,-1,-1,-1
255,77,1113,228,164,145,1,-1,-1,-1
255,78,1073,416,233,206,1,-1,-1,-1
256,76,884,192,167,142,1,-1,-1,-1
256,77,1114,223,161,143,1,-1,-1,-1
256,78,1076,406,228,203,1,-1,-1,-1
257,76,881,196,169,143,1,-1,-1,-1
257,77,1114,219,160,142,1,-1,-1,-1
257,78,1078,399,221,197,1,-1,-1,-1
258,76,879,198,172,147,1,-1,-1,-1
258,77,1115,216,157,140,1,-1,-1,-1
258,78,1080,390,220,196,1,-1,-1,-1
259,76,876,200,175,149,1,-1,-1,-1
259,77,1117,213,153,137,1,-1,-1,-1
259,78,1082,382,216,193,1,-1,-1,-1
260,76,874,202,178,152,1,-1,-1,-1
260,77,1118,211,151,134,1,-1,-1,-1
260,78,1084,374,211,188,1,-1,-1,-1
261,76,873,205,177,152,1,-1,-1,-1
261,77,1120,207,148,133,1,-1,-1,-1
261,78,1086,366,207,186,1,-1,-1,-1
262,76,870,208,178,153,1,-1,-1,-1
262,77,1119,203,148,132,1,-1,-1,-1
262,78,1085,357,207,186,1,-1,-1,-1
263,76,868,210,179,155,1,-1,-1,-1
263,77,1119,198,147,132,1,-1,-1,-1
263,78,1086,351,203,182,1,-1,-1,-1
264,76,866,212,181,156,1,-1,-1,-1
264,77,1120,195,145,131,1,-1,-1,-1
264,78,1085,342,203,182,1,-1,-1,-1
265,76,864,216,182,158,1,-1,-1,-1
265,77,1123,191,141,127,1,-1,-1,-1
265,78,1087,335,199,179,1,-1,-1,-1
266,76,861,220,183,160,1,-1,-1,-1
266,77,1124,189,138,126,1,-1,-1,-1
266,78,1088,327,196,176,1,-1,-1,-1
267,76,859,225,183,159,1,-1,-1,-1
267,77,1122,185,139,126,1,-1,-1,-1
267,78,1087,319,195,175,1,-1,-1,-1
268,76,857,228,184,162,1,-1,-1,-1
268,77,1123,182,139,125,1,-1,-1,-1
268,78,1088,312,192,173,1,-1,-1,-1
269,76,855,233,187,164,1,-1,-1,-1
269,77,1125,178,137,124,1,-1,-1,-1
269,78,1089,306,190,172,1,-1,-1,-1
270,76,853,238,188,165,1,-1,-1,-1
270,77,1125,176,136,123,1,-1,-1,-1
270,78,1090,300,189,170,1,-1,-1,-1
271,76,852,243,185,163,1,-1,-1,-1
271,77,1125,173,136,122,1,-1,-1,-1
271,78,1091,294,187,168,1,-1,-1,-1
272,76,849,248,185,163,1,-1,-1,-1
272,77,1126,170,133,120,1,-1,-1,-1
272,78,1091,287,186,168,1,-1,-1,-1
273,76,846,252,185,163,1,-1,-1,-1
273,77,1126,167,134,120,1,-1,-1,-1
273,78,1090,280,186,168,1,-1,-1,-1
274,76,843,255,188,166,1,-1,-1,-1
274,77,1127,161,133,121,1,-1,-1,-1
274,78,1090,274,185,166,1,-1,-1,-1
275,76,839,258,192,170,1,-1,-1,-1
275,77,1127,158,135,121,1,-1,-1,-1
275,78,1092,269,181,164,1,-1,-1,-1
276,76,838,264,192,170,1,-1,-1,-1
276,77,1128,154,136,123,1,-1,-1,-1
276,78,1093,263,180,163,1,-1,-1,-1
277,76,836,269,193,172,1,-1,-1,-1
277,77,1129,152,134,121,1,-1,-1,-1
277,78,1093,257,179,162,1,-1,-1,-1
278,76,832,274,195,173,1,-1,-1,-1
278,77,1129,150,132,119,1,-1,-1,-1
278,78,1094,252,177,159,1,-1,-1,-1
279,76,830,280,194,172,1,-1,-1,-1
279,77,1128,146,134,121,1,-1,-1,-1
279,78,1093,247,176,158,1,-1,-1,-1
280,76,829,286,192,171,1,-1,-1,-1
280,77,1129,144,133,119,1,-1,-1,-1
280,78,1095,242,173,157,1,-1,-1,-1
281,76,827,292,192,170,1,-1,-1,-1
281,77,1130,141,132,119,1,-1,-1,-1
281,78,1098,238,169,153,1,-1,-1,-1
282,76,821,296,197,174,1,-1,-1,-1
282,77,1130,138,132,119,1,-1,-1,-1
282,78,1099,234,168,152,1,-1,-1,-1
283,76,817,300,199,177,1,-1,-1,-1
283,77,1129,135,133,119,1,-1,-1,-1
283,78,1099,229,168,151,1,-1,-1,-1
284,76,812,304,203,180,1,-1,-1,-1
284,77,1129,132,133,119,1,-1,-1,-1
284,78,1100,223,166,150,1,-1,-1,-1
285,76,809,308,206,183,1,-1,-1,-1
285,77,1129,130,133,119,1,-1,-1,-1
285,78,1100,219,166,150,1,-1,-1,-1
286,76,808,314,206,183,1,-1,-1,-1
286,77,1131,129,131,116,1,-1,-1,-1
286,78,1101,215,166,149,1,-1,-1,-1
287,76,805,319,209,186,1,-1,-1,-1
287,77,1133,128,129,114,1,-1,-1,-1
287,78,1103,211,164,149,1,-1,-1,-1
287,79,904,193,167,149,1,-1,-1,-1
288,76,801,323,214,190,1,-1,-1,-1
288,77,1135,127,126,112,1,-1,-1,-1
288,78,1103,208,163,148,1,-1,-1,-1
288,79,904,195,165,148,1,-1,-1,-1
289,76,798,329,214,192,1,-1,-1,-1
289,77,1134,124,126,112,1,-1,-1,-1
289,78,1103,204,162,148,1,-1,-1,-1
289,79,901,199,165,146,1,-1,-1,-1
290,76,794,336,216,193,1,-1,-1,-1
290,77,1134,122,124,110,1,-1,-1,-1
290,78,1105,201,160,145,1,-1,-1,-1
290,79,897,201,166,148,1,-1,-1,-1
291,76,791,342,217,195,1,-1,-1,-1
291,77,1134,119,124,110,1,-1,-1,-1
291,78,1106,197,157,143,1,-1,-1,-1
291,79,896,204,167,149,1,-1,-1,-1
292,76,787,349,219,196,1,-1,-1,-1
292,77,1135,116,124,110,1,-1,-1,-1
292,78,1107,194,154,140,1,-1,-1,-1
292,79,895,205,169,151,1,-1,-1,-1
293,76,784,356,220,198,1,-1,-1,-1
293,77,1135,114,123,108,1,-1,-1,-1
293,78,1107,190,153,139,1,-1,-1,-1
293,79,894,208,171,153,1,-1,-1,-1
294,76,780,362,223,200,1,-1,-1,-1
294,77,1135,112,122,106,1,-1,-1,-1
294,78,1107,186,151,137,1,-1,-1,-1
294,79,891,212,174,156,1,-1,-1,-1
295,76,776,369,225,202,1,-1,-1,-1
295,77,1134,110,121,106,1,-1,-1,-1
295,78,1107,183,151,137,1,-1,-1,-1
295,79,889,216,176,157,1,-1,-1,-1
296,76,771,376,228,204,1,-1,-1,-1
296,77,1135,108,120,105,1,-1,-1,-1
296,78,1108,179,150,137,1,-1,-1,-1
296,79,888,221,175,156,1,-1,-1,-1
297,76,765,381,232,209,1,-1,-1,-1
297,77,1135,106,121,106,1,-1,-1,-1
297,78,1109,177,149,135,1,-1,-1,-1
297,79,885,225,176,158,1,-1,-1,-1
298,76,760,388,235,211,1,-1,-1,-1
298,77,1136,104,121,105,1,-1,-1,-1
298,78,1109,174,148,135,1,-1,-1,-1
298,79,884,230,175,157,1,-1,-1,-1
299,76,755,393,239,215,1,-1,-1,-1
299,77,1137,104,117,101,1,-1,-1,-1
299,78,1109,170,146,134,1,-1,-1,-1
299,79,883,233,176,158,1,-1,-1,-1
300,76,750,399,242,218,1,-1,-1,-1
300,77,1137,103,114,99,1,-1,-1,-1
300,78,1109,168,144,131,1,-1,-1,-1
300,79,880,235,179,160,1,-1,-1,-1
301,76,743,404,247,223,1,-1,-1,-1
301,77,1137,101,114,98,1,-1,-1,-1
301,78,1110,164,143,131,1,-1,-1,-1
301,79,877,238,182,163,1,-1,-1,-1
302,76,738,411,248,224,1,-1,-1,-1
302,77,1139,101,112,94,1,-1,-1,-1
302,78,1110,163,142,129,1,-1,-1,-1
302,79,876,243,181,162,1,-1,-1,-1
303,76,735,421,246,222,1,-1,-1,-1
303,77,1139,99,112,95,1,-1,-1,-1
303,78,1112,160,140,127,1,-1,-1,-1
303,79,874,246,182,163,1,-1,-1,-1
304,76,732,429,245,222,1,-1,-1,-1
304,77,1137,96,116,97,1,-1,-1,-1
304,78,1113,158,138,125,1,-1,-1,-1
304,79,872,250,183,165,1,-1,-1,-1
305,76,728,438,247,223,1,-1,-1,-1
305,77,1137,95,117,98,1,-1,-1,-1
305,78,1114,156,135,123,1,-1,-1,-1
305,79,870,254,185,167,1,-1,-1,-1
306,76,721,444,250,226,1,-1,-1,-1
306,77,1137,93,116,97,1,-1,-1,-1
306,78,1114,153,135,123,1,-1,-1,-1
306,79,866,258,189,170,1,-1,-1,-1
307,76,716,451,252,228,1,-1,-1,-1
307,77,1137,92,114,94,1,-1,-1,-1
307,78,1115,152,133,120,1,-1,-1,-1
307,79,862,262,191,173,1,-1,-1,-1
308,76,709,457,256,232,1,-1,-1,-1
308,77,1137,91,114,93,1,-1,-1,-1
308,78,1113,148,134,121,1,-1,-1,-1
308,79,859,267,193,174,1,-1,-1,-1
309,76,702,464,259,235,1,-1,-1,-1
309,77,1138,89,112,92,1,-1,-1,-1
309,78,1112,144,135,122,1,-1,-1,-1
309,79,858,272,193,174,1,-1,-1,-1
310,76,696,472,262,238,1,-1,-1,-1
310,78,1111,141,135,121,1,-1,-1,-1
310,79,856,276,194,176,1,-1,-1,-1
311,76,688,479,266,241,1,-1,-1,-1
311,78,1111,138,134,120,1,-1,-1,-1
311,79,852,281,195,177,1,-1,-1,-1
312,76,679,487,271,246,1,-1,-1,-1
312,78,1111,137,132,118,1,-1,-1,-1
312,79,849,285,196,179,1,-1,-1,-1
313,76,672,496,275,249,1,-1,-1,-1
313,78,1112,134,132,118,1,-1,-1,-1
313,79,847,291,196,179,1,-1,-1,-1
314,76,665,503,280,254,1,-1,-1,-1
314,78,1113,132,131,116,1,-1,-1,-1
314,79,843,295,199,181,1,-1,-1,-1
315,76,659,511,284,258,1,-1,-1,-1
315,78,1112,129,132,117,1,-1,-1,-1
315,79,839,299,199,182,1,-1,-1,-1
316,76,651,520,287,261,1,-1,-1,-1
316,78,1111,124,135,120,1,-1,-1,-1
316,79,835,306,200,183,1,-1,-1,-1
317,76,641,527,293,266,1,-1,-1,-1
317,78,1110,120,136,121,1,-1,-1,-1
317,79,833,313,198,181,1,-1,-1,-1
318,76,634,532,296,270,1,-1,-1,-1
318,78,1110,117,136,121,1,-1,-1,-1
318,79,829,318,202,184,1,-1,-1,-1
319,76,628,541,297,272,1,-1,-1,-1
319,78,1112,114,136,120,1,-1,-1,-1
319,79,824,324,205,187,1,-1,-1,-1
320,76,622,551,299,272,1,-1,-1,-1
320,78,1113,113,135,119,1,-1,-1,-1
320,79,820,329,207,189,1,-1,-1,-1
321,76,615,560,301,275,1,-1,-1,-1
321,78,1114,111,134,119,1,-1,-1,-1
321,79,815,334,210,192,1,-1,-1,-1
322,76,607,567,307,281,1,-1,-1,-1
322,78,1116,110,131,116,1,-1,-1,-1
322,79,810,340,212,193,1,-1,-1,-1
323,76,597,579,310,283,1,-1,-1,-1
323,78,1116,108,130,115,1,-1,-1,-1
323,79,806,347,213,194,1,-1,-1,-1
324,76,590,587,313,286,1,-1,-1,-1
324,78,1117,108,127,112,1,-1,-1,-1
324,79,801,353,215,196,1,-1,-1,-1
325,76,580,594,320,293,1,-1,-1,-1
325,78,1117,105,127,112,1,-1,-1,-1
325,79,796,361,216,197,1,-1,-1,-1
326,76,569,602,328,301,1,-1,-1,-1
326,78,1116,102,129,114,1,-1,-1,-1
326,79,792,368,216,197,1,-1,-1,-1
327,76,559,613,335,307,1,-1,-1,-1
327,78,1115,100,129,114,1,-1,-1,-1
327,79,786,375,218,199,1,-1,-1,-1
328,76,549,622,339,311,1,-1,-1,-1
328,78,1115,98,128,113,1,-1,-1,-1
328,79,782,381,221,202,1,-1,-1,-1
329,76,540,629,344,316,1,-1,-1,-1
329,78,1116,96,126,112,1,-1,-1,-1
329,79,776,387,225,205,1,-1,-1,-1
330,76,528,636,351,323,1,-1,-1,-1
330,78,1117,96,126,110,1,-1,-1,-1
330,79,769,393,229,209,1,-1,-1,-1
331,76,518,648,355,327,1,-1,-1,-1
331,78,1117,95,125,109,1,-1,-1,-1
331,79,763,401,233,211,1,-1,-1,-1
332,76,506,659,361,332,1,-1,-1,-1
332,78,1118,93,123,108,1,-1,-1,-1
332,79,758,407,235,214,1,-1,-1,-1
333,76,495,669,367,338,1,-1,-1,-1
333,78,1117,91,124,109,1,-1,-1,-1
333,79,753,416,234,213,1,-1,-1,-1
334,76,482,681,370,341,1,-1,-1,-1
334,78,1117,91,122,106,1,-1,-1,-1
334,79,748,424,235,213,1,-1,-1,-1
334,80,1029,730,354,269,1,-1,-1,-1
335,76,468,692,377,348,1,-1,-1,-1
335,78,1117,89,121,106,1,-1,-1,-1
335,79,742,430,238,216,1,-1,-1,-1
335,80,1036,710,346,264,1,-1,-1,-1
336,76,456,705,380,352,1,-1,-1,-1
336,78,1117,88,121,105,1,-1,-1,-1
336,79,736,438,241,218,1,-1,-1,-1
336,80,1038,695,339,258,1,-1,-1,-1
337,76,442,717,387,358,1,-1,-1,-1
337,78,1118,86,120,105,1,-1,-1,-1
337,79,730,445,244,220,1,-1,-1,-1
337,80,1047,682,330,251,1,-1,-1,-1
338,76,429,726,388,359,1,-1,-1,-1
338,78,1119,84,119,104,1,-1,-1,-1
338,79,725,454,244,220,1,-1,-1,-1
338,80,1050,667,323,246,1,-1,-1,-1
339,76,422,737,381,353,1,-1,-1,-1
339,78,1117,81,121,105,1,-1,-1,-1
339,79,720,461,247,222,1,-1,-1,-1
339,80,1054,653,316,240,1,-1,-1,-1
340,76,413,747,379,352,1,-1,-1,-1
340,78,1116,79,123,106,1,-1,-1,-1
340,79,711,466,254,228,1,-1,-1,-1
340,80,1058,640,310,237,1,-1,-1,-1
341,76,402,757,383,355,1,-1,-1,-1
341,78,1116,77,124,107,1,-1,-1,-1
341,79,704,473,259,232,1,-1,-1,-1
341,80,1062,626,306,235,1,-1,-1,-1
342,78,1117,73,125,109,1,-1,-1,-1
342,79,699,479,263,235,1,-1,-1,-1
342,80,1065,613,302,231,1,-1,-1,-1
343,78,1117,71,126,109,1,-1,-1,-1
343,79,695,489,262,235,1,-1,-1,-1
343,80,1068,600,298,227,1,-1,-1,-1
344,78,1117,69,126,109,1,-1,-1,-1
344,79,687,495,268,241,1,-1,-1,-1
344,80,1076,590,290,222,1,-1,-1,-1
345,78,1117,67,126,109,1,-1,-1,-1
345,79,679,504,272,245,1,-1,-1,-1
345,80,1082,579,283,217,1,-1,-1,-1
346,78,1118,67,125,107,1,-1,-1,-1
346,79,671,510,280,251,1,-1,-1,-1
346,80,1086,566,278,213,1,-1,-1,-1
347,78,1119,67,122,105,1,-1,-1,-1
347,79,665,516,286,257,1,-1,-1,-1
347,80,1078,554,278,213,1,-1,-1,-1
348,78,1119,65,120,105,1,-1,-1,-1
348,79,659,524,291,262,1,-1,-1,-1
348,80,1077,542,275,210,1,-1,-1,-1
349,78,1119,65,119,102,1,-1,-1,-1
349,79,654,533,294,265,1,-1,-1,-1
349,80,1078,529,269,207,1,-1,-1,-1
350,78,1120,65,117,100,1,-1,-1,-1
350,79,653,543,294,266,1,-1,-1,-1
350,80,1079,517,265,203,1,-1,-1,-1
351,78,1122,65,116,100,1,-1,-1,-1
351,79,651,553,295,267,1,-1,-1,-1
351,80,1081,504,260,200,1,-1,-1,-1
352,78,1123,64,115,99,1,-1,-1,-1
352,79,647,561,297,269,1,-1,-1,-1
353,78,1123,62,115,99,1,-1,-1,-1
353,79,644,569,299,271,1,-1,-1,-1
354,78,1123,61,116,99,1,-1,-1,-1
354,79,635,576,306,278,1,-1,-1,-1
355,78,1123,60,115,98,1,-1,-1,-1
355,79,629,587,310,281,1,-1,-1,-1
356,78,1124,59,114,98,1,-1,-1,-1
356,79,622,595,313,286,1,-1,-1,-1
357,78,1125,54,118,101,1,-1,-1,-1
357,79,618,608,313,285,1,-1,-1,-1
358,78,1125,53,119,101,1,-1,-1,-1
358,79,613,617,316,288,1,-1,-1,-1
358,81,1041,747,363,275,1,-1,-1,-1
359,78,1126,51,118,102,1,-1,-1,-1
359,79,606,627,322,293,1,-1,-1,-1
359,81,1048,730,353,268,1,-1,-1,-1
360,79,598,636,327,298,1,-1,-1,-1
360,81,1051,713,348,264,1,-1,-1,-1
361,79,591,641,332,304,1,-1,-1,-1
361,81,1054,699,340,259,1,-1,-1,-1
362,79,582,648,341,312,1,-1,-1,-1
362,81,1060,685,332,253,1,-1,-1,-1
363,79,573,658,345,316,1,-1,-1,-1
363,81,1063,672,326,249,1,-1,-1,-1
364,79,564,667,352,322,1,-1,-1,-1
364,81,1066,659,319,244,1,-1,-1,-1
365,79,557,680,356,327,1,-1,-1,-1
365,81,1068,646,314,242,1,-1,-1,-1
366,79,545,690,363,333,1,-1,-1,-1
366,81,1069,633,310,239,1,-1,-1,-1
367,79,536,703,368,338,1,-1,-1,-1
367,81,1070,621,305,236,1,-1,-1,-1
368,79,525,716,373,343,1,-1,-1,-1
368,81,1072,610,301,232,1,-1,-1,-1
369,79,515,728,378,347,1,-1,-1,-1
369,81,1074,597,296,230,1,-1,-1,-1
370,79,512,739,376,346,1,-1,-1,-1
370,81,1074,586,290,227,1,-1,-1,-1
371,79,506,750,378,347,1,-1,-1,-1
371,81,1074,574,285,223,1,-1,-1,-1
372,79,499,760,381,351,1,-1,-1,-1
372,81,1073,563,281,220,1,-1,-1,-1
373,81,1069,549,282,221,1,-1,-1,-1
374,81,1073,539,272,216,1,-1,-1,-1
375,81,1074,530,266,211,1,-1,-1,-1
376,81,1075,521,259,207,1,-1,-1,-1
377,81,1073,509,257,206,1,-1,-1,-1
378,81,1074,501,251,201,1,-1,-1,-1
379,81,1072,491,249,201,1,-1,-1,-1
380,81,1072,483,244,197,1,-1,-1,-1
381,81,1072,471,241,196,1,-1,-1,-1
382,81,1074,463,235,192,1,-1,-1,-1
383,81,1073,454,233,190,1,-1,-1,-1
384,81,1073,446,230,189,1,-1,-1,-1
385,81,1075,437,226,186,1,-1,-1,-1
386,81,1076,428,223,183,1,-1,-1,-1
387,81,1078,421,218,180,1,-1,-1,-1
388,81,1080,414,213,176,1,-1,-1,-1
389,81,1080,406,210,174,1,-1,-1,-1
390,81,1081,398,207,173,1,-1,-1,-1
391,81,1081,389,205,172,1,-1,-1,-1
392,81,1081,381,204,170,1,-1,-1,-1
393,81,1079,370,206,173,1,-1,-1,-1
393,83,990,70,119,98,1,-1,-1,-1
394,81,1080,362,203,170,1,-1,-1,-1
394,83,989,72,119,97,1,-1,-1,-1
395,81,1081,355,200,168,1,-1,-1,-1
395,83,988,73,119,98,1,-1,-1,-1
396,81,1083,349,195,165,1,-1,-1,-1
396,83,987,74,119,98,1,-1,-1,-1
397,81,1084,342,193,163,1,-1,-1,-1
398,81,1084,334,192,162,1,-1,-1,-1
398,83,986,78,119,98,1,-1,-1,-1
399,81,1085,327,189,161,1,-1,-1,-1
399,83,985,80,120,98,1,-1,-1,-1
400,81,1086,321,188,159,1,-1,-1,-1
400,83,985,82,119,98,1,-1,-1,-1
401,81,1088,316,185,157,1,-1,-1,-1
401,83,984,85,119,98,1,-1,-1,-1
402,81,1088,310,185,158,1,-1,-1,-1
402,83,983,86,119,98,1,-1,-1,-1
403,81,1090,306,181,153,1,-1,-1,-1
403,83,981,86,121,99,1,-1,-1,-1
404,81,1089,301,179,152,1,-1,-1,-1
404,83,977,87,123,101,1,-1,-1,-1
405,81,1089,293,179,153,1,-1,-1,-1
405,83,975,87,125,103,1,-1,-1,-1
406,81,1092,288,175,150,1,-1,-1,-1
406,83,974,88,125,104,1,-1,-1,-1
407,81,1093,283,175,149,1,-1,-1,-1
407,83,974,90,125,103,1,-1,-1,-1
408,81,1093,279,173,147,1,-1,-1,-1
408,83,973,91,125,103,1,-1,-1,-1
409,81,1092,272,174,148,1,-1,-1,-1
409,83,972,93,126,103,1,-1,-1,-1
410,81,1094,265,173,148,1,-1,-1,-1
410,83,972,94,125,104,1,-1,-1,-1
411,81,1097,261,169,145,1,-1,-1,-1
411,83,971,96,126,104,1,-1,-1,-1
412,81,1099,259,163,140,1,-1,-1,-1
412,83,970,97,126,105,1,-1,-1,-1
413,81,1099,254,162,138,1,-1,-1,-1
413,83,969,99,126,104,1,-1,-1,-1
414,81,1098,246,163,140,1,-1,-1,-1
414,83,967,102,126,104,1,-1,-1,-1
415,81,1097,241,163,140,1,-1,-1,-1
415,83,966,104,125,104,1,-1,-1,-1
416,81,1098,237,161,139,1,-1,-1,-1
416,83,965,106,125,104,1,-1,-1,-1
417,81,1099,234,160,137,1,-1,-1,-1
417,83,963,108,125,104,1,-1,-1,-1
418,81,1100,229,160,138,1,-1,-1,-1
418,83,963,110,125,104,1,-1,-1,-1
419,81,1101,225,159,137,1,-1,-1,-1
419,83,960,111,127,106,1,-1,-1,-1
420,81,1100,220,160,136,1,-1,-1,-1
420,83,958,112,128,108,1,-1,-1,-1
421,81,1099,216,159,136,1,-1,-1,-1
421,83,956,114,129,108,1,-1,-1,-1
422,81,1100,212,157,135,1,-1,-1,-1
422,83,956,116,129,108,1,-1,-1,-1
423,81,1102,207,156,135,1,-1,-1,-1
423,83,955,117,131,110,1,-1,-1,-1
424,81,1102,202,157,134,1,-1,-1,-1
424,83,953,118,134,112,1,-1,-1,-1
425,81,1103,197,156,134,1,-1,-1,-1
425,83,953,120,133,112,1,-1,-1,-1
426,81,1105,194,154,132,1,-1,-1,-1
426,83,952,124,133,112,1,-1,-1,-1
427,81,1108,191,152,131,1,-1,-1,-1
427,83,950,125,134,113,1,-1,-1,-1
428,81,1110,188,150,129,1,-1,-1,-1
428,83,949,128,133,113,1,-1,-1,-1
429,81,1113,185,147,128,1,-1,-1,-1
429,83,947,131,134,114,1,-1,-1,-1
430,81,1114,181,149,129,1,-1,-1,-1
430,83,946,133,133,114,1,-1,-1,-1
431,81,1115,177,149,129,1,-1,-1,-1
431,83,944,135,134,115,1,-1,-1,-1
432,81,1117,173,150,130,1,-1,-1,-1
432,83,941,137,136,117,1,-1,-1,-1
433,81,1122,171,145,127,1,-1,-1,-1
433,83,940,139,138,118,1,-1,-1,-1
434,81,1125,168,144,125,1,-1,-1,-1
434,83,939,141,139,119,1,-1,-1,-1
435,81,1128,166,140,122,1,-1,-1,-1
435,83,938,142,140,120,1,-1,-1,-1
436,81,1129,164,140,121,1,-1,-1,-1
436,83,937,145,139,120,1,-1,-1,-1
437,81,1131,161,138,119,1,-1,-1,-1
437,83,936,148,139,119,1,-1,-1,-1
438,81,1133,158,136,118,1,-1,-1,-1
438,83,934,151,140,121,1,-1,-1,-1
439,81,1136,157,133,115,1,-1,-1,-1
439,83,933,155,140,121,1,-1,-1,-1
440,81,1137,154,133,114,1,-1,-1,-1
440,83,932,158,141,122,1,-1,-1,-1
441,81,1137,151,132,114,1,-1,-1,-1
441,83,931,160,141,123,1,-1,-1,-1
442,81,1139,149,130,112,1,-1,-1,-1
442,83,929,163,142,123,1,-1,-1,-1
443,81,1141,148,126,109,1,-1,-1,-1
443,83,928,163,144,127,1,-1,-1,-1
444,81,1141,145,126,109,1,-1,-1,-1
444,83,926,166,146,128,1,-1,-1,-1
445,81,1141,143,126,108,1,-1,-1,-1
445,83,924,169,147,128,1,-1,-1,-1
446,81,1141,140,128,109,1,-1,-1,-1
446,83,925,173,144,127,1,-1,-1,-1
447,81,1141,137,127,108,1,-1,-1,-1
447,83,924,178,144,126,1,-1,-1,-1
448,81,1140,135,126,107,1,-1,-1,-1
448,83,923,181,144,126,1,-1,-1,-1
449,81,1139,132,126,107,1,-1,-1,-1
449,83,921,183,146,129,1,-1,-1,-1
450,81,1137,130,125,106,1,-1,-1,-1
450,83,918,186,150,132,1,-1,-1,-1
451,81,1135,128,126,105,1,-1,-1,-1
451,83,917,189,151,133,1,-1,-1,-1
452,81,1134,125,125,105,1,-1,-1,-1
452,83,916,193,149,132,1,-1,-1,-1
453,81,1133,123,125,104,1,-1,-1,-1
453,83,916,198,148,131,1,-1,-1,-1
454,81,1133,120,124,103,1,-1,-1,-1
454,83,915,202,147,130,1,-1,-1,-1
455,81,1132,117,124,103,1,-1,-1,-1
455,83,914,205,150,134,1,-1,-1,-1
456,81,1131,113,126,105,1,-1,-1,-1
456,83,911,209,152,135,1,-1,-1,-1
456,84,985,90,132,99,1,-1,-1,-1
457,81,1130,111,127,104,1,-1,-1,-1
457,83,909,211,153,137,1,-1,-1,-1
457,84,985,91,132,99,1,-1,-1,-1
458,81,1131,109,126,103,1,-1,-1,-1
458,83,907,214,154,137,1,-1,-1,-1
458,84,984,92,133,99,1,-1,-1,-1
459,81,1131,108,125,103,1,-1,-1,-1
459,83,906,217,154,138,1,-1,-1,-1
459,84,983,93,132,100,1,-1,-1,-1
460,81,1130,106,127,104,1,-1,-1,-1
460,83,905,221,155,139,1,-1,-1,-1
460,84,981,95,132,99,1,-1,-1,-1
461,81,1130,103,126,104,1,-1,-1,-1
461,83,902,224,157,142,1,-1,-1,-1
461,84,979,97,133,101,1,-1,-1,-1
462,81,1131,100,125,104,1,-1,-1,-1
462,83,900,228,158,142,1,-1,-1,-1
462,84,978,99,134,101,1,-1,-1,-1
463,81,1132,100,124,101,1,-1,-1,-1
463,83,897,232,159,143,1,-1,-1,-1
463,84,975,100,136,103,1,-1,-1,-1
464,81,1132,98,125,102,1,-1,-1,-1
464,83,895,237,158,143,1,-1,-1,-1
464,84,972,102,139,105,1,-1,-1,-1
465,81,1134,96,122,100,1,-1,-1,-1
465,83,893,242,158,143,1,-1,-1,-1
465,84,971,103,141,107,1,-1,-1,-1
466,81,1134,94,122,99,1,-1,-1,-1
466,83,891,247,159,144,1,-1,-1,-1
466,84,970,104,142,108,1,-1,-1,-1
467,81,1135,92,121,99,1,-1,-1,-1
467,83,889,251,159,145,1,-1,-1,-1
467,84,968,106,141,109,1,-1,-1,-1
468,81,1134,91,121,99,1,-1,-1,-1
468,83,886,255,161,146,1,-1,-1,-1
468,84,965,107,143,110,1,-1,-1,-1
469,81,1133,89,121,98,1,-1,-1,-1
469,83,883,260,162,147,1,-1,-1,-1
469,84,961,108,146,112,1,-1,-1,-1
470,81,1131,85,124,101,1,-1,-1,-1
470,83,881,264,163,149,1,-1,-1,-1
470,84,961,110,144,112,1,-1,-1,-1
471,81,1131,83,126,102,1,-1,-1,-1
471,83,878,269,165,151,1,-1,-1,-1
471,84,960,113,144,112,1,-1,-1,-1
472,81,1130,81,128,104,1,-1,-1,-1
472,83,874,273,168,154,1,-1,-1,-1
472,84,957,114,147,115,1,-1,-1,-1
473,81,1129,81,128,104,1,-1,-1,-1
473,83,870,278,171,156,1,-1,-1,-1
473,84,955,117,148,116,1,-1,-1,-1
474,81,1129,77,128,105,1,-1,-1,-1
474,83,866,282,173,159,1,-1,-1,-1
474,84,954,120,147,116,1,-1,-1,-1
475,81,1128,75,127,103,1,-1,-1,-1
475,83,863,288,174,159,1,-1,-1,-1
475,84,953,123,145,115,1,-1,-1,-1
476,81,1128,73,127,103,1,-1,-1,-1
476,83,860,294,173,159,1,-1,-1,-1
476,84,952,125,145,115,1,-1,-1,-1
477,81,1128,70,126,104,1,-1,-1,-1
477,83,856,300,174,160,1,-1,-1,-1
477,84,948,127,147,118,1,-1,-1,-1
478,81,1128,68,125,103,1,-1,-1,-1
478,83,852,304,176,162,1,-1,-1,-1
478,84,947,131,147,118,1,-1,-1,-1
479,81,1126,65,126,104,1,-1,-1,-1
479,83,849,311,177,163,1,-1,-1,-1
479,84,945,133,149,120,1,-1,-1,-1
480,81,1125,63,126,103,1,-1,-1,-1
480,83,844,316,180,166,1,-1,-1,-1
480,84,943,135,150,122,1,-1,-1,-1
481,81,1124,60,126,104,1,-1,-1,-1
481,83,840,322,182,167,1,-1,-1,-1
481,84,941,138,151,122,1,-1,-1,-1
482,83,836,327,183,168,1,-1,-1,-1
482,84,940,140,150,123,1,-1,-1,-1
483,83,833,334,184,169,1,-1,-1,-1
483,84,938,144,152,123,1,-1,-1,-1
484,83,830,341,184,170,1,-1,-1,-1
484,84,937,146,153,126,1,-1,-1,-1
485,83,823,347,189,174,1,-1,-1,-1
485,84,934,149,155,127,1,-1,-1,-1
486,83,820,354,190,175,1,-1,-1,-1
486,84,931,152,156,128,1,-1,-1,-1
487,83,815,361,191,176,1,-1,-1,-1
487,84,928,156,156,128,1,-1,-1,-1
488,83,811,367,194,179,1,-1,-1,-1
488,84,926,160,155,128,1,-1,-1,-1
489,83,804,373,198,182,1,-1,-1,-1
489,84,925,164,155,128,1,-1,-1,-1
490,83,800,381,200,184,1,-1,-1,-1
490,84,923,168,155,129,1,-1,-1,-1
491,83,795,388,202,186,1,-1,-1,-1
491,84,922,173,154,128,1,-1,-1,-1
492,83,791,396,203,188,1,-1,-1,-1
492,84,920,178,154,128,1,-1,-1,-1
493,83,787,406,203,187,1,-1,-1,-1
493,84,918,181,155,131,1,-1,-1,-1
494,83,781,413,206,190,1,-1,-1,-1
494,84,915,184,157,132,1,-1,-1,-1
495,83,776,420,208,191,1,-1,-1,-1
495,84,911,187,159,133,1,-1,-1,-1
496,83,770,429,209,193,1,-1,-1,-1
496,84,907,191,161,135,1,-1,-1,-1
497,83,764,437,212,195,1,-1,-1,-1
497,84,904,195,162,137,1,-1,-1,-1
498,83,760,446,212,194,1,-1,-1,-1
498,84,901,198,165,139,1,-1,-1,-1
499,83,755,454,214,196,1,-1,-1,-1
499,84,900,202,165,140,1,-1,-1,-1
500,83,745,461,220,201,1,-1,-1,-1
500,84,898,207,167,141,1,-1,-1,-1
501,83,737,468,224,204,1,-1,-1,-1
501,84,894,212,168,142,1,-1,-1,-1
502,83,731,475,226,207,1,-1,-1,-1
502,84,890,216,169,143,1,-1,-1,-1
503,83,725,482,229,209,1,-1,-1,-1
503,84,887,221,170,145,1,-1,-1,-1
504,83,720,491,232,212,1,-1,-1,-1
504,84,883,227,173,146,1,-1,-1,-1
505,83,713,500,235,215,1,-1,-1,-1
505,84,879,231,176,149,1,-1,-1,-1
506,83,705,508,240,218,1,-1,-1,-1
506,84,877,236,176,150,1,-1,-1,-1
507,83,701,517,243,221,1,-1,-1,-1
507,84,874,242,176,150,1,-1,-1,-1
508,83,695,527,246,225,1,-1,-1,-1
508,84,872,248,175,150,1,-1,-1,-1
509,83,689,539,247,226,1,-1,-1,-1
509,84,867,255,176,150,1,-1,-1,-1
510,83,683,549,252,231,1,-1,-1,-1
510,84,864,261,176,150,1,-1,-1,-1
511,83,676,556,258,236,1,-1,-1,-1
511,84,861,266,179,153,1,-1,-1,-1
512,83,670,566,261,240,1,-1,-1,-1
512,84,856,272,182,156,1,-1,-1,-1
513,83,662,575,266,244,1,-1,-1,-1
513,84,851,279,184,157,1,-1,-1,-1
514,83,656,586,269,246,1,-1,-1,-1
514,84,848,287,185,158,1,-1,-1,-1
515,83,651,596,270,249,1,-1,-1,-1
515,84,845,295,186,158,1,-1,-1,-1
516,83,646,608,271,249,1,-1,-1,-1
516,84,840,301,189,161,1,-1,-1,-1
517,83,639,618,274,252,1,-1,-1,-1
517,84,834,308,192,163,1,-1,-1,-1
518,83,630,626,282,260,1,-1,-1,-1
518,84,828,314,196,167,1,-1,-1,-1
519,83,626,638,283,260,1,-1,-1,-1
519,84,825,322,197,169,1,-1,-1,-1
520,83,621,650,284,263,1,-1,-1,-1
520,84,819,332,200,170,1,-1,-1,-1
521,83,613,662,288,265,1,-1,-1,-1
521,84,816,342,198,169,1,-1,-1,-1
522,83,603,672,292,270,1,-1,-1,-1
522,84,810,350,202,172,1,-1,-1,-1
523,83,593,682,297,275,1,-1,-1,-1
523,84,805,359,203,173,1,-1,-1,-1
524,83,584,694,303,279,1,-1,-1,-1
524,84,798,367,208,177,1,-1,-1,-1
525,83,573,706,310,286,1,-1,-1,-1
525,84,793,377,210,178,1,-1,-1,-1
526,83,563,717,318,293,1,-1,-1,-1
526,84,788,387,213,181,1,-1,-1,-1
527,83,556,733,320,295,1,-1,-1,-1
527,84,783,397,215,182,1,-1,-1,-1
528,83,545,745,326,302,1,-1,-1,-1
528,84,779,410,214,181,1,-1,-1,-1
529,83,528,753,338,313,1,-1,-1,-1
529,84,772,422,215,181,1,-1,-1,-1
530,83,517,766,340,314,1,-1,-1,-1
530,84,766,432,219,185,1,-1,-1,-1
531,83,511,779,335,309,1,-1,-1,-1
531,84,760,440,225,189,1,-1,-1,-1
532,83,503,784,332,307,1,-1,-1,-1
532,84,754,449,228,192,1,-1,-1,-1
533,83,494,793,334,307,1,-1,-1,-1
533,84,746,460,232,194,1,-1,-1,-1
534,83,486,803,336,310,1,-1,-1,-1
534,84,739,469,236,198,1,-1,-1,-1
535,84,732,480,238,199,1,-1,-1,-1
536,84,723,491,243,203,1,-1,-1,-1
537,84,714,501,251,210,1,-1,-1,-1
538,84,705,509,259,216,1,-1,-1,-1
539,84,697,520,264,220,1,-1,-1,-1
540,84,689,533,268,223,1,-1,-1,-1
541,84,679,544,274,228,1,-1,-1,-1
542,84,672,558,279,233,1,-1,-1,-1
543,84,665,572,282,235,1,-1,-1,-1
544,84,657,584,287,241,1,-1,-1,-1
545,84,647,597,292,244,1,-1,-1,-1
546,84,638,611,297,248,1,-1,-1,-1
547,84,631,625,301,252,1,-1,-1,-1
548,84,625,640,301,252,1,-1,-1,-1
549,84,613,651,311,260,1,-1,-1,-1
550,84,602,667,315,264,1,-1,-1,-1
551,84,587,681,320,268,1,-1,-1,-1
552,84,577,698,324,271,1,-1,-1,-1
553,84,560,715,335,279,1,-1,-1,-1
554,84,544,730,343,286,1,-1,-1,-1
555,84,529,747,350,291,1,-1,-1,-1
556,84,512,766,358,298,1,-1,-1,-1
557,84,492,783,360,299,1,-1,-1,-1
557,85,1002,76,116,92,1,-1,-1,-1
558,84,476,798,365,303,1,-1,-1,-1
558,85,1002,78,116,92,1,-1,-1,-1
559,84,463,813,371,306,1,-1,-1,-1
559,85,1003,80,115,91,1,-1,-1,-1
560,85,1001,81,115,91,1,-1,-1,-1
561,85,1000,82,114,92,1,-1,-1,-1
562,85,999,84,115,91,1,-1,-1,-1
563,85,1000,85,113,91,1,-1,-1,-1
564,85,997,86,117,93,1,-1,-1,-1
565,85,996,87,119,95,1,-1,-1,-1
566,85,995,89,121,95,1,-1,-1,-1
567,85,994,88,123,98,1,-1,-1,-1
568,85,992,89,126,100,1,-1,-1,-1
569,85,991,91,127,100,1,-1,-1,-1
570,85,990,91,129,102,1,-1,-1,-1
571,85,990,92,128,102,1,-1,-1,-1
572,85,990,94,127,101,1,-1,-1,-1
573,85,991,97,126,100,1,-1,-1,-1
574,85,991,98,126,100,1,-1,-1,-1
575,85,991,100,127,100,1,-1,-1,-1
576,85,991,102,127,100,1,-1,-1,-1
577,85,989,103,128,102,1,-1,-1,-1
578,85,987,105,128,102,1,-1,-1,-1
579,85,987,106,129,103,1,-1,-1,-1
580,85,986,107,131,104,1,-1,-1,-1
581,85,986,109,130,104,1,-1,-1,-1
582,85,984,110,132,105,1,-1,-1,-1
583,85,983,111,132,106,1,-1,-1,-1
584,85,982,112,134,107,1,-1,-1,-1
585,85,980,114,136,109,1,-1,-1,-1
586,85,980,117,135,108,1,-1,-1,-1
587,85,979,119,136,109,1,-1,-1,-1
588,85,977,121,136,109,1,-1,-1,-1
589,85,976,123,135,110,1,-1,-1,-1
590,85,976,125,135,110,1,-1,-1,-1
591,85,975,127,136,111,1,-1,-1,-1
592,85,975,130,134,110,1,-1,-1,-1
593,85,973,132,135,111,1,-1,-1,-1
594,85,970,134,136,112,1,-1,-1,-1
595,85,968,136,137,113,1,-1,-1,-1
596,85,966,138,139,114,1,-1,-1,-1
597,85,965,140,139,115,1,-1,-1,-1
598,85,963,142,139,116,1,-1,-1,-1
599,85,961,144,139,117,1,-1,-1,-1
600,85,959,146,141,118,1,-1,-1,-1
601,85,957,148,142,119,1,-1,-1,-1
602,85,955,150,143,121,1,-1,-1,-1
603,85,954,154,144,121,1,-1,-1,-1
604,85,952,156,144,122,1,-1,-1,-1
605,85,950,159,144,122,1,-1,-1,-1
606,85,949,161,145,123,1,-1,-1,-1
607,85,948,164,146,124,1,-1,-1,-1
608,85,948,167,146,124,1,-1,-1,-1
609,85,946,171,145,124,1,-1,-1,-1
610,85,944,175,144,123,1,-1,-1,-1
611,85,944,179,143,122,1,-1,-1,-1
612,85,943,181,144,123,1,-1,-1,-1
613,85,941,184,146,125,1,-1,-1,-1
614,85,939,187,148,127,1,-1,-1,-1
615,85,937,190,151,129,1,-1,-1,-1
616,85,934,193,151,129,1,-1,-1,-1
617,85,931,195,152,131,1,-1,-1,-1
618,85,928,199,153,131,1,-1,-1,-1
619,85,927,202,155,133,1,-1,-1,-1
620,85,924,205,158,136,1,-1,-1,-1
621,85,920,207,160,138,1,-1,-1,-1
622,85,916,210,162,139,1,-1,-1,-1
623,85,914,215,161,139,1,-1,-1,-1
624,85,913,220,159,138,1,-1,-1,-1
625,85,910,225,163,140,1,-1,-1,-1
626,85,907,229,163,141,1,-1,-1,-1
627,85,906,234,162,140,1,-1,-1,-1
628,85,904,239,161,140,1,-1,-1,-1
629,85,901,242,164,142,1,-1,-1,-1
630,85,898,246,167,144,1,-1,-1,-1
631,85,895,250,167,145,1,-1,-1,-1
632,85,891,254,169,146,1,-1,-1,-1
633,85,890,262,166,144,1,-1,-1,-1
634,85,889,268,167,144,1,-1,-1,-1
635,85,885,271,171,148,1,-1,-1,-1
636,85,881,275,175,152,1,-1,-1,-1
637,85,877,281,177,153,1,-1,-1,-1
638,85,873,287,179,154,1,-1,-1,-1
639,85,872,292,179,155,1,-1,-1,-1
640,85,868,297,181,155,1,-1,-1,-1
641,85,866,304,181,156,1,-1,-1,-1
642,85,862,310,182,157,1,-1,-1,-1
643,85,860,317,183,158,1,-1,-1,-1
644,85,856,324,185,158,1,-1,-1,-1
645,85,853,331,186,160,1,-1,-1,-1
646,85,851,339,185,159,1,-1,-1,-1
647,85,847,344,187,160,1,-1,-1,-1
648,85,844,352,187,160,1,-1,-1,-1
649,85,839,358,191,163,1,-1,-1,-1
650,85,833,364,195,166,1,-1,-1,-1
651,85,829,371,197,167,1,-1,-1,-1
652,85,825,379,197,168,1,-1,-1,-1
653,85,819,387,200,170,1,-1,-1,-1
654,85,817,396,199,169,1,-1,-1,-1
655,85,811,404,203,171,1,-1,-1,-1
656,85,806,411,206,174,1,-1,-1,-1
657,85,800,419,210,176,1,-1,-1,-1
658,85,794,427,214,180,1,-1,-1,-1
659,85,788,434,218,183,1,-1,-1,-1
660,85,783,443,219,183,1,-1,-1,-1
661,85,779,451,219,183,1,-1,-1,-1
662,85,775,458,221,185,1,-1,-1,-1
663,85,770,466,226,188,1,-1,-1,-1
664,85,765,474,230,191,1,-1,-1,-1
665,85,761,484,231,191,1,-1,-1,-1
666,85,755,491,235,195,1,-1,-1,-1
667,85,749,497,242,201,1,-1,-1,-1
668,85,745,505,247,205,1,-1,-1,-1
669,85,743,515,248,206,1,-1,-1,-1
670,85,740,525,250,208,1,-1,-1,-1
671,85,737,535,251,208,1,-1,-1,-1
672,85,732,544,256,212,1,-1,-1,-1
673,85,726,553,261,216,1,-1,-1,-1
674,85,723,563,265,221,1,-1,-1,-1
675,85,715,572,272,226,1,-1,-1,-1
676,85,712,585,273,227,1,-1,-1,-1
677,85,708,597,276,229,1,-1,-1,-1
678,85,702,606,281,234,1,-1,-1,-1
679,85,696,619,283,236,1,-1,-1,-1
680,85,689,632,286,238,1,-1,-1,-1
681,85,683,646,287,239,1,-1,-1,-1
682,85,677,656,291,243,1,-1,-1,-1
683,85,668,668,296,246,1,-1,-1,-1
684,85,661,680,301,250,1,-1,-1,-1
685,85,651,691,307,254,1,-1,-1,-1
686,85,644,704,310,257,1,-1,-1,-1
687,85,635,717,316,262,1,-1,-1,-1
688,85,623,728,326,271,1,-1,-1,-1
689,85,612,742,333,276,1,-1,-1,-1
690,85,602,758,336,278,1,-1,-1,-1
691,85,586,770,345,285,1,-1,-1,-1
692,85,572,788,348,287,1,-1,-1,-1
693,85,562,802,351,290,1,-1,-1,-1
694,85,553,815,356,293,1,-1,-1,-1
