12,92,1331,302,484,290,1,-1,-1,-1
13,92,1314,298,481,289,1,-1,-1,-1
14,92,1288,295,477,286,1,-1,-1,-1
15,92,1266,290,470,281,1,-1,-1,-1
16,92,1238,285,461,275,1,-1,-1,-1
17,92,1208,281,452,270,1,-1,-1,-1
18,92,1178,278,442,263,1,-1,-1,-1
19,92,1152,275,439,261,1,-1,-1,-1
20,92,1118,272,438,259,1,-1,-1,-1
21,92,1084,265,435,257,1,-1,-1,-1
22,92,1052,259,433,254,1,-1,-1,-1
23,92,1029,255,428,251,1,-1,-1,-1
24,92,1008,252,419,244,1,-1,-1,-1
25,92,975,248,412,239,1,-1,-1,-1
26,92,936,244,408,236,1,-1,-1,-1
27,92,905,241,402,231,1,-1,-1,-1
28,92,873,236,397,227,1,-1,-1,-1
29,92,837,231,397,226,1,-1,-1,-1
30,92,801,226,394,223,1,-1,-1,-1
31,92,772,222,389,219,1,-1,-1,-1
32,92,738,216,387,216,1,-1,-1,-1
33,92,711,210,388,215,1,-1,-1,-1
34,92,685,205,388,215,1,-1,-1,-1
35,92,655,204,381,210,1,-1,-1,-1
36,92,627,203,374,205,1,-1,-1,-1
37,92,599,199,369,201,1,-1,-1,-1
38,92,575,197,363,197,1,-1,-1,-1
39,92,551,196,353,191,1,-1,-1,-1
40,92,527,195,343,185,1,-1,-1,-1
41,92,501,193,338,181,1,-1,-1,-1
42,92,474,191,330,176,1,-1,-1,-1
43,92,449,188,326,174,1,-1,-1,-1
44,92,426,187,321,170,1,-1,-1,-1
45,92,404,186,313,166,1,-1,-1,-1
46,92,383,184,309,164,1,-1,-1,-1
47,92,361,182,303,160,1,-1,-1,-1
48,92,341,182,297,156,1,-1,-1,-1
49,92,318,180,293,154,1,-1,-1,-1
50,92,299,179,288,151,1,-1,-1,-1
51,92,281,179,280,147,1,-1,-1,-1
52,92,263,177,273,144,1,-1,-1,-1
53,92,248,175,271,143,1,-1,-1,-1
54,92,233,173,269,142,1,-1,-1,-1
55,92,218,171,264,139,1,-1,-1,-1
56,92,204,169,258,137,1,-1,-1,-1
57,92,189,169,250,133,1,-1,-1,-1
58,92,173,168,243,131,1,-1,-1,-1
59,92,157,167,239,129,1,-1,-1,-1
60,92,148,168,230,124,1,-1,-1,-1
61,92,134,167,224,123,1,-1,-1,-1
62,92,121,166,221,122,1,-1,-1,-1
63,92,113,165,213,119,1,-1,-1,-1
64,92,103,165,207,116,1,-1,-1,-1
65,92,92,165,203,114,1,-1,-1,-1
66,92,83,165,196,111,1,-1,-1,-1
67,92,72,164,191,109,1,-1,-1,-1
68,92,60,164,185,106,1,-1,-1,-1
69,92,46,163,181,103,1,-1,-1,-1
124,93,9,194,147,138,1,-1,-1,-1
125,93,13,194,149,139,1,-1,-1,-1
126,93,18,194,152,142,1,-1,-1,-1
127,93,26,196,152,142,1,-1,-1,-1
128,93,35,197,153,142,1,-1,-1,-1
129,93,43,198,155,143,1,-1,-1,-1
130,93,49,199,158,145,1,-1,-1,-1
131,93,58,200,160,146,1,-1,-1,-1
132,93,64,200,163,148,1,-1,-1,-1
133,93,69,201,165,148,1,-1,-1,-1
134,93,73,202,169,149,1,-1,-1,-1
135,93,77,203,175,152,1,-1,-1,-1
136,93,82,203,178,155,1,-1,-1,-1
137,93,87,204,182,156,1,-1,-1,-1
138,93,92,205,188,158,1,-1,-1,-1
139,93,97,206,192,160,1,-1,-1,-1
140,93,100,207,197,162,1,-1,-1,-1
141,93,102,208,200,162,1,-1,-1,-1
142,93,107,208,203,162,1,-1,-1,-1
143,93,110,208,206,162,1,-1,-1,-1
144,93,115,210,210,163,1,-1,-1,-1
145,93,120,211,214,164,1,-1,-1,-1
146,93,124,212,219,166,1,-1,-1,-1
147,93,128,212,226,169,1,-1,-1,-1
148,93,131,211,233,172,1,-1,-1,-1
149,93,137,212,237,174,1,-1,-1,-1
150,93,143,212,242,176,1,-1,-1,-1
151,93,146,213,251,180,1,-1,-1,-1
152,93,151,213,257,184,1,-1,-1,-1
153,93,155,213,261,185,1,-1,-1,-1
154,93,162,213,266,187,1,-1,-1,-1
155,93,171,214,275,191,1,-1,-1,-1
156,93,182,216,280,193,1,-1,-1,-1
157,93,194,216,289,198,1,-1,-1,-1
158,93,204,217,293,200,1,-1,-1,-1
159,93,217,219,296,200,1,-1,-1,-1
160,93,233,221,304,204,1,-1,-1,-1
161,93,251,224,311,207,1,-1,-1,-1
162,93,267,227,319,211,1,-1,-1,-1
163,93,284,230,327,214,1,-1,-1,-1
164,93,300,231,337,219,1,-1,-1,-1
165,93,318,233,347,224,1,-1,-1,-1
166,93,340,236,361,231,1,-1,-1,-1
167,93,367,239,376,240,1,-1,-1,-1
168,93,395,243,394,249,1,-1,-1,-1
169,93,427,246,410,257,1,-1,-1,-1
170,93,452,247,431,267,1,-1,-1,-1
171,93,483,249,449,276,1,-1,-1,-1
172,93,519,251,471,288,1,-1,-1,-1
173,93,572,261,486,295,1,-1,-1,-1
174,93,614,267,509,306,1,-1,-1,-1
175,93,667,273,533,318,1,-1,-1,-1
176,93,724,283,563,333,1,-1,-1,-1
177,93,788,290,593,347,1,-1,-1,-1
178,93,861,306,613,355,1,-1,-1,-1
179,93,934,321,638,366,1,-1,-1,-1
180,93,993,332,679,387,1,-1,-1,-1
181,93,1054,341,729,412,1,-1,-1,-1
182,93,1114,355,765,429,1,-1,-1,-1
183,93,1156,362,800,447,1,-1,-1,-1
184,93,1198,369,829,461,1,-1,-1,-1
185,93,1243,376,851,473,1,-1,-1,-1
204,94,1457,375,377,220,1,-1,-1,-1
205,94,1432,368,377,220,1,-1,-1,-1
206,94,1385,358,387,225,1,-1,-1,-1
207,94,1349,351,387,225,1,-1,-1,-1
208,94,1316,344,384,224,1,-1,-1,-1
209,94,1277,336,383,222,1,-1,-1,-1
210,94,1238,330,378,218,1,-1,-1,-1
211,94,1194,322,376,217,1,-1,-1,-1
212,94,1162,318,370,213,1,-1,-1,-1
213,94,1128,314,364,208,1,-1,-1,-1
214,94,1093,309,358,204,1,-1,-1,-1
215,94,1061,303,350,198,1,-1,-1,-1
216,94,1025,297,344,194,1,-1,-1,-1
217,94,978,290,342,192,1,-1,-1,-1
218,94,935,282,341,191,1,-1,-1,-1
219,94,889,272,343,190,1,-1,-1,-1
220,94,844,265,341,188,1,-1,-1,-1
221,94,805,262,330,181,1,-1,-1,-1
222,94,766,258,321,176,1,-1,-1,-1
223,94,729,254,315,172,1,-1,-1,-1
224,94,692,248,313,169,1,-1,-1,-1
225,94,649,241,311,167,1,-1,-1,-1
226,94,608,235,308,165,1,-1,-1,-1
227,94,570,231,303,161,1,-1,-1,-1
228,94,537,226,298,158,1,-1,-1,-1
229,94,502,222,289,154,1,-1,-1,-1
230,94,469,220,281,148,1,-1,-1,-1
231,94,435,217,277,145,1,-1,-1,-1
232,94,405,214,271,142,1,-1,-1,-1
233,94,373,209,267,139,1,-1,-1,-1
233,95,972,197,224,131,1,-1,-1,-1
234,94,345,204,263,138,1,-1,-1,-1
234,95,959,198,230,134,1,-1,-1,-1
235,94,318,202,256,134,1,-1,-1,-1
235,95,947,199,234,136,1,-1,-1,-1
236,94,298,199,252,133,1,-1,-1,-1
236,95,940,200,235,138,1,-1,-1,-1
237,94,274,199,245,129,1,-1,-1,-1
237,95,925,202,239,139,1,-1,-1,-1
238,94,256,197,240,127,1,-1,-1,-1
238,95,912,204,240,140,1,-1,-1,-1
239,94,238,195,233,123,1,-1,-1,-1
239,95,895,205,244,142,1,-1,-1,-1
240,94,224,193,228,121,1,-1,-1,-1
240,95,878,208,245,142,1,-1,-1,-1
241,94,214,191,223,120,1,-1,-1,-1
241,95,859,211,251,145,1,-1,-1,-1
242,94,202,190,217,117,1,-1,-1,-1
242,95,841,214,256,148,1,-1,-1,-1
243,94,180,188,213,115,1,-1,-1,-1
243,95,820,217,259,150,1,-1,-1,-1
244,94,163,188,204,111,1,-1,-1,-1
244,95,800,220,263,151,1,-1,-1,-1
245,94,145,187,196,109,1,-1,-1,-1
245,95,778,223,266,153,1,-1,-1,-1
246,94,124,186,192,107,1,-1,-1,-1
246,95,755,226,274,157,1,-1,-1,-1
247,94,108,185,185,104,1,-1,-1,-1
247,95,729,230,280,159,1,-1,-1,-1
248,94,88,183,180,102,1,-1,-1,-1
248,95,703,234,284,162,1,-1,-1,-1
249,94,67,182,176,99,1,-1,-1,-1
249,95,672,239,289,163,1,-1,-1,-1
250,95,641,243,295,167,1,-1,-1,-1
251,95,606,249,302,170,1,-1,-1,-1
252,95,568,254,314,175,1,-1,-1,-1
253,95,525,259,328,182,1,-1,-1,-1
254,95,480,264,345,191,1,-1,-1,-1
255,95,434,273,356,196,1,-1,-1,-1
256,95,387,280,369,202,1,-1,-1,-1
257,95,342,287,382,209,1,-1,-1,-1
258,95,294,297,392,214,1,-1,-1,-1
259,95,242,309,403,220,1,-1,-1,-1
