4,103,186,590,209,118,1,-1,-1,-1
5,103,185,590,209,117,1,-1,-1,-1
6,103,185,590,209,117,1,-1,-1,-1
7,103,185,590,209,117,1,-1,-1,-1
8,103,184,590,210,118,1,-1,-1,-1
9,103,184,590,210,118,1,-1,-1,-1
10,103,185,590,209,118,1,-1,-1,-1
11,103,184,590,210,119,1,-1,-1,-1
12,103,184,590,211,119,1,-1,-1,-1
13,103,184,590,211,119,1,-1,-1,-1
14,103,184,590,210,119,1,-1,-1,-1
15,103,184,590,210,119,1,-1,-1,-1
16,103,184,589,210,120,1,-1,-1,-1
17,103,184,590,211,119,1,-1,-1,-1
18,103,184,590,211,119,1,-1,-1,-1
19,103,184,590,211,120,1,-1,-1,-1
20,103,184,591,211,119,1,-1,-1,-1
21,103,184,590,212,120,1,-1,-1,-1
22,103,185,590,212,120,1,-1,-1,-1
23,103,185,590,212,120,1,-1,-1,-1
24,103,180,587,219,124,1,-1,-1,-1
25,103,177,585,225,128,1,-1,-1,-1
25,104,469,504,94,83,1,-1,-1,-1
26,103,175,584,228,129,1,-1,-1,-1
26,104,472,504,97,86,1,-1,-1,-1
27,103,175,583,228,131,1,-1,-1,-1
27,104,476,505,99,87,1,-1,-1,-1
28,103,175,583,228,131,1,-1,-1,-1
28,104,480,508,99,86,1,-1,-1,-1
28,105,963,286,327,216,1,-1,-1,-1
29,103,175,583,228,131,1,-1,-1,-1
29,104,486,509,99,87,1,-1,-1,-1
29,105,929,299,312,205,1,-1,-1,-1
30,103,175,583,228,131,1,-1,-1,-1
30,104,489,508,103,91,1,-1,-1,-1
30,105,897,308,296,196,1,-1,-1,-1
31,103,181,586,219,126,1,-1,-1,-1
31,104,492,509,106,92,1,-1,-1,-1
31,105,868,321,278,184,1,-1,-1,-1
32,103,185,588,212,122,1,-1,-1,-1
32,104,497,509,107,94,1,-1,-1,-1
32,105,845,334,260,172,1,-1,-1,-1
33,103,187,588,209,121,1,-1,-1,-1
33,104,502,509,109,96,1,-1,-1,-1
33,105,820,348,243,161,1,-1,-1,-1
34,103,189,589,206,119,1,-1,-1,-1
34,104,507,508,112,98,1,-1,-1,-1
34,105,800,356,229,152,1,-1,-1,-1
35,103,190,589,205,119,1,-1,-1,-1
35,104,512,508,115,101,1,-1,-1,-1
35,105,777,362,221,147,1,-1,-1,-1
36,103,189,590,205,117,1,-1,-1,-1
36,104,517,507,119,104,1,-1,-1,-1
36,105,757,365,216,145,1,-1,-1,-1
37,103,189,590,204,117,1,-1,-1,-1
37,104,524,507,121,106,1,-1,-1,-1
37,105,738,368,213,143,1,-1,-1,-1
38,103,189,590,205,117,1,-1,-1,-1
38,104,530,507,124,108,1,-1,-1,-1
38,105,717,374,203,138,1,-1,-1,-1
39,103,189,590,205,117,1,-1,-1,-1
39,104,538,507,127,110,1,-1,-1,-1
39,105,708,378,200,135,1,-1,-1,-1
40,103,189,590,205,117,1,-1,-1,-1
40,104,545,507,131,114,1,-1,-1,-1
40,105,696,383,192,131,1,-1,-1,-1
41,103,183,587,213,122,1,-1,-1,-1
41,104,554,507,136,118,1,-1,-1,-1
41,105,679,390,184,125,1,-1,-1,-1
42,103,184,587,211,122,1,-1,-1,-1
42,104,562,507,141,123,1,-1,-1,-1
42,105,660,396,175,120,1,-1,-1,-1
43,103,185,588,210,121,1,-1,-1,-1
43,104,568,508,148,127,1,-1,-1,-1
43,105,661,402,170,116,1,-1,-1,-1
44,103,186,588,209,121,1,-1,-1,-1
44,104,577,509,152,131,1,-1,-1,-1
44,105,648,408,162,111,1,-1,-1,-1
44,106,464,516,80,70,1,-1,-1,-1
45,103,187,588,208,120,1,-1,-1,-1
45,104,587,509,158,136,1,-1,-1,-1
45,105,632,415,154,106,1,-1,-1,-1
45,106,467,517,81,71,1,-1,-1,-1
46,103,188,588,208,120,1,-1,-1,-1
46,104,597,511,166,142,1,-1,-1,-1
46,106,471,518,82,72,1,-1,-1,-1
47,103,189,589,207,118,1,-1,-1,-1
47,104,609,513,172,146,1,-1,-1,-1
47,106,476,518,84,74,1,-1,-1,-1
48,103,189,588,208,119,1,-1,-1,-1
48,104,622,513,179,153,1,-1,-1,-1
48,106,479,517,88,77,1,-1,-1,-1
49,103,191,588,209,119,1,-1,-1,-1
49,104,637,514,190,161,1,-1,-1,-1
49,106,482,517,92,81,1,-1,-1,-1
50,103,188,586,214,123,1,-1,-1,-1
50,104,651,516,203,170,1,-1,-1,-1
50,106,486,517,94,83,1,-1,-1,-1
51,103,187,584,219,126,1,-1,-1,-1
51,104,669,518,216,180,1,-1,-1,-1
51,106,491,517,96,85,1,-1,-1,-1
52,103,189,584,220,126,1,-1,-1,-1
52,104,683,520,234,195,1,-1,-1,-1
52,106,496,517,100,88,1,-1,-1,-1
53,103,191,583,222,128,1,-1,-1,-1
53,104,703,523,252,208,1,-1,-1,-1
53,106,501,517,103,90,1,-1,-1,-1
54,103,193,582,221,127,1,-1,-1,-1
54,104,727,524,271,223,1,-1,-1,-1
54,106,508,517,105,93,1,-1,-1,-1
55,103,192,579,225,130,1,-1,-1,-1
55,104,754,529,294,240,1,-1,-1,-1
55,106,513,516,110,97,1,-1,-1,-1
56,103,197,579,221,128,1,-1,-1,-1
56,104,782,534,318,258,1,-1,-1,-1
56,106,522,516,113,99,1,-1,-1,-1
57,103,201,578,222,129,1,-1,-1,-1
57,104,810,538,349,281,1,-1,-1,-1
57,106,532,516,114,100,1,-1,-1,-1
58,103,202,577,223,129,1,-1,-1,-1
58,104,848,543,385,308,1,-1,-1,-1
58,106,542,516,115,101,1,-1,-1,-1
59,103,213,575,221,129,1,-1,-1,-1
59,104,890,546,432,342,1,-1,-1,-1
59,106,552,516,117,103,1,-1,-1,-1
60,103,216,573,224,131,1,-1,-1,-1
60,104,944,550,488,383,1,-1,-1,-1
60,106,562,516,121,106,1,-1,-1,-1
61,103,225,570,226,132,1,-1,-1,-1
61,104,982,553,553,432,1,-1,-1,-1
61,106,576,517,126,109,1,-1,-1,-1
62,103,230,569,229,134,1,-1,-1,-1
62,104,1009,556,596,463,1,-1,-1,-1
62,106,591,516,132,113,1,-1,-1,-1
63,103,243,565,232,136,1,-1,-1,-1
63,104,1031,558,617,479,1,-1,-1,-1
63,106,608,516,137,117,1,-1,-1,-1
64,103,253,562,234,138,1,-1,-1,-1
64,106,620,515,145,122,1,-1,-1,-1
65,103,264,562,229,135,1,-1,-1,-1
65,106,638,514,152,128,1,-1,-1,-1
66,103,280,561,223,132,1,-1,-1,-1
66,106,662,514,157,130,1,-1,-1,-1
67,103,292,558,220,131,1,-1,-1,-1
67,106,686,513,163,135,1,-1,-1,-1
68,103,303,556,215,129,1,-1,-1,-1
68,106,714,512,176,143,1,-1,-1,-1
69,103,313,553,216,130,1,-1,-1,-1
69,106,746,509,190,153,1,-1,-1,-1
70,103,321,550,220,132,1,-1,-1,-1
70,106,782,507,205,162,1,-1,-1,-1
71,103,329,546,223,134,1,-1,-1,-1
71,106,819,504,223,174,1,-1,-1,-1
72,103,342,542,225,135,1,-1,-1,-1
72,106,870,503,238,184,1,-1,-1,-1
73,103,357,539,223,135,1,-1,-1,-1
73,106,917,501,261,198,1,-1,-1,-1
74,103,369,535,224,136,1,-1,-1,-1
74,106,973,500,287,214,1,-1,-1,-1
75,103,382,533,225,136,1,-1,-1,-1
75,106,1038,499,318,233,1,-1,-1,-1
76,103,398,531,222,136,1,-1,-1,-1
76,106,1105,498,347,250,1,-1,-1,-1
77,103,408,528,224,138,1,-1,-1,-1
77,106,1123,493,376,267,1,-1,-1,-1
78,103,421,526,224,138,1,-1,-1,-1
78,106,1146,491,399,278,1,-1,-1,-1
79,103,436,521,231,143,1,-1,-1,-1
79,106,1176,490,412,287,1,-1,-1,-1
80,103,447,516,238,148,1,-1,-1,-1
81,103,457,512,239,148,1,-1,-1,-1
82,103,477,505,243,151,1,-1,-1,-1
83,103,491,499,249,155,1,-1,-1,-1
84,103,502,496,254,159,1,-1,-1,-1
85,103,520,493,259,162,1,-1,-1,-1
86,103,538,489,264,166,1,-1,-1,-1
87,103,558,487,268,169,1,-1,-1,-1
88,103,574,483,276,174,1,-1,-1,-1
89,103,590,481,285,180,1,-1,-1,-1
90,103,606,477,300,189,1,-1,-1,-1
91,103,626,473,311,198,1,-1,-1,-1
92,103,650,469,327,208,1,-1,-1,-1
93,103,673,464,346,220,1,-1,-1,-1
94,103,702,459,361,231,1,-1,-1,-1
95,103,733,455,378,242,1,-1,-1,-1
96,103,764,449,402,257,1,-1,-1,-1
96,107,1081,346,255,152,1,-1,-1,-1
97,103,797,444,423,272,1,-1,-1,-1
97,107,1035,356,240,143,1,-1,-1,-1
98,103,837,438,446,286,1,-1,-1,-1
98,107,992,366,227,136,1,-1,-1,-1
99,103,878,428,482,308,1,-1,-1,-1
99,107,956,374,216,130,1,-1,-1,-1
100,103,921,415,531,339,1,-1,-1,-1
101,103,968,406,574,367,1,-1,-1,-1
102,103,994,394,609,390,1,-1,-1,-1
102,107,878,390,195,117,1,-1,-1,-1
103,103,1021,385,634,408,1,-1,-1,-1
103,107,853,394,188,113,1,-1,-1,-1
104,103,1047,379,655,420,1,-1,-1,-1
104,107,830,399,182,109,1,-1,-1,-1
105,107,810,403,176,107,1,-1,-1,-1
106,107,789,407,173,105,1,-1,-1,-1
107,107,768,410,172,104,1,-1,-1,-1
108,107,754,413,167,102,1,-1,-1,-1
109,107,738,415,166,102,1,-1,-1,-1
110,107,724,418,162,101,1,-1,-1,-1
111,107,711,420,158,99,1,-1,-1,-1
112,107,698,425,151,94,1,-1,-1,-1
113,107,686,428,147,92,1,-1,-1,-1
114,107,676,432,141,90,1,-1,-1,-1
115,107,665,434,139,89,1,-1,-1,-1
116,107,656,438,135,87,1,-1,-1,-1
117,107,646,439,132,87,1,-1,-1,-1
118,107,636,442,129,85,1,-1,-1,-1
119,107,628,445,126,83,1,-1,-1,-1
120,107,620,447,122,82,1,-1,-1,-1
121,107,613,450,119,80,1,-1,-1,-1
121,108,456,507,76,75,1,-1,-1,-1
122,107,608,452,115,78,1,-1,-1,-1
122,108,460,508,75,74,1,-1,-1,-1
123,107,603,454,109,75,1,-1,-1,-1
123,108,463,509,75,73,1,-1,-1,-1
124,107,598,456,106,74,1,-1,-1,-1
124,108,466,509,75,73,1,-1,-1,-1
125,107,592,457,104,73,1,-1,-1,-1
125,108,467,509,76,74,1,-1,-1,-1
126,107,586,458,103,72,1,-1,-1,-1
126,108,469,509,77,75,1,-1,-1,-1
127,107,582,458,102,73,1,-1,-1,-1
127,108,470,508,79,77,1,-1,-1,-1
128,107,577,459,101,72,1,-1,-1,-1
128,108,472,508,83,80,1,-1,-1,-1
129,107,572,458,100,73,1,-1,-1,-1
129,108,476,510,84,81,1,-1,-1,-1
130,107,565,458,101,73,1,-1,-1,-1
130,108,479,511,85,82,1,-1,-1,-1
131,107,561,460,99,72,1,-1,-1,-1
131,108,480,512,89,84,1,-1,-1,-1
132,107,558,463,95,70,1,-1,-1,-1
132,108,483,512,91,87,1,-1,-1,-1
133,107,555,464,92,69,1,-1,-1,-1
133,108,485,513,94,89,1,-1,-1,-1
134,107,551,466,89,67,1,-1,-1,-1
134,108,489,514,96,91,1,-1,-1,-1
135,107,547,467,88,66,1,-1,-1,-1
135,108,492,513,99,94,1,-1,-1,-1
136,107,544,469,87,65,1,-1,-1,-1
136,108,494,514,103,96,1,-1,-1,-1
137,107,539,470,85,65,1,-1,-1,-1
137,108,497,514,105,98,1,-1,-1,-1
138,107,534,472,83,64,1,-1,-1,-1
138,108,500,515,107,99,1,-1,-1,-1
139,108,504,515,110,103,1,-1,-1,-1
140,108,508,518,112,103,1,-1,-1,-1
141,108,513,520,114,104,1,-1,-1,-1
142,108,519,522,117,107,1,-1,-1,-1
143,108,525,523,121,110,1,-1,-1,-1
144,108,530,524,126,113,1,-1,-1,-1
145,108,536,524,132,119,1,-1,-1,-1
146,108,541,525,139,125,1,-1,-1,-1
147,108,547,525,147,132,1,-1,-1,-1
148,108,554,525,154,138,1,-1,-1,-1
149,108,561,526,164,146,1,-1,-1,-1
150,108,568,527,175,156,1,-1,-1,-1
151,108,577,531,182,160,1,-1,-1,-1
152,108,589,535,190,167,1,-1,-1,-1
153,108,602,538,199,175,1,-1,-1,-1
154,108,617,541,209,182,1,-1,-1,-1
155,108,630,545,222,192,1,-1,-1,-1
156,108,646,550,236,203,1,-1,-1,-1
157,108,666,555,254,217,1,-1,-1,-1
158,108,694,559,273,232,1,-1,-1,-1
159,108,718,564,298,251,1,-1,-1,-1
160,108,748,571,325,271,1,-1,-1,-1
161,108,786,576,354,293,1,-1,-1,-1
162,108,825,581,396,325,1,-1,-1,-1
163,108,867,589,453,368,1,-1,-1,-1
164,108,918,596,519,418,1,-1,-1,-1
165,108,953,609,589,470,1,-1,-1,-1
166,108,979,616,634,503,1,-1,-1,-1
167,108,1001,621,656,521,1,-1,-1,-1
188,109,1139,358,214,137,1,-1,-1,-1
189,109,1084,370,202,128,1,-1,-1,-1
190,109,1037,378,194,123,1,-1,-1,-1
191,109,998,384,189,120,1,-1,-1,-1
192,109,960,388,184,117,1,-1,-1,-1
193,109,927,395,176,111,1,-1,-1,-1
194,109,896,400,169,106,1,-1,-1,-1
195,109,866,404,165,104,1,-1,-1,-1
196,109,839,407,162,102,1,-1,-1,-1
197,109,816,412,159,99,1,-1,-1,-1
198,109,795,416,156,97,1,-1,-1,-1
199,109,778,419,151,95,1,-1,-1,-1
200,109,761,422,148,93,1,-1,-1,-1
201,109,745,427,144,89,1,-1,-1,-1
202,109,727,431,140,88,1,-1,-1,-1
203,109,708,435,139,87,1,-1,-1,-1
204,109,690,439,138,87,1,-1,-1,-1
205,109,676,443,132,84,1,-1,-1,-1
206,109,663,446,129,82,1,-1,-1,-1
207,109,654,448,124,80,1,-1,-1,-1
208,109,643,450,122,78,1,-1,-1,-1
209,109,634,451,120,78,1,-1,-1,-1
210,109,625,453,118,76,1,-1,-1,-1
211,109,617,455,115,75,1,-1,-1,-1
212,109,610,457,112,73,1,-1,-1,-1
213,109,605,460,107,70,1,-1,-1,-1
214,109,599,461,105,70,1,-1,-1,-1
215,109,595,463,101,68,1,-1,-1,-1
216,109,589,463,100,68,1,-1,-1,-1
217,109,583,464,99,68,1,-1,-1,-1
218,109,577,464,99,68,1,-1,-1,-1
219,109,572,464,97,68,1,-1,-1,-1
220,109,568,465,95,67,1,-1,-1,-1
221,109,561,467,92,65,1,-1,-1,-1
222,109,553,468,90,64,1,-1,-1,-1
233,109,419,512,93,67,1,-1,-1,-1
234,109,417,514,91,67,1,-1,-1,-1
235,109,419,514,91,68,1,-1,-1,-1
236,109,422,513,92,70,1,-1,-1,-1
237,109,425,512,94,72,1,-1,-1,-1
238,109,429,510,95,74,1,-1,-1,-1
239,109,433,509,95,75,1,-1,-1,-1
240,109,437,508,95,76,1,-1,-1,-1
241,109,440,507,98,78,1,-1,-1,-1
242,109,444,506,100,80,1,-1,-1,-1
243,109,448,505,100,81,1,-1,-1,-1
244,109,452,504,102,84,1,-1,-1,-1
244,111,1057,403,275,160,1,-1,-1,-1
245,109,455,501,108,88,1,-1,-1,-1
245,111,1011,411,259,151,1,-1,-1,-1
246,109,460,500,109,90,1,-1,-1,-1
246,111,971,418,245,143,1,-1,-1,-1
247,109,464,500,112,93,1,-1,-1,-1
247,111,951,420,239,140,1,-1,-1,-1
248,109,468,500,114,95,1,-1,-1,-1
248,111,927,423,232,136,1,-1,-1,-1
249,109,474,501,114,95,1,-1,-1,-1
249,111,896,427,225,131,1,-1,-1,-1
250,109,480,501,115,97,1,-1,-1,-1
250,111,862,432,215,125,1,-1,-1,-1
251,109,484,502,118,100,1,-1,-1,-1
251,111,835,437,207,120,1,-1,-1,-1
252,109,490,502,121,103,1,-1,-1,-1
252,111,811,441,201,116,1,-1,-1,-1
253,109,497,504,123,104,1,-1,-1,-1
253,111,789,442,197,114,1,-1,-1,-1
254,109,505,505,124,105,1,-1,-1,-1
254,111,768,443,193,112,1,-1,-1,-1
255,109,513,505,127,109,1,-1,-1,-1
255,111,751,445,189,110,1,-1,-1,-1
256,109,522,506,130,111,1,-1,-1,-1
256,111,737,447,185,107,1,-1,-1,-1
257,109,530,507,133,112,1,-1,-1,-1
257,111,723,450,179,104,1,-1,-1,-1
258,109,538,506,139,118,1,-1,-1,-1
258,111,709,451,177,104,1,-1,-1,-1
259,109,545,505,147,125,1,-1,-1,-1
259,111,694,454,172,101,1,-1,-1,-1
260,109,556,507,151,128,1,-1,-1,-1
260,111,679,456,170,100,1,-1,-1,-1
261,109,566,509,158,133,1,-1,-1,-1
261,111,663,461,162,95,1,-1,-1,-1
262,109,576,511,164,137,1,-1,-1,-1
262,111,644,464,156,92,1,-1,-1,-1
263,109,589,512,172,143,1,-1,-1,-1
263,111,625,467,150,89,1,-1,-1,-1
264,109,601,511,184,153,1,-1,-1,-1
265,109,619,512,196,162,1,-1,-1,-1
266,109,638,510,213,176,1,-1,-1,-1
266,111,576,477,160,96,1,-1,-1,-1
267,109,661,510,232,190,1,-1,-1,-1
267,111,558,481,162,97,1,-1,-1,-1
268,109,685,509,256,208,1,-1,-1,-1
268,111,538,486,162,98,1,-1,-1,-1
268,112,1195,344,219,139,1,-1,-1,-1
269,109,713,509,282,228,1,-1,-1,-1
269,111,520,491,160,97,1,-1,-1,-1
269,112,1152,353,211,135,1,-1,-1,-1
270,109,750,511,307,247,1,-1,-1,-1
270,111,503,497,158,96,1,-1,-1,-1
270,112,1105,362,206,130,1,-1,-1,-1
271,109,782,514,339,270,1,-1,-1,-1
271,111,484,503,157,96,1,-1,-1,-1
271,112,1064,370,198,125,1,-1,-1,-1
272,109,820,517,379,300,1,-1,-1,-1
272,111,465,509,158,97,1,-1,-1,-1
272,112,1028,377,194,122,1,-1,-1,-1
273,109,869,523,429,335,1,-1,-1,-1
273,111,447,514,156,97,1,-1,-1,-1
273,112,997,382,191,120,1,-1,-1,-1
274,109,922,529,493,382,1,-1,-1,-1
274,111,428,521,155,97,1,-1,-1,-1
274,112,965,387,188,117,1,-1,-1,-1
275,109,949,531,576,442,1,-1,-1,-1
275,111,411,528,153,96,1,-1,-1,-1
275,112,942,392,180,112,1,-1,-1,-1
276,109,971,532,627,478,1,-1,-1,-1
276,111,390,535,152,96,1,-1,-1,-1
276,112,914,398,174,108,1,-1,-1,-1
277,109,992,534,650,495,1,-1,-1,-1
277,111,368,542,150,96,1,-1,-1,-1
277,112,888,401,172,106,1,-1,-1,-1
278,111,347,550,148,95,1,-1,-1,-1
278,112,863,404,169,103,1,-1,-1,-1
279,111,325,558,146,94,1,-1,-1,-1
279,112,844,408,163,100,1,-1,-1,-1
280,111,302,566,145,93,1,-1,-1,-1
280,112,822,411,163,99,1,-1,-1,-1
281,111,277,575,143,92,1,-1,-1,-1
281,112,806,414,161,98,1,-1,-1,-1
282,111,251,582,145,93,1,-1,-1,-1
282,112,791,417,158,97,1,-1,-1,-1
283,111,225,588,146,95,1,-1,-1,-1
283,112,777,420,156,94,1,-1,-1,-1
284,111,207,595,144,93,1,-1,-1,-1
284,112,765,421,153,93,1,-1,-1,-1
285,111,189,602,140,92,1,-1,-1,-1
285,112,752,425,150,91,1,-1,-1,-1
286,111,166,611,139,90,1,-1,-1,-1
286,112,737,428,148,90,1,-1,-1,-1
287,111,143,619,137,90,1,-1,-1,-1
287,112,720,430,147,90,1,-1,-1,-1
288,111,119,628,136,90,1,-1,-1,-1
288,112,709,434,142,87,1,-1,-1,-1
289,111,98,636,133,88,1,-1,-1,-1
289,112,696,438,141,85,1,-1,-1,-1
290,111,74,644,132,86,1,-1,-1,-1
290,112,683,441,140,85,1,-1,-1,-1
291,111,50,651,131,86,1,-1,-1,-1
291,112,672,443,138,85,1,-1,-1,-1
292,111,30,657,131,86,1,-1,-1,-1
292,112,662,445,136,84,1,-1,-1,-1
293,111,10,662,132,86,1,-1,-1,-1
293,112,651,446,135,84,1,-1,-1,-1
294,111,-10,668,131,86,1,-1,-1,-1
294,112,641,447,134,84,1,-1,-1,-1
295,111,-32,675,131,86,1,-1,-1,-1
295,112,632,450,130,81,1,-1,-1,-1
296,112,624,451,129,81,1,-1,-1,-1
297,112,616,453,126,80,1,-1,-1,-1
298,112,610,455,123,77,1,-1,-1,-1
298,113,476,515,72,68,1,-1,-1,-1
299,112,606,457,116,74,1,-1,-1,-1
299,113,479,515,73,69,1,-1,-1,-1
300,112,599,459,115,73,1,-1,-1,-1
300,113,483,516,74,70,1,-1,-1,-1
301,112,596,461,111,72,1,-1,-1,-1
301,113,485,516,77,73,1,-1,-1,-1
302,112,592,463,109,71,1,-1,-1,-1
302,113,488,517,80,75,1,-1,-1,-1
303,112,589,463,106,70,1,-1,-1,-1
303,113,494,518,81,75,1,-1,-1,-1
304,112,584,464,105,70,1,-1,-1,-1
304,113,498,517,85,79,1,-1,-1,-1
305,112,580,465,102,69,1,-1,-1,-1
305,113,503,516,88,82,1,-1,-1,-1
306,112,575,467,99,66,1,-1,-1,-1
306,113,509,516,90,84,1,-1,-1,-1
307,112,571,467,97,66,1,-1,-1,-1
307,113,515,515,95,88,1,-1,-1,-1
308,112,567,467,96,66,1,-1,-1,-1
308,113,520,515,98,90,1,-1,-1,-1
309,112,566,469,91,64,1,-1,-1,-1
309,113,528,514,100,93,1,-1,-1,-1
310,112,561,471,89,62,1,-1,-1,-1
310,113,538,515,101,93,1,-1,-1,-1
311,112,555,472,88,62,1,-1,-1,-1
311,113,549,515,102,93,1,-1,-1,-1
312,113,559,515,105,95,1,-1,-1,-1
313,113,570,514,108,97,1,-1,-1,-1
314,113,581,514,111,99,1,-1,-1,-1
315,113,596,514,116,103,1,-1,-1,-1
316,113,614,514,119,105,1,-1,-1,-1
317,113,628,514,124,108,1,-1,-1,-1
318,113,645,514,129,112,1,-1,-1,-1
319,113,661,513,138,118,1,-1,-1,-1
320,113,682,511,148,125,1,-1,-1,-1
321,113,706,509,158,132,1,-1,-1,-1
322,113,733,505,169,141,1,-1,-1,-1
323,113,760,501,186,153,1,-1,-1,-1
324,113,794,500,197,161,1,-1,-1,-1
325,113,824,501,212,170,1,-1,-1,-1
326,113,862,502,228,181,1,-1,-1,-1
327,113,908,504,246,192,1,-1,-1,-1
328,113,957,504,272,209,1,-1,-1,-1
329,113,1013,504,300,228,1,-1,-1,-1
330,113,1081,504,334,248,1,-1,-1,-1
331,113,1142,505,363,265,1,-1,-1,-1
332,113,1184,505,385,278,1,-1,-1,-1
333,113,1216,505,397,287,1,-1,-1,-1
339,114,1107,396,265,162,1,-1,-1,-1
340,114,1059,402,256,157,1,-1,-1,-1
341,114,1020,408,244,149,1,-1,-1,-1
342,114,986,412,237,144,1,-1,-1,-1
343,114,958,419,227,138,1,-1,-1,-1
344,114,930,424,220,133,1,-1,-1,-1
345,114,907,428,212,128,1,-1,-1,-1
346,114,884,431,207,124,1,-1,-1,-1
347,114,860,433,204,122,1,-1,-1,-1
348,114,837,433,204,122,1,-1,-1,-1
349,114,822,434,199,118,1,-1,-1,-1
350,114,809,434,197,117,1,-1,-1,-1
351,114,796,434,194,116,1,-1,-1,-1
352,114,780,435,194,115,1,-1,-1,-1
352,115,471,503,85,80,1,-1,-1,-1
353,114,765,437,193,114,1,-1,-1,-1
353,115,475,504,85,80,1,-1,-1,-1
354,114,752,440,192,113,1,-1,-1,-1
354,115,479,507,84,78,1,-1,-1,-1
355,114,741,441,191,113,1,-1,-1,-1
355,115,483,510,82,78,1,-1,-1,-1
356,114,732,443,187,111,1,-1,-1,-1
356,115,487,513,82,78,1,-1,-1,-1
356,116,50,657,155,96,1,-1,-1,-1
357,114,722,445,182,109,1,-1,-1,-1
357,115,490,515,84,80,1,-1,-1,-1
357,116,54,656,155,95,1,-1,-1,-1
358,114,712,448,180,107,1,-1,-1,-1
358,115,494,517,87,81,1,-1,-1,-1
359,114,705,448,178,106,1,-1,-1,-1
359,115,498,517,90,84,1,-1,-1,-1
360,114,698,449,175,105,1,-1,-1,-1
360,115,503,516,91,86,1,-1,-1,-1
360,116,90,648,153,95,1,-1,-1,-1
361,114,693,451,172,103,1,-1,-1,-1
361,115,507,516,95,88,1,-1,-1,-1
361,116,99,646,152,94,1,-1,-1,-1
362,114,688,450,170,103,1,-1,-1,-1
362,115,512,516,99,91,1,-1,-1,-1
362,116,108,643,152,94,1,-1,-1,-1
363,114,681,451,170,103,1,-1,-1,-1
363,115,517,515,102,94,1,-1,-1,-1
363,116,118,641,152,94,1,-1,-1,-1
364,114,673,452,167,102,1,-1,-1,-1
364,115,524,514,106,97,1,-1,-1,-1
364,116,127,638,151,94,1,-1,-1,-1
365,114,667,455,164,101,1,-1,-1,-1
365,115,532,515,108,98,1,-1,-1,-1
365,116,135,635,150,94,1,-1,-1,-1
366,114,663,458,159,98,1,-1,-1,-1
366,115,542,515,110,100,1,-1,-1,-1
366,116,144,633,150,93,1,-1,-1,-1
367,114,660,460,155,97,1,-1,-1,-1
367,115,551,515,113,102,1,-1,-1,-1
367,116,154,631,150,93,1,-1,-1,-1
368,114,656,462,151,95,1,-1,-1,-1
368,115,562,515,116,104,1,-1,-1,-1
368,116,162,628,152,93,1,-1,-1,-1
369,114,651,463,147,94,1,-1,-1,-1
369,115,573,516,119,106,1,-1,-1,-1
369,116,171,625,151,94,1,-1,-1,-1
369,117,1195,352,207,139,1,-1,-1,-1
370,114,649,465,142,91,1,-1,-1,-1
370,115,583,517,123,109,1,-1,-1,-1
370,116,179,625,148,91,1,-1,-1,-1
370,117,1141,360,202,135,1,-1,-1,-1
371,114,651,467,136,87,1,-1,-1,-1
371,115,595,518,127,112,1,-1,-1,-1
371,116,186,624,145,89,1,-1,-1,-1
371,117,1092,369,193,129,1,-1,-1,-1
372,114,651,466,132,85,1,-1,-1,-1
372,115,608,519,133,115,1,-1,-1,-1
372,116,192,622,144,88,1,-1,-1,-1
372,117,1049,377,185,123,1,-1,-1,-1
373,114,647,467,130,84,1,-1,-1,-1
373,115,622,519,139,120,1,-1,-1,-1
373,116,196,620,144,88,1,-1,-1,-1
373,117,1014,384,179,119,1,-1,-1,-1
374,114,646,466,129,83,1,-1,-1,-1
374,115,639,518,144,123,1,-1,-1,-1
374,116,201,620,142,85,1,-1,-1,-1
374,117,979,388,174,116,1,-1,-1,-1
375,114,645,466,131,85,1,-1,-1,-1
375,115,661,515,155,130,1,-1,-1,-1
375,116,205,618,142,86,1,-1,-1,-1
375,117,947,393,170,112,1,-1,-1,-1
376,114,641,466,134,88,1,-1,-1,-1
376,115,685,512,166,138,1,-1,-1,-1
376,116,210,617,143,87,1,-1,-1,-1
376,117,918,397,166,110,1,-1,-1,-1
377,114,637,467,136,89,1,-1,-1,-1
377,115,711,508,180,148,1,-1,-1,-1
377,116,216,616,142,85,1,-1,-1,-1
377,117,890,402,163,107,1,-1,-1,-1
378,114,635,467,137,89,1,-1,-1,-1
378,115,741,506,194,157,1,-1,-1,-1
378,116,223,615,141,84,1,-1,-1,-1
378,117,865,406,158,104,1,-1,-1,-1
379,114,635,468,135,89,1,-1,-1,-1
379,115,774,504,207,165,1,-1,-1,-1
379,117,840,409,157,103,1,-1,-1,-1
380,114,634,468,133,89,1,-1,-1,-1
380,115,809,502,222,176,1,-1,-1,-1
380,117,820,414,153,100,1,-1,-1,-1
381,114,632,468,134,89,1,-1,-1,-1
381,115,853,501,240,187,1,-1,-1,-1
381,117,799,417,152,99,1,-1,-1,-1
382,114,631,468,134,90,1,-1,-1,-1
382,115,902,501,263,201,1,-1,-1,-1
382,117,783,421,147,96,1,-1,-1,-1
383,114,629,468,134,90,1,-1,-1,-1
383,115,962,500,292,219,1,-1,-1,-1
383,117,769,425,142,93,1,-1,-1,-1
384,114,628,468,133,90,1,-1,-1,-1
384,115,1037,501,321,237,1,-1,-1,-1
384,116,226,613,148,89,1,-1,-1,-1
384,117,755,428,137,89,1,-1,-1,-1
385,114,627,469,132,88,1,-1,-1,-1
385,115,1108,501,353,256,1,-1,-1,-1
385,116,224,612,150,90,1,-1,-1,-1
385,117,742,432,131,85,1,-1,-1,-1
386,114,626,468,132,89,1,-1,-1,-1
386,115,1154,500,377,270,1,-1,-1,-1
386,116,223,612,153,91,1,-1,-1,-1
386,117,723,436,126,82,1,-1,-1,-1
387,114,625,467,132,90,1,-1,-1,-1
387,115,1187,500,389,278,1,-1,-1,-1
387,116,225,611,151,90,1,-1,-1,-1
387,117,701,440,121,79,1,-1,-1,-1
388,114,624,466,133,91,1,-1,-1,-1
388,116,224,611,153,90,1,-1,-1,-1
389,114,625,466,134,91,1,-1,-1,-1
389,116,224,610,153,91,1,-1,-1,-1
390,114,624,466,135,91,1,-1,-1,-1
390,116,223,610,154,92,1,-1,-1,-1
391,114,623,466,134,92,1,-1,-1,-1
391,116,222,609,155,92,1,-1,-1,-1
392,114,622,465,135,93,1,-1,-1,-1
392,116,222,609,155,92,1,-1,-1,-1
393,114,619,463,137,95,1,-1,-1,-1
393,116,222,609,154,92,1,-1,-1,-1
394,114,618,463,138,95,1,-1,-1,-1
394,116,222,609,154,92,1,-1,-1,-1
395,114,621,462,135,94,1,-1,-1,-1
395,116,222,609,154,92,1,-1,-1,-1
396,114,624,462,133,92,1,-1,-1,-1
396,116,221,609,155,93,1,-1,-1,-1
397,114,626,463,130,90,1,-1,-1,-1
397,116,221,609,155,93,1,-1,-1,-1
398,114,625,464,127,89,1,-1,-1,-1
398,116,222,609,155,93,1,-1,-1,-1
399,114,627,467,124,86,1,-1,-1,-1
400,114,627,469,122,84,1,-1,-1,-1
400,116,223,609,153,93,1,-1,-1,-1
401,114,627,470,122,85,1,-1,-1,-1
401,116,223,609,152,92,1,-1,-1,-1
402,114,629,471,121,84,1,-1,-1,-1
402,116,223,609,152,92,1,-1,-1,-1
402,118,1179,321,229,165,1,-1,-1,-1
403,114,629,471,122,84,1,-1,-1,-1
403,116,223,609,152,92,1,-1,-1,-1
403,118,1133,332,217,156,1,-1,-1,-1
404,114,628,471,122,84,1,-1,-1,-1
404,116,223,609,152,92,1,-1,-1,-1
404,118,1090,340,211,150,1,-1,-1,-1
405,114,628,471,122,85,1,-1,-1,-1
405,116,223,609,151,92,1,-1,-1,-1
405,118,1052,347,204,146,1,-1,-1,-1
406,114,628,471,122,85,1,-1,-1,-1
406,116,223,609,151,92,1,-1,-1,-1
406,118,1020,355,195,139,1,-1,-1,-1
407,114,626,470,124,86,1,-1,-1,-1
407,116,223,609,151,92,1,-1,-1,-1
407,118,988,361,188,134,1,-1,-1,-1
408,114,626,470,125,86,1,-1,-1,-1
408,116,224,610,149,91,1,-1,-1,-1
408,118,957,368,182,129,1,-1,-1,-1
408,119,565,474,76,61,1,-1,-1,-1
409,114,626,470,125,86,1,-1,-1,-1
409,116,224,610,149,91,1,-1,-1,-1
409,118,928,373,178,126,1,-1,-1,-1
409,119,560,475,75,60,1,-1,-1,-1
410,114,626,470,125,86,1,-1,-1,-1
410,116,225,610,148,91,1,-1,-1,-1
410,118,906,379,171,121,1,-1,-1,-1
410,119,555,475,75,61,1,-1,-1,-1
411,114,625,470,126,86,1,-1,-1,-1
411,116,224,610,148,91,1,-1,-1,-1
411,118,883,384,168,118,1,-1,-1,-1
411,119,550,476,76,61,1,-1,-1,-1
412,114,624,470,127,87,1,-1,-1,-1
412,116,224,611,147,90,1,-1,-1,-1
412,118,862,387,166,117,1,-1,-1,-1
413,114,624,470,127,87,1,-1,-1,-1
413,116,224,611,147,90,1,-1,-1,-1
413,118,842,392,161,113,1,-1,-1,-1
414,114,624,470,127,88,1,-1,-1,-1
414,116,224,612,147,89,1,-1,-1,-1
414,118,825,396,156,110,1,-1,-1,-1
415,114,624,470,126,88,1,-1,-1,-1
415,116,224,612,147,89,1,-1,-1,-1
415,118,806,398,156,110,1,-1,-1,-1
416,114,624,470,126,88,1,-1,-1,-1
416,116,225,612,146,89,1,-1,-1,-1
416,118,787,400,156,110,1,-1,-1,-1
417,114,624,470,126,88,1,-1,-1,-1
417,116,225,612,146,89,1,-1,-1,-1
417,118,772,403,153,108,1,-1,-1,-1
418,114,623,470,127,88,1,-1,-1,-1
418,116,224,612,147,90,1,-1,-1,-1
418,118,757,407,149,105,1,-1,-1,-1
419,114,623,470,127,88,1,-1,-1,-1
419,116,224,612,147,90,1,-1,-1,-1
419,118,744,411,145,103,1,-1,-1,-1
420,114,623,470,127,88,1,-1,-1,-1
420,116,224,612,147,90,1,-1,-1,-1
420,118,730,415,142,100,1,-1,-1,-1
421,114,623,468,129,90,1,-1,-1,-1
421,116,224,612,147,91,1,-1,-1,-1
421,118,719,419,136,97,1,-1,-1,-1
422,114,622,466,132,92,1,-1,-1,-1
422,118,707,422,132,94,1,-1,-1,-1
422,119,438,507,85,69,1,-1,-1,-1
422,120,39,664,157,98,1,-1,-1,-1
423,114,622,465,134,93,1,-1,-1,-1
423,118,692,426,127,91,1,-1,-1,-1
423,119,433,508,86,70,1,-1,-1,-1
423,120,46,661,159,99,1,-1,-1,-1
424,114,622,464,136,95,1,-1,-1,-1
424,118,674,430,124,88,1,-1,-1,-1
424,119,432,509,86,70,1,-1,-1,-1
424,120,52,661,156,97,1,-1,-1,-1
425,114,624,464,135,94,1,-1,-1,-1
425,119,433,509,87,71,1,-1,-1,-1
425,120,56,661,154,96,1,-1,-1,-1
426,114,625,464,134,94,1,-1,-1,-1
426,119,434,508,89,74,1,-1,-1,-1
426,120,57,660,157,97,1,-1,-1,-1
427,114,623,464,136,94,1,-1,-1,-1
427,119,436,508,90,75,1,-1,-1,-1
427,120,58,659,159,98,1,-1,-1,-1
428,114,621,461,141,99,1,-1,-1,-1
428,119,438,507,91,76,1,-1,-1,-1
428,120,60,657,159,99,1,-1,-1,-1
429,114,621,461,139,98,1,-1,-1,-1
429,119,440,507,92,77,1,-1,-1,-1
429,120,60,656,161,100,1,-1,-1,-1
430,114,622,461,138,97,1,-1,-1,-1
430,119,442,506,92,78,1,-1,-1,-1
430,120,62,656,160,99,1,-1,-1,-1
431,114,624,462,135,95,1,-1,-1,-1
431,119,445,507,92,78,1,-1,-1,-1
431,120,64,656,159,99,1,-1,-1,-1
432,114,624,462,135,95,1,-1,-1,-1
432,119,447,506,94,81,1,-1,-1,-1
432,120,63,655,160,100,1,-1,-1,-1
433,114,624,464,132,93,1,-1,-1,-1
433,119,450,505,95,82,1,-1,-1,-1
433,120,61,655,162,100,1,-1,-1,-1
434,114,623,465,131,92,1,-1,-1,-1
434,119,451,504,97,84,1,-1,-1,-1
434,120,59,654,162,101,1,-1,-1,-1
435,114,625,467,128,90,1,-1,-1,-1
435,119,452,503,100,86,1,-1,-1,-1
435,120,56,654,165,101,1,-1,-1,-1
436,114,627,469,126,88,1,-1,-1,-1
436,119,454,503,101,87,1,-1,-1,-1
436,120,55,653,164,102,1,-1,-1,-1
437,114,626,470,126,89,1,-1,-1,-1
437,119,457,504,102,88,1,-1,-1,-1
437,120,55,653,163,102,1,-1,-1,-1
438,114,625,471,125,88,1,-1,-1,-1
438,119,460,504,104,91,1,-1,-1,-1
438,120,55,653,163,101,1,-1,-1,-1
439,114,624,472,124,87,1,-1,-1,-1
439,119,464,505,105,91,1,-1,-1,-1
439,120,55,652,164,102,1,-1,-1,-1
440,114,624,472,122,86,1,-1,-1,-1
440,119,468,506,105,91,1,-1,-1,-1
441,114,624,472,120,85,1,-1,-1,-1
441,119,473,508,103,89,1,-1,-1,-1
441,120,62,654,158,99,1,-1,-1,-1
442,114,622,471,121,86,1,-1,-1,-1
442,119,477,509,104,90,1,-1,-1,-1
442,120,65,654,157,98,1,-1,-1,-1
443,114,619,471,122,85,1,-1,-1,-1
443,119,481,510,105,91,1,-1,-1,-1
443,120,67,654,156,98,1,-1,-1,-1
444,114,618,471,121,85,1,-1,-1,-1
444,119,483,510,109,94,1,-1,-1,-1
444,120,68,654,156,98,1,-1,-1,-1
445,114,617,472,121,84,1,-1,-1,-1
445,119,487,509,111,96,1,-1,-1,-1
445,120,69,654,156,98,1,-1,-1,-1
446,114,615,472,121,84,1,-1,-1,-1
446,119,491,510,113,97,1,-1,-1,-1
446,120,69,654,156,98,1,-1,-1,-1
447,114,615,472,120,84,1,-1,-1,-1
447,119,495,510,115,99,1,-1,-1,-1
447,120,69,653,159,99,1,-1,-1,-1
448,114,613,473,120,84,1,-1,-1,-1
448,119,500,511,117,100,1,-1,-1,-1
448,120,72,653,159,99,1,-1,-1,-1
449,114,611,474,120,83,1,-1,-1,-1
449,116,248,605,152,94,1,-1,-1,-1
449,119,505,511,120,101,1,-1,-1,-1
449,120,75,652,159,99,1,-1,-1,-1
450,114,607,473,121,84,1,-1,-1,-1
450,116,247,603,154,95,1,-1,-1,-1
450,119,513,511,120,102,1,-1,-1,-1
450,120,79,652,159,98,1,-1,-1,-1
451,114,602,474,120,83,1,-1,-1,-1
451,116,247,602,157,96,1,-1,-1,-1
451,119,521,512,121,102,1,-1,-1,-1
451,120,84,651,158,98,1,-1,-1,-1
452,114,599,475,116,81,1,-1,-1,-1
452,116,251,601,156,96,1,-1,-1,-1
452,119,527,510,128,107,1,-1,-1,-1
452,120,89,650,159,98,1,-1,-1,-1
453,114,596,476,114,80,1,-1,-1,-1
453,116,262,601,153,94,1,-1,-1,-1
453,119,529,505,140,117,1,-1,-1,-1
453,120,93,650,156,96,1,-1,-1,-1
454,114,594,477,113,79,1,-1,-1,-1
454,116,266,597,157,96,1,-1,-1,-1
454,119,535,503,148,123,1,-1,-1,-1
454,120,95,649,155,96,1,-1,-1,-1
455,116,273,592,161,98,1,-1,-1,-1
455,119,542,503,152,125,1,-1,-1,-1
455,120,95,649,157,96,1,-1,-1,-1
456,116,283,587,166,101,1,-1,-1,-1
456,119,549,501,159,130,1,-1,-1,-1
456,120,99,648,155,95,1,-1,-1,-1
457,116,289,584,168,102,1,-1,-1,-1
457,119,563,501,162,132,1,-1,-1,-1
457,120,103,648,154,94,1,-1,-1,-1
458,116,303,582,167,101,1,-1,-1,-1
458,119,574,500,167,135,1,-1,-1,-1
458,120,106,648,153,94,1,-1,-1,-1
459,116,314,579,167,101,1,-1,-1,-1
459,119,587,499,175,140,1,-1,-1,-1
459,120,109,647,155,94,1,-1,-1,-1
460,116,324,577,167,101,1,-1,-1,-1
460,119,601,500,181,143,1,-1,-1,-1
460,120,112,646,156,95,1,-1,-1,-1
460,121,1093,391,300,164,1,-1,-1,-1
461,116,334,575,168,101,1,-1,-1,-1
461,119,614,501,182,145,1,-1,-1,-1
461,120,115,645,156,94,1,-1,-1,-1
461,121,1066,395,291,159,1,-1,-1,-1
462,114,518,491,135,94,1,-1,-1,-1
462,116,346,571,168,101,1,-1,-1,-1
462,119,623,499,194,151,1,-1,-1,-1
462,120,119,644,155,94,1,-1,-1,-1
462,121,1034,400,279,152,1,-1,-1,-1
463,114,508,494,137,95,1,-1,-1,-1
463,116,360,568,165,100,1,-1,-1,-1
463,119,645,495,203,158,1,-1,-1,-1
463,120,124,642,154,93,1,-1,-1,-1
463,121,1008,403,271,148,1,-1,-1,-1
464,114,499,497,134,94,1,-1,-1,-1
464,116,370,564,167,101,1,-1,-1,-1
464,119,661,493,215,166,1,-1,-1,-1
464,120,129,641,154,93,1,-1,-1,-1
464,121,983,409,262,143,1,-1,-1,-1
465,114,492,501,129,89,1,-1,-1,-1
465,116,382,560,169,103,1,-1,-1,-1
465,119,680,491,227,174,1,-1,-1,-1
465,120,132,640,154,93,1,-1,-1,-1
465,121,960,414,252,137,1,-1,-1,-1
466,114,486,503,125,87,1,-1,-1,-1
466,116,391,556,173,105,1,-1,-1,-1
466,119,701,489,236,180,1,-1,-1,-1
466,120,137,638,155,93,1,-1,-1,-1
466,121,938,418,245,133,1,-1,-1,-1
467,114,479,505,125,87,1,-1,-1,-1
467,116,399,552,177,107,1,-1,-1,-1
467,119,723,486,245,186,1,-1,-1,-1
467,120,140,638,153,92,1,-1,-1,-1
467,121,923,423,237,129,1,-1,-1,-1
468,116,411,550,175,107,1,-1,-1,-1
468,119,750,483,254,192,1,-1,-1,-1
468,120,145,637,154,92,1,-1,-1,-1
468,121,898,424,230,125,1,-1,-1,-1
469,116,423,547,174,106,1,-1,-1,-1
469,119,774,481,267,200,1,-1,-1,-1
469,120,151,633,156,93,1,-1,-1,-1
469,121,875,427,221,120,1,-1,-1,-1
470,116,433,546,173,106,1,-1,-1,-1
470,119,802,479,281,209,1,-1,-1,-1
470,120,155,628,161,96,1,-1,-1,-1
470,121,852,430,213,116,1,-1,-1,-1
471,116,450,545,171,104,1,-1,-1,-1
471,119,839,473,304,225,1,-1,-1,-1
471,120,166,625,160,95,1,-1,-1,-1
472,116,466,542,170,103,1,-1,-1,-1
472,119,882,462,339,249,1,-1,-1,-1
472,120,176,623,158,93,1,-1,-1,-1
473,116,477,539,170,104,1,-1,-1,-1
473,119,935,455,366,265,1,-1,-1,-1
473,120,188,620,159,93,1,-1,-1,-1
474,116,487,536,173,105,1,-1,-1,-1
474,119,994,453,388,278,1,-1,-1,-1
474,120,200,618,153,89,1,-1,-1,-1
475,116,500,531,179,110,1,-1,-1,-1
475,119,1051,449,418,296,1,-1,-1,-1
475,120,210,615,151,88,1,-1,-1,-1
476,116,515,529,181,110,1,-1,-1,-1
476,119,1089,446,441,309,1,-1,-1,-1
476,120,217,612,155,90,1,-1,-1,-1
476,122,340,557,124,87,1,-1,-1,-1
477,116,529,527,182,111,1,-1,-1,-1
477,119,1118,443,454,318,1,-1,-1,-1
477,120,221,610,158,91,1,-1,-1,-1
477,122,328,563,120,83,1,-1,-1,-1
477,123,786,439,174,107,1,-1,-1,-1
478,116,536,525,187,115,1,-1,-1,-1
478,120,226,607,159,93,1,-1,-1,-1
478,122,319,568,116,80,1,-1,-1,-1
478,123,769,442,172,105,1,-1,-1,-1
479,116,548,524,187,115,1,-1,-1,-1
479,120,230,605,162,95,1,-1,-1,-1
479,123,755,444,170,103,1,-1,-1,-1
480,116,561,523,187,114,1,-1,-1,-1
480,120,234,603,166,97,1,-1,-1,-1
480,123,743,445,165,102,1,-1,-1,-1
481,116,573,520,190,118,1,-1,-1,-1
481,120,240,600,170,99,1,-1,-1,-1
481,123,730,448,162,99,1,-1,-1,-1
482,116,588,518,194,120,1,-1,-1,-1
482,120,244,599,170,98,1,-1,-1,-1
482,123,722,450,158,98,1,-1,-1,-1
483,116,599,516,199,124,1,-1,-1,-1
483,120,258,599,165,95,1,-1,-1,-1
483,122,213,596,133,93,1,-1,-1,-1
483,123,708,453,157,97,1,-1,-1,-1
484,116,610,516,203,125,1,-1,-1,-1
484,120,274,597,163,94,1,-1,-1,-1
484,122,197,602,133,93,1,-1,-1,-1
484,123,697,455,151,93,1,-1,-1,-1
485,116,622,515,203,127,1,-1,-1,-1
485,120,286,595,161,94,1,-1,-1,-1
485,122,184,608,132,91,1,-1,-1,-1
485,123,685,458,147,90,1,-1,-1,-1
486,116,633,512,210,131,1,-1,-1,-1
486,120,296,593,160,94,1,-1,-1,-1
486,122,169,613,131,90,1,-1,-1,-1
486,123,674,460,143,88,1,-1,-1,-1
487,116,646,508,220,138,1,-1,-1,-1
487,120,306,592,159,93,1,-1,-1,-1
487,122,155,618,128,88,1,-1,-1,-1
487,124,1173,349,211,139,1,-1,-1,-1
488,116,657,506,228,143,1,-1,-1,-1
488,120,312,590,161,93,1,-1,-1,-1
488,122,139,624,127,87,1,-1,-1,-1
488,123,645,464,147,91,1,-1,-1,-1
488,124,1119,358,204,134,1,-1,-1,-1
489,116,677,503,237,150,1,-1,-1,-1
489,120,320,588,164,95,1,-1,-1,-1
489,122,124,630,125,86,1,-1,-1,-1
489,123,633,467,147,92,1,-1,-1,-1
489,124,1073,367,197,129,1,-1,-1,-1
490,116,698,506,242,152,1,-1,-1,-1
490,120,328,586,166,97,1,-1,-1,-1
490,122,109,636,123,84,1,-1,-1,-1
490,123,623,470,145,90,1,-1,-1,-1
490,124,1031,374,191,125,1,-1,-1,-1
491,116,720,504,251,158,1,-1,-1,-1
491,120,337,584,168,99,1,-1,-1,-1
491,122,93,642,123,83,1,-1,-1,-1
491,123,608,474,142,88,1,-1,-1,-1
491,124,990,379,190,124,1,-1,-1,-1
492,116,748,504,258,163,1,-1,-1,-1
492,120,345,582,170,100,1,-1,-1,-1
492,122,69,644,128,86,1,-1,-1,-1
492,123,593,476,143,90,1,-1,-1,-1
492,124,957,387,181,117,1,-1,-1,-1
493,116,777,503,265,167,1,-1,-1,-1
493,120,353,582,171,102,1,-1,-1,-1
493,122,52,648,129,88,1,-1,-1,-1
493,123,575,479,145,91,1,-1,-1,-1
493,124,929,394,171,111,1,-1,-1,-1
494,116,808,500,276,173,1,-1,-1,-1
494,120,361,582,172,102,1,-1,-1,-1
494,122,35,653,129,88,1,-1,-1,-1
494,123,561,484,143,90,1,-1,-1,-1
494,124,900,399,165,107,1,-1,-1,-1
495,116,843,495,293,184,1,-1,-1,-1
495,120,370,580,173,104,1,-1,-1,-1
495,123,548,488,144,91,1,-1,-1,-1
495,124,873,403,161,103,1,-1,-1,-1
496,116,879,493,308,193,1,-1,-1,-1
496,120,377,579,176,106,1,-1,-1,-1
496,123,533,491,145,92,1,-1,-1,-1
496,124,848,407,160,102,1,-1,-1,-1
497,116,921,492,323,201,1,-1,-1,-1
497,120,382,580,177,106,1,-1,-1,-1
497,123,519,495,144,92,1,-1,-1,-1
497,124,821,410,159,101,1,-1,-1,-1
498,116,964,492,341,211,1,-1,-1,-1
498,120,388,580,178,108,1,-1,-1,-1
498,123,504,500,144,92,1,-1,-1,-1
498,124,800,413,158,101,1,-1,-1,-1
499,116,1007,492,360,222,1,-1,-1,-1
499,120,394,579,179,109,1,-1,-1,-1
499,123,489,504,143,92,1,-1,-1,-1
499,124,783,415,157,101,1,-1,-1,-1
500,116,1064,488,391,239,1,-1,-1,-1
500,120,401,580,178,109,1,-1,-1,-1
500,123,477,508,141,91,1,-1,-1,-1
500,124,766,418,157,100,1,-1,-1,-1
501,116,1103,485,412,251,1,-1,-1,-1
501,120,407,581,180,111,1,-1,-1,-1
501,123,467,512,138,90,1,-1,-1,-1
501,124,751,420,153,98,1,-1,-1,-1
502,116,1132,483,424,258,1,-1,-1,-1
502,120,413,581,183,113,1,-1,-1,-1
502,123,457,516,135,88,1,-1,-1,-1
502,124,732,422,151,97,1,-1,-1,-1
503,120,418,582,187,118,1,-1,-1,-1
503,123,443,519,135,88,1,-1,-1,-1
503,124,716,426,146,93,1,-1,-1,-1
504,120,423,584,190,120,1,-1,-1,-1
504,123,429,522,134,88,1,-1,-1,-1
504,124,705,430,141,91,1,-1,-1,-1
505,120,428,586,192,123,1,-1,-1,-1
505,123,416,526,133,88,1,-1,-1,-1
505,124,691,433,140,89,1,-1,-1,-1
506,120,436,590,194,124,1,-1,-1,-1
506,123,396,532,140,92,1,-1,-1,-1
506,124,679,436,137,88,1,-1,-1,-1
507,120,444,591,198,128,1,-1,-1,-1
507,123,381,538,140,92,1,-1,-1,-1
507,124,664,438,138,89,1,-1,-1,-1
508,120,451,592,204,133,1,-1,-1,-1
508,123,368,543,139,93,1,-1,-1,-1
508,124,654,441,134,87,1,-1,-1,-1
509,120,460,593,210,138,1,-1,-1,-1
509,123,355,551,131,88,1,-1,-1,-1
509,124,643,443,132,86,1,-1,-1,-1
510,120,469,594,214,142,1,-1,-1,-1
510,123,337,558,130,87,1,-1,-1,-1
510,124,633,446,128,84,1,-1,-1,-1
511,120,479,596,220,147,1,-1,-1,-1
511,123,319,564,129,87,1,-1,-1,-1
511,124,624,448,125,83,1,-1,-1,-1
512,120,487,596,228,153,1,-1,-1,-1
512,123,304,571,127,85,1,-1,-1,-1
512,124,616,451,122,81,1,-1,-1,-1
513,120,495,598,237,160,1,-1,-1,-1
513,123,287,576,127,86,1,-1,-1,-1
513,124,609,454,118,78,1,-1,-1,-1
514,120,504,600,247,168,1,-1,-1,-1
514,123,267,582,128,86,1,-1,-1,-1
514,124,602,457,114,76,1,-1,-1,-1
515,120,511,602,259,178,1,-1,-1,-1
515,123,248,586,131,89,1,-1,-1,-1
515,124,597,459,109,75,1,-1,-1,-1
516,120,524,605,266,184,1,-1,-1,-1
516,123,232,591,132,89,1,-1,-1,-1
516,124,592,461,107,74,1,-1,-1,-1
517,120,536,608,280,195,1,-1,-1,-1
517,123,214,595,133,90,1,-1,-1,-1
517,124,586,462,105,72,1,-1,-1,-1
518,120,550,612,296,207,1,-1,-1,-1
518,123,202,599,133,90,1,-1,-1,-1
518,124,582,464,101,70,1,-1,-1,-1
519,120,569,617,310,217,1,-1,-1,-1
519,123,189,605,131,89,1,-1,-1,-1
519,124,577,464,98,69,1,-1,-1,-1
520,120,587,622,327,230,1,-1,-1,-1
520,123,174,612,130,87,1,-1,-1,-1
520,124,572,467,96,67,1,-1,-1,-1
521,120,610,629,343,243,1,-1,-1,-1
521,123,158,617,128,87,1,-1,-1,-1
521,124,567,467,94,67,1,-1,-1,-1
522,120,637,637,359,254,1,-1,-1,-1
522,123,142,623,127,86,1,-1,-1,-1
522,124,563,467,94,67,1,-1,-1,-1
523,120,665,646,382,271,1,-1,-1,-1
523,123,125,628,127,86,1,-1,-1,-1
523,124,559,468,92,66,1,-1,-1,-1
524,120,698,656,412,293,1,-1,-1,-1
524,123,107,633,128,85,1,-1,-1,-1
524,124,556,470,88,65,1,-1,-1,-1
525,120,732,668,450,321,1,-1,-1,-1
525,123,90,638,130,87,1,-1,-1,-1
525,124,551,472,88,64,1,-1,-1,-1
526,120,771,682,495,353,1,-1,-1,-1
526,123,75,643,128,86,1,-1,-1,-1
526,124,545,473,86,64,1,-1,-1,-1
527,120,818,694,558,398,1,-1,-1,-1
527,123,61,648,125,84,1,-1,-1,-1
527,124,538,474,85,63,1,-1,-1,-1
528,120,867,706,621,442,1,-1,-1,-1
528,123,45,654,124,83,1,-1,-1,-1
529,120,900,714,661,471,1,-1,-1,-1
529,123,31,658,125,83,1,-1,-1,-1
530,120,922,720,684,487,1,-1,-1,-1
530,123,17,663,124,83,1,-1,-1,-1
531,123,1,668,124,82,1,-1,-1,-1
616,125,1190,340,224,142,1,-1,-1,-1
617,125,1156,348,217,136,1,-1,-1,-1
618,125,1119,354,212,132,1,-1,-1,-1
619,125,1090,359,206,130,1,-1,-1,-1
620,125,1055,365,201,126,1,-1,-1,-1
621,125,1022,370,197,123,1,-1,-1,-1
622,125,989,374,196,121,1,-1,-1,-1
623,125,965,379,190,117,1,-1,-1,-1
624,125,945,384,182,112,1,-1,-1,-1
625,125,920,388,180,110,1,-1,-1,-1
626,125,897,392,178,108,1,-1,-1,-1
627,125,880,395,173,105,1,-1,-1,-1
628,125,863,398,170,104,1,-1,-1,-1
629,125,845,401,169,103,1,-1,-1,-1
630,125,826,404,169,102,1,-1,-1,-1
631,125,810,407,167,101,1,-1,-1,-1
