4,167,356,353,242,230,1,-1,-1,-1
4,168,192,594,276,235,1,-1,-1,-1
4,169,1433,421,299,245,1,-1,-1,-1
4,170,543,67,183,134,1,-1,-1,-1
5,167,350,357,244,231,1,-1,-1,-1
5,168,188,604,272,233,1,-1,-1,-1
5,169,1428,416,295,242,1,-1,-1,-1
5,170,544,68,185,135,1,-1,-1,-1
6,167,346,362,245,231,1,-1,-1,-1
6,168,181,614,273,232,1,-1,-1,-1
6,169,1425,411,291,239,1,-1,-1,-1
6,170,544,68,186,137,1,-1,-1,-1
7,167,344,367,242,230,1,-1,-1,-1
7,168,173,622,275,234,1,-1,-1,-1
7,169,1422,408,289,237,1,-1,-1,-1
7,170,544,69,189,139,1,-1,-1,-1
8,167,339,373,243,230,1,-1,-1,-1
8,168,162,628,279,238,1,-1,-1,-1
8,169,1419,404,287,236,1,-1,-1,-1
8,170,544,70,188,139,1,-1,-1,-1
9,167,335,379,243,230,1,-1,-1,-1
9,168,150,635,286,243,1,-1,-1,-1
9,169,1417,400,284,233,1,-1,-1,-1
9,170,543,71,189,140,1,-1,-1,-1
10,167,333,386,242,228,1,-1,-1,-1
10,168,142,644,287,244,1,-1,-1,-1
10,169,1411,395,282,232,1,-1,-1,-1
10,170,544,74,187,139,1,-1,-1,-1
11,167,330,390,243,230,1,-1,-1,-1
11,168,130,653,291,248,1,-1,-1,-1
11,169,1406,390,280,230,1,-1,-1,-1
11,170,545,76,186,139,1,-1,-1,-1
12,167,326,394,246,233,1,-1,-1,-1
12,168,120,661,295,250,1,-1,-1,-1
12,169,1407,388,275,226,1,-1,-1,-1
12,170,545,78,185,138,1,-1,-1,-1
13,167,318,397,251,238,1,-1,-1,-1
13,168,109,668,300,255,1,-1,-1,-1
13,169,1405,384,273,225,1,-1,-1,-1
13,170,546,81,183,137,1,-1,-1,-1
14,167,309,400,258,244,1,-1,-1,-1
14,168,100,678,299,253,1,-1,-1,-1
14,169,1398,376,277,227,1,-1,-1,-1
14,170,547,83,180,136,1,-1,-1,-1
15,167,302,404,262,248,1,-1,-1,-1
15,168,88,687,305,258,1,-1,-1,-1
15,169,1394,369,275,227,1,-1,-1,-1
15,170,548,85,178,135,1,-1,-1,-1
16,167,296,410,264,250,1,-1,-1,-1
16,168,75,697,308,261,1,-1,-1,-1
16,169,1391,364,272,224,1,-1,-1,-1
16,170,548,87,176,135,1,-1,-1,-1
17,167,289,416,267,254,1,-1,-1,-1
17,168,63,706,313,265,1,-1,-1,-1
17,169,1390,361,269,222,1,-1,-1,-1
17,170,548,88,179,137,1,-1,-1,-1
18,167,282,422,271,257,1,-1,-1,-1
18,168,51,715,320,270,1,-1,-1,-1
18,169,1391,358,266,219,1,-1,-1,-1
18,170,547,90,180,139,1,-1,-1,-1
19,167,279,430,271,256,1,-1,-1,-1
19,168,39,725,325,273,1,-1,-1,-1
19,169,1390,357,261,216,1,-1,-1,-1
19,170,546,91,181,141,1,-1,-1,-1
20,167,276,437,270,256,1,-1,-1,-1
20,168,25,734,331,279,1,-1,-1,-1
20,169,1386,354,258,214,1,-1,-1,-1
20,170,546,93,180,141,1,-1,-1,-1
20,171,813,126,225,138,1,-1,-1,-1
21,167,270,442,271,259,1,-1,-1,-1
21,168,10,745,335,283,1,-1,-1,-1
21,169,1383,349,258,214,1,-1,-1,-1
21,170,545,95,180,142,1,-1,-1,-1
21,171,803,130,225,138,1,-1,-1,-1
22,167,262,448,273,260,1,-1,-1,-1
22,168,0,756,343,289,1,-1,-1,-1
22,169,1381,345,256,214,1,-1,-1,-1
22,170,544,97,181,143,1,-1,-1,-1
22,171,789,134,226,139,1,-1,-1,-1
23,167,253,455,276,262,1,-1,-1,-1
23,168,-12,766,350,294,1,-1,-1,-1
23,169,1381,342,253,211,1,-1,-1,-1
23,170,543,101,179,143,1,-1,-1,-1
23,171,778,137,227,139,1,-1,-1,-1
24,167,249,461,277,263,1,-1,-1,-1
24,168,-23,775,354,298,1,-1,-1,-1
24,169,1379,340,251,209,1,-1,-1,-1
24,170,541,101,180,145,1,-1,-1,-1
24,171,764,141,228,140,1,-1,-1,-1
25,167,242,466,280,266,1,-1,-1,-1
25,169,1375,336,251,209,1,-1,-1,-1
25,170,538,103,181,145,1,-1,-1,-1
25,171,752,144,231,143,1,-1,-1,-1
26,167,232,471,284,270,1,-1,-1,-1
26,169,1373,332,251,210,1,-1,-1,-1
26,170,537,106,179,145,1,-1,-1,-1
26,171,744,148,229,142,1,-1,-1,-1
27,167,226,478,284,270,1,-1,-1,-1
27,169,1371,326,250,210,1,-1,-1,-1
27,170,535,109,179,146,1,-1,-1,-1
27,171,735,152,227,142,1,-1,-1,-1
28,167,219,486,283,269,1,-1,-1,-1
28,169,1371,323,246,206,1,-1,-1,-1
28,170,535,113,178,145,1,-1,-1,-1
28,171,727,156,228,142,1,-1,-1,-1
29,167,211,492,286,272,1,-1,-1,-1
29,169,1371,321,241,202,1,-1,-1,-1
29,170,536,117,176,145,1,-1,-1,-1
29,171,721,160,227,142,1,-1,-1,-1
30,167,204,499,289,275,1,-1,-1,-1
30,169,1370,317,241,203,1,-1,-1,-1
30,170,535,121,176,146,1,-1,-1,-1
30,171,715,163,228,144,1,-1,-1,-1
31,167,194,504,294,279,1,-1,-1,-1
31,169,1369,315,240,202,1,-1,-1,-1
31,170,532,125,175,145,1,-1,-1,-1
31,171,716,169,221,141,1,-1,-1,-1
31,172,375,50,205,124,1,-1,-1,-1
32,167,183,508,298,283,1,-1,-1,-1
32,169,1367,312,236,199,1,-1,-1,-1
32,170,530,126,176,147,1,-1,-1,-1
32,171,715,173,219,141,1,-1,-1,-1
32,172,377,51,203,123,1,-1,-1,-1
33,167,171,514,305,289,1,-1,-1,-1
33,169,1363,308,235,198,1,-1,-1,-1
33,170,529,129,177,147,1,-1,-1,-1
33,171,714,178,217,141,1,-1,-1,-1
33,172,384,52,199,120,1,-1,-1,-1
34,167,164,522,304,290,1,-1,-1,-1
34,169,1359,304,235,199,1,-1,-1,-1
34,170,529,132,175,147,1,-1,-1,-1
34,171,713,182,215,141,1,-1,-1,-1
34,172,392,53,198,119,1,-1,-1,-1
35,167,153,528,307,292,1,-1,-1,-1
35,169,1357,302,234,198,1,-1,-1,-1
35,170,529,135,174,147,1,-1,-1,-1
35,171,712,186,214,142,1,-1,-1,-1
35,172,397,53,200,120,1,-1,-1,-1
36,167,146,534,309,295,1,-1,-1,-1
36,169,1355,300,232,197,1,-1,-1,-1
36,170,526,138,176,148,1,-1,-1,-1
36,171,712,190,212,142,1,-1,-1,-1
36,172,400,51,208,124,1,-1,-1,-1
37,167,138,540,313,298,1,-1,-1,-1
37,169,1352,297,232,196,1,-1,-1,-1
37,170,523,141,178,150,1,-1,-1,-1
37,171,711,195,213,144,1,-1,-1,-1
37,172,399,51,213,127,1,-1,-1,-1
38,167,127,546,316,300,1,-1,-1,-1
38,169,1350,295,230,196,1,-1,-1,-1
38,170,521,143,180,152,1,-1,-1,-1
38,171,712,199,212,145,1,-1,-1,-1
38,172,398,51,214,127,1,-1,-1,-1
39,167,118,554,317,302,1,-1,-1,-1
39,169,1348,293,229,195,1,-1,-1,-1
39,170,520,147,180,153,1,-1,-1,-1
39,171,712,204,210,145,1,-1,-1,-1
39,172,398,50,217,128,1,-1,-1,-1
40,167,110,563,317,302,1,-1,-1,-1
40,169,1345,291,229,195,1,-1,-1,-1
40,170,518,152,179,152,1,-1,-1,-1
40,171,711,208,211,147,1,-1,-1,-1
40,172,406,51,214,126,1,-1,-1,-1
41,167,99,570,322,306,1,-1,-1,-1
41,169,1344,290,227,193,1,-1,-1,-1
41,170,516,156,178,152,1,-1,-1,-1
41,171,712,213,208,147,1,-1,-1,-1
41,172,408,51,216,127,1,-1,-1,-1
42,167,85,574,327,312,1,-1,-1,-1
42,169,1343,287,226,192,1,-1,-1,-1
42,170,515,161,178,152,1,-1,-1,-1
42,171,712,219,207,147,1,-1,-1,-1
42,172,413,51,216,126,1,-1,-1,-1
43,167,73,580,333,317,1,-1,-1,-1
43,169,1343,285,224,191,1,-1,-1,-1
43,170,514,165,179,153,1,-1,-1,-1
43,171,714,225,204,146,1,-1,-1,-1
43,172,421,51,219,126,1,-1,-1,-1
44,167,59,584,341,326,1,-1,-1,-1
44,169,1342,283,221,189,1,-1,-1,-1
44,170,513,170,179,154,1,-1,-1,-1
44,171,714,230,203,146,1,-1,-1,-1
44,172,427,51,221,127,1,-1,-1,-1
45,167,50,594,346,331,1,-1,-1,-1
45,169,1342,282,218,186,1,-1,-1,-1
45,170,512,176,178,152,1,-1,-1,-1
45,171,714,235,202,147,1,-1,-1,-1
45,172,435,51,223,128,1,-1,-1,-1
46,167,39,602,349,334,1,-1,-1,-1
46,169,1339,281,216,184,1,-1,-1,-1
46,170,511,179,178,153,1,-1,-1,-1
46,171,714,241,200,147,1,-1,-1,-1
46,172,441,52,225,128,1,-1,-1,-1
47,167,27,611,350,335,1,-1,-1,-1
47,169,1337,281,214,182,1,-1,-1,-1
47,170,510,183,177,151,1,-1,-1,-1
47,171,713,246,200,147,1,-1,-1,-1
47,172,444,54,225,127,1,-1,-1,-1
48,167,15,619,353,339,1,-1,-1,-1
48,169,1334,279,212,180,1,-1,-1,-1
48,170,511,187,175,151,1,-1,-1,-1
48,171,711,250,200,150,1,-1,-1,-1
48,172,446,54,225,127,1,-1,-1,-1
49,167,2,626,358,343,1,-1,-1,-1
49,169,1333,277,210,179,1,-1,-1,-1
49,170,510,190,175,151,1,-1,-1,-1
49,171,711,255,200,150,1,-1,-1,-1
49,172,449,55,226,127,1,-1,-1,-1
50,167,-10,633,363,351,1,-1,-1,-1
50,169,1331,276,210,178,1,-1,-1,-1
50,170,509,194,175,151,1,-1,-1,-1
50,171,712,261,197,150,1,-1,-1,-1
50,172,451,56,227,127,1,-1,-1,-1
51,167,-18,641,368,356,1,-1,-1,-1
51,169,1329,274,210,179,1,-1,-1,-1
51,170,507,197,175,151,1,-1,-1,-1
51,171,712,266,196,150,1,-1,-1,-1
51,172,454,56,229,127,1,-1,-1,-1
52,167,-24,650,372,360,1,-1,-1,-1
52,169,1327,273,210,178,1,-1,-1,-1
52,170,506,201,175,151,1,-1,-1,-1
52,171,713,271,194,148,1,-1,-1,-1
52,172,457,54,234,130,1,-1,-1,-1
53,167,-31,657,374,364,1,-1,-1,-1
53,169,1325,270,209,177,1,-1,-1,-1
53,170,506,205,176,153,1,-1,-1,-1
53,171,713,276,195,149,1,-1,-1,-1
53,172,462,54,236,131,1,-1,-1,-1
54,167,-41,665,378,368,1,-1,-1,-1
54,169,1323,268,207,175,1,-1,-1,-1
54,170,505,209,178,155,1,-1,-1,-1
54,171,712,280,196,151,1,-1,-1,-1
54,172,467,54,237,131,1,-1,-1,-1
55,169,1321,265,207,175,1,-1,-1,-1
55,170,502,214,181,157,1,-1,-1,-1
55,171,711,285,197,153,1,-1,-1,-1
55,172,472,55,237,132,1,-1,-1,-1
56,169,1319,261,207,175,1,-1,-1,-1
56,170,500,218,182,158,1,-1,-1,-1
56,171,712,290,196,153,1,-1,-1,-1
56,172,475,56,238,132,1,-1,-1,-1
57,169,1317,257,207,175,1,-1,-1,-1
57,170,500,222,181,157,1,-1,-1,-1
57,171,711,295,198,154,1,-1,-1,-1
57,172,476,57,237,132,1,-1,-1,-1
58,169,1316,255,207,174,1,-1,-1,-1
58,170,499,226,181,157,1,-1,-1,-1
58,171,710,300,197,155,1,-1,-1,-1
58,172,476,57,238,132,1,-1,-1,-1
59,169,1316,252,207,174,1,-1,-1,-1
59,170,500,230,180,157,1,-1,-1,-1
59,171,709,304,198,157,1,-1,-1,-1
59,172,473,56,236,132,1,-1,-1,-1
60,169,1316,248,208,175,1,-1,-1,-1
60,170,500,234,180,157,1,-1,-1,-1
60,171,708,309,197,157,1,-1,-1,-1
60,172,473,56,236,132,1,-1,-1,-1
61,169,1313,246,209,176,1,-1,-1,-1
61,170,499,237,181,158,1,-1,-1,-1
61,171,707,314,200,159,1,-1,-1,-1
61,172,474,56,236,132,1,-1,-1,-1
62,169,1310,243,210,176,1,-1,-1,-1
62,170,498,240,182,159,1,-1,-1,-1
62,171,706,319,200,158,1,-1,-1,-1
62,172,476,56,236,132,1,-1,-1,-1
63,169,1308,240,210,176,1,-1,-1,-1
63,170,495,243,184,160,1,-1,-1,-1
63,171,705,322,201,161,1,-1,-1,-1
63,172,479,56,236,133,1,-1,-1,-1
64,170,494,247,184,160,1,-1,-1,-1
64,171,704,327,202,161,1,-1,-1,-1
64,172,481,57,236,133,1,-1,-1,-1
65,170,491,250,186,161,1,-1,-1,-1
65,171,702,331,203,163,1,-1,-1,-1
65,172,483,57,235,134,1,-1,-1,-1
66,170,489,256,186,161,1,-1,-1,-1
66,171,700,334,205,165,1,-1,-1,-1
66,172,486,58,234,133,1,-1,-1,-1
67,170,487,260,186,161,1,-1,-1,-1
67,171,699,339,207,165,1,-1,-1,-1
67,172,488,59,234,133,1,-1,-1,-1
68,170,485,264,187,162,1,-1,-1,-1
68,171,699,343,208,168,1,-1,-1,-1
68,172,486,58,235,134,1,-1,-1,-1
69,170,480,268,191,165,1,-1,-1,-1
69,171,698,348,210,170,1,-1,-1,-1
69,172,484,56,236,136,1,-1,-1,-1
69,173,1543,575,345,361,1,-1,-1,-1
70,169,1296,222,207,174,1,-1,-1,-1
70,170,475,273,191,165,1,-1,-1,-1
70,171,695,351,215,174,1,-1,-1,-1
70,172,484,56,236,136,1,-1,-1,-1
70,173,1546,566,335,351,1,-1,-1,-1
71,169,1290,219,208,175,1,-1,-1,-1
71,170,471,277,191,166,1,-1,-1,-1
71,171,695,356,216,175,1,-1,-1,-1
71,172,485,56,237,136,1,-1,-1,-1
71,173,1543,558,330,345,1,-1,-1,-1
72,169,1290,216,206,173,1,-1,-1,-1
72,170,464,281,194,167,1,-1,-1,-1
72,171,694,362,216,175,1,-1,-1,-1
72,173,1541,547,327,340,1,-1,-1,-1
73,169,1292,214,203,170,1,-1,-1,-1
73,170,462,285,194,167,1,-1,-1,-1
73,171,695,367,215,176,1,-1,-1,-1
73,173,1538,540,317,329,1,-1,-1,-1
74,169,1291,211,202,170,1,-1,-1,-1
74,170,457,289,196,168,1,-1,-1,-1
74,171,694,372,218,177,1,-1,-1,-1
74,172,484,56,234,137,1,-1,-1,-1
74,173,1533,531,314,324,1,-1,-1,-1
75,169,1290,209,201,168,1,-1,-1,-1
75,170,452,291,197,170,1,-1,-1,-1
75,171,692,377,219,178,1,-1,-1,-1
75,172,485,56,231,136,1,-1,-1,-1
75,173,1523,523,308,316,1,-1,-1,-1
76,170,448,295,196,169,1,-1,-1,-1
76,171,693,383,218,178,1,-1,-1,-1
76,172,486,56,229,135,1,-1,-1,-1
76,173,1513,515,306,310,1,-1,-1,-1
77,170,443,299,197,170,1,-1,-1,-1
77,171,691,388,220,180,1,-1,-1,-1
77,172,487,56,228,135,1,-1,-1,-1
77,173,1507,505,306,308,1,-1,-1,-1
78,170,441,305,196,168,1,-1,-1,-1
78,171,690,395,222,181,1,-1,-1,-1
78,172,489,57,225,134,1,-1,-1,-1
78,173,1501,494,306,306,1,-1,-1,-1
79,170,435,307,200,171,1,-1,-1,-1
79,171,688,400,225,185,1,-1,-1,-1
79,172,491,57,224,134,1,-1,-1,-1
79,173,1500,487,304,300,1,-1,-1,-1
80,170,429,309,203,174,1,-1,-1,-1
80,171,689,406,224,185,1,-1,-1,-1
80,172,493,57,222,135,1,-1,-1,-1
80,173,1492,479,301,294,1,-1,-1,-1
81,170,427,314,203,174,1,-1,-1,-1
81,171,687,412,227,187,1,-1,-1,-1
81,172,495,58,220,134,1,-1,-1,-1
81,173,1476,470,304,295,1,-1,-1,-1
82,170,421,320,202,172,1,-1,-1,-1
82,171,686,418,229,189,1,-1,-1,-1
82,172,496,58,219,134,1,-1,-1,-1
82,173,1468,462,302,290,1,-1,-1,-1
83,170,415,324,203,173,1,-1,-1,-1
83,171,686,425,231,190,1,-1,-1,-1
83,172,497,58,218,134,1,-1,-1,-1
83,173,1459,456,300,285,1,-1,-1,-1
84,170,411,328,204,174,1,-1,-1,-1
84,171,683,432,233,192,1,-1,-1,-1
84,172,497,58,217,134,1,-1,-1,-1
84,173,1452,451,298,280,1,-1,-1,-1
85,170,407,333,205,174,1,-1,-1,-1
85,171,681,438,234,193,1,-1,-1,-1
85,172,496,57,217,135,1,-1,-1,-1
85,173,1445,446,296,275,1,-1,-1,-1
86,170,404,337,206,175,1,-1,-1,-1
86,171,679,446,234,192,1,-1,-1,-1
86,172,495,57,217,135,1,-1,-1,-1
86,173,1430,434,304,279,1,-1,-1,-1
87,170,397,340,211,179,1,-1,-1,-1
87,171,676,453,236,194,1,-1,-1,-1
87,172,497,57,215,135,1,-1,-1,-1
87,173,1425,429,298,272,1,-1,-1,-1
88,170,392,344,214,181,1,-1,-1,-1
88,171,674,459,238,196,1,-1,-1,-1
88,172,499,59,212,133,1,-1,-1,-1
88,173,1418,421,297,269,1,-1,-1,-1
89,170,388,348,216,183,1,-1,-1,-1
89,171,671,467,240,197,1,-1,-1,-1
89,172,500,59,210,133,1,-1,-1,-1
89,173,1410,416,296,266,1,-1,-1,-1
90,170,382,353,218,184,1,-1,-1,-1
90,171,668,475,242,199,1,-1,-1,-1
90,172,501,60,209,132,1,-1,-1,-1
90,173,1402,411,294,262,1,-1,-1,-1
91,170,381,359,215,182,1,-1,-1,-1
91,171,664,481,245,202,1,-1,-1,-1
91,173,1398,406,293,258,1,-1,-1,-1
92,170,378,364,217,184,1,-1,-1,-1
92,171,661,487,248,204,1,-1,-1,-1
92,172,499,58,220,139,1,-1,-1,-1
92,173,1391,401,292,255,1,-1,-1,-1
93,170,373,368,221,186,1,-1,-1,-1
93,171,657,496,250,205,1,-1,-1,-1
93,172,500,58,220,139,1,-1,-1,-1
93,173,1384,393,294,256,1,-1,-1,-1
94,170,370,372,223,188,1,-1,-1,-1
94,171,653,502,252,208,1,-1,-1,-1
94,172,500,58,221,140,1,-1,-1,-1
94,173,1379,387,293,254,1,-1,-1,-1
95,169,1270,178,197,166,1,-1,-1,-1
95,170,366,377,226,190,1,-1,-1,-1
95,171,645,508,259,212,1,-1,-1,-1
95,173,1377,382,289,249,1,-1,-1,-1
96,169,1271,179,192,160,1,-1,-1,-1
96,170,365,383,223,189,1,-1,-1,-1
96,171,642,516,261,215,1,-1,-1,-1
96,172,512,63,212,136,1,-1,-1,-1
96,173,1377,378,286,246,1,-1,-1,-1
97,169,1273,178,187,157,1,-1,-1,-1
97,170,358,386,227,191,1,-1,-1,-1
97,171,636,523,266,218,1,-1,-1,-1
97,172,512,62,215,138,1,-1,-1,-1
97,173,1374,374,285,243,1,-1,-1,-1
98,169,1274,177,185,155,1,-1,-1,-1
98,170,353,389,232,195,1,-1,-1,-1
98,171,633,532,267,219,1,-1,-1,-1
98,172,515,62,214,138,1,-1,-1,-1
98,173,1372,369,285,241,1,-1,-1,-1
99,169,1273,176,186,154,1,-1,-1,-1
99,170,349,393,232,196,1,-1,-1,-1
99,171,630,541,268,219,1,-1,-1,-1
99,172,520,62,211,138,1,-1,-1,-1
99,173,1370,365,281,237,1,-1,-1,-1
100,169,1274,177,182,150,1,-1,-1,-1
100,170,346,399,232,194,1,-1,-1,-1
100,171,626,548,271,221,1,-1,-1,-1
100,172,524,63,211,137,1,-1,-1,-1
100,173,1362,359,281,236,1,-1,-1,-1
101,169,1272,176,182,149,1,-1,-1,-1
101,170,342,406,231,194,1,-1,-1,-1
101,171,621,555,274,224,1,-1,-1,-1
101,172,529,63,210,138,1,-1,-1,-1
101,173,1353,351,283,237,1,-1,-1,-1
102,169,1272,175,179,147,1,-1,-1,-1
102,170,337,411,234,196,1,-1,-1,-1
102,171,615,563,278,228,1,-1,-1,-1
102,172,534,63,208,138,1,-1,-1,-1
102,173,1347,345,284,236,1,-1,-1,-1
103,169,1271,173,178,146,1,-1,-1,-1
103,170,332,413,238,200,1,-1,-1,-1
103,171,609,571,283,231,1,-1,-1,-1
103,172,538,65,206,137,1,-1,-1,-1
103,173,1344,339,284,237,1,-1,-1,-1
104,169,1270,172,178,145,1,-1,-1,-1
104,170,327,416,243,203,1,-1,-1,-1
104,171,605,582,284,232,1,-1,-1,-1
104,172,541,67,203,136,1,-1,-1,-1
104,173,1341,333,282,234,1,-1,-1,-1
105,169,1270,171,176,144,1,-1,-1,-1
105,170,320,420,246,207,1,-1,-1,-1
105,171,596,591,290,237,1,-1,-1,-1
105,172,542,69,202,137,1,-1,-1,-1
105,173,1338,328,278,231,1,-1,-1,-1
106,170,314,428,247,207,1,-1,-1,-1
106,171,590,599,298,243,1,-1,-1,-1
106,172,543,71,202,137,1,-1,-1,-1
106,173,1336,323,277,230,1,-1,-1,-1
107,170,310,436,249,209,1,-1,-1,-1
107,171,583,608,302,246,1,-1,-1,-1
107,172,545,72,202,139,1,-1,-1,-1
107,173,1336,317,276,229,1,-1,-1,-1
108,169,1265,168,184,149,1,-1,-1,-1
108,170,305,442,252,211,1,-1,-1,-1
108,171,578,618,303,247,1,-1,-1,-1
108,172,546,73,203,140,1,-1,-1,-1
108,173,1333,313,276,228,1,-1,-1,-1
109,169,1265,166,183,150,1,-1,-1,-1
109,170,299,447,258,217,1,-1,-1,-1
109,171,572,628,307,250,1,-1,-1,-1
109,172,547,74,201,140,1,-1,-1,-1
109,173,1328,309,275,228,1,-1,-1,-1
110,169,1264,165,183,150,1,-1,-1,-1
110,170,292,454,261,219,1,-1,-1,-1
110,171,565,637,312,253,1,-1,-1,-1
110,172,549,77,196,137,1,-1,-1,-1
110,173,1320,302,277,230,1,-1,-1,-1
111,170,286,462,260,219,1,-1,-1,-1
111,171,559,645,320,260,1,-1,-1,-1
111,172,551,78,193,137,1,-1,-1,-1
111,173,1315,297,276,228,1,-1,-1,-1
112,170,281,467,264,222,1,-1,-1,-1
112,171,552,655,323,263,1,-1,-1,-1
112,172,552,81,192,137,1,-1,-1,-1
112,173,1313,290,272,226,1,-1,-1,-1
113,169,1259,153,195,158,1,-1,-1,-1
113,170,277,474,264,223,1,-1,-1,-1
113,171,544,665,327,266,1,-1,-1,-1
113,172,552,82,191,137,1,-1,-1,-1
113,173,1310,286,266,222,1,-1,-1,-1
113,174,384,23,228,149,1,-1,-1,-1
114,169,1259,151,195,159,1,-1,-1,-1
114,170,270,483,265,224,1,-1,-1,-1
114,171,537,676,329,267,1,-1,-1,-1
114,172,554,85,189,136,1,-1,-1,-1
114,173,1306,284,265,220,1,-1,-1,-1
114,174,391,22,230,149,1,-1,-1,-1
115,169,1258,151,195,159,1,-1,-1,-1
115,170,263,489,269,227,1,-1,-1,-1
115,171,529,688,333,271,1,-1,-1,-1
115,172,553,87,188,137,1,-1,-1,-1
115,173,1304,281,263,218,1,-1,-1,-1
115,174,397,22,232,150,1,-1,-1,-1
116,169,1258,151,193,158,1,-1,-1,-1
116,170,260,498,267,226,1,-1,-1,-1
116,171,520,700,339,275,1,-1,-1,-1
116,172,553,89,187,137,1,-1,-1,-1
116,173,1304,278,262,217,1,-1,-1,-1
116,174,407,21,232,151,1,-1,-1,-1
117,169,1258,152,190,155,1,-1,-1,-1
117,170,255,504,270,229,1,-1,-1,-1
117,171,512,711,344,280,1,-1,-1,-1
117,172,553,92,184,136,1,-1,-1,-1
117,173,1303,275,259,215,1,-1,-1,-1
117,174,412,21,234,152,1,-1,-1,-1
118,169,1258,152,188,154,1,-1,-1,-1
118,170,246,509,276,234,1,-1,-1,-1
118,171,504,723,349,284,1,-1,-1,-1
118,172,551,94,185,138,1,-1,-1,-1
118,173,1301,272,257,214,1,-1,-1,-1
118,174,417,23,235,152,1,-1,-1,-1
119,169,1260,153,184,151,1,-1,-1,-1
119,170,239,517,276,233,1,-1,-1,-1
119,171,494,735,354,289,1,-1,-1,-1
119,172,547,96,187,139,1,-1,-1,-1
119,173,1296,270,257,214,1,-1,-1,-1
119,174,418,23,237,153,1,-1,-1,-1
120,169,1258,152,186,152,1,-1,-1,-1
120,170,233,524,279,236,1,-1,-1,-1
120,171,486,749,359,292,1,-1,-1,-1
120,172,547,99,186,139,1,-1,-1,-1
120,173,1291,268,257,214,1,-1,-1,-1
120,174,421,24,237,152,1,-1,-1,-1
121,169,1258,151,186,153,1,-1,-1,-1
121,170,225,530,284,241,1,-1,-1,-1
121,171,479,764,363,294,1,-1,-1,-1
121,172,543,102,188,142,1,-1,-1,-1
121,173,1287,264,256,213,1,-1,-1,-1
121,174,422,24,240,154,1,-1,-1,-1
122,169,1258,152,183,150,1,-1,-1,-1
122,170,223,538,282,239,1,-1,-1,-1
122,171,471,777,367,298,1,-1,-1,-1
122,172,539,104,190,144,1,-1,-1,-1
122,173,1282,261,255,212,1,-1,-1,-1
122,174,426,26,238,151,1,-1,-1,-1
123,169,1260,154,179,146,1,-1,-1,-1
123,170,216,546,283,239,1,-1,-1,-1
123,171,471,793,360,291,1,-1,-1,-1
123,172,536,104,191,146,1,-1,-1,-1
123,173,1278,257,254,212,1,-1,-1,-1
123,174,428,26,237,150,1,-1,-1,-1
124,169,1261,153,178,146,1,-1,-1,-1
124,170,207,553,288,244,1,-1,-1,-1
124,171,467,807,359,289,1,-1,-1,-1
124,172,535,106,190,146,1,-1,-1,-1
124,173,1279,254,250,208,1,-1,-1,-1
124,174,425,25,240,151,1,-1,-1,-1
125,169,1260,151,180,147,1,-1,-1,-1
125,170,206,562,287,242,1,-1,-1,-1
125,171,461,818,361,292,1,-1,-1,-1
125,172,534,108,190,146,1,-1,-1,-1
125,173,1279,250,246,205,1,-1,-1,-1
125,174,421,24,245,153,1,-1,-1,-1
126,169,1261,150,181,147,1,-1,-1,-1
126,170,202,571,286,242,1,-1,-1,-1
126,172,535,111,188,145,1,-1,-1,-1
126,173,1277,248,245,204,1,-1,-1,-1
126,174,423,24,247,153,1,-1,-1,-1
127,169,1263,149,178,145,1,-1,-1,-1
127,170,195,578,290,245,1,-1,-1,-1
127,172,533,113,187,146,1,-1,-1,-1
127,173,1276,246,242,203,1,-1,-1,-1
127,174,424,24,248,153,1,-1,-1,-1
128,169,1264,147,178,146,1,-1,-1,-1
128,170,185,584,294,249,1,-1,-1,-1
128,172,531,116,186,146,1,-1,-1,-1
128,173,1277,243,239,200,1,-1,-1,-1
128,174,425,24,252,155,1,-1,-1,-1
129,169,1264,147,178,145,1,-1,-1,-1
129,170,175,593,295,250,1,-1,-1,-1
129,172,529,120,187,146,1,-1,-1,-1
129,173,1277,240,238,200,1,-1,-1,-1
129,174,425,25,257,156,1,-1,-1,-1
130,169,1266,146,175,143,1,-1,-1,-1
130,170,168,601,295,249,1,-1,-1,-1
130,172,530,124,183,144,1,-1,-1,-1
130,173,1277,239,235,196,1,-1,-1,-1
130,174,422,25,262,158,1,-1,-1,-1
131,169,1266,146,176,143,1,-1,-1,-1
131,170,162,609,296,249,1,-1,-1,-1
131,172,529,128,182,143,1,-1,-1,-1
131,173,1274,236,233,196,1,-1,-1,-1
131,174,417,25,266,158,1,-1,-1,-1
132,169,1268,148,172,140,1,-1,-1,-1
132,170,155,617,297,250,1,-1,-1,-1
132,172,525,129,184,146,1,-1,-1,-1
132,173,1274,233,231,194,1,-1,-1,-1
132,174,418,25,268,159,1,-1,-1,-1
133,169,1267,147,172,139,1,-1,-1,-1
133,170,144,626,302,253,1,-1,-1,-1
133,172,521,132,186,146,1,-1,-1,-1
133,173,1275,232,229,192,1,-1,-1,-1
133,174,419,25,270,160,1,-1,-1,-1
134,169,1267,146,171,138,1,-1,-1,-1
134,170,132,633,309,259,1,-1,-1,-1
134,172,519,134,185,147,1,-1,-1,-1
134,173,1275,230,228,190,1,-1,-1,-1
134,174,420,26,272,159,1,-1,-1,-1
135,169,1267,145,171,138,1,-1,-1,-1
135,170,120,643,315,263,1,-1,-1,-1
135,172,518,137,185,147,1,-1,-1,-1
135,173,1275,228,224,188,1,-1,-1,-1
135,174,421,26,274,159,1,-1,-1,-1
136,170,107,654,320,268,1,-1,-1,-1
136,172,515,139,188,150,1,-1,-1,-1
136,173,1275,225,222,186,1,-1,-1,-1
136,174,421,25,277,160,1,-1,-1,-1
137,170,93,664,326,272,1,-1,-1,-1
137,172,513,142,189,152,1,-1,-1,-1
137,173,1274,221,221,185,1,-1,-1,-1
137,174,421,25,279,159,1,-1,-1,-1
138,170,79,674,331,277,1,-1,-1,-1
138,172,511,146,190,154,1,-1,-1,-1
138,173,1269,208,229,193,1,-1,-1,-1
138,174,422,25,281,159,1,-1,-1,-1
139,170,68,685,332,277,1,-1,-1,-1
139,172,512,151,187,152,1,-1,-1,-1
139,173,1266,201,232,195,1,-1,-1,-1
139,174,423,25,283,159,1,-1,-1,-1
140,170,53,694,338,281,1,-1,-1,-1
140,172,511,156,186,151,1,-1,-1,-1
140,173,1264,197,233,195,1,-1,-1,-1
140,174,428,25,283,160,1,-1,-1,-1
140,175,1090,723,394,311,1,-1,-1,-1
141,170,44,703,338,282,1,-1,-1,-1
141,172,512,161,183,150,1,-1,-1,-1
141,173,1268,199,229,192,1,-1,-1,-1
141,174,426,25,284,159,1,-1,-1,-1
141,175,1075,717,387,305,1,-1,-1,-1
142,170,32,714,342,285,1,-1,-1,-1
142,172,512,166,182,149,1,-1,-1,-1
142,173,1265,190,234,197,1,-1,-1,-1
142,174,429,25,285,159,1,-1,-1,-1
142,175,1063,713,380,299,1,-1,-1,-1
143,170,19,724,349,290,1,-1,-1,-1
143,172,511,169,186,152,1,-1,-1,-1
143,173,1261,180,239,203,1,-1,-1,-1
143,174,430,26,285,158,1,-1,-1,-1
143,175,1046,707,377,297,1,-1,-1,-1
144,170,3,735,357,297,1,-1,-1,-1
144,172,512,171,189,155,1,-1,-1,-1
144,173,1259,177,237,201,1,-1,-1,-1
144,174,427,26,285,158,1,-1,-1,-1
144,175,1027,701,375,295,1,-1,-1,-1
145,170,-10,745,362,301,1,-1,-1,-1
145,172,513,175,189,155,1,-1,-1,-1
145,173,1258,172,235,201,1,-1,-1,-1
145,174,423,26,286,158,1,-1,-1,-1
145,175,1005,697,369,292,1,-1,-1,-1
146,170,-21,755,366,304,1,-1,-1,-1
146,172,514,178,187,155,1,-1,-1,-1
146,173,1256,168,236,201,1,-1,-1,-1
146,174,421,27,286,157,1,-1,-1,-1
146,175,986,687,368,289,1,-1,-1,-1
147,172,515,183,186,153,1,-1,-1,-1
147,174,421,26,290,158,1,-1,-1,-1
147,175,968,681,363,286,1,-1,-1,-1
148,172,516,186,184,153,1,-1,-1,-1
148,174,420,26,290,158,1,-1,-1,-1
148,175,938,679,359,282,1,-1,-1,-1
149,172,517,190,183,152,1,-1,-1,-1
149,174,421,26,292,158,1,-1,-1,-1
149,175,904,680,355,278,1,-1,-1,-1
150,172,519,193,183,151,1,-1,-1,-1
150,174,419,26,293,158,1,-1,-1,-1
150,175,868,678,354,275,1,-1,-1,-1
151,172,517,195,185,154,1,-1,-1,-1
151,174,417,26,293,159,1,-1,-1,-1
151,175,828,675,353,273,1,-1,-1,-1
152,172,518,198,186,155,1,-1,-1,-1
152,174,415,27,292,157,1,-1,-1,-1
152,175,779,673,355,273,1,-1,-1,-1
153,172,517,202,188,157,1,-1,-1,-1
153,174,414,27,292,157,1,-1,-1,-1
153,175,730,666,363,276,1,-1,-1,-1
154,172,517,207,188,156,1,-1,-1,-1
154,174,414,27,291,157,1,-1,-1,-1
154,175,678,660,371,280,1,-1,-1,-1
155,172,518,212,188,157,1,-1,-1,-1
155,174,413,28,293,156,1,-1,-1,-1
155,175,624,658,376,279,1,-1,-1,-1
156,172,518,216,189,159,1,-1,-1,-1
156,174,413,28,294,156,1,-1,-1,-1
156,175,569,655,381,280,1,-1,-1,-1
157,172,518,220,190,159,1,-1,-1,-1
157,174,412,27,292,156,1,-1,-1,-1
157,175,511,655,386,279,1,-1,-1,-1
158,172,520,223,190,160,1,-1,-1,-1
158,174,413,27,294,157,1,-1,-1,-1
158,175,457,655,390,278,1,-1,-1,-1
159,172,520,227,191,160,1,-1,-1,-1
159,174,419,27,295,157,1,-1,-1,-1
159,175,401,656,394,276,1,-1,-1,-1
160,172,519,230,190,159,1,-1,-1,-1
160,174,424,28,295,156,1,-1,-1,-1
160,175,339,662,395,272,1,-1,-1,-1
161,172,519,234,190,159,1,-1,-1,-1
161,174,429,28,296,157,1,-1,-1,-1
161,175,277,668,397,269,1,-1,-1,-1
161,176,1570,76,210,121,1,-1,-1,-1
162,172,518,238,190,160,1,-1,-1,-1
162,174,430,27,297,158,1,-1,-1,-1
162,175,220,671,402,267,1,-1,-1,-1
162,176,1554,77,208,120,1,-1,-1,-1
163,172,517,241,191,161,1,-1,-1,-1
163,174,430,27,298,159,1,-1,-1,-1
163,175,163,671,411,269,1,-1,-1,-1
163,176,1534,78,210,120,1,-1,-1,-1
164,172,516,245,192,161,1,-1,-1,-1
164,174,428,27,301,160,1,-1,-1,-1
164,175,116,675,413,265,1,-1,-1,-1
164,176,1519,77,215,123,1,-1,-1,-1
165,172,513,248,194,163,1,-1,-1,-1
165,174,424,26,304,161,1,-1,-1,-1
165,175,62,680,416,262,1,-1,-1,-1
165,176,1506,76,220,125,1,-1,-1,-1
166,172,512,252,195,164,1,-1,-1,-1
166,174,420,26,306,162,1,-1,-1,-1
166,175,19,685,420,261,1,-1,-1,-1
166,176,1491,76,223,126,1,-1,-1,-1
167,172,512,258,194,164,1,-1,-1,-1
167,174,422,25,306,164,1,-1,-1,-1
167,175,-26,688,422,259,1,-1,-1,-1
167,176,1472,78,224,125,1,-1,-1,-1
168,172,511,264,193,162,1,-1,-1,-1
168,174,424,26,306,163,1,-1,-1,-1
168,175,-71,689,418,258,1,-1,-1,-1
168,176,1449,80,226,126,1,-1,-1,-1
169,172,509,268,194,163,1,-1,-1,-1
169,174,421,26,307,164,1,-1,-1,-1
169,176,1413,81,230,128,1,-1,-1,-1
170,172,509,272,194,163,1,-1,-1,-1
170,174,422,26,307,164,1,-1,-1,-1
170,176,1368,82,233,128,1,-1,-1,-1
171,172,507,274,197,166,1,-1,-1,-1
171,174,427,26,304,163,1,-1,-1,-1
171,176,1333,82,234,127,1,-1,-1,-1
172,172,506,278,197,166,1,-1,-1,-1
172,174,428,26,304,163,1,-1,-1,-1
172,176,1308,82,241,129,1,-1,-1,-1
173,172,504,282,197,166,1,-1,-1,-1
173,174,436,27,303,162,1,-1,-1,-1
173,176,1285,80,249,133,1,-1,-1,-1
174,172,503,286,196,165,1,-1,-1,-1
174,174,439,27,300,161,1,-1,-1,-1
174,176,1262,80,255,135,1,-1,-1,-1
175,172,502,289,198,167,1,-1,-1,-1
175,174,444,28,300,161,1,-1,-1,-1
175,176,1239,80,258,136,1,-1,-1,-1
176,172,499,291,201,169,1,-1,-1,-1
176,174,447,28,302,163,1,-1,-1,-1
177,172,496,295,203,170,1,-1,-1,-1
177,174,450,28,304,163,1,-1,-1,-1
178,172,494,299,204,171,1,-1,-1,-1
178,174,455,28,303,164,1,-1,-1,-1
178,176,1155,79,259,134,1,-1,-1,-1
178,177,1156,708,456,305,1,-1,-1,-1
179,172,491,303,206,173,1,-1,-1,-1
179,174,458,29,301,164,1,-1,-1,-1
179,176,1131,79,258,133,1,-1,-1,-1
179,177,1148,692,447,300,1,-1,-1,-1
180,172,488,307,207,173,1,-1,-1,-1
180,174,463,31,299,162,1,-1,-1,-1
180,176,1107,79,260,132,1,-1,-1,-1
180,177,1145,680,433,290,1,-1,-1,-1
181,172,487,313,205,172,1,-1,-1,-1
181,174,469,32,295,162,1,-1,-1,-1
181,176,1083,79,261,132,1,-1,-1,-1
181,177,1143,667,422,283,1,-1,-1,-1
182,172,485,317,205,172,1,-1,-1,-1
182,174,475,33,292,161,1,-1,-1,-1
182,177,1134,653,415,279,1,-1,-1,-1
183,172,482,320,206,173,1,-1,-1,-1
183,174,475,32,298,165,1,-1,-1,-1
183,177,1130,639,411,276,1,-1,-1,-1
184,172,478,323,210,176,1,-1,-1,-1
184,174,479,33,296,165,1,-1,-1,-1
184,177,1125,630,400,270,1,-1,-1,-1
185,172,473,325,215,180,1,-1,-1,-1
185,174,484,35,292,164,1,-1,-1,-1
185,177,1135,625,386,261,1,-1,-1,-1
186,172,469,329,218,182,1,-1,-1,-1
186,174,491,35,289,163,1,-1,-1,-1
186,177,1132,615,381,257,1,-1,-1,-1
187,172,465,333,219,183,1,-1,-1,-1
187,174,496,35,288,164,1,-1,-1,-1
187,177,1132,603,375,255,1,-1,-1,-1
188,172,462,338,220,183,1,-1,-1,-1
188,174,501,36,286,164,1,-1,-1,-1
188,177,1123,592,374,254,1,-1,-1,-1
189,172,457,342,222,185,1,-1,-1,-1
189,174,505,37,284,164,1,-1,-1,-1
189,177,1120,581,369,252,1,-1,-1,-1
190,172,454,348,221,184,1,-1,-1,-1
190,174,505,37,289,169,1,-1,-1,-1
190,176,866,93,280,142,1,-1,-1,-1
190,177,1118,570,366,250,1,-1,-1,-1
191,172,451,354,220,183,1,-1,-1,-1
191,174,506,40,283,167,1,-1,-1,-1
191,176,846,96,279,141,1,-1,-1,-1
191,177,1121,562,355,244,1,-1,-1,-1
192,172,447,357,223,186,1,-1,-1,-1
192,174,509,40,280,168,1,-1,-1,-1
192,176,824,99,278,141,1,-1,-1,-1
192,177,1122,556,346,238,1,-1,-1,-1
193,172,443,361,224,187,1,-1,-1,-1
193,174,512,44,275,165,1,-1,-1,-1
193,176,807,100,276,141,1,-1,-1,-1
193,177,1120,547,339,234,1,-1,-1,-1
194,172,439,366,226,188,1,-1,-1,-1
194,174,516,45,270,164,1,-1,-1,-1
194,176,798,104,271,139,1,-1,-1,-1
194,177,1121,535,339,236,1,-1,-1,-1
195,172,434,370,230,191,1,-1,-1,-1
195,174,517,48,267,164,1,-1,-1,-1
195,176,790,107,270,139,1,-1,-1,-1
195,177,1120,525,335,234,1,-1,-1,-1
196,172,428,374,234,195,1,-1,-1,-1
196,174,519,49,265,166,1,-1,-1,-1
196,176,778,109,268,139,1,-1,-1,-1
196,177,1117,515,331,230,1,-1,-1,-1
197,172,417,377,242,202,1,-1,-1,-1
197,174,522,52,256,162,1,-1,-1,-1
197,176,764,111,269,141,1,-1,-1,-1
198,172,410,381,246,206,1,-1,-1,-1
198,174,523,54,251,161,1,-1,-1,-1
198,176,746,114,269,142,1,-1,-1,-1
199,172,404,386,247,205,1,-1,-1,-1
199,174,525,57,245,158,1,-1,-1,-1
199,176,732,116,267,142,1,-1,-1,-1
200,172,401,388,246,206,1,-1,-1,-1
200,174,525,57,248,161,1,-1,-1,-1
200,176,719,118,265,141,1,-1,-1,-1
201,172,397,392,245,205,1,-1,-1,-1
201,174,526,57,248,164,1,-1,-1,-1
201,176,704,121,264,142,1,-1,-1,-1
201,177,1128,476,319,223,1,-1,-1,-1
202,172,391,398,244,203,1,-1,-1,-1
202,174,528,58,245,164,1,-1,-1,-1
202,176,692,125,262,141,1,-1,-1,-1
202,177,1135,469,313,221,1,-1,-1,-1
203,172,389,405,242,201,1,-1,-1,-1
203,174,530,59,242,164,1,-1,-1,-1
203,176,680,129,259,141,1,-1,-1,-1
203,177,1138,461,308,219,1,-1,-1,-1
204,172,387,410,241,200,1,-1,-1,-1
204,174,531,61,242,163,1,-1,-1,-1
204,176,666,132,260,142,1,-1,-1,-1
204,177,1139,453,304,216,1,-1,-1,-1
205,172,383,415,241,200,1,-1,-1,-1
205,176,649,135,264,145,1,-1,-1,-1
206,172,375,420,244,203,1,-1,-1,-1
206,176,637,136,266,148,1,-1,-1,-1
207,172,365,424,250,208,1,-1,-1,-1
207,176,625,139,265,149,1,-1,-1,-1
208,172,358,430,255,211,1,-1,-1,-1
208,176,612,144,263,148,1,-1,-1,-1
208,177,1163,427,294,210,1,-1,-1,-1
209,172,355,437,254,210,1,-1,-1,-1
209,176,603,148,259,148,1,-1,-1,-1
209,177,1169,423,286,207,1,-1,-1,-1
210,172,347,441,260,214,1,-1,-1,-1
210,176,592,153,256,147,1,-1,-1,-1
210,177,1173,416,281,205,1,-1,-1,-1
211,172,338,446,266,220,1,-1,-1,-1
211,176,583,157,252,147,1,-1,-1,-1
211,177,1181,417,272,198,1,-1,-1,-1
212,172,330,453,268,222,1,-1,-1,-1
212,176,571,161,250,147,1,-1,-1,-1
212,177,1188,413,267,197,1,-1,-1,-1
213,172,322,458,271,224,1,-1,-1,-1
213,176,565,167,249,147,1,-1,-1,-1
213,177,1193,409,260,193,1,-1,-1,-1
214,172,315,465,272,225,1,-1,-1,-1
214,176,556,169,251,151,1,-1,-1,-1
214,177,1198,404,253,188,1,-1,-1,-1
215,172,307,471,275,226,1,-1,-1,-1
215,176,545,172,251,152,1,-1,-1,-1
215,177,1202,399,247,184,1,-1,-1,-1
216,172,301,476,276,229,1,-1,-1,-1
216,176,532,176,252,152,1,-1,-1,-1
216,177,1206,393,243,181,1,-1,-1,-1
217,172,295,482,281,231,1,-1,-1,-1
218,172,292,488,283,234,1,-1,-1,-1
218,176,530,185,244,150,1,-1,-1,-1
218,177,1212,381,245,183,1,-1,-1,-1
219,172,286,493,287,236,1,-1,-1,-1
219,176,529,191,237,147,1,-1,-1,-1
219,177,1212,374,248,187,1,-1,-1,-1
220,172,280,499,289,238,1,-1,-1,-1
220,176,528,196,231,146,1,-1,-1,-1
220,177,1217,370,244,184,1,-1,-1,-1
221,172,275,505,291,240,1,-1,-1,-1
221,176,523,202,227,144,1,-1,-1,-1
221,177,1219,364,241,183,1,-1,-1,-1
222,172,266,512,290,239,1,-1,-1,-1
222,176,517,205,228,147,1,-1,-1,-1
222,177,1223,362,234,178,1,-1,-1,-1
223,172,259,518,291,240,1,-1,-1,-1
223,176,513,207,229,149,1,-1,-1,-1
223,177,1224,354,233,178,1,-1,-1,-1
224,172,257,522,293,241,1,-1,-1,-1
224,176,512,211,226,149,1,-1,-1,-1
224,177,1227,347,230,177,1,-1,-1,-1
225,172,254,529,291,239,1,-1,-1,-1
225,176,513,216,221,146,1,-1,-1,-1
225,177,1228,341,232,178,1,-1,-1,-1
226,172,249,535,292,240,1,-1,-1,-1
226,176,512,220,219,147,1,-1,-1,-1
226,177,1230,335,231,178,1,-1,-1,-1
227,172,243,541,294,241,1,-1,-1,-1
227,176,510,223,219,148,1,-1,-1,-1
227,177,1232,329,230,177,1,-1,-1,-1
228,172,230,547,299,245,1,-1,-1,-1
228,174,493,112,248,172,1,-1,-1,-1
228,176,507,226,219,150,1,-1,-1,-1
229,172,218,557,302,247,1,-1,-1,-1
229,174,500,125,232,164,1,-1,-1,-1
229,176,502,228,220,152,1,-1,-1,-1
230,172,209,564,304,248,1,-1,-1,-1
230,174,503,132,224,160,1,-1,-1,-1
230,176,500,231,219,153,1,-1,-1,-1
231,172,200,572,304,248,1,-1,-1,-1
231,174,502,136,223,159,1,-1,-1,-1
231,176,500,237,214,151,1,-1,-1,-1
232,172,192,578,307,250,1,-1,-1,-1
232,176,498,243,211,149,1,-1,-1,-1
233,172,182,584,313,254,1,-1,-1,-1
233,174,491,132,235,170,1,-1,-1,-1
233,176,493,247,210,150,1,-1,-1,-1
234,172,176,592,314,255,1,-1,-1,-1
234,174,489,133,237,173,1,-1,-1,-1
234,176,490,250,210,151,1,-1,-1,-1
234,177,1248,304,227,176,1,-1,-1,-1
235,172,171,599,317,256,1,-1,-1,-1
235,174,486,135,238,176,1,-1,-1,-1
235,176,488,254,211,152,1,-1,-1,-1
235,177,1251,299,224,175,1,-1,-1,-1
235,178,876,25,211,143,1,-1,-1,-1
236,172,165,606,319,258,1,-1,-1,-1
236,174,484,138,239,176,1,-1,-1,-1
236,176,484,257,212,154,1,-1,-1,-1
236,177,1255,297,223,174,1,-1,-1,-1
236,178,853,22,213,146,1,-1,-1,-1
236,179,1495,61,292,141,1,-1,-1,-1
237,172,158,613,321,259,1,-1,-1,-1
237,174,482,140,240,178,1,-1,-1,-1
237,176,482,261,212,155,1,-1,-1,-1
237,177,1259,293,221,174,1,-1,-1,-1
237,178,824,14,224,153,1,-1,-1,-1
237,179,1470,63,289,140,1,-1,-1,-1
238,172,147,622,327,263,1,-1,-1,-1
238,176,481,264,211,157,1,-1,-1,-1
238,177,1261,289,221,173,1,-1,-1,-1
238,178,799,11,228,155,1,-1,-1,-1
238,179,1441,64,291,141,1,-1,-1,-1
239,172,133,627,333,268,1,-1,-1,-1
239,176,478,268,212,157,1,-1,-1,-1
239,178,771,4,235,159,1,-1,-1,-1
239,179,1407,65,293,142,1,-1,-1,-1
240,172,127,634,336,270,1,-1,-1,-1
240,174,479,150,242,181,1,-1,-1,-1
240,176,476,272,210,157,1,-1,-1,-1
240,178,742,0,239,162,1,-1,-1,-1
240,179,1379,65,298,145,1,-1,-1,-1
241,172,123,642,337,270,1,-1,-1,-1
241,174,482,156,235,176,1,-1,-1,-1
241,176,477,274,209,157,1,-1,-1,-1
241,178,715,0,239,161,1,-1,-1,-1
241,179,1331,67,299,145,1,-1,-1,-1
242,172,110,651,341,273,1,-1,-1,-1
242,174,482,160,234,177,1,-1,-1,-1
242,176,474,280,209,158,1,-1,-1,-1
242,178,690,-1,240,161,1,-1,-1,-1
242,179,1287,66,305,147,1,-1,-1,-1
243,172,95,661,347,277,1,-1,-1,-1
243,174,482,165,232,176,1,-1,-1,-1
243,176,472,285,208,158,1,-1,-1,-1
243,178,666,-1,238,160,1,-1,-1,-1
243,179,1253,65,307,148,1,-1,-1,-1
244,172,85,667,352,281,1,-1,-1,-1
244,174,482,168,231,177,1,-1,-1,-1
244,176,472,291,205,156,1,-1,-1,-1
244,178,639,-1,236,157,1,-1,-1,-1
244,179,1222,66,309,148,1,-1,-1,-1
245,172,75,674,357,284,1,-1,-1,-1
245,174,476,166,239,184,1,-1,-1,-1
245,176,469,294,206,157,1,-1,-1,-1
245,178,606,-1,233,154,1,-1,-1,-1
245,179,1192,66,309,149,1,-1,-1,-1
246,172,66,681,361,287,1,-1,-1,-1
246,174,473,167,241,186,1,-1,-1,-1
246,176,466,297,207,159,1,-1,-1,-1
246,178,572,-1,231,153,1,-1,-1,-1
247,174,475,173,234,181,1,-1,-1,-1
247,176,462,299,210,161,1,-1,-1,-1
247,178,538,0,229,150,1,-1,-1,-1
248,172,44,700,368,292,1,-1,-1,-1
248,174,472,173,234,182,1,-1,-1,-1
248,176,460,301,211,162,1,-1,-1,-1
248,178,509,1,224,147,1,-1,-1,-1
249,172,36,707,374,297,1,-1,-1,-1
249,174,471,182,230,179,1,-1,-1,-1
249,176,458,303,212,164,1,-1,-1,-1
249,178,482,2,222,144,1,-1,-1,-1
250,172,19,716,383,302,1,-1,-1,-1
250,174,466,181,235,183,1,-1,-1,-1
250,176,457,308,212,164,1,-1,-1,-1
250,178,450,3,221,142,1,-1,-1,-1
251,172,7,724,388,307,1,-1,-1,-1
251,174,463,183,237,185,1,-1,-1,-1
251,176,455,312,213,165,1,-1,-1,-1
251,178,410,3,222,142,1,-1,-1,-1
252,172,-2,732,391,309,1,-1,-1,-1
252,174,460,186,239,186,1,-1,-1,-1
252,176,454,316,211,164,1,-1,-1,-1
252,178,384,3,222,141,1,-1,-1,-1
253,174,460,188,240,187,1,-1,-1,-1
253,176,451,319,212,165,1,-1,-1,-1
253,178,356,3,222,140,1,-1,-1,-1
254,174,458,195,240,188,1,-1,-1,-1
254,176,447,324,213,166,1,-1,-1,-1
254,178,328,3,221,139,1,-1,-1,-1
255,174,455,199,244,191,1,-1,-1,-1
255,176,445,329,212,166,1,-1,-1,-1
256,174,449,197,251,197,1,-1,-1,-1
256,176,442,333,214,168,1,-1,-1,-1
257,174,445,198,255,201,1,-1,-1,-1
257,176,439,337,214,168,1,-1,-1,-1
258,174,442,200,257,203,1,-1,-1,-1
258,176,437,341,215,169,1,-1,-1,-1
259,176,437,345,215,168,1,-1,-1,-1
260,176,434,349,218,171,1,-1,-1,-1
261,174,441,218,241,191,1,-1,-1,-1
261,176,428,352,222,174,1,-1,-1,-1
262,174,439,222,240,190,1,-1,-1,-1
262,176,422,356,226,177,1,-1,-1,-1
263,174,437,226,240,189,1,-1,-1,-1
263,176,420,360,224,177,1,-1,-1,-1
264,176,416,363,225,177,1,-1,-1,-1
265,176,412,366,227,179,1,-1,-1,-1
266,176,409,371,228,179,1,-1,-1,-1
267,176,406,376,230,181,1,-1,-1,-1
268,176,402,381,234,183,1,-1,-1,-1
269,176,399,387,235,184,1,-1,-1,-1
270,176,396,391,236,186,1,-1,-1,-1
271,176,391,395,237,187,1,-1,-1,-1
272,176,386,399,238,187,1,-1,-1,-1
273,176,382,402,240,189,1,-1,-1,-1
274,176,379,406,241,190,1,-1,-1,-1
275,176,377,411,241,190,1,-1,-1,-1
276,174,411,269,263,207,1,-1,-1,-1
276,176,374,415,241,190,1,-1,-1,-1
277,174,407,265,270,214,1,-1,-1,-1
277,176,371,420,242,191,1,-1,-1,-1
278,174,403,263,276,220,1,-1,-1,-1
278,176,364,424,245,193,1,-1,-1,-1
279,174,401,265,276,220,1,-1,-1,-1
279,176,360,429,248,195,1,-1,-1,-1
280,174,399,264,279,224,1,-1,-1,-1
280,176,357,434,251,198,1,-1,-1,-1
281,174,397,264,281,226,1,-1,-1,-1
281,176,353,439,254,200,1,-1,-1,-1
281,180,1060,700,517,362,1,-1,-1,-1
282,174,397,267,282,226,1,-1,-1,-1
282,176,346,445,258,204,1,-1,-1,-1
282,180,1046,689,535,375,1,-1,-1,-1
283,174,397,268,285,230,1,-1,-1,-1
283,176,342,451,263,208,1,-1,-1,-1
283,180,1035,677,545,384,1,-1,-1,-1
284,174,395,269,289,234,1,-1,-1,-1
284,176,337,457,265,210,1,-1,-1,-1
284,180,1029,667,545,383,1,-1,-1,-1
285,174,395,273,289,234,1,-1,-1,-1
285,176,331,462,269,214,1,-1,-1,-1
285,180,1028,657,535,378,1,-1,-1,-1
286,174,390,275,293,238,1,-1,-1,-1
286,176,327,469,270,214,1,-1,-1,-1
286,180,1028,650,524,371,1,-1,-1,-1
287,174,386,276,299,243,1,-1,-1,-1
287,176,324,476,271,214,1,-1,-1,-1
287,180,1026,640,514,366,1,-1,-1,-1
288,174,387,280,297,242,1,-1,-1,-1
288,176,320,483,269,213,1,-1,-1,-1
288,180,1025,631,502,359,1,-1,-1,-1
289,174,388,280,298,245,1,-1,-1,-1
289,176,316,489,269,214,1,-1,-1,-1
289,180,1024,622,492,354,1,-1,-1,-1
290,174,387,281,300,247,1,-1,-1,-1
290,176,312,495,270,215,1,-1,-1,-1
290,180,1021,614,480,347,1,-1,-1,-1
291,174,388,287,298,245,1,-1,-1,-1
291,176,304,500,275,218,1,-1,-1,-1
291,180,1021,605,468,342,1,-1,-1,-1
292,174,386,290,301,249,1,-1,-1,-1
292,176,300,506,276,220,1,-1,-1,-1
292,180,1019,597,456,335,1,-1,-1,-1
293,174,387,296,299,247,1,-1,-1,-1
293,176,293,511,280,223,1,-1,-1,-1
293,180,1019,587,453,335,1,-1,-1,-1
294,174,387,300,297,247,1,-1,-1,-1
294,176,283,516,284,227,1,-1,-1,-1
294,180,1019,579,447,334,1,-1,-1,-1
295,174,385,304,298,248,1,-1,-1,-1
295,176,276,522,287,228,1,-1,-1,-1
295,180,1018,572,438,330,1,-1,-1,-1
296,174,382,305,301,250,1,-1,-1,-1
296,176,270,526,292,233,1,-1,-1,-1
296,180,1020,561,430,325,1,-1,-1,-1
297,174,381,306,301,252,1,-1,-1,-1
297,176,263,533,294,233,1,-1,-1,-1
297,180,1024,552,418,320,1,-1,-1,-1
298,174,382,309,301,251,1,-1,-1,-1
298,176,260,539,293,233,1,-1,-1,-1
298,180,1025,546,408,314,1,-1,-1,-1
299,174,382,313,300,251,1,-1,-1,-1
299,176,254,545,294,234,1,-1,-1,-1
299,180,1023,541,399,310,1,-1,-1,-1
300,174,381,316,301,252,1,-1,-1,-1
300,176,247,551,296,235,1,-1,-1,-1
300,180,1022,534,394,308,1,-1,-1,-1
301,174,378,319,301,253,1,-1,-1,-1
301,176,241,556,299,238,1,-1,-1,-1
301,180,1026,525,386,305,1,-1,-1,-1
302,174,368,313,312,263,1,-1,-1,-1
302,176,232,562,302,241,1,-1,-1,-1
302,180,1028,519,373,296,1,-1,-1,-1
303,174,362,311,319,269,1,-1,-1,-1
303,176,226,570,302,241,1,-1,-1,-1
303,180,1027,513,364,291,1,-1,-1,-1
304,174,359,312,322,271,1,-1,-1,-1
304,176,219,577,304,242,1,-1,-1,-1
304,180,1033,509,347,279,1,-1,-1,-1
305,174,345,319,322,271,1,-1,-1,-1
305,176,212,583,303,242,1,-1,-1,-1
305,180,1037,505,335,270,1,-1,-1,-1
306,174,336,322,321,271,1,-1,-1,-1
306,176,200,589,309,246,1,-1,-1,-1
306,180,1040,497,329,267,1,-1,-1,-1
307,174,325,318,331,278,1,-1,-1,-1
307,176,189,597,311,247,1,-1,-1,-1
307,180,1042,488,321,262,1,-1,-1,-1
308,174,306,312,347,292,1,-1,-1,-1
308,176,178,602,315,251,1,-1,-1,-1
308,180,1043,483,313,256,1,-1,-1,-1
308,181,1078,650,369,281,1,-1,-1,-1
309,174,292,317,347,291,1,-1,-1,-1
309,176,168,608,320,255,1,-1,-1,-1
309,180,1047,481,304,248,1,-1,-1,-1
309,181,1076,642,360,275,1,-1,-1,-1
310,174,273,319,350,293,1,-1,-1,-1
310,176,162,614,321,255,1,-1,-1,-1
310,180,1046,474,300,246,1,-1,-1,-1
310,181,1073,634,355,271,1,-1,-1,-1
311,174,254,316,360,299,1,-1,-1,-1
311,176,154,621,323,258,1,-1,-1,-1
311,180,1043,468,299,245,1,-1,-1,-1
311,181,1063,605,370,282,1,-1,-1,-1
312,174,235,323,354,292,1,-1,-1,-1
312,176,140,630,330,263,1,-1,-1,-1
312,180,1047,464,292,239,1,-1,-1,-1
312,181,1065,603,359,274,1,-1,-1,-1
313,174,214,332,347,284,1,-1,-1,-1
313,176,125,638,334,266,1,-1,-1,-1
313,180,1047,458,286,233,1,-1,-1,-1
313,181,1060,597,353,270,1,-1,-1,-1
314,174,184,346,341,275,1,-1,-1,-1
314,176,115,646,336,267,1,-1,-1,-1
314,180,1045,451,283,231,1,-1,-1,-1
314,181,1058,593,343,262,1,-1,-1,-1
315,174,158,359,331,265,1,-1,-1,-1
315,176,102,653,342,272,1,-1,-1,-1
315,180,1044,446,279,228,1,-1,-1,-1
315,181,1058,585,339,259,1,-1,-1,-1
316,174,116,368,335,263,1,-1,-1,-1
316,176,92,662,341,272,1,-1,-1,-1
316,180,1042,440,278,228,1,-1,-1,-1
316,181,1054,577,337,258,1,-1,-1,-1
317,174,77,374,340,263,1,-1,-1,-1
317,176,81,672,344,274,1,-1,-1,-1
317,180,1042,435,274,223,1,-1,-1,-1
317,181,1057,573,330,253,1,-1,-1,-1
318,174,49,380,343,261,1,-1,-1,-1
318,176,64,679,351,280,1,-1,-1,-1
318,180,1042,429,271,221,1,-1,-1,-1
318,181,1053,559,330,254,1,-1,-1,-1
319,174,29,385,341,260,1,-1,-1,-1
319,176,54,688,352,280,1,-1,-1,-1
319,180,1041,424,271,220,1,-1,-1,-1
319,181,1048,545,333,257,1,-1,-1,-1
320,176,46,692,355,282,1,-1,-1,-1
320,180,1038,418,270,218,1,-1,-1,-1
320,181,1048,542,326,250,1,-1,-1,-1
321,176,36,699,360,287,1,-1,-1,-1
321,180,1037,414,263,212,1,-1,-1,-1
321,181,1048,533,325,251,1,-1,-1,-1
322,176,25,710,365,289,1,-1,-1,-1
322,180,1033,409,263,212,1,-1,-1,-1
322,181,1042,522,329,254,1,-1,-1,-1
323,176,11,719,370,294,1,-1,-1,-1
323,180,1030,404,264,213,1,-1,-1,-1
323,181,1038,512,329,255,1,-1,-1,-1
324,176,0,730,375,298,1,-1,-1,-1
324,180,1026,397,268,214,1,-1,-1,-1
324,181,1039,508,319,248,1,-1,-1,-1
325,176,-8,740,380,303,1,-1,-1,-1
325,180,1027,393,265,212,1,-1,-1,-1
325,181,1039,505,312,243,1,-1,-1,-1
326,176,-16,748,387,309,1,-1,-1,-1
326,180,1021,388,270,215,1,-1,-1,-1
326,181,1040,504,305,238,1,-1,-1,-1
327,176,-19,758,388,310,1,-1,-1,-1
327,180,1018,383,271,216,1,-1,-1,-1
327,181,1040,499,300,235,1,-1,-1,-1
328,176,-25,767,390,312,1,-1,-1,-1
328,180,1016,378,271,216,1,-1,-1,-1
328,181,1039,493,298,234,1,-1,-1,-1
329,176,-34,775,393,315,1,-1,-1,-1
329,180,1015,374,266,211,1,-1,-1,-1
329,181,1029,476,311,244,1,-1,-1,-1
330,180,1014,370,265,211,1,-1,-1,-1
330,181,1026,465,310,245,1,-1,-1,-1
331,180,1013,365,266,212,1,-1,-1,-1
331,181,1026,457,305,243,1,-1,-1,-1
332,180,1015,361,261,207,1,-1,-1,-1
332,181,1031,459,293,233,1,-1,-1,-1
333,180,1021,358,250,198,1,-1,-1,-1
333,181,1036,462,281,225,1,-1,-1,-1
333,182,817,122,177,138,1,-1,-1,-1
334,180,1021,353,249,198,1,-1,-1,-1
334,181,1035,457,278,223,1,-1,-1,-1
334,182,803,126,174,137,1,-1,-1,-1
335,180,1020,349,248,196,1,-1,-1,-1
335,181,1033,451,276,222,1,-1,-1,-1
335,182,776,129,176,138,1,-1,-1,-1
336,180,1022,343,244,193,1,-1,-1,-1
336,181,1031,446,274,220,1,-1,-1,-1
336,182,747,134,179,139,1,-1,-1,-1
337,180,1025,334,239,190,1,-1,-1,-1
337,181,1018,419,292,236,1,-1,-1,-1
337,182,720,137,182,140,1,-1,-1,-1
338,180,1028,331,232,183,1,-1,-1,-1
338,181,1011,403,299,242,1,-1,-1,-1
338,182,692,142,183,141,1,-1,-1,-1
339,180,1027,327,229,181,1,-1,-1,-1
339,181,1008,394,299,243,1,-1,-1,-1
339,182,667,147,185,141,1,-1,-1,-1
340,180,1028,324,227,180,1,-1,-1,-1
340,181,1013,412,272,222,1,-1,-1,-1
340,182,648,151,187,142,1,-1,-1,-1
341,180,1029,322,225,177,1,-1,-1,-1
341,181,1017,420,258,211,1,-1,-1,-1
341,182,631,155,189,143,1,-1,-1,-1
342,180,1031,318,225,177,1,-1,-1,-1
342,181,1019,421,249,203,1,-1,-1,-1
342,182,615,160,191,143,1,-1,-1,-1
343,180,1032,316,223,174,1,-1,-1,-1
343,181,1020,421,243,199,1,-1,-1,-1
343,182,598,166,194,146,1,-1,-1,-1
344,180,1029,311,226,177,1,-1,-1,-1
344,181,1019,418,239,196,1,-1,-1,-1
344,182,586,174,193,144,1,-1,-1,-1
345,180,1026,307,229,179,1,-1,-1,-1
345,181,1022,418,230,188,1,-1,-1,-1
345,182,574,179,192,143,1,-1,-1,-1
346,180,1025,302,228,178,1,-1,-1,-1
346,181,1023,416,223,183,1,-1,-1,-1
346,182,561,184,194,144,1,-1,-1,-1
347,180,1025,298,224,175,1,-1,-1,-1
347,181,1023,413,218,179,1,-1,-1,-1
347,182,550,189,194,144,1,-1,-1,-1
348,180,1024,294,224,174,1,-1,-1,-1
348,182,541,197,192,142,1,-1,-1,-1
349,180,1025,292,220,171,1,-1,-1,-1
349,182,532,202,193,143,1,-1,-1,-1
