4,183,852,359,247,172,1,-1,-1,-1
4,184,1141,444,374,245,1,-1,-1,-1
5,183,858,359,252,175,1,-1,-1,-1
5,184,1146,445,380,248,1,-1,-1,-1
6,183,862,358,256,179,1,-1,-1,-1
6,184,1151,443,386,252,1,-1,-1,-1
7,183,869,360,258,180,1,-1,-1,-1
7,184,1153,442,393,256,1,-1,-1,-1
8,183,875,362,261,182,1,-1,-1,-1
8,184,1157,442,400,261,1,-1,-1,-1
9,183,881,364,262,184,1,-1,-1,-1
9,184,1160,443,404,264,1,-1,-1,-1
10,183,889,369,263,184,1,-1,-1,-1
10,184,1166,447,399,261,1,-1,-1,-1
10,185,863,269,227,149,1,-1,-1,-1
11,183,897,372,263,184,1,-1,-1,-1
11,184,1171,448,403,263,1,-1,-1,-1
11,185,866,270,226,149,1,-1,-1,-1
11,186,398,163,109,92,1,-1,-1,-1
12,183,904,375,263,184,1,-1,-1,-1
12,184,1175,447,408,267,1,-1,-1,-1
12,185,867,271,226,149,1,-1,-1,-1
12,186,404,164,109,93,1,-1,-1,-1
13,183,910,377,263,184,1,-1,-1,-1
13,184,1180,448,410,268,1,-1,-1,-1
13,185,874,272,221,146,1,-1,-1,-1
13,186,409,167,108,92,1,-1,-1,-1
13,187,311,180,113,94,1,-1,-1,-1
14,183,916,378,264,185,1,-1,-1,-1
14,184,1184,448,412,270,1,-1,-1,-1
14,185,879,274,216,142,1,-1,-1,-1
14,186,416,171,106,90,1,-1,-1,-1
14,187,315,182,113,94,1,-1,-1,-1
15,183,922,380,263,184,1,-1,-1,-1
15,184,1198,455,407,266,1,-1,-1,-1
15,185,881,275,219,144,1,-1,-1,-1
15,186,423,174,104,88,1,-1,-1,-1
15,187,321,185,113,95,1,-1,-1,-1
16,183,925,380,265,186,1,-1,-1,-1
16,184,1210,460,404,265,1,-1,-1,-1
16,185,884,276,218,143,1,-1,-1,-1
16,186,430,176,104,88,1,-1,-1,-1
16,187,326,187,115,95,1,-1,-1,-1
17,183,929,382,266,187,1,-1,-1,-1
17,184,1219,464,404,264,1,-1,-1,-1
17,185,888,277,220,144,1,-1,-1,-1
17,186,437,178,103,88,1,-1,-1,-1
17,187,331,188,115,97,1,-1,-1,-1
18,183,933,383,266,188,1,-1,-1,-1
18,184,1225,465,405,265,1,-1,-1,-1
18,185,892,277,223,146,1,-1,-1,-1
18,186,443,182,102,86,1,-1,-1,-1
18,187,335,190,115,97,1,-1,-1,-1
19,183,936,384,269,189,1,-1,-1,-1
19,184,1229,466,408,267,1,-1,-1,-1
19,185,892,277,227,148,1,-1,-1,-1
19,186,450,184,103,87,1,-1,-1,-1
19,187,340,192,113,95,1,-1,-1,-1
20,183,939,385,270,191,1,-1,-1,-1
20,184,1234,467,409,267,1,-1,-1,-1
20,185,893,278,231,150,1,-1,-1,-1
20,186,456,187,104,86,1,-1,-1,-1
20,187,344,192,115,97,1,-1,-1,-1
21,183,943,386,270,191,1,-1,-1,-1
21,184,1240,468,409,267,1,-1,-1,-1
21,185,896,279,233,151,1,-1,-1,-1
21,186,462,189,107,88,1,-1,-1,-1
21,187,349,194,117,97,1,-1,-1,-1
22,183,947,386,271,192,1,-1,-1,-1
22,184,1243,466,416,272,1,-1,-1,-1
22,185,901,280,233,151,1,-1,-1,-1
22,186,468,189,109,91,1,-1,-1,-1
22,187,355,195,115,97,1,-1,-1,-1
22,188,1109,294,240,131,1,-1,-1,-1
23,183,952,388,270,191,1,-1,-1,-1
23,184,1241,464,426,278,1,-1,-1,-1
23,185,906,281,234,151,1,-1,-1,-1
23,186,474,191,110,91,1,-1,-1,-1
23,187,358,196,117,98,1,-1,-1,-1
23,188,1100,293,239,131,1,-1,-1,-1
24,183,955,389,272,192,1,-1,-1,-1
24,184,1250,465,428,279,1,-1,-1,-1
24,185,913,284,233,150,1,-1,-1,-1
24,186,479,192,111,92,1,-1,-1,-1
24,187,361,197,118,99,1,-1,-1,-1
25,183,959,389,273,193,1,-1,-1,-1
25,184,1259,466,430,280,1,-1,-1,-1
25,185,919,285,230,148,1,-1,-1,-1
25,186,485,193,113,93,1,-1,-1,-1
25,187,364,198,121,101,1,-1,-1,-1
26,183,963,390,274,194,1,-1,-1,-1
26,184,1268,468,430,280,1,-1,-1,-1
26,185,922,286,231,147,1,-1,-1,-1
26,186,493,195,113,92,1,-1,-1,-1
26,187,369,199,122,102,1,-1,-1,-1
27,183,966,391,277,196,1,-1,-1,-1
27,184,1276,469,433,281,1,-1,-1,-1
27,185,925,285,233,148,1,-1,-1,-1
27,186,499,196,116,94,1,-1,-1,-1
27,187,374,202,122,102,1,-1,-1,-1
28,183,969,392,279,197,1,-1,-1,-1
28,184,1281,470,439,284,1,-1,-1,-1
28,185,925,286,234,148,1,-1,-1,-1
28,186,504,197,117,95,1,-1,-1,-1
28,187,380,203,123,103,1,-1,-1,-1
29,183,971,393,281,198,1,-1,-1,-1
29,184,1294,472,438,284,1,-1,-1,-1
29,185,923,286,238,150,1,-1,-1,-1
29,186,510,198,117,94,1,-1,-1,-1
29,187,385,205,123,103,1,-1,-1,-1
30,183,976,395,279,197,1,-1,-1,-1
30,184,1303,473,442,285,1,-1,-1,-1
30,185,923,286,240,151,1,-1,-1,-1
30,186,515,199,118,95,1,-1,-1,-1
30,187,389,206,124,104,1,-1,-1,-1
31,183,979,395,282,200,1,-1,-1,-1
31,184,1303,471,453,292,1,-1,-1,-1
31,185,929,287,240,150,1,-1,-1,-1
31,186,519,200,119,96,1,-1,-1,-1
31,187,394,208,124,104,1,-1,-1,-1
32,183,986,398,285,202,1,-1,-1,-1
32,184,1308,473,459,296,1,-1,-1,-1
32,185,937,288,239,150,1,-1,-1,-1
32,186,526,202,120,95,1,-1,-1,-1
32,187,399,210,125,104,1,-1,-1,-1
33,183,990,399,284,201,1,-1,-1,-1
33,184,1315,476,463,298,1,-1,-1,-1
33,185,940,290,239,149,1,-1,-1,-1
33,186,536,203,121,97,1,-1,-1,-1
33,187,404,211,127,105,1,-1,-1,-1
34,183,994,400,284,201,1,-1,-1,-1
34,184,1327,481,463,298,1,-1,-1,-1
34,185,942,292,241,150,1,-1,-1,-1
34,186,544,205,122,98,1,-1,-1,-1
34,187,408,211,129,108,1,-1,-1,-1
35,183,999,401,286,203,1,-1,-1,-1
35,184,1337,483,459,295,1,-1,-1,-1
35,185,947,294,241,149,1,-1,-1,-1
35,186,550,207,123,98,1,-1,-1,-1
35,187,414,213,129,108,1,-1,-1,-1
35,188,856,244,189,103,1,-1,-1,-1
36,183,1003,402,288,204,1,-1,-1,-1
36,184,1341,484,465,299,1,-1,-1,-1
36,185,947,293,245,152,1,-1,-1,-1
36,186,555,209,125,98,1,-1,-1,-1
36,187,419,215,130,109,1,-1,-1,-1
36,188,834,241,185,102,1,-1,-1,-1
37,183,1007,403,289,204,1,-1,-1,-1
37,184,1349,486,469,302,1,-1,-1,-1
37,185,953,294,246,152,1,-1,-1,-1
37,186,561,210,126,100,1,-1,-1,-1
37,187,424,217,132,110,1,-1,-1,-1
37,188,815,238,182,101,1,-1,-1,-1
38,183,1011,404,289,205,1,-1,-1,-1
38,184,1351,490,480,308,1,-1,-1,-1
38,185,958,294,247,152,1,-1,-1,-1
38,186,570,212,129,102,1,-1,-1,-1
38,187,429,219,133,111,1,-1,-1,-1
38,188,796,234,183,102,1,-1,-1,-1
39,183,1017,405,292,207,1,-1,-1,-1
39,184,1361,492,483,310,1,-1,-1,-1
39,185,961,293,250,154,1,-1,-1,-1
39,186,580,214,129,102,1,-1,-1,-1
39,187,434,221,133,111,1,-1,-1,-1
39,188,781,230,183,103,1,-1,-1,-1
40,183,1023,406,295,209,1,-1,-1,-1
40,184,1363,493,492,316,1,-1,-1,-1
40,185,960,292,255,157,1,-1,-1,-1
40,186,588,217,130,102,1,-1,-1,-1
40,187,437,222,135,112,1,-1,-1,-1
40,188,770,228,181,102,1,-1,-1,-1
41,183,1030,407,297,210,1,-1,-1,-1
41,184,1368,494,498,320,1,-1,-1,-1
41,185,964,293,255,156,1,-1,-1,-1
41,186,596,219,132,104,1,-1,-1,-1
41,187,441,222,138,114,1,-1,-1,-1
41,188,760,227,174,98,1,-1,-1,-1
42,183,1036,409,298,211,1,-1,-1,-1
42,184,1379,498,499,321,1,-1,-1,-1
42,185,969,295,253,155,1,-1,-1,-1
42,186,602,220,134,105,1,-1,-1,-1
42,187,447,224,139,115,1,-1,-1,-1
42,188,746,224,172,98,1,-1,-1,-1
43,183,1040,410,300,212,1,-1,-1,-1
43,184,1398,504,490,315,1,-1,-1,-1
43,185,970,295,255,155,1,-1,-1,-1
43,186,610,222,134,106,1,-1,-1,-1
43,187,452,225,141,117,1,-1,-1,-1
43,188,736,222,171,98,1,-1,-1,-1
44,183,1041,411,299,211,1,-1,-1,-1
44,184,1413,508,484,312,1,-1,-1,-1
44,185,972,296,256,155,1,-1,-1,-1
44,186,617,224,136,107,1,-1,-1,-1
44,187,457,228,142,118,1,-1,-1,-1
44,188,724,219,169,98,1,-1,-1,-1
44,189,939,220,184,110,1,-1,-1,-1
45,183,1044,412,298,210,1,-1,-1,-1
45,184,1428,514,482,310,1,-1,-1,-1
45,185,974,299,255,154,1,-1,-1,-1
45,186,623,226,138,108,1,-1,-1,-1
45,187,462,230,144,119,1,-1,-1,-1
45,188,715,217,164,96,1,-1,-1,-1
45,189,921,218,186,111,1,-1,-1,-1
46,183,1048,413,297,210,1,-1,-1,-1
46,184,1437,517,483,311,1,-1,-1,-1
46,185,975,299,257,155,1,-1,-1,-1
46,186,626,227,142,111,1,-1,-1,-1
46,187,466,232,148,122,1,-1,-1,-1
46,188,702,214,161,95,1,-1,-1,-1
46,189,903,216,185,109,1,-1,-1,-1
46,190,360,141,109,103,1,-1,-1,-1
47,183,1052,414,297,209,1,-1,-1,-1
47,184,1440,516,491,315,1,-1,-1,-1
47,185,976,299,261,157,1,-1,-1,-1
47,186,635,229,143,112,1,-1,-1,-1
47,187,471,233,149,123,1,-1,-1,-1
47,188,688,212,159,93,1,-1,-1,-1
47,189,887,212,184,109,1,-1,-1,-1
47,190,365,144,107,101,1,-1,-1,-1
47,191,1345,381,389,184,1,-1,-1,-1
48,183,1056,415,297,209,1,-1,-1,-1
48,184,1440,514,499,321,1,-1,-1,-1
48,185,976,299,268,161,1,-1,-1,-1
48,186,644,231,145,113,1,-1,-1,-1
48,187,474,234,151,124,1,-1,-1,-1
48,189,867,210,186,110,1,-1,-1,-1
48,190,368,145,107,101,1,-1,-1,-1
48,191,1346,382,391,183,1,-1,-1,-1
49,183,1062,417,296,208,1,-1,-1,-1
49,184,1444,516,500,322,1,-1,-1,-1
49,185,975,298,275,165,1,-1,-1,-1
49,186,654,232,144,114,1,-1,-1,-1
49,187,476,234,154,127,1,-1,-1,-1
49,189,849,207,187,111,1,-1,-1,-1
49,190,371,147,107,100,1,-1,-1,-1
49,191,1345,380,396,187,1,-1,-1,-1
50,183,1065,417,299,210,1,-1,-1,-1
50,184,1448,518,502,325,1,-1,-1,-1
50,185,975,298,281,169,1,-1,-1,-1
50,186,661,236,144,113,1,-1,-1,-1
50,187,481,237,154,126,1,-1,-1,-1
50,189,833,204,188,112,1,-1,-1,-1
50,190,374,147,108,101,1,-1,-1,-1
50,191,1344,379,403,190,1,-1,-1,-1
51,183,1070,420,300,212,1,-1,-1,-1
51,184,1449,519,507,328,1,-1,-1,-1
51,185,979,299,282,169,1,-1,-1,-1
51,186,667,239,142,112,1,-1,-1,-1
51,187,485,238,157,129,1,-1,-1,-1
51,189,821,202,181,108,1,-1,-1,-1
51,190,377,148,108,101,1,-1,-1,-1
51,191,1346,380,411,194,1,-1,-1,-1
52,183,1076,422,303,214,1,-1,-1,-1
52,184,1452,520,511,333,1,-1,-1,-1
52,185,979,300,288,172,1,-1,-1,-1
52,186,673,241,141,111,1,-1,-1,-1
52,187,489,238,160,132,1,-1,-1,-1
52,189,808,200,178,107,1,-1,-1,-1
52,190,381,147,111,105,1,-1,-1,-1
52,191,1348,382,412,195,1,-1,-1,-1
53,183,1081,423,308,217,1,-1,-1,-1
53,184,1456,521,515,336,1,-1,-1,-1
53,185,977,299,291,174,1,-1,-1,-1
53,186,678,243,142,112,1,-1,-1,-1
53,187,494,240,161,133,1,-1,-1,-1
53,189,795,198,174,105,1,-1,-1,-1
53,190,385,149,112,104,1,-1,-1,-1
53,191,1351,384,416,197,1,-1,-1,-1
54,183,1089,425,309,217,1,-1,-1,-1
54,184,1462,523,518,338,1,-1,-1,-1
54,185,979,301,290,174,1,-1,-1,-1
54,186,685,245,141,110,1,-1,-1,-1
54,187,501,243,163,134,1,-1,-1,-1
54,189,784,197,170,103,1,-1,-1,-1
54,190,389,150,113,105,1,-1,-1,-1
54,191,1359,387,419,198,1,-1,-1,-1
55,183,1097,428,309,217,1,-1,-1,-1
55,185,981,302,290,174,1,-1,-1,-1
55,186,690,245,143,112,1,-1,-1,-1
55,187,508,244,165,137,1,-1,-1,-1
55,189,775,196,167,101,1,-1,-1,-1
55,190,393,151,113,105,1,-1,-1,-1
55,191,1365,390,419,198,1,-1,-1,-1
56,183,1104,429,311,218,1,-1,-1,-1
56,185,983,302,292,176,1,-1,-1,-1
56,186,696,245,148,115,1,-1,-1,-1
56,187,515,246,166,138,1,-1,-1,-1
56,189,764,194,165,101,1,-1,-1,-1
56,190,398,151,114,107,1,-1,-1,-1
56,191,1370,391,422,201,1,-1,-1,-1
56,192,1219,289,234,118,1,-1,-1,-1
57,183,1111,432,313,219,1,-1,-1,-1
57,185,985,302,292,176,1,-1,-1,-1
57,186,701,245,154,120,1,-1,-1,-1
57,187,520,248,169,139,1,-1,-1,-1
57,189,752,192,162,100,1,-1,-1,-1
57,190,402,153,116,107,1,-1,-1,-1
57,191,1380,393,432,205,1,-1,-1,-1
57,192,1188,284,235,120,1,-1,-1,-1
58,183,1121,436,312,218,1,-1,-1,-1
58,185,987,305,291,175,1,-1,-1,-1
58,186,706,246,159,123,1,-1,-1,-1
58,187,525,248,175,145,1,-1,-1,-1
58,189,738,190,161,99,1,-1,-1,-1
58,190,406,154,117,108,1,-1,-1,-1
58,191,1389,395,440,210,1,-1,-1,-1
58,192,1163,281,229,116,1,-1,-1,-1
59,183,1127,438,317,222,1,-1,-1,-1
59,185,990,305,290,176,1,-1,-1,-1
59,186,714,248,161,124,1,-1,-1,-1
59,187,532,250,180,150,1,-1,-1,-1
59,190,409,155,119,109,1,-1,-1,-1
59,191,1396,396,445,213,1,-1,-1,-1
59,192,1139,278,225,115,1,-1,-1,-1
60,183,1138,440,324,226,1,-1,-1,-1
60,185,993,306,290,176,1,-1,-1,-1
60,186,722,250,160,123,1,-1,-1,-1
60,187,542,257,177,147,1,-1,-1,-1
60,190,412,155,121,111,1,-1,-1,-1
60,191,1410,397,453,218,1,-1,-1,-1
60,192,1117,275,223,113,1,-1,-1,-1
61,183,1149,442,328,229,1,-1,-1,-1
61,185,994,307,292,177,1,-1,-1,-1
61,186,729,251,160,123,1,-1,-1,-1
61,187,553,263,176,147,1,-1,-1,-1
61,190,417,156,120,110,1,-1,-1,-1
61,191,1419,398,461,222,1,-1,-1,-1
62,183,1158,447,326,228,1,-1,-1,-1
62,185,996,308,292,177,1,-1,-1,-1
62,186,736,255,160,122,1,-1,-1,-1
62,187,560,267,178,148,1,-1,-1,-1
62,189,698,177,162,101,1,-1,-1,-1
62,190,422,156,121,111,1,-1,-1,-1
62,191,1427,399,468,226,1,-1,-1,-1
63,183,1170,451,325,225,1,-1,-1,-1
63,185,996,308,293,178,1,-1,-1,-1
63,186,745,258,160,122,1,-1,-1,-1
63,187,568,270,181,151,1,-1,-1,-1
63,189,690,175,159,100,1,-1,-1,-1
63,190,425,157,121,111,1,-1,-1,-1
63,191,1434,400,474,231,1,-1,-1,-1
64,183,1181,451,329,229,1,-1,-1,-1
64,185,996,307,295,179,1,-1,-1,-1
64,186,753,260,159,122,1,-1,-1,-1
64,187,578,275,181,151,1,-1,-1,-1
64,189,681,173,156,99,1,-1,-1,-1
64,190,428,158,122,111,1,-1,-1,-1
64,191,1440,401,481,235,1,-1,-1,-1
65,183,1192,453,331,229,1,-1,-1,-1
65,185,997,307,294,179,1,-1,-1,-1
65,186,761,264,161,122,1,-1,-1,-1
65,187,586,278,182,152,1,-1,-1,-1
65,189,672,173,154,98,1,-1,-1,-1
65,190,430,158,125,113,1,-1,-1,-1
65,191,1446,403,488,240,1,-1,-1,-1
66,183,1204,456,332,229,1,-1,-1,-1
66,185,999,307,293,180,1,-1,-1,-1
66,186,771,266,164,124,1,-1,-1,-1
66,187,595,280,183,152,1,-1,-1,-1
66,189,666,172,149,96,1,-1,-1,-1
66,190,433,159,127,114,1,-1,-1,-1
66,191,1457,407,490,242,1,-1,-1,-1
66,192,991,245,187,95,1,-1,-1,-1
67,183,1214,458,334,231,1,-1,-1,-1
67,185,1001,308,291,179,1,-1,-1,-1
67,186,779,268,166,125,1,-1,-1,-1
67,187,603,283,184,152,1,-1,-1,-1
67,189,659,171,145,95,1,-1,-1,-1
67,190,437,159,128,116,1,-1,-1,-1
67,191,1464,407,494,246,1,-1,-1,-1
67,192,968,240,190,98,1,-1,-1,-1
68,183,1215,460,345,237,1,-1,-1,-1
68,185,1002,309,292,179,1,-1,-1,-1
68,186,789,270,169,126,1,-1,-1,-1
68,187,613,285,186,155,1,-1,-1,-1
68,189,651,169,144,95,1,-1,-1,-1
68,190,442,159,127,116,1,-1,-1,-1
68,191,1469,408,497,248,1,-1,-1,-1
68,192,948,237,191,99,1,-1,-1,-1
69,183,1226,464,348,238,1,-1,-1,-1
69,185,1004,308,295,182,1,-1,-1,-1
69,186,796,272,171,127,1,-1,-1,-1
69,187,620,286,188,156,1,-1,-1,-1
69,189,642,168,141,93,1,-1,-1,-1
69,190,446,160,128,116,1,-1,-1,-1
69,191,1473,409,500,252,1,-1,-1,-1
69,192,927,233,194,100,1,-1,-1,-1
70,183,1236,468,347,237,1,-1,-1,-1
70,185,1007,308,293,181,1,-1,-1,-1
70,186,804,274,174,128,1,-1,-1,-1
70,187,628,290,192,158,1,-1,-1,-1
70,189,632,166,140,93,1,-1,-1,-1
70,190,450,161,129,117,1,-1,-1,-1
70,191,1478,410,503,256,1,-1,-1,-1
70,192,909,229,195,102,1,-1,-1,-1
71,183,1250,472,346,236,1,-1,-1,-1
71,185,1009,309,297,183,1,-1,-1,-1
71,186,813,277,175,129,1,-1,-1,-1
71,187,636,295,193,158,1,-1,-1,-1
71,190,453,162,131,117,1,-1,-1,-1
71,191,1481,412,507,260,1,-1,-1,-1
71,192,894,227,190,100,1,-1,-1,-1
72,183,1262,474,353,240,1,-1,-1,-1
72,185,1014,310,295,182,1,-1,-1,-1
72,186,821,281,176,129,1,-1,-1,-1
72,187,644,298,194,159,1,-1,-1,-1
72,190,456,162,134,121,1,-1,-1,-1
72,191,1478,410,520,270,1,-1,-1,-1
72,192,879,223,188,100,1,-1,-1,-1
73,183,1275,478,357,243,1,-1,-1,-1
73,185,1019,311,292,180,1,-1,-1,-1
73,186,829,283,178,131,1,-1,-1,-1
73,187,655,301,195,160,1,-1,-1,-1
73,190,461,163,135,121,1,-1,-1,-1
73,191,1481,410,527,276,1,-1,-1,-1
73,192,863,219,185,100,1,-1,-1,-1
74,183,1290,484,357,242,1,-1,-1,-1
74,185,1023,311,290,179,1,-1,-1,-1
74,186,838,286,181,132,1,-1,-1,-1
74,187,663,304,198,162,1,-1,-1,-1
74,190,466,164,136,122,1,-1,-1,-1
74,191,1485,411,534,280,1,-1,-1,-1
74,192,850,218,179,96,1,-1,-1,-1
74,193,1586,320,209,141,1,-1,-1,-1
75,183,1303,487,361,243,1,-1,-1,-1
75,185,1027,311,290,180,1,-1,-1,-1
75,186,845,288,181,131,1,-1,-1,-1
75,187,669,306,200,163,1,-1,-1,-1
75,190,470,165,137,123,1,-1,-1,-1
75,192,837,216,176,96,1,-1,-1,-1
75,193,1543,314,211,143,1,-1,-1,-1
76,183,1315,490,364,245,1,-1,-1,-1
76,185,1031,311,294,183,1,-1,-1,-1
76,186,852,289,181,132,1,-1,-1,-1
76,187,675,308,201,164,1,-1,-1,-1
76,190,475,166,137,124,1,-1,-1,-1
76,192,823,212,176,97,1,-1,-1,-1
76,193,1504,308,218,147,1,-1,-1,-1
77,183,1323,493,369,247,1,-1,-1,-1
77,185,1035,312,297,185,1,-1,-1,-1
77,186,858,291,182,131,1,-1,-1,-1
77,187,683,310,204,166,1,-1,-1,-1
77,190,480,167,138,124,1,-1,-1,-1
77,192,811,210,173,96,1,-1,-1,-1
77,193,1464,302,224,150,1,-1,-1,-1
78,183,1329,494,376,253,1,-1,-1,-1
78,185,1038,313,300,187,1,-1,-1,-1
78,186,865,292,184,132,1,-1,-1,-1
78,187,691,312,207,168,1,-1,-1,-1
78,190,485,168,138,125,1,-1,-1,-1
78,192,797,209,169,95,1,-1,-1,-1
78,193,1431,298,226,151,1,-1,-1,-1
79,183,1338,497,386,258,1,-1,-1,-1
79,185,1041,314,301,187,1,-1,-1,-1
79,186,870,292,187,135,1,-1,-1,-1
79,187,700,314,210,170,1,-1,-1,-1
79,190,487,168,140,126,1,-1,-1,-1
79,192,785,208,162,92,1,-1,-1,-1
79,193,1395,292,227,152,1,-1,-1,-1
80,183,1352,502,390,260,1,-1,-1,-1
80,185,1043,314,303,189,1,-1,-1,-1
80,186,876,294,193,137,1,-1,-1,-1
80,187,709,317,213,172,1,-1,-1,-1
80,190,491,170,141,126,1,-1,-1,-1
80,192,773,207,156,90,1,-1,-1,-1
80,193,1361,285,232,153,1,-1,-1,-1
81,183,1366,507,396,264,1,-1,-1,-1
81,185,1046,315,303,189,1,-1,-1,-1
81,186,885,296,195,139,1,-1,-1,-1
81,187,718,319,217,174,1,-1,-1,-1
81,190,495,171,142,127,1,-1,-1,-1
81,192,761,206,152,88,1,-1,-1,-1
81,193,1330,280,229,152,1,-1,-1,-1
82,183,1381,512,398,264,1,-1,-1,-1
82,185,1049,318,303,188,1,-1,-1,-1
82,186,889,297,198,140,1,-1,-1,-1
82,187,725,322,220,175,1,-1,-1,-1
82,190,498,171,144,129,1,-1,-1,-1
82,192,751,204,150,88,1,-1,-1,-1
82,193,1305,277,225,148,1,-1,-1,-1
83,183,1400,518,397,264,1,-1,-1,-1
83,185,1051,318,303,190,1,-1,-1,-1
83,186,893,299,198,139,1,-1,-1,-1
83,187,729,322,224,178,1,-1,-1,-1
83,190,502,172,145,130,1,-1,-1,-1
83,192,741,202,147,87,1,-1,-1,-1
83,193,1283,275,218,143,1,-1,-1,-1
84,183,1410,522,403,268,1,-1,-1,-1
84,185,1056,319,304,190,1,-1,-1,-1
84,186,896,299,198,138,1,-1,-1,-1
84,187,736,323,225,179,1,-1,-1,-1
84,190,509,176,143,128,1,-1,-1,-1
84,192,731,201,146,87,1,-1,-1,-1
84,193,1257,270,217,142,1,-1,-1,-1
85,183,1418,524,413,275,1,-1,-1,-1
85,185,1062,319,306,192,1,-1,-1,-1
85,186,902,299,199,138,1,-1,-1,-1
85,187,748,327,227,181,1,-1,-1,-1
85,190,517,180,138,123,1,-1,-1,-1
85,192,722,199,144,86,1,-1,-1,-1
85,193,1234,267,215,140,1,-1,-1,-1
86,183,1431,528,418,278,1,-1,-1,-1
86,185,1067,320,305,191,1,-1,-1,-1
86,186,906,300,199,139,1,-1,-1,-1
86,187,758,331,230,182,1,-1,-1,-1
86,190,522,181,138,124,1,-1,-1,-1
86,192,712,195,143,87,1,-1,-1,-1
86,193,1214,264,209,136,1,-1,-1,-1
87,183,1447,532,421,280,1,-1,-1,-1
87,185,1072,321,305,191,1,-1,-1,-1
87,186,911,302,200,139,1,-1,-1,-1
87,187,770,334,232,183,1,-1,-1,-1
87,190,526,182,141,125,1,-1,-1,-1
87,192,702,192,144,88,1,-1,-1,-1
87,193,1189,260,206,134,1,-1,-1,-1
88,183,1466,537,421,279,1,-1,-1,-1
88,185,1078,322,307,192,1,-1,-1,-1
88,186,917,304,201,139,1,-1,-1,-1
88,187,780,335,235,185,1,-1,-1,-1
88,190,530,182,143,128,1,-1,-1,-1
88,192,692,190,141,87,1,-1,-1,-1
88,193,1162,256,203,133,1,-1,-1,-1
89,183,1483,543,424,280,1,-1,-1,-1
89,185,1084,321,312,196,1,-1,-1,-1
89,187,790,335,240,187,1,-1,-1,-1
89,190,533,183,145,129,1,-1,-1,-1
89,192,683,188,138,85,1,-1,-1,-1
90,183,1494,547,430,284,1,-1,-1,-1
90,185,1088,320,317,198,1,-1,-1,-1
90,187,802,338,240,188,1,-1,-1,-1
90,190,537,184,144,128,1,-1,-1,-1
90,192,672,185,135,85,1,-1,-1,-1
91,183,1503,550,432,287,1,-1,-1,-1
91,185,1097,322,315,197,1,-1,-1,-1
91,187,810,340,245,190,1,-1,-1,-1
91,190,541,185,144,128,1,-1,-1,-1
91,192,663,182,137,86,1,-1,-1,-1
91,193,1108,245,179,117,1,-1,-1,-1
92,183,1507,553,437,289,1,-1,-1,-1
92,185,1104,322,315,198,1,-1,-1,-1
92,187,818,342,249,193,1,-1,-1,-1
92,190,545,186,145,128,1,-1,-1,-1
92,192,652,179,137,86,1,-1,-1,-1
92,193,1085,241,181,117,1,-1,-1,-1
93,183,1508,551,442,293,1,-1,-1,-1
93,185,1110,323,316,199,1,-1,-1,-1
93,187,830,346,252,194,1,-1,-1,-1
93,192,641,176,136,86,1,-1,-1,-1
93,193,1062,238,183,118,1,-1,-1,-1
94,183,1506,550,449,298,1,-1,-1,-1
94,185,1119,326,318,199,1,-1,-1,-1
94,187,841,348,254,195,1,-1,-1,-1
94,193,1042,235,183,118,1,-1,-1,-1
95,183,1504,547,459,306,1,-1,-1,-1
95,185,1129,327,318,199,1,-1,-1,-1
95,187,851,349,258,198,1,-1,-1,-1
95,193,1021,232,183,118,1,-1,-1,-1
96,183,1502,544,466,313,1,-1,-1,-1
96,185,1136,328,320,200,1,-1,-1,-1
96,187,861,352,263,200,1,-1,-1,-1
96,190,565,192,151,134,1,-1,-1,-1
96,193,1001,230,185,119,1,-1,-1,-1
97,183,1506,544,471,317,1,-1,-1,-1
97,185,1142,331,317,197,1,-1,-1,-1
97,187,869,356,267,202,1,-1,-1,-1
97,190,569,191,155,137,1,-1,-1,-1
97,193,983,226,183,119,1,-1,-1,-1
98,183,1513,545,477,321,1,-1,-1,-1
98,185,1149,332,317,198,1,-1,-1,-1
98,187,877,360,271,205,1,-1,-1,-1
98,190,575,190,157,140,1,-1,-1,-1
98,193,966,223,182,118,1,-1,-1,-1
99,185,1155,333,320,200,1,-1,-1,-1
99,187,886,362,276,208,1,-1,-1,-1
99,190,581,191,159,142,1,-1,-1,-1
99,193,948,219,182,118,1,-1,-1,-1
100,185,1160,334,324,201,1,-1,-1,-1
100,187,897,365,281,211,1,-1,-1,-1
100,190,586,192,162,143,1,-1,-1,-1
100,193,934,218,177,115,1,-1,-1,-1
101,185,1166,334,325,202,1,-1,-1,-1
101,187,907,368,283,212,1,-1,-1,-1
101,190,593,194,162,143,1,-1,-1,-1
101,193,920,216,172,112,1,-1,-1,-1
102,185,1171,334,327,202,1,-1,-1,-1
102,187,918,371,284,212,1,-1,-1,-1
102,190,599,197,161,143,1,-1,-1,-1
102,193,905,214,170,111,1,-1,-1,-1
103,185,1172,335,329,203,1,-1,-1,-1
103,187,931,373,287,214,1,-1,-1,-1
103,190,604,198,162,144,1,-1,-1,-1
103,193,890,211,169,111,1,-1,-1,-1
104,185,1177,335,332,205,1,-1,-1,-1
104,187,944,378,291,216,1,-1,-1,-1
104,190,607,198,163,146,1,-1,-1,-1
104,193,877,209,167,110,1,-1,-1,-1
105,185,1183,338,329,203,1,-1,-1,-1
105,187,955,383,297,219,1,-1,-1,-1
105,190,612,201,161,143,1,-1,-1,-1
105,193,862,206,168,111,1,-1,-1,-1
106,185,1187,341,329,202,1,-1,-1,-1
106,187,970,386,303,223,1,-1,-1,-1
106,190,615,202,161,144,1,-1,-1,-1
106,193,847,203,168,111,1,-1,-1,-1
107,185,1192,341,333,205,1,-1,-1,-1
107,187,981,388,308,226,1,-1,-1,-1
107,190,617,202,164,147,1,-1,-1,-1
107,193,834,200,165,110,1,-1,-1,-1
108,185,1196,342,337,207,1,-1,-1,-1
108,187,990,391,311,226,1,-1,-1,-1
108,190,620,202,167,149,1,-1,-1,-1
108,193,822,198,162,109,1,-1,-1,-1
109,185,1199,341,341,210,1,-1,-1,-1
109,187,995,390,319,231,1,-1,-1,-1
109,190,623,203,169,150,1,-1,-1,-1
109,193,813,198,156,105,1,-1,-1,-1
110,185,1202,342,343,210,1,-1,-1,-1
110,187,1009,392,326,236,1,-1,-1,-1
110,190,630,204,169,150,1,-1,-1,-1
110,193,803,198,153,103,1,-1,-1,-1
111,185,1206,342,344,211,1,-1,-1,-1
111,187,1017,394,331,239,1,-1,-1,-1
111,190,638,204,166,148,1,-1,-1,-1
111,193,792,196,150,103,1,-1,-1,-1
112,185,1210,343,347,212,1,-1,-1,-1
112,187,1028,397,334,241,1,-1,-1,-1
112,190,644,205,168,149,1,-1,-1,-1
112,193,781,194,149,102,1,-1,-1,-1
113,185,1206,343,353,217,1,-1,-1,-1
113,187,1040,401,336,240,1,-1,-1,-1
113,190,652,208,168,149,1,-1,-1,-1
113,193,771,192,147,101,1,-1,-1,-1
114,185,1213,345,352,215,1,-1,-1,-1
114,187,1052,405,336,239,1,-1,-1,-1
114,190,657,209,168,149,1,-1,-1,-1
114,193,763,190,145,101,1,-1,-1,-1
115,185,1221,346,349,214,1,-1,-1,-1
115,187,1064,408,336,238,1,-1,-1,-1
115,190,660,208,171,152,1,-1,-1,-1
115,193,752,188,143,100,1,-1,-1,-1
116,185,1227,347,354,216,1,-1,-1,-1
116,187,1072,409,344,243,1,-1,-1,-1
116,190,664,208,172,153,1,-1,-1,-1
116,193,739,186,142,99,1,-1,-1,-1
117,185,1231,348,358,218,1,-1,-1,-1
117,187,1082,411,354,250,1,-1,-1,-1
117,190,665,207,176,157,1,-1,-1,-1
118,185,1236,348,360,220,1,-1,-1,-1
118,187,1095,416,360,253,1,-1,-1,-1
118,190,668,207,177,158,1,-1,-1,-1
119,187,1107,421,364,256,1,-1,-1,-1
119,190,670,208,179,158,1,-1,-1,-1
120,187,1117,424,367,256,1,-1,-1,-1
120,190,672,208,179,159,1,-1,-1,-1
121,187,1126,427,369,257,1,-1,-1,-1
121,190,676,211,177,157,1,-1,-1,-1
122,187,1140,430,370,258,1,-1,-1,-1
122,190,680,211,177,158,1,-1,-1,-1
123,187,1148,430,373,259,1,-1,-1,-1
123,190,683,212,180,159,1,-1,-1,-1
124,187,1157,433,374,259,1,-1,-1,-1
124,190,686,213,181,160,1,-1,-1,-1
125,187,1172,436,376,260,1,-1,-1,-1
125,190,690,214,182,160,1,-1,-1,-1
125,194,362,205,124,102,1,-1,-1,-1
126,187,1186,439,376,259,1,-1,-1,-1
126,190,695,215,182,160,1,-1,-1,-1
126,194,366,206,127,104,1,-1,-1,-1
127,187,1191,439,382,262,1,-1,-1,-1
127,190,700,216,183,160,1,-1,-1,-1
127,194,372,209,126,103,1,-1,-1,-1
128,187,1194,438,388,265,1,-1,-1,-1
128,190,704,217,185,161,1,-1,-1,-1
128,194,378,210,127,104,1,-1,-1,-1
129,187,1200,439,393,269,1,-1,-1,-1
129,190,709,218,187,162,1,-1,-1,-1
129,194,383,211,128,105,1,-1,-1,-1
130,187,1207,441,398,271,1,-1,-1,-1
130,190,712,218,187,163,1,-1,-1,-1
130,194,389,212,128,105,1,-1,-1,-1
131,187,1216,442,404,275,1,-1,-1,-1
131,190,715,219,189,163,1,-1,-1,-1
131,194,396,215,127,104,1,-1,-1,-1
132,187,1233,448,407,277,1,-1,-1,-1
132,190,719,220,190,163,1,-1,-1,-1
132,194,404,218,128,105,1,-1,-1,-1
133,187,1250,453,410,278,1,-1,-1,-1
133,190,722,220,192,165,1,-1,-1,-1
133,194,409,220,131,108,1,-1,-1,-1
134,187,1262,456,414,280,1,-1,-1,-1
134,190,726,221,192,165,1,-1,-1,-1
134,194,416,222,132,109,1,-1,-1,-1
135,187,1272,458,420,283,1,-1,-1,-1
135,190,730,222,192,165,1,-1,-1,-1
135,194,422,224,135,111,1,-1,-1,-1
136,187,1285,460,425,285,1,-1,-1,-1
136,190,733,225,195,165,1,-1,-1,-1
136,194,427,226,136,112,1,-1,-1,-1
137,187,1297,462,428,287,1,-1,-1,-1
137,190,738,226,195,166,1,-1,-1,-1
137,194,433,227,137,112,1,-1,-1,-1
138,187,1301,463,431,287,1,-1,-1,-1
138,190,743,228,197,167,1,-1,-1,-1
138,194,437,228,139,114,1,-1,-1,-1
139,187,1311,465,436,289,1,-1,-1,-1
139,190,747,229,199,168,1,-1,-1,-1
139,194,443,230,141,116,1,-1,-1,-1
139,195,1250,350,370,178,1,-1,-1,-1
140,187,1310,463,444,294,1,-1,-1,-1
140,190,753,231,200,168,1,-1,-1,-1
140,194,449,232,144,119,1,-1,-1,-1
140,195,1252,351,375,180,1,-1,-1,-1
141,187,1318,470,442,292,1,-1,-1,-1
141,190,759,231,202,170,1,-1,-1,-1
141,194,455,236,146,119,1,-1,-1,-1
141,195,1250,350,383,184,1,-1,-1,-1
142,187,1328,472,442,291,1,-1,-1,-1
142,190,764,232,203,170,1,-1,-1,-1
142,194,463,239,146,119,1,-1,-1,-1
142,195,1252,350,379,182,1,-1,-1,-1
143,187,1337,472,444,293,1,-1,-1,-1
143,190,768,231,207,173,1,-1,-1,-1
143,194,471,243,147,119,1,-1,-1,-1
143,195,1253,350,379,182,1,-1,-1,-1
144,187,1346,474,452,296,1,-1,-1,-1
144,190,772,231,211,177,1,-1,-1,-1
144,194,477,245,147,119,1,-1,-1,-1
144,195,1250,348,374,180,1,-1,-1,-1
145,187,1351,472,460,302,1,-1,-1,-1
145,190,778,232,214,178,1,-1,-1,-1
145,194,480,245,149,122,1,-1,-1,-1
145,195,1247,348,370,177,1,-1,-1,-1
146,187,1356,475,467,305,1,-1,-1,-1
146,190,781,232,218,181,1,-1,-1,-1
146,194,482,247,154,125,1,-1,-1,-1
146,195,1247,348,368,176,1,-1,-1,-1
147,187,1359,479,474,309,1,-1,-1,-1
147,190,785,232,218,181,1,-1,-1,-1
147,194,488,249,156,127,1,-1,-1,-1
147,195,1244,349,370,176,1,-1,-1,-1
148,187,1367,481,477,312,1,-1,-1,-1
148,190,789,233,221,183,1,-1,-1,-1
148,194,494,251,159,129,1,-1,-1,-1
148,195,1241,351,375,179,1,-1,-1,-1
149,187,1374,482,480,313,1,-1,-1,-1
149,190,793,234,222,184,1,-1,-1,-1
149,194,500,251,164,133,1,-1,-1,-1
149,195,1268,351,390,185,1,-1,-1,-1
150,187,1384,484,481,314,1,-1,-1,-1
150,190,797,235,222,183,1,-1,-1,-1
150,194,506,253,169,136,1,-1,-1,-1
150,195,1274,351,405,191,1,-1,-1,-1
151,187,1393,485,482,315,1,-1,-1,-1
151,190,801,235,221,183,1,-1,-1,-1
151,194,510,253,172,140,1,-1,-1,-1
151,195,1257,352,420,197,1,-1,-1,-1
152,187,1403,487,486,316,1,-1,-1,-1
152,190,805,235,222,183,1,-1,-1,-1
152,194,515,254,175,142,1,-1,-1,-1
152,195,1240,354,431,202,1,-1,-1,-1
153,187,1410,488,490,319,1,-1,-1,-1
153,190,808,237,222,183,1,-1,-1,-1
153,194,520,256,178,143,1,-1,-1,-1
153,195,1225,355,439,204,1,-1,-1,-1
154,187,1417,491,495,322,1,-1,-1,-1
154,190,811,238,222,183,1,-1,-1,-1
154,194,534,260,189,154,1,-1,-1,-1
154,195,1215,355,438,205,1,-1,-1,-1
155,187,1422,492,498,325,1,-1,-1,-1
155,190,815,240,221,182,1,-1,-1,-1
155,194,547,269,188,153,1,-1,-1,-1
155,195,1204,354,444,207,1,-1,-1,-1
156,187,1425,494,501,326,1,-1,-1,-1
156,190,818,242,220,181,1,-1,-1,-1
156,194,556,274,186,151,1,-1,-1,-1
156,195,1207,350,449,211,1,-1,-1,-1
157,187,1428,494,503,328,1,-1,-1,-1
157,190,820,242,222,182,1,-1,-1,-1
157,194,564,276,189,154,1,-1,-1,-1
157,195,1212,352,449,211,1,-1,-1,-1
158,187,1429,496,506,330,1,-1,-1,-1
158,190,822,242,222,181,1,-1,-1,-1
158,194,577,280,188,153,1,-1,-1,-1
158,195,1214,353,449,212,1,-1,-1,-1
159,187,1432,498,506,330,1,-1,-1,-1
159,190,824,242,222,181,1,-1,-1,-1
159,194,590,285,187,152,1,-1,-1,-1
159,195,1219,354,446,211,1,-1,-1,-1
160,187,1437,500,508,333,1,-1,-1,-1
160,190,825,242,225,183,1,-1,-1,-1
160,194,599,286,190,155,1,-1,-1,-1
160,195,1222,355,442,210,1,-1,-1,-1
161,187,1443,505,505,331,1,-1,-1,-1
161,190,825,241,228,185,1,-1,-1,-1
161,194,608,289,196,159,1,-1,-1,-1
161,195,1220,356,444,211,1,-1,-1,-1
162,187,1448,509,501,330,1,-1,-1,-1
162,190,826,242,230,185,1,-1,-1,-1
162,194,617,293,198,162,1,-1,-1,-1
162,195,1222,357,443,212,1,-1,-1,-1
163,187,1448,510,502,330,1,-1,-1,-1
163,190,827,242,231,187,1,-1,-1,-1
163,194,629,300,196,159,1,-1,-1,-1
163,195,1227,359,440,212,1,-1,-1,-1
164,187,1451,512,499,330,1,-1,-1,-1
164,190,827,242,231,186,1,-1,-1,-1
164,194,638,304,197,160,1,-1,-1,-1
164,195,1233,358,448,217,1,-1,-1,-1
165,187,1453,514,499,331,1,-1,-1,-1
165,190,828,242,230,185,1,-1,-1,-1
165,194,651,306,199,161,1,-1,-1,-1
165,195,1241,358,447,217,1,-1,-1,-1
166,187,1456,515,499,333,1,-1,-1,-1
166,190,828,242,231,186,1,-1,-1,-1
166,194,662,309,201,163,1,-1,-1,-1
166,195,1244,358,448,220,1,-1,-1,-1
167,187,1457,514,501,336,1,-1,-1,-1
167,190,827,242,233,187,1,-1,-1,-1
167,194,671,313,203,163,1,-1,-1,-1
167,195,1244,359,448,221,1,-1,-1,-1
168,187,1459,513,501,338,1,-1,-1,-1
168,190,827,243,234,187,1,-1,-1,-1
168,194,681,318,204,163,1,-1,-1,-1
168,195,1246,360,444,220,1,-1,-1,-1
169,187,1462,513,502,341,1,-1,-1,-1
169,190,829,243,235,188,1,-1,-1,-1
169,194,690,320,207,166,1,-1,-1,-1
169,195,1255,361,443,221,1,-1,-1,-1
170,187,1465,514,505,343,1,-1,-1,-1
170,190,829,243,236,189,1,-1,-1,-1
170,194,703,323,210,169,1,-1,-1,-1
170,195,1261,362,443,223,1,-1,-1,-1
171,190,831,244,233,187,1,-1,-1,-1
171,194,715,327,215,171,1,-1,-1,-1
171,195,1266,362,445,225,1,-1,-1,-1
172,190,832,245,234,187,1,-1,-1,-1
172,194,726,329,218,173,1,-1,-1,-1
172,195,1277,363,444,226,1,-1,-1,-1
173,190,832,246,235,187,1,-1,-1,-1
173,194,736,332,220,173,1,-1,-1,-1
173,195,1286,365,439,225,1,-1,-1,-1
174,190,833,245,235,188,1,-1,-1,-1
174,194,747,334,224,177,1,-1,-1,-1
174,195,1296,366,436,225,1,-1,-1,-1
175,190,831,244,237,189,1,-1,-1,-1
175,194,758,336,228,179,1,-1,-1,-1
175,195,1304,365,438,227,1,-1,-1,-1
176,190,825,247,243,194,1,-1,-1,-1
176,194,768,339,232,181,1,-1,-1,-1
176,195,1315,367,435,227,1,-1,-1,-1
177,190,822,249,248,198,1,-1,-1,-1
177,194,780,342,235,182,1,-1,-1,-1
177,195,1323,369,435,228,1,-1,-1,-1
178,190,826,250,247,197,1,-1,-1,-1
178,194,793,344,237,184,1,-1,-1,-1
178,195,1332,372,433,229,1,-1,-1,-1
179,190,828,252,250,200,1,-1,-1,-1
179,194,807,348,240,184,1,-1,-1,-1
179,195,1343,373,432,229,1,-1,-1,-1
179,196,1252,285,241,123,1,-1,-1,-1
180,190,832,248,249,200,1,-1,-1,-1
180,194,819,351,243,186,1,-1,-1,-1
180,195,1352,375,436,231,1,-1,-1,-1
180,196,1223,282,239,121,1,-1,-1,-1
181,190,840,246,236,190,1,-1,-1,-1
181,194,831,354,248,190,1,-1,-1,-1
181,195,1357,378,445,236,1,-1,-1,-1
181,196,1197,279,234,119,1,-1,-1,-1
182,190,846,246,228,183,1,-1,-1,-1
182,194,841,358,254,192,1,-1,-1,-1
182,195,1366,379,446,238,1,-1,-1,-1
182,196,1173,276,228,116,1,-1,-1,-1
183,190,852,246,221,177,1,-1,-1,-1
183,194,853,361,259,195,1,-1,-1,-1
183,195,1376,381,444,237,1,-1,-1,-1
183,196,1149,271,228,117,1,-1,-1,-1
184,190,857,246,215,172,1,-1,-1,-1
184,194,862,362,266,199,1,-1,-1,-1
184,195,1388,385,436,233,1,-1,-1,-1
184,196,1127,266,224,114,1,-1,-1,-1
185,190,860,246,211,169,1,-1,-1,-1
185,194,872,364,273,204,1,-1,-1,-1
185,195,1391,386,438,234,1,-1,-1,-1
185,196,1107,262,217,111,1,-1,-1,-1
186,190,863,247,209,166,1,-1,-1,-1
186,194,884,368,277,207,1,-1,-1,-1
186,195,1399,387,441,237,1,-1,-1,-1
186,196,1085,257,216,111,1,-1,-1,-1
186,197,242,150,108,84,1,-1,-1,-1
187,190,866,249,207,165,1,-1,-1,-1
187,194,898,372,281,209,1,-1,-1,-1
187,195,1403,388,449,241,1,-1,-1,-1
187,196,1064,253,216,112,1,-1,-1,-1
187,197,247,151,108,84,1,-1,-1,-1
188,190,865,247,209,166,1,-1,-1,-1
188,194,907,374,292,217,1,-1,-1,-1
188,195,1412,390,449,242,1,-1,-1,-1
188,196,1040,248,215,112,1,-1,-1,-1
188,197,250,152,109,84,1,-1,-1,-1
189,190,862,247,214,169,1,-1,-1,-1
189,194,925,381,294,218,1,-1,-1,-1
189,195,1420,391,447,240,1,-1,-1,-1
189,196,1022,244,212,111,1,-1,-1,-1
189,197,253,152,108,85,1,-1,-1,-1
190,190,858,247,223,175,1,-1,-1,-1
190,194,938,387,297,219,1,-1,-1,-1
190,195,1427,392,448,241,1,-1,-1,-1
190,196,1006,241,208,110,1,-1,-1,-1
190,197,256,153,108,84,1,-1,-1,-1
191,190,854,247,229,180,1,-1,-1,-1
191,194,954,392,300,220,1,-1,-1,-1
191,195,1432,393,450,242,1,-1,-1,-1
191,196,986,237,206,110,1,-1,-1,-1
192,190,852,248,234,183,1,-1,-1,-1
192,194,970,395,307,225,1,-1,-1,-1
192,195,1440,394,448,241,1,-1,-1,-1
192,196,964,234,205,108,1,-1,-1,-1
193,190,853,248,239,186,1,-1,-1,-1
193,194,984,399,312,227,1,-1,-1,-1
193,195,1443,393,449,243,1,-1,-1,-1
194,190,853,247,244,190,1,-1,-1,-1
194,194,997,402,316,230,1,-1,-1,-1
194,195,1448,394,452,244,1,-1,-1,-1
195,190,854,247,246,191,1,-1,-1,-1
195,194,1010,406,317,229,1,-1,-1,-1
195,195,1450,395,458,247,1,-1,-1,-1
196,190,853,247,249,193,1,-1,-1,-1
196,194,1021,408,318,229,1,-1,-1,-1
196,195,1454,396,461,249,1,-1,-1,-1
197,190,853,247,251,194,1,-1,-1,-1
197,194,1033,410,324,233,1,-1,-1,-1
197,195,1456,397,464,250,1,-1,-1,-1
198,190,853,247,253,195,1,-1,-1,-1
198,194,1045,414,331,236,1,-1,-1,-1
198,195,1460,398,463,250,1,-1,-1,-1
199,190,855,247,257,198,1,-1,-1,-1
199,194,1058,416,339,242,1,-1,-1,-1
199,195,1465,398,460,249,1,-1,-1,-1
200,190,858,246,258,200,1,-1,-1,-1
200,194,1071,418,341,243,1,-1,-1,-1
200,195,1466,399,464,251,1,-1,-1,-1
201,190,861,248,255,197,1,-1,-1,-1
201,194,1084,423,349,247,1,-1,-1,-1
201,195,1465,399,467,253,1,-1,-1,-1
202,190,862,247,255,197,1,-1,-1,-1
202,194,1099,428,353,249,1,-1,-1,-1
202,195,1465,398,469,254,1,-1,-1,-1
203,190,864,248,252,195,1,-1,-1,-1
203,194,1109,429,357,250,1,-1,-1,-1
203,195,1465,398,471,256,1,-1,-1,-1
203,197,324,180,126,98,1,-1,-1,-1
204,190,865,249,253,195,1,-1,-1,-1
204,194,1121,432,359,252,1,-1,-1,-1
204,195,1470,399,470,256,1,-1,-1,-1
204,197,332,183,126,99,1,-1,-1,-1
205,190,868,250,252,194,1,-1,-1,-1
205,194,1136,436,362,253,1,-1,-1,-1
205,195,1471,398,472,258,1,-1,-1,-1
205,197,339,185,128,102,1,-1,-1,-1
206,190,869,249,255,197,1,-1,-1,-1
206,194,1151,439,367,255,1,-1,-1,-1
206,195,1472,398,473,260,1,-1,-1,-1
206,197,345,188,128,102,1,-1,-1,-1
207,190,871,249,257,198,1,-1,-1,-1
207,194,1159,441,373,258,1,-1,-1,-1
207,195,1474,398,474,261,1,-1,-1,-1
207,196,761,202,160,86,1,-1,-1,-1
207,197,353,190,127,101,1,-1,-1,-1
208,190,873,249,261,201,1,-1,-1,-1
208,194,1172,443,380,263,1,-1,-1,-1
208,195,1476,400,476,263,1,-1,-1,-1
208,196,751,200,158,87,1,-1,-1,-1
208,197,359,192,127,101,1,-1,-1,-1
209,190,876,249,264,204,1,-1,-1,-1
209,194,1183,445,386,265,1,-1,-1,-1
209,195,1479,403,474,264,1,-1,-1,-1
209,196,739,197,159,88,1,-1,-1,-1
209,197,364,194,129,102,1,-1,-1,-1
210,190,879,250,264,204,1,-1,-1,-1
210,194,1196,448,391,268,1,-1,-1,-1
210,195,1484,405,471,263,1,-1,-1,-1
210,196,725,193,159,90,1,-1,-1,-1
210,197,368,196,130,103,1,-1,-1,-1
211,190,881,250,266,206,1,-1,-1,-1
211,194,1213,454,393,269,1,-1,-1,-1
211,195,1487,406,471,264,1,-1,-1,-1
211,196,713,190,159,92,1,-1,-1,-1
211,197,374,198,132,105,1,-1,-1,-1
212,190,886,251,266,206,1,-1,-1,-1
212,194,1225,459,398,270,1,-1,-1,-1
212,195,1490,407,471,265,1,-1,-1,-1
212,196,701,187,158,92,1,-1,-1,-1
212,197,381,200,134,107,1,-1,-1,-1
213,190,890,252,266,206,1,-1,-1,-1
213,194,1239,462,405,275,1,-1,-1,-1
213,195,1493,407,472,267,1,-1,-1,-1
213,196,689,184,157,92,1,-1,-1,-1
213,197,386,202,136,108,1,-1,-1,-1
214,190,897,254,266,206,1,-1,-1,-1
214,194,1253,466,410,276,1,-1,-1,-1
214,196,680,181,155,93,1,-1,-1,-1
214,197,392,204,139,109,1,-1,-1,-1
215,190,901,254,267,207,1,-1,-1,-1
215,194,1258,465,418,281,1,-1,-1,-1
215,196,671,179,151,92,1,-1,-1,-1
215,197,400,205,141,111,1,-1,-1,-1
216,190,906,255,267,208,1,-1,-1,-1
216,194,1265,465,420,281,1,-1,-1,-1
216,196,663,178,148,91,1,-1,-1,-1
216,197,407,207,144,114,1,-1,-1,-1
217,190,910,256,266,207,1,-1,-1,-1
217,194,1269,465,431,287,1,-1,-1,-1
217,196,654,177,145,89,1,-1,-1,-1
217,197,414,210,145,115,1,-1,-1,-1
218,190,913,256,269,209,1,-1,-1,-1
218,194,1281,465,435,289,1,-1,-1,-1
218,196,647,176,141,89,1,-1,-1,-1
218,197,420,212,148,118,1,-1,-1,-1
219,190,917,256,270,210,1,-1,-1,-1
219,194,1294,467,439,291,1,-1,-1,-1
219,196,638,174,138,88,1,-1,-1,-1
219,197,427,215,149,118,1,-1,-1,-1
220,190,922,257,270,211,1,-1,-1,-1
220,194,1305,468,445,294,1,-1,-1,-1
220,196,626,172,138,88,1,-1,-1,-1
220,197,434,217,150,119,1,-1,-1,-1
221,190,925,258,272,212,1,-1,-1,-1
221,194,1313,472,452,298,1,-1,-1,-1
221,197,443,220,151,119,1,-1,-1,-1
222,190,929,258,274,214,1,-1,-1,-1
222,194,1325,476,455,300,1,-1,-1,-1
222,197,452,222,154,123,1,-1,-1,-1
223,190,934,258,273,213,1,-1,-1,-1
223,194,1336,479,460,303,1,-1,-1,-1
223,197,458,225,158,125,1,-1,-1,-1
224,190,941,259,273,213,1,-1,-1,-1
224,194,1349,480,462,304,1,-1,-1,-1
224,197,463,227,161,128,1,-1,-1,-1
225,190,945,260,277,216,1,-1,-1,-1
225,194,1360,481,469,308,1,-1,-1,-1
225,197,467,229,164,130,1,-1,-1,-1
226,190,949,260,276,216,1,-1,-1,-1
226,194,1378,491,466,305,1,-1,-1,-1
226,197,474,233,166,131,1,-1,-1,-1
227,190,954,263,276,215,1,-1,-1,-1
227,194,1393,498,464,304,1,-1,-1,-1
227,197,483,237,167,131,1,-1,-1,-1
228,190,956,262,276,216,1,-1,-1,-1
228,194,1400,499,476,310,1,-1,-1,-1
228,197,493,240,170,134,1,-1,-1,-1
229,190,959,262,279,218,1,-1,-1,-1
229,194,1407,498,484,315,1,-1,-1,-1
229,197,502,243,170,135,1,-1,-1,-1
230,190,961,261,281,220,1,-1,-1,-1
230,194,1414,497,494,321,1,-1,-1,-1
230,197,507,246,173,137,1,-1,-1,-1
231,190,964,261,284,221,1,-1,-1,-1
231,194,1424,498,499,324,1,-1,-1,-1
231,197,520,248,176,140,1,-1,-1,-1
232,190,967,262,284,222,1,-1,-1,-1
232,194,1431,502,503,327,1,-1,-1,-1
232,197,535,254,178,140,1,-1,-1,-1
233,190,967,260,288,224,1,-1,-1,-1
233,194,1436,508,506,328,1,-1,-1,-1
233,197,550,259,180,142,1,-1,-1,-1
234,190,970,259,290,226,1,-1,-1,-1
234,194,1440,511,507,329,1,-1,-1,-1
234,197,560,261,188,147,1,-1,-1,-1
235,190,973,259,292,227,1,-1,-1,-1
235,194,1442,511,508,331,1,-1,-1,-1
235,197,571,264,192,150,1,-1,-1,-1
236,190,979,263,289,225,1,-1,-1,-1
236,194,1447,515,507,331,1,-1,-1,-1
236,197,584,266,197,153,1,-1,-1,-1
237,190,988,267,284,222,1,-1,-1,-1
237,194,1446,510,517,339,1,-1,-1,-1
237,197,599,269,200,157,1,-1,-1,-1
238,190,994,270,282,219,1,-1,-1,-1
238,194,1447,511,521,342,1,-1,-1,-1
238,197,612,275,202,158,1,-1,-1,-1
239,190,993,269,282,219,1,-1,-1,-1
239,194,1452,514,518,342,1,-1,-1,-1
239,197,623,282,204,158,1,-1,-1,-1
240,190,994,271,281,218,1,-1,-1,-1
240,194,1453,512,522,347,1,-1,-1,-1
240,197,634,285,208,162,1,-1,-1,-1
241,190,997,274,279,216,1,-1,-1,-1
241,194,1458,513,523,350,1,-1,-1,-1
241,197,651,289,213,164,1,-1,-1,-1
242,190,999,273,284,219,1,-1,-1,-1
242,194,1463,514,528,353,1,-1,-1,-1
242,197,666,291,217,168,1,-1,-1,-1
243,190,1000,272,288,222,1,-1,-1,-1
243,194,1463,519,524,352,1,-1,-1,-1
243,197,676,295,219,169,1,-1,-1,-1
244,190,1003,273,288,221,1,-1,-1,-1
244,194,1467,520,525,356,1,-1,-1,-1
244,197,685,299,223,170,1,-1,-1,-1
245,190,1006,273,286,220,1,-1,-1,-1
245,194,1472,522,528,359,1,-1,-1,-1
245,197,696,302,228,174,1,-1,-1,-1
246,190,1008,274,287,219,1,-1,-1,-1
246,197,706,304,235,179,1,-1,-1,-1
247,190,1010,273,288,220,1,-1,-1,-1
247,197,718,308,240,183,1,-1,-1,-1
248,190,1011,272,291,222,1,-1,-1,-1
248,197,730,312,249,187,1,-1,-1,-1
249,190,1012,272,295,224,1,-1,-1,-1
249,197,743,315,256,192,1,-1,-1,-1
250,190,1013,271,298,226,1,-1,-1,-1
250,197,756,318,261,195,1,-1,-1,-1
251,190,1016,271,300,227,1,-1,-1,-1
251,197,770,321,264,197,1,-1,-1,-1
252,190,1019,271,300,227,1,-1,-1,-1
252,197,783,323,271,201,1,-1,-1,-1
253,190,1022,271,305,229,1,-1,-1,-1
253,197,796,327,275,201,1,-1,-1,-1
254,190,1027,272,307,231,1,-1,-1,-1
254,197,813,328,279,205,1,-1,-1,-1
255,190,1030,274,309,232,1,-1,-1,-1
255,197,825,332,286,208,1,-1,-1,-1
256,190,1033,275,314,236,1,-1,-1,-1
256,197,841,338,294,213,1,-1,-1,-1
257,190,1038,275,316,238,1,-1,-1,-1
257,197,857,343,302,218,1,-1,-1,-1
258,190,1042,276,318,239,1,-1,-1,-1
258,197,874,347,310,222,1,-1,-1,-1
259,190,1045,276,320,241,1,-1,-1,-1
259,197,891,351,317,226,1,-1,-1,-1
260,197,908,356,321,228,1,-1,-1,-1
261,197,922,359,329,232,1,-1,-1,-1
262,197,938,363,336,235,1,-1,-1,-1
263,197,955,368,345,240,1,-1,-1,-1
264,197,971,374,354,245,1,-1,-1,-1
265,197,987,380,361,248,1,-1,-1,-1
266,197,1005,383,368,252,1,-1,-1,-1
267,197,1018,385,375,256,1,-1,-1,-1
268,197,1033,390,378,257,1,-1,-1,-1
269,197,1048,393,384,259,1,-1,-1,-1
270,197,1066,395,390,262,1,-1,-1,-1
271,197,1078,397,404,270,1,-1,-1,-1
271,198,1478,325,289,148,1,-1,-1,-1
272,197,1095,398,412,274,1,-1,-1,-1
272,198,1437,320,289,147,1,-1,-1,-1
273,197,1116,406,417,276,1,-1,-1,-1
273,198,1400,313,286,146,1,-1,-1,-1
274,197,1135,413,421,278,1,-1,-1,-1
274,198,1365,306,289,147,1,-1,-1,-1
275,197,1146,417,430,282,1,-1,-1,-1
275,198,1340,301,282,145,1,-1,-1,-1
276,197,1158,419,435,284,1,-1,-1,-1
276,198,1322,298,272,139,1,-1,-1,-1
277,197,1173,422,435,284,1,-1,-1,-1
277,198,1298,293,266,137,1,-1,-1,-1
278,197,1187,426,438,284,1,-1,-1,-1
278,198,1270,289,263,135,1,-1,-1,-1
279,197,1202,430,445,287,1,-1,-1,-1
280,197,1216,433,453,291,1,-1,-1,-1
281,197,1228,436,462,295,1,-1,-1,-1
282,190,1167,288,310,232,1,-1,-1,-1
282,197,1240,440,471,299,1,-1,-1,-1
283,190,1171,289,312,231,1,-1,-1,-1
283,197,1251,444,478,302,1,-1,-1,-1
284,190,1169,288,320,235,1,-1,-1,-1
284,197,1260,446,490,308,1,-1,-1,-1
285,190,1167,288,326,238,1,-1,-1,-1
285,197,1271,448,500,313,1,-1,-1,-1
286,190,1166,286,335,243,1,-1,-1,-1
286,197,1285,452,504,315,1,-1,-1,-1
287,190,1167,288,338,243,1,-1,-1,-1
287,197,1298,456,510,317,1,-1,-1,-1
288,190,1167,288,339,242,1,-1,-1,-1
288,197,1309,459,520,323,1,-1,-1,-1
288,198,1008,248,226,117,1,-1,-1,-1
289,190,1171,291,340,242,1,-1,-1,-1
289,197,1322,461,529,327,1,-1,-1,-1
289,198,993,241,232,121,1,-1,-1,-1
290,190,1173,292,345,244,1,-1,-1,-1
290,197,1337,462,540,334,1,-1,-1,-1
290,198,976,238,222,117,1,-1,-1,-1
291,190,1176,293,350,247,1,-1,-1,-1
291,197,1348,466,549,339,1,-1,-1,-1
291,198,963,238,213,112,1,-1,-1,-1
292,190,1175,293,358,251,1,-1,-1,-1
292,197,1357,468,558,344,1,-1,-1,-1
292,198,946,235,206,109,1,-1,-1,-1
293,190,1172,293,365,255,1,-1,-1,-1
293,197,1368,475,562,346,1,-1,-1,-1
293,198,929,233,201,108,1,-1,-1,-1
294,190,1166,292,368,257,1,-1,-1,-1
294,197,1379,480,568,350,1,-1,-1,-1
294,198,912,231,196,106,1,-1,-1,-1
295,190,1167,292,372,260,1,-1,-1,-1
295,197,1386,481,575,355,1,-1,-1,-1
295,198,896,227,195,107,1,-1,-1,-1
296,190,1164,292,373,260,1,-1,-1,-1
296,197,1391,482,581,360,1,-1,-1,-1
296,198,878,224,194,106,1,-1,-1,-1
297,190,1163,291,373,261,1,-1,-1,-1
297,197,1397,485,583,362,1,-1,-1,-1
297,198,864,220,190,105,1,-1,-1,-1
298,190,1163,290,376,262,1,-1,-1,-1
298,197,1407,488,586,364,1,-1,-1,-1
298,198,852,218,187,104,1,-1,-1,-1
299,190,1165,290,377,263,1,-1,-1,-1
299,197,1418,491,592,368,1,-1,-1,-1
299,198,839,215,185,104,1,-1,-1,-1
300,190,1167,290,377,264,1,-1,-1,-1
300,198,826,213,182,103,1,-1,-1,-1
301,190,1170,291,377,263,1,-1,-1,-1
301,198,815,211,179,103,1,-1,-1,-1
302,190,1173,291,376,263,1,-1,-1,-1
302,198,802,210,176,101,1,-1,-1,-1
303,190,1177,293,374,262,1,-1,-1,-1
303,198,790,207,173,101,1,-1,-1,-1
304,190,1184,293,375,263,1,-1,-1,-1
304,198,781,207,165,97,1,-1,-1,-1
305,190,1190,293,378,264,1,-1,-1,-1
305,198,772,205,159,94,1,-1,-1,-1
306,190,1194,293,377,264,1,-1,-1,-1
306,198,761,202,158,95,1,-1,-1,-1
307,190,1196,294,376,263,1,-1,-1,-1
307,198,750,199,158,96,1,-1,-1,-1
308,190,1197,294,376,264,1,-1,-1,-1
308,198,741,198,155,94,1,-1,-1,-1
309,190,1197,294,377,264,1,-1,-1,-1
309,198,732,196,152,93,1,-1,-1,-1
310,190,1196,292,379,266,1,-1,-1,-1
310,198,723,195,149,92,1,-1,-1,-1
311,190,1197,292,380,266,1,-1,-1,-1
311,198,714,193,148,93,1,-1,-1,-1
312,190,1199,293,380,265,1,-1,-1,-1
312,198,705,191,147,92,1,-1,-1,-1
313,190,1200,293,380,266,1,-1,-1,-1
313,198,695,189,145,91,1,-1,-1,-1
314,190,1202,296,381,266,1,-1,-1,-1
314,198,685,186,145,92,1,-1,-1,-1
315,190,1200,297,382,267,1,-1,-1,-1
315,198,676,182,144,93,1,-1,-1,-1
315,199,379,176,104,86,1,-1,-1,-1
316,190,1201,298,383,267,1,-1,-1,-1
316,198,667,180,144,92,1,-1,-1,-1
316,199,384,178,104,86,1,-1,-1,-1
317,190,1202,298,385,269,1,-1,-1,-1
317,198,660,178,141,91,1,-1,-1,-1
317,199,391,181,103,85,1,-1,-1,-1
318,190,1203,298,386,270,1,-1,-1,-1
318,198,652,178,139,91,1,-1,-1,-1
318,199,396,183,105,87,1,-1,-1,-1
319,190,1206,299,385,270,1,-1,-1,-1
319,198,645,177,136,91,1,-1,-1,-1
319,199,401,185,107,89,1,-1,-1,-1
320,190,1210,299,386,271,1,-1,-1,-1
320,198,639,177,134,89,1,-1,-1,-1
320,199,406,188,108,90,1,-1,-1,-1
321,190,1215,300,386,271,1,-1,-1,-1
321,198,635,177,130,87,1,-1,-1,-1
321,199,411,191,110,91,1,-1,-1,-1
322,190,1225,299,388,271,1,-1,-1,-1
322,198,627,175,129,87,1,-1,-1,-1
322,199,418,193,112,93,1,-1,-1,-1
323,190,1232,301,389,271,1,-1,-1,-1
323,198,618,174,128,86,1,-1,-1,-1
323,199,425,196,112,92,1,-1,-1,-1
324,190,1234,299,395,275,1,-1,-1,-1
324,198,609,172,128,87,1,-1,-1,-1
324,199,430,197,114,94,1,-1,-1,-1
325,190,1236,298,397,277,1,-1,-1,-1
325,198,601,171,125,86,1,-1,-1,-1
325,199,436,199,115,94,1,-1,-1,-1
326,190,1246,300,400,280,1,-1,-1,-1
326,198,592,170,124,85,1,-1,-1,-1
326,199,440,201,118,96,1,-1,-1,-1
327,190,1254,303,401,280,1,-1,-1,-1
327,199,445,203,121,99,1,-1,-1,-1
328,190,1262,304,405,283,1,-1,-1,-1
328,198,577,165,126,86,1,-1,-1,-1
328,199,451,205,124,102,1,-1,-1,-1
329,190,1274,307,404,283,1,-1,-1,-1
329,198,570,163,124,86,1,-1,-1,-1
329,199,457,209,124,102,1,-1,-1,-1
330,190,1286,309,407,285,1,-1,-1,-1
330,198,561,161,124,86,1,-1,-1,-1
330,199,465,213,122,100,1,-1,-1,-1
331,190,1294,309,412,289,1,-1,-1,-1
331,199,472,215,122,101,1,-1,-1,-1
332,190,1297,308,417,291,1,-1,-1,-1
332,199,479,220,126,103,1,-1,-1,-1
333,190,1311,310,420,295,1,-1,-1,-1
333,199,484,223,129,106,1,-1,-1,-1
334,190,1328,312,424,297,1,-1,-1,-1
334,199,489,226,130,106,1,-1,-1,-1
335,190,1343,315,426,298,1,-1,-1,-1
335,199,493,228,131,108,1,-1,-1,-1
336,190,1361,316,433,302,1,-1,-1,-1
336,199,498,231,132,108,1,-1,-1,-1
337,190,1378,318,436,304,1,-1,-1,-1
337,199,504,233,133,110,1,-1,-1,-1
338,190,1390,319,439,306,1,-1,-1,-1
338,199,521,240,131,107,1,-1,-1,-1
339,190,1398,319,445,310,1,-1,-1,-1
339,199,531,245,130,106,1,-1,-1,-1
340,190,1408,322,449,312,1,-1,-1,-1
340,199,535,246,140,114,1,-1,-1,-1
341,190,1417,323,453,314,1,-1,-1,-1
341,199,541,247,145,119,1,-1,-1,-1
342,190,1427,323,463,322,1,-1,-1,-1
342,199,547,250,148,121,1,-1,-1,-1
343,190,1427,319,475,329,1,-1,-1,-1
344,190,1439,322,479,332,1,-1,-1,-1
344,199,576,263,150,123,1,-1,-1,-1
345,190,1445,321,483,336,1,-1,-1,-1
345,199,586,267,152,125,1,-1,-1,-1
346,190,1453,327,479,332,1,-1,-1,-1
346,199,597,271,152,124,1,-1,-1,-1
347,190,1462,330,471,327,1,-1,-1,-1
347,199,607,274,157,129,1,-1,-1,-1
348,190,1466,330,467,325,1,-1,-1,-1
348,199,619,281,160,131,1,-1,-1,-1
349,190,1466,328,470,327,1,-1,-1,-1
349,199,630,285,163,134,1,-1,-1,-1
350,190,1465,326,475,331,1,-1,-1,-1
350,199,642,291,166,135,1,-1,-1,-1
350,200,1277,286,191,132,1,-1,-1,-1
351,190,1459,321,489,342,1,-1,-1,-1
351,199,655,297,170,137,1,-1,-1,-1
351,200,1256,284,182,126,1,-1,-1,-1
352,190,1459,319,497,348,1,-1,-1,-1
352,199,668,302,171,139,1,-1,-1,-1
352,200,1230,283,179,122,1,-1,-1,-1
353,190,1464,319,501,350,1,-1,-1,-1
353,199,679,305,175,142,1,-1,-1,-1
353,200,1206,279,175,120,1,-1,-1,-1
354,199,693,309,177,144,1,-1,-1,-1
354,200,1182,274,174,120,1,-1,-1,-1
355,199,709,314,182,146,1,-1,-1,-1
355,200,1158,270,174,118,1,-1,-1,-1
356,199,725,318,185,149,1,-1,-1,-1
356,200,1132,264,175,119,1,-1,-1,-1
357,199,738,325,186,149,1,-1,-1,-1
357,200,1113,261,172,116,1,-1,-1,-1
358,199,751,331,190,151,1,-1,-1,-1
358,200,1092,257,172,115,1,-1,-1,-1
359,190,1458,310,511,360,1,-1,-1,-1
359,199,764,338,191,151,1,-1,-1,-1
359,200,1070,251,173,116,1,-1,-1,-1
360,190,1460,309,510,361,1,-1,-1,-1
360,199,778,342,197,155,1,-1,-1,-1
360,200,1044,247,173,115,1,-1,-1,-1
361,190,1461,308,514,363,1,-1,-1,-1
361,199,791,347,202,158,1,-1,-1,-1
361,200,1022,243,175,116,1,-1,-1,-1
362,199,804,350,206,160,1,-1,-1,-1
362,200,1005,239,172,114,1,-1,-1,-1
363,190,1462,312,499,357,1,-1,-1,-1
363,199,823,355,209,162,1,-1,-1,-1
363,200,986,237,170,113,1,-1,-1,-1
364,190,1464,314,494,355,1,-1,-1,-1
364,199,841,360,211,162,1,-1,-1,-1
364,200,972,236,167,110,1,-1,-1,-1
365,190,1466,314,491,356,1,-1,-1,-1
365,199,859,365,216,164,1,-1,-1,-1
365,200,958,233,166,108,1,-1,-1,-1
366,190,1467,314,493,356,1,-1,-1,-1
366,199,877,368,224,169,1,-1,-1,-1
366,200,942,229,167,110,1,-1,-1,-1
366,201,1344,266,275,171,1,-1,-1,-1
367,199,893,373,232,173,1,-1,-1,-1
367,200,923,226,167,109,1,-1,-1,-1
367,201,1319,261,280,174,1,-1,-1,-1
368,199,910,379,239,178,1,-1,-1,-1
368,200,910,223,165,108,1,-1,-1,-1
368,201,1293,254,281,175,1,-1,-1,-1
369,199,926,385,247,183,1,-1,-1,-1
369,200,896,221,163,106,1,-1,-1,-1
369,201,1262,245,286,178,1,-1,-1,-1
370,199,946,392,252,184,1,-1,-1,-1
370,200,881,219,161,104,1,-1,-1,-1
370,201,1239,238,290,180,1,-1,-1,-1
371,199,963,398,263,191,1,-1,-1,-1
371,200,868,217,158,102,1,-1,-1,-1
371,201,1216,234,286,178,1,-1,-1,-1
372,199,982,404,274,197,1,-1,-1,-1
372,200,854,215,156,102,1,-1,-1,-1
372,201,1190,231,283,176,1,-1,-1,-1
373,199,1004,411,279,200,1,-1,-1,-1
373,200,841,212,155,101,1,-1,-1,-1
373,201,1172,230,277,171,1,-1,-1,-1
374,199,1024,417,285,203,1,-1,-1,-1
374,200,826,210,157,101,1,-1,-1,-1
374,201,1156,230,266,165,1,-1,-1,-1
375,199,1042,423,292,205,1,-1,-1,-1
375,200,813,208,154,100,1,-1,-1,-1
375,201,1138,227,260,161,1,-1,-1,-1
376,199,1057,427,299,209,1,-1,-1,-1
376,200,800,206,150,99,1,-1,-1,-1
376,201,1117,223,259,161,1,-1,-1,-1
377,199,1078,434,308,213,1,-1,-1,-1
377,200,784,204,149,97,1,-1,-1,-1
377,201,1097,220,261,162,1,-1,-1,-1
378,199,1100,441,317,217,1,-1,-1,-1
378,200,778,205,142,92,1,-1,-1,-1
378,201,1077,216,260,161,1,-1,-1,-1
379,199,1126,449,324,220,1,-1,-1,-1
379,200,769,204,138,90,1,-1,-1,-1
379,201,1063,214,252,157,1,-1,-1,-1
380,199,1150,458,327,221,1,-1,-1,-1
380,200,760,202,137,90,1,-1,-1,-1
380,201,1049,214,244,153,1,-1,-1,-1
381,199,1171,465,333,223,1,-1,-1,-1
381,200,749,200,135,89,1,-1,-1,-1
381,201,1038,217,233,145,1,-1,-1,-1
382,199,1197,472,342,227,1,-1,-1,-1
382,200,739,199,134,87,1,-1,-1,-1
382,201,1026,217,228,142,1,-1,-1,-1
383,199,1221,478,356,235,1,-1,-1,-1
383,200,731,197,131,86,1,-1,-1,-1
383,201,1013,214,223,140,1,-1,-1,-1
384,199,1244,486,364,239,1,-1,-1,-1
384,200,721,195,130,86,1,-1,-1,-1
384,201,996,210,224,140,1,-1,-1,-1
385,199,1268,494,372,241,1,-1,-1,-1
385,200,710,192,133,88,1,-1,-1,-1
385,201,982,208,221,139,1,-1,-1,-1
386,199,1290,501,382,246,1,-1,-1,-1
386,200,699,190,132,87,1,-1,-1,-1
386,201,970,208,216,135,1,-1,-1,-1
387,199,1313,508,390,250,1,-1,-1,-1
387,200,691,188,130,86,1,-1,-1,-1
387,201,958,208,210,131,1,-1,-1,-1
388,199,1336,517,397,253,1,-1,-1,-1
388,200,680,184,133,88,1,-1,-1,-1
388,201,948,209,207,129,1,-1,-1,-1
389,199,1360,523,404,257,1,-1,-1,-1
389,200,669,180,137,91,1,-1,-1,-1
389,201,935,209,205,127,1,-1,-1,-1
390,199,1389,532,416,262,1,-1,-1,-1
390,200,657,175,139,93,1,-1,-1,-1
390,201,922,207,203,127,1,-1,-1,-1
391,199,1423,542,425,266,1,-1,-1,-1
391,200,648,172,140,94,1,-1,-1,-1
391,201,909,205,202,127,1,-1,-1,-1
392,199,1457,555,428,266,1,-1,-1,-1
392,200,641,171,138,93,1,-1,-1,-1
392,201,895,200,205,129,1,-1,-1,-1
393,199,1482,564,434,269,1,-1,-1,-1
393,200,632,168,137,93,1,-1,-1,-1
393,201,884,200,200,126,1,-1,-1,-1
394,199,1493,569,444,275,1,-1,-1,-1
394,200,621,166,138,93,1,-1,-1,-1
394,201,874,196,202,127,1,-1,-1,-1
395,199,1499,571,464,286,1,-1,-1,-1
395,201,862,190,206,129,1,-1,-1,-1
396,199,1514,576,476,293,1,-1,-1,-1
396,201,853,185,207,131,1,-1,-1,-1
397,199,1536,583,484,298,1,-1,-1,-1
397,200,602,166,133,91,1,-1,-1,-1
397,201,843,186,202,127,1,-1,-1,-1
398,200,594,166,130,89,1,-1,-1,-1
398,201,829,180,207,131,1,-1,-1,-1
399,200,585,164,129,89,1,-1,-1,-1
399,201,822,178,208,132,1,-1,-1,-1
400,200,575,163,129,88,1,-1,-1,-1
400,201,810,175,210,133,1,-1,-1,-1
401,201,799,173,208,133,1,-1,-1,-1
402,201,794,176,200,128,1,-1,-1,-1
403,201,786,176,195,126,1,-1,-1,-1
404,201,776,175,194,125,1,-1,-1,-1
405,201,769,173,192,125,1,-1,-1,-1
406,201,761,173,190,123,1,-1,-1,-1
407,201,756,173,186,122,1,-1,-1,-1
408,201,751,174,180,118,1,-1,-1,-1
409,201,746,172,179,118,1,-1,-1,-1
