4,215,1439,199,304,249,1,-1,-1,-1
5,215,1446,195,301,247,1,-1,-1,-1
6,215,1454,194,297,243,1,-1,-1,-1
7,215,1461,192,295,242,1,-1,-1,-1
8,215,1470,191,288,237,1,-1,-1,-1
9,215,1478,190,284,233,1,-1,-1,-1
10,215,1484,188,278,229,1,-1,-1,-1
11,215,1490,185,274,226,1,-1,-1,-1
12,215,1496,181,272,225,1,-1,-1,-1
13,215,1501,179,268,222,1,-1,-1,-1
14,215,1504,178,265,219,1,-1,-1,-1
15,215,1507,177,262,217,1,-1,-1,-1
16,215,1509,175,260,216,1,-1,-1,-1
17,215,1513,174,257,213,1,-1,-1,-1
18,215,1518,172,254,211,1,-1,-1,-1
20,215,1520,171,247,205,1,-1,-1,-1
21,215,1520,172,243,202,1,-1,-1,-1
22,215,1520,173,239,200,1,-1,-1,-1
23,215,1520,172,236,197,1,-1,-1,-1
24,215,1520,172,233,195,1,-1,-1,-1
25,215,1520,170,233,194,1,-1,-1,-1
26,215,1519,167,232,194,1,-1,-1,-1
26,216,478,210,283,245,1,-1,-1,-1
27,215,1519,165,229,191,1,-1,-1,-1
27,216,466,209,288,250,1,-1,-1,-1
28,215,1518,164,226,189,1,-1,-1,-1
28,216,454,211,292,252,1,-1,-1,-1
29,215,1515,163,224,187,1,-1,-1,-1
29,216,444,211,296,256,1,-1,-1,-1
30,215,1515,161,221,185,1,-1,-1,-1
30,216,432,213,299,259,1,-1,-1,-1
31,215,1515,159,219,183,1,-1,-1,-1
31,216,421,218,300,259,1,-1,-1,-1
32,216,410,223,299,258,1,-1,-1,-1
33,216,403,225,299,258,1,-1,-1,-1
34,216,391,226,304,262,1,-1,-1,-1
35,216,378,227,307,265,1,-1,-1,-1
36,216,366,228,312,268,1,-1,-1,-1
37,216,350,230,320,274,1,-1,-1,-1
38,216,339,234,323,276,1,-1,-1,-1
39,216,328,239,323,275,1,-1,-1,-1
40,216,314,241,325,277,1,-1,-1,-1
41,216,299,243,331,281,1,-1,-1,-1
42,216,288,245,336,284,1,-1,-1,-1
43,215,1475,164,200,167,1,-1,-1,-1
43,216,272,247,342,288,1,-1,-1,-1
44,215,1472,164,198,166,1,-1,-1,-1
44,216,256,248,349,294,1,-1,-1,-1
45,215,1469,164,197,165,1,-1,-1,-1
45,216,241,246,360,302,1,-1,-1,-1
46,216,227,247,367,308,1,-1,-1,-1
47,216,215,251,370,310,1,-1,-1,-1
48,216,196,252,378,316,1,-1,-1,-1
48,217,1010,451,1015,605,1,-1,-1,-1
49,216,182,254,381,319,1,-1,-1,-1
49,217,1058,420,1004,600,1,-1,-1,-1
49,218,1125,155,105,92,1,-1,-1,-1
50,215,1458,168,188,157,1,-1,-1,-1
50,216,167,258,386,322,1,-1,-1,-1
50,217,1113,398,962,576,1,-1,-1,-1
50,218,1125,156,104,91,1,-1,-1,-1
51,215,1455,169,187,155,1,-1,-1,-1
51,216,152,257,395,330,1,-1,-1,-1
51,217,1157,378,924,555,1,-1,-1,-1
51,218,1125,157,103,90,1,-1,-1,-1
52,215,1454,171,184,153,1,-1,-1,-1
52,216,136,259,400,334,1,-1,-1,-1
52,217,1195,353,889,537,1,-1,-1,-1
52,218,1125,158,102,89,1,-1,-1,-1
53,215,1452,171,183,152,1,-1,-1,-1
53,216,118,263,405,338,1,-1,-1,-1
53,217,1233,335,849,515,1,-1,-1,-1
53,218,1124,158,103,89,1,-1,-1,-1
54,215,1447,169,186,153,1,-1,-1,-1
54,216,100,263,414,345,1,-1,-1,-1
54,217,1268,316,810,496,1,-1,-1,-1
54,218,1124,157,103,90,1,-1,-1,-1
55,215,1447,169,183,151,1,-1,-1,-1
55,216,78,269,416,347,1,-1,-1,-1
55,217,1297,301,776,479,1,-1,-1,-1
55,218,1124,157,103,90,1,-1,-1,-1
56,215,1445,170,181,149,1,-1,-1,-1
56,216,59,270,424,352,1,-1,-1,-1
56,217,1325,284,742,464,1,-1,-1,-1
56,218,1124,157,103,90,1,-1,-1,-1
57,215,1445,170,179,148,1,-1,-1,-1
57,216,41,271,431,359,1,-1,-1,-1
57,217,1346,270,713,451,1,-1,-1,-1
57,218,1123,157,105,90,1,-1,-1,-1
58,215,1444,171,177,145,1,-1,-1,-1
58,216,23,275,439,364,1,-1,-1,-1
58,217,1371,259,678,434,1,-1,-1,-1
58,218,1123,157,105,90,1,-1,-1,-1
59,215,1442,171,176,144,1,-1,-1,-1
59,216,7,279,446,369,1,-1,-1,-1
59,217,1390,247,651,423,1,-1,-1,-1
59,218,1123,157,104,91,1,-1,-1,-1
60,216,-7,281,453,376,1,-1,-1,-1
60,217,1411,239,621,410,1,-1,-1,-1
60,218,1121,157,106,93,1,-1,-1,-1
61,216,-14,289,457,380,1,-1,-1,-1
61,217,1428,230,597,400,1,-1,-1,-1
61,218,1121,159,106,92,1,-1,-1,-1
62,216,-25,295,461,383,1,-1,-1,-1
62,217,1443,222,575,392,1,-1,-1,-1
62,218,1120,159,107,93,1,-1,-1,-1
63,216,-40,298,467,388,1,-1,-1,-1
63,217,1459,216,551,381,1,-1,-1,-1
63,218,1119,159,108,94,1,-1,-1,-1
64,217,1477,210,525,370,1,-1,-1,-1
64,218,1118,159,108,93,1,-1,-1,-1
65,217,1491,205,503,359,1,-1,-1,-1
65,218,1117,159,108,93,1,-1,-1,-1
65,219,474,217,295,251,1,-1,-1,-1
66,215,1438,167,167,138,1,-1,-1,-1
66,217,1507,201,479,347,1,-1,-1,-1
66,218,1116,159,108,93,1,-1,-1,-1
66,219,468,218,296,251,1,-1,-1,-1
67,215,1437,166,166,137,1,-1,-1,-1
67,217,1520,198,462,342,1,-1,-1,-1
67,219,456,218,302,257,1,-1,-1,-1
68,215,1435,166,166,135,1,-1,-1,-1
68,217,1529,195,446,335,1,-1,-1,-1
68,219,445,219,308,262,1,-1,-1,-1
69,215,1435,165,169,139,1,-1,-1,-1
69,217,1540,192,432,330,1,-1,-1,-1
69,219,435,220,312,265,1,-1,-1,-1
70,215,1434,165,169,139,1,-1,-1,-1
70,217,1548,190,418,324,1,-1,-1,-1
70,219,423,220,321,272,1,-1,-1,-1
71,215,1434,165,167,138,1,-1,-1,-1
71,217,1554,188,407,319,1,-1,-1,-1
71,219,413,220,326,277,1,-1,-1,-1
72,215,1433,167,166,137,1,-1,-1,-1
72,217,1562,188,392,312,1,-1,-1,-1
72,219,399,221,330,280,1,-1,-1,-1
73,215,1434,171,162,134,1,-1,-1,-1
73,217,1569,187,378,305,1,-1,-1,-1
73,219,387,224,332,281,1,-1,-1,-1
74,215,1434,173,158,131,1,-1,-1,-1
74,217,1575,188,364,297,1,-1,-1,-1
74,219,375,226,335,284,1,-1,-1,-1
75,215,1434,175,156,129,1,-1,-1,-1
75,217,1580,189,352,291,1,-1,-1,-1
75,219,361,227,342,289,1,-1,-1,-1
76,215,1433,175,156,130,1,-1,-1,-1
76,217,1583,187,344,286,1,-1,-1,-1
76,219,352,229,346,293,1,-1,-1,-1
77,215,1431,174,157,131,1,-1,-1,-1
77,217,1585,186,335,281,1,-1,-1,-1
77,219,338,230,351,297,1,-1,-1,-1
78,215,1429,173,157,131,1,-1,-1,-1
78,217,1584,183,330,280,1,-1,-1,-1
78,219,327,232,356,300,1,-1,-1,-1
79,215,1428,173,156,131,1,-1,-1,-1
79,217,1582,182,323,276,1,-1,-1,-1
79,218,1106,162,112,97,1,-1,-1,-1
79,219,317,233,363,306,1,-1,-1,-1
80,215,1428,173,153,129,1,-1,-1,-1
80,217,1581,179,317,272,1,-1,-1,-1
80,218,1105,163,113,97,1,-1,-1,-1
80,219,303,239,365,307,1,-1,-1,-1
81,215,1427,174,152,127,1,-1,-1,-1
81,217,1581,179,311,268,1,-1,-1,-1
81,218,1104,164,113,97,1,-1,-1,-1
81,219,287,242,368,311,1,-1,-1,-1
82,215,1427,174,149,126,1,-1,-1,-1
82,217,1579,176,305,265,1,-1,-1,-1
82,218,1103,164,114,98,1,-1,-1,-1
82,219,274,244,373,314,1,-1,-1,-1
83,215,1425,175,150,125,1,-1,-1,-1
83,217,1579,175,298,260,1,-1,-1,-1
83,218,1103,165,113,98,1,-1,-1,-1
83,219,262,246,379,319,1,-1,-1,-1
84,215,1424,176,147,124,1,-1,-1,-1
84,217,1579,173,289,254,1,-1,-1,-1
84,218,1103,166,113,97,1,-1,-1,-1
84,219,250,247,385,325,1,-1,-1,-1
85,215,1422,176,146,123,1,-1,-1,-1
85,217,1576,172,284,250,1,-1,-1,-1
85,218,1102,167,112,97,1,-1,-1,-1
85,219,237,249,390,328,1,-1,-1,-1
86,215,1420,175,147,123,1,-1,-1,-1
86,217,1573,170,279,247,1,-1,-1,-1
86,218,1102,168,112,96,1,-1,-1,-1
86,219,223,251,395,332,1,-1,-1,-1
87,215,1418,175,147,123,1,-1,-1,-1
87,217,1570,168,275,244,1,-1,-1,-1
87,218,1101,168,112,96,1,-1,-1,-1
87,219,207,249,405,341,1,-1,-1,-1
88,215,1416,175,148,124,1,-1,-1,-1
88,217,1569,169,269,239,1,-1,-1,-1
88,218,1101,169,112,95,1,-1,-1,-1
88,219,195,253,408,343,1,-1,-1,-1
89,215,1414,175,148,124,1,-1,-1,-1
89,217,1567,169,263,234,1,-1,-1,-1
89,218,1101,169,113,96,1,-1,-1,-1
89,219,179,255,413,347,1,-1,-1,-1
90,215,1413,176,147,123,1,-1,-1,-1
90,217,1565,167,257,230,1,-1,-1,-1
90,218,1101,170,112,96,1,-1,-1,-1
90,219,167,259,415,348,1,-1,-1,-1
91,215,1411,176,147,122,1,-1,-1,-1
91,217,1562,165,254,226,1,-1,-1,-1
91,218,1100,171,113,95,1,-1,-1,-1
91,219,146,260,422,355,1,-1,-1,-1
92,215,1411,177,144,120,1,-1,-1,-1
92,217,1559,163,249,222,1,-1,-1,-1
92,218,1099,170,114,96,1,-1,-1,-1
92,219,129,264,426,357,1,-1,-1,-1
93,215,1410,178,143,119,1,-1,-1,-1
93,217,1555,161,248,220,1,-1,-1,-1
93,218,1098,169,115,98,1,-1,-1,-1
93,219,113,264,431,362,1,-1,-1,-1
94,215,1408,178,143,118,1,-1,-1,-1
94,217,1551,159,245,218,1,-1,-1,-1
94,218,1097,169,117,98,1,-1,-1,-1
94,219,103,270,430,362,1,-1,-1,-1
95,215,1407,178,142,117,1,-1,-1,-1
95,217,1548,157,241,215,1,-1,-1,-1
95,218,1096,169,118,99,1,-1,-1,-1
95,219,91,274,434,364,1,-1,-1,-1
96,215,1405,178,142,117,1,-1,-1,-1
96,217,1545,156,238,213,1,-1,-1,-1
96,218,1096,169,117,99,1,-1,-1,-1
96,219,76,276,441,368,1,-1,-1,-1
97,215,1405,178,141,117,1,-1,-1,-1
97,217,1542,155,236,210,1,-1,-1,-1
97,218,1095,170,119,99,1,-1,-1,-1
97,219,58,279,446,373,1,-1,-1,-1
98,215,1404,178,141,116,1,-1,-1,-1
98,217,1537,153,235,209,1,-1,-1,-1
98,218,1094,170,119,100,1,-1,-1,-1
98,219,38,281,456,380,1,-1,-1,-1
99,215,1403,178,140,115,1,-1,-1,-1
99,217,1532,153,233,208,1,-1,-1,-1
99,218,1094,171,118,99,1,-1,-1,-1
99,219,17,278,471,393,1,-1,-1,-1
100,215,1401,178,140,115,1,-1,-1,-1
100,217,1529,153,231,206,1,-1,-1,-1
100,218,1093,171,118,99,1,-1,-1,-1
100,219,1,279,479,399,1,-1,-1,-1
101,215,1398,176,143,118,1,-1,-1,-1
101,217,1528,154,225,200,1,-1,-1,-1
101,218,1093,171,118,99,1,-1,-1,-1
101,219,-10,284,483,403,1,-1,-1,-1
102,215,1398,176,142,117,1,-1,-1,-1
102,217,1524,153,222,197,1,-1,-1,-1
102,218,1092,171,117,99,1,-1,-1,-1
102,219,-22,286,492,412,1,-1,-1,-1
103,215,1397,176,141,116,1,-1,-1,-1
103,217,1519,152,220,195,1,-1,-1,-1
103,218,1091,172,118,98,1,-1,-1,-1
103,219,-33,288,506,423,1,-1,-1,-1
104,215,1397,175,140,116,1,-1,-1,-1
104,217,1517,153,215,191,1,-1,-1,-1
104,218,1090,172,118,99,1,-1,-1,-1
104,219,-39,292,512,430,1,-1,-1,-1
105,215,1396,176,140,115,1,-1,-1,-1
105,217,1514,152,214,189,1,-1,-1,-1
105,218,1089,172,119,99,1,-1,-1,-1
105,219,-50,295,519,436,1,-1,-1,-1
106,215,1395,176,140,115,1,-1,-1,-1
106,217,1512,152,212,187,1,-1,-1,-1
106,218,1089,172,118,100,1,-1,-1,-1
106,219,-53,302,521,439,1,-1,-1,-1
107,215,1395,176,140,115,1,-1,-1,-1
107,217,1510,152,209,184,1,-1,-1,-1
107,218,1088,173,119,99,1,-1,-1,-1
107,219,-61,307,524,443,1,-1,-1,-1
108,215,1393,175,140,115,1,-1,-1,-1
108,217,1507,153,206,182,1,-1,-1,-1
108,218,1088,174,118,99,1,-1,-1,-1
108,219,-73,310,531,449,1,-1,-1,-1
109,215,1391,175,140,115,1,-1,-1,-1
109,217,1503,153,205,180,1,-1,-1,-1
109,218,1087,174,117,99,1,-1,-1,-1
110,215,1390,175,140,115,1,-1,-1,-1
110,217,1500,153,204,179,1,-1,-1,-1
110,218,1086,174,118,99,1,-1,-1,-1
111,215,1388,175,141,115,1,-1,-1,-1
111,217,1497,152,203,178,1,-1,-1,-1
111,218,1086,174,118,99,1,-1,-1,-1
112,215,1387,173,142,116,1,-1,-1,-1
112,217,1495,153,201,176,1,-1,-1,-1
112,218,1086,176,117,98,1,-1,-1,-1
113,215,1386,173,142,116,1,-1,-1,-1
113,217,1494,155,198,172,1,-1,-1,-1
113,218,1087,178,116,97,1,-1,-1,-1
114,215,1385,172,142,117,1,-1,-1,-1
114,217,1490,155,197,172,1,-1,-1,-1
114,218,1086,178,117,98,1,-1,-1,-1
115,215,1384,172,142,117,1,-1,-1,-1
115,217,1487,155,195,170,1,-1,-1,-1
115,218,1086,179,116,96,1,-1,-1,-1
116,215,1382,171,143,118,1,-1,-1,-1
116,217,1484,156,193,167,1,-1,-1,-1
116,218,1085,178,116,97,1,-1,-1,-1
117,217,1482,156,191,165,1,-1,-1,-1
117,218,1084,179,116,96,1,-1,-1,-1
118,217,1479,157,191,164,1,-1,-1,-1
118,218,1083,180,117,96,1,-1,-1,-1
119,217,1476,157,191,164,1,-1,-1,-1
119,218,1083,180,116,97,1,-1,-1,-1
120,217,1474,157,189,162,1,-1,-1,-1
120,218,1080,180,118,97,1,-1,-1,-1
121,217,1471,158,188,161,1,-1,-1,-1
121,218,1079,180,118,97,1,-1,-1,-1
122,217,1468,157,188,160,1,-1,-1,-1
122,218,1077,180,119,98,1,-1,-1,-1
123,217,1465,157,187,161,1,-1,-1,-1
123,218,1076,180,120,99,1,-1,-1,-1
124,217,1463,157,185,158,1,-1,-1,-1
124,218,1074,178,122,101,1,-1,-1,-1
125,217,1458,156,186,159,1,-1,-1,-1
125,218,1073,178,123,101,1,-1,-1,-1
125,219,343,249,338,286,1,-1,-1,-1
126,217,1456,154,186,160,1,-1,-1,-1
126,218,1073,178,123,100,1,-1,-1,-1
126,219,354,246,332,280,1,-1,-1,-1
127,217,1453,151,188,161,1,-1,-1,-1
127,218,1073,178,123,100,1,-1,-1,-1
127,219,355,247,330,278,1,-1,-1,-1
128,217,1451,153,187,160,1,-1,-1,-1
128,218,1072,179,123,99,1,-1,-1,-1
128,219,350,251,332,278,1,-1,-1,-1
129,217,1450,154,184,158,1,-1,-1,-1
129,218,1072,179,124,101,1,-1,-1,-1
129,219,339,253,338,283,1,-1,-1,-1
130,217,1449,150,184,158,1,-1,-1,-1
130,218,1070,179,126,102,1,-1,-1,-1
130,219,329,257,339,282,1,-1,-1,-1
131,217,1447,146,185,159,1,-1,-1,-1
131,218,1068,178,127,103,1,-1,-1,-1
131,219,312,261,346,287,1,-1,-1,-1
132,217,1447,148,179,155,1,-1,-1,-1
132,218,1067,178,129,103,1,-1,-1,-1
132,219,299,263,350,291,1,-1,-1,-1
133,217,1448,151,173,150,1,-1,-1,-1
133,218,1066,178,129,104,1,-1,-1,-1
133,219,284,264,358,296,1,-1,-1,-1
133,220,1217,499,561,434,1,-1,-1,-1
134,217,1448,154,169,148,1,-1,-1,-1
134,218,1065,178,129,104,1,-1,-1,-1
134,219,273,267,362,299,1,-1,-1,-1
134,220,1231,473,548,424,1,-1,-1,-1
135,217,1447,156,168,146,1,-1,-1,-1
135,218,1064,178,129,104,1,-1,-1,-1
135,219,261,268,370,306,1,-1,-1,-1
135,220,1248,452,538,416,1,-1,-1,-1
136,217,1447,156,167,147,1,-1,-1,-1
136,218,1065,180,129,103,1,-1,-1,-1
136,219,249,272,374,308,1,-1,-1,-1
136,220,1260,435,516,400,1,-1,-1,-1
137,217,1446,153,169,148,1,-1,-1,-1
137,218,1065,181,128,103,1,-1,-1,-1
137,219,234,274,378,311,1,-1,-1,-1
137,220,1266,417,501,389,1,-1,-1,-1
138,217,1445,155,167,146,1,-1,-1,-1
138,218,1064,181,129,104,1,-1,-1,-1
138,219,220,276,383,314,1,-1,-1,-1
138,220,1265,400,485,376,1,-1,-1,-1
139,217,1444,151,166,147,1,-1,-1,-1
139,218,1063,182,129,104,1,-1,-1,-1
139,219,207,281,386,316,1,-1,-1,-1
139,220,1261,382,473,368,1,-1,-1,-1
140,217,1444,154,162,143,1,-1,-1,-1
140,218,1063,183,129,104,1,-1,-1,-1
140,219,195,281,389,319,1,-1,-1,-1
140,220,1261,368,459,358,1,-1,-1,-1
141,217,1443,158,160,142,1,-1,-1,-1
141,218,1062,184,130,104,1,-1,-1,-1
141,219,185,282,397,324,1,-1,-1,-1
141,220,1259,354,449,350,1,-1,-1,-1
142,217,1441,160,159,141,1,-1,-1,-1
142,218,1062,184,130,104,1,-1,-1,-1
142,219,175,284,405,330,1,-1,-1,-1
142,220,1256,340,438,341,1,-1,-1,-1
143,217,1440,162,159,141,1,-1,-1,-1
143,218,1062,186,129,103,1,-1,-1,-1
143,219,162,288,408,332,1,-1,-1,-1
143,220,1254,329,428,335,1,-1,-1,-1
144,217,1439,163,158,140,1,-1,-1,-1
144,218,1061,187,130,103,1,-1,-1,-1
144,219,147,291,415,337,1,-1,-1,-1
144,220,1256,319,415,325,1,-1,-1,-1
145,217,1438,164,154,137,1,-1,-1,-1
145,218,1059,187,132,104,1,-1,-1,-1
145,219,131,293,421,342,1,-1,-1,-1
145,220,1260,309,406,318,1,-1,-1,-1
146,217,1436,163,152,135,1,-1,-1,-1
146,218,1058,187,133,105,1,-1,-1,-1
146,219,113,293,429,348,1,-1,-1,-1
146,220,1262,300,394,310,1,-1,-1,-1
147,217,1434,163,149,133,1,-1,-1,-1
147,218,1058,187,132,105,1,-1,-1,-1
147,219,98,294,434,352,1,-1,-1,-1
147,220,1263,293,382,301,1,-1,-1,-1
148,217,1432,164,148,131,1,-1,-1,-1
148,218,1057,187,133,105,1,-1,-1,-1
148,219,83,297,443,358,1,-1,-1,-1
148,220,1257,286,375,295,1,-1,-1,-1
149,217,1431,164,146,130,1,-1,-1,-1
149,218,1055,187,135,106,1,-1,-1,-1
149,219,68,298,451,365,1,-1,-1,-1
149,220,1251,280,367,289,1,-1,-1,-1
150,217,1430,165,145,129,1,-1,-1,-1
150,218,1054,187,138,108,1,-1,-1,-1
150,219,56,304,454,367,1,-1,-1,-1
150,220,1252,276,360,284,1,-1,-1,-1
151,217,1430,165,145,128,1,-1,-1,-1
151,218,1052,187,139,109,1,-1,-1,-1
151,219,42,308,461,372,1,-1,-1,-1
151,220,1245,273,353,278,1,-1,-1,-1
152,217,1427,164,146,130,1,-1,-1,-1
152,218,1051,187,138,109,1,-1,-1,-1
152,219,28,313,465,375,1,-1,-1,-1
152,220,1243,268,348,274,1,-1,-1,-1
153,217,1422,164,148,131,1,-1,-1,-1
153,218,1049,188,139,109,1,-1,-1,-1
153,219,14,316,472,380,1,-1,-1,-1
153,220,1245,264,340,268,1,-1,-1,-1
154,217,1419,164,147,130,1,-1,-1,-1
154,218,1047,188,140,109,1,-1,-1,-1
154,219,1,318,479,385,1,-1,-1,-1
154,220,1243,261,334,262,1,-1,-1,-1
155,217,1415,165,149,131,1,-1,-1,-1
155,218,1045,188,141,111,1,-1,-1,-1
155,219,-6,324,481,388,1,-1,-1,-1
155,220,1240,259,326,256,1,-1,-1,-1
156,217,1412,165,150,132,1,-1,-1,-1
156,218,1044,189,142,111,1,-1,-1,-1
156,219,-13,331,485,391,1,-1,-1,-1
156,220,1237,256,321,253,1,-1,-1,-1
157,217,1414,166,147,129,1,-1,-1,-1
157,218,1043,190,142,111,1,-1,-1,-1
157,219,-23,335,490,395,1,-1,-1,-1
157,220,1234,255,313,245,1,-1,-1,-1
158,217,1413,164,146,128,1,-1,-1,-1
158,218,1042,190,143,112,1,-1,-1,-1
158,219,-35,338,496,399,1,-1,-1,-1
158,220,1234,253,308,242,1,-1,-1,-1
159,217,1410,162,147,128,1,-1,-1,-1
159,218,1042,191,143,111,1,-1,-1,-1
159,220,1231,250,305,240,1,-1,-1,-1
160,217,1409,162,146,127,1,-1,-1,-1
160,218,1042,191,143,111,1,-1,-1,-1
160,220,1226,248,303,237,1,-1,-1,-1
161,217,1407,162,145,126,1,-1,-1,-1
161,218,1043,191,142,111,1,-1,-1,-1
161,220,1224,245,298,234,1,-1,-1,-1
162,218,1042,191,143,112,1,-1,-1,-1
162,220,1226,243,291,228,1,-1,-1,-1
163,218,1041,191,144,112,1,-1,-1,-1
163,220,1226,240,288,225,1,-1,-1,-1
164,218,1040,192,145,112,1,-1,-1,-1
164,220,1227,237,285,224,1,-1,-1,-1
165,218,1040,193,145,112,1,-1,-1,-1
165,220,1228,233,283,222,1,-1,-1,-1
166,218,1040,193,145,112,1,-1,-1,-1
166,220,1228,230,280,219,1,-1,-1,-1
167,218,1038,193,145,112,1,-1,-1,-1
167,220,1230,228,274,216,1,-1,-1,-1
168,218,1037,193,146,112,1,-1,-1,-1
168,220,1234,227,267,211,1,-1,-1,-1
169,218,1037,193,146,112,1,-1,-1,-1
169,220,1236,225,263,208,1,-1,-1,-1
170,218,1035,192,148,113,1,-1,-1,-1
170,220,1236,223,258,204,1,-1,-1,-1
171,218,1034,192,148,113,1,-1,-1,-1
171,220,1237,221,255,201,1,-1,-1,-1
172,218,1033,193,149,113,1,-1,-1,-1
172,220,1238,220,250,198,1,-1,-1,-1
173,218,1031,193,151,114,1,-1,-1,-1
173,220,1239,217,246,196,1,-1,-1,-1
174,218,1028,192,153,116,1,-1,-1,-1
174,220,1242,214,243,193,1,-1,-1,-1
175,218,1025,190,156,119,1,-1,-1,-1
175,220,1245,209,240,192,1,-1,-1,-1
176,218,1025,190,157,118,1,-1,-1,-1
176,220,1246,207,236,189,1,-1,-1,-1
177,218,1023,190,159,119,1,-1,-1,-1
177,220,1248,206,230,184,1,-1,-1,-1
178,218,1021,189,162,121,1,-1,-1,-1
178,220,1249,203,228,183,1,-1,-1,-1
179,218,1020,189,162,122,1,-1,-1,-1
179,220,1251,201,223,179,1,-1,-1,-1
180,218,1019,189,163,123,1,-1,-1,-1
180,220,1257,202,218,175,1,-1,-1,-1
181,218,1020,188,164,123,1,-1,-1,-1
181,220,1262,201,214,173,1,-1,-1,-1
182,218,1021,188,163,122,1,-1,-1,-1
182,220,1265,201,210,169,1,-1,-1,-1
183,218,1021,188,163,122,1,-1,-1,-1
183,220,1271,200,205,165,1,-1,-1,-1
184,218,1017,185,170,128,1,-1,-1,-1
184,220,1273,199,203,163,1,-1,-1,-1
185,218,1014,185,172,129,1,-1,-1,-1
185,220,1274,198,202,162,1,-1,-1,-1
186,218,1012,185,175,131,1,-1,-1,-1
186,220,1278,197,198,160,1,-1,-1,-1
187,218,1010,184,179,135,1,-1,-1,-1
187,220,1284,194,199,161,1,-1,-1,-1
188,218,1008,184,182,137,1,-1,-1,-1
188,220,1290,193,198,160,1,-1,-1,-1
189,218,1006,183,185,140,1,-1,-1,-1
189,220,1293,193,199,160,1,-1,-1,-1
190,218,1005,184,184,140,1,-1,-1,-1
190,220,1295,192,199,159,1,-1,-1,-1
191,218,1004,184,184,141,1,-1,-1,-1
191,220,1298,192,196,157,1,-1,-1,-1
192,218,1003,184,185,142,1,-1,-1,-1
192,220,1303,190,192,154,1,-1,-1,-1
193,218,998,185,186,142,1,-1,-1,-1
193,220,1307,189,189,152,1,-1,-1,-1
194,218,997,186,187,144,1,-1,-1,-1
194,220,1308,186,192,154,1,-1,-1,-1
195,218,997,188,184,142,1,-1,-1,-1
195,220,1313,185,189,152,1,-1,-1,-1
196,218,995,189,185,143,1,-1,-1,-1
196,220,1324,185,174,139,1,-1,-1,-1
197,218,995,189,184,144,1,-1,-1,-1
197,220,1331,184,165,132,1,-1,-1,-1
198,218,993,190,185,144,1,-1,-1,-1
198,220,1336,183,160,128,1,-1,-1,-1
198,221,1122,270,732,712,1,-1,-1,-1
199,218,990,190,185,145,1,-1,-1,-1
199,221,1139,255,704,686,1,-1,-1,-1
200,218,989,191,185,145,1,-1,-1,-1
200,221,1143,224,695,677,1,-1,-1,-1
201,218,990,193,183,144,1,-1,-1,-1
201,221,1150,205,679,663,1,-1,-1,-1
202,218,986,192,186,146,1,-1,-1,-1
202,221,1166,190,657,643,1,-1,-1,-1
203,218,983,191,188,147,1,-1,-1,-1
203,221,1176,178,637,626,1,-1,-1,-1
204,218,984,189,187,148,1,-1,-1,-1
204,221,1190,174,610,601,1,-1,-1,-1
205,218,981,188,190,150,1,-1,-1,-1
205,221,1201,170,582,576,1,-1,-1,-1
206,218,979,188,192,151,1,-1,-1,-1
206,221,1210,163,563,559,1,-1,-1,-1
207,218,975,186,199,157,1,-1,-1,-1
207,221,1214,152,550,548,1,-1,-1,-1
208,218,971,185,203,161,1,-1,-1,-1
208,221,1215,145,534,536,1,-1,-1,-1
209,218,968,185,205,162,1,-1,-1,-1
209,221,1220,137,518,521,1,-1,-1,-1
210,218,966,184,208,165,1,-1,-1,-1
210,221,1224,131,502,509,1,-1,-1,-1
211,218,964,184,210,166,1,-1,-1,-1
211,221,1227,124,490,499,1,-1,-1,-1
212,218,961,183,211,169,1,-1,-1,-1
212,221,1231,117,478,489,1,-1,-1,-1
213,218,961,185,211,168,1,-1,-1,-1
213,221,1233,115,464,477,1,-1,-1,-1
214,218,962,187,209,168,1,-1,-1,-1
214,221,1237,119,446,461,1,-1,-1,-1
215,218,962,189,208,167,1,-1,-1,-1
215,221,1241,116,435,452,1,-1,-1,-1
216,218,960,189,209,168,1,-1,-1,-1
216,221,1242,112,427,445,1,-1,-1,-1
217,218,957,190,209,168,1,-1,-1,-1
217,221,1242,107,420,439,1,-1,-1,-1
218,218,954,189,212,170,1,-1,-1,-1
218,221,1240,105,412,433,1,-1,-1,-1
219,218,950,189,215,173,1,-1,-1,-1
219,221,1241,105,403,425,1,-1,-1,-1
220,218,948,190,216,173,1,-1,-1,-1
220,221,1243,105,394,418,1,-1,-1,-1
221,218,948,189,217,174,1,-1,-1,-1
221,221,1245,107,384,409,1,-1,-1,-1
222,218,943,189,219,178,1,-1,-1,-1
222,221,1245,108,375,401,1,-1,-1,-1
223,218,934,189,226,181,1,-1,-1,-1
223,221,1249,107,367,395,1,-1,-1,-1
224,218,927,187,230,186,1,-1,-1,-1
224,221,1249,109,359,387,1,-1,-1,-1
225,218,920,187,235,190,1,-1,-1,-1
225,221,1250,111,349,378,1,-1,-1,-1
226,218,915,187,239,192,1,-1,-1,-1
226,221,1253,112,343,372,1,-1,-1,-1
227,218,911,186,241,195,1,-1,-1,-1
227,221,1255,110,338,368,1,-1,-1,-1
228,221,1256,111,331,362,1,-1,-1,-1
229,218,902,192,241,195,1,-1,-1,-1
229,221,1258,112,325,356,1,-1,-1,-1
230,218,898,194,242,195,1,-1,-1,-1
230,221,1258,112,320,352,1,-1,-1,-1
231,218,894,194,244,198,1,-1,-1,-1
231,221,1258,111,314,346,1,-1,-1,-1
232,221,1257,111,309,340,1,-1,-1,-1
233,221,1256,110,304,336,1,-1,-1,-1
234,221,1258,110,297,329,1,-1,-1,-1
235,221,1260,109,293,325,1,-1,-1,-1
236,221,1261,109,288,320,1,-1,-1,-1
237,218,867,207,258,209,1,-1,-1,-1
237,221,1263,106,283,315,1,-1,-1,-1
238,218,862,210,259,209,1,-1,-1,-1
238,221,1265,106,278,310,1,-1,-1,-1
239,218,858,213,260,209,1,-1,-1,-1
239,221,1265,106,274,304,1,-1,-1,-1
240,218,854,215,262,211,1,-1,-1,-1
240,221,1265,106,270,302,1,-1,-1,-1
241,221,1265,105,267,299,1,-1,-1,-1
242,218,834,216,275,222,1,-1,-1,-1
242,221,1264,105,264,295,1,-1,-1,-1
243,218,827,217,279,225,1,-1,-1,-1
243,221,1260,103,261,293,1,-1,-1,-1
244,218,821,218,282,228,1,-1,-1,-1
244,221,1261,105,255,285,1,-1,-1,-1
245,218,814,221,289,234,1,-1,-1,-1
245,221,1260,105,252,281,1,-1,-1,-1
246,218,808,223,293,238,1,-1,-1,-1
246,221,1259,103,250,279,1,-1,-1,-1
247,218,805,228,293,237,1,-1,-1,-1
247,221,1259,103,247,276,1,-1,-1,-1
248,218,797,230,298,241,1,-1,-1,-1
248,221,1257,101,247,276,1,-1,-1,-1
249,218,792,231,302,245,1,-1,-1,-1
249,221,1256,101,246,274,1,-1,-1,-1
250,218,787,233,305,248,1,-1,-1,-1
250,221,1256,101,243,271,1,-1,-1,-1
251,218,781,235,309,251,1,-1,-1,-1
251,221,1255,103,238,264,1,-1,-1,-1
252,218,770,233,316,258,1,-1,-1,-1
252,221,1253,104,235,261,1,-1,-1,-1
253,218,762,235,321,261,1,-1,-1,-1
253,221,1253,104,234,259,1,-1,-1,-1
254,218,756,236,325,265,1,-1,-1,-1
254,221,1251,102,233,259,1,-1,-1,-1
255,221,1249,101,234,259,1,-1,-1,-1
256,221,1248,101,232,257,1,-1,-1,-1
257,218,732,249,334,273,1,-1,-1,-1
257,221,1248,101,230,255,1,-1,-1,-1
258,218,723,253,337,275,1,-1,-1,-1
258,221,1247,101,227,251,1,-1,-1,-1
259,218,716,256,338,278,1,-1,-1,-1
259,221,1247,102,223,247,1,-1,-1,-1
260,218,708,259,342,280,1,-1,-1,-1
260,221,1247,104,219,242,1,-1,-1,-1
261,218,701,261,346,284,1,-1,-1,-1
261,221,1247,105,216,237,1,-1,-1,-1
262,221,1247,106,213,235,1,-1,-1,-1
263,221,1246,106,212,234,1,-1,-1,-1
264,218,673,265,372,305,1,-1,-1,-1
264,221,1246,107,210,231,1,-1,-1,-1
265,218,666,265,379,312,1,-1,-1,-1
265,221,1245,107,209,229,1,-1,-1,-1
266,218,655,267,389,320,1,-1,-1,-1
266,221,1249,107,206,226,1,-1,-1,-1
267,218,643,271,398,329,1,-1,-1,-1
267,221,1248,108,204,224,1,-1,-1,-1
268,218,634,277,407,337,1,-1,-1,-1
268,221,1248,110,201,219,1,-1,-1,-1
268,222,1045,205,211,160,1,-1,-1,-1
269,218,628,285,410,339,1,-1,-1,-1
269,221,1249,109,198,216,1,-1,-1,-1
269,222,1062,205,211,161,1,-1,-1,-1
270,218,620,290,418,346,1,-1,-1,-1
270,221,1248,109,196,214,1,-1,-1,-1
270,222,1082,203,214,163,1,-1,-1,-1
271,218,604,293,428,356,1,-1,-1,-1
271,221,1249,109,194,212,1,-1,-1,-1
271,222,1105,203,217,164,1,-1,-1,-1
272,218,591,298,438,364,1,-1,-1,-1
272,221,1250,110,191,209,1,-1,-1,-1
272,222,1130,200,221,167,1,-1,-1,-1
273,218,574,302,455,379,1,-1,-1,-1
273,221,1250,110,188,206,1,-1,-1,-1
273,222,1159,200,222,167,1,-1,-1,-1
274,218,563,312,464,387,1,-1,-1,-1
274,222,1189,200,226,167,1,-1,-1,-1
275,218,549,319,478,399,1,-1,-1,-1
275,222,1220,199,230,169,1,-1,-1,-1
276,218,534,323,494,414,1,-1,-1,-1
276,222,1252,199,234,170,1,-1,-1,-1
276,223,1005,200,155,127,1,-1,-1,-1
277,218,522,334,503,423,1,-1,-1,-1
277,222,1283,198,239,172,1,-1,-1,-1
277,223,1002,199,156,129,1,-1,-1,-1
278,218,509,344,514,432,1,-1,-1,-1
278,222,1314,200,242,170,1,-1,-1,-1
278,223,999,201,155,128,1,-1,-1,-1
279,218,495,352,526,443,1,-1,-1,-1
279,222,1343,199,248,172,1,-1,-1,-1
279,223,994,201,157,130,1,-1,-1,-1
280,218,483,364,537,454,1,-1,-1,-1
280,222,1378,201,251,171,1,-1,-1,-1
280,223,991,203,158,130,1,-1,-1,-1
281,218,470,374,550,466,1,-1,-1,-1
281,222,1411,201,257,172,1,-1,-1,-1
281,223,988,204,158,130,1,-1,-1,-1
282,218,455,381,567,482,1,-1,-1,-1
282,221,1247,117,178,196,1,-1,-1,-1
282,222,1443,201,263,173,1,-1,-1,-1
282,223,984,204,160,131,1,-1,-1,-1
283,218,441,391,579,494,1,-1,-1,-1
283,221,1246,118,179,196,1,-1,-1,-1
283,222,1470,202,269,173,1,-1,-1,-1
283,223,981,205,160,132,1,-1,-1,-1
284,218,419,399,596,509,1,-1,-1,-1
284,221,1247,119,179,196,1,-1,-1,-1
284,222,1494,204,273,172,1,-1,-1,-1
284,223,977,203,163,134,1,-1,-1,-1
285,218,398,415,606,519,1,-1,-1,-1
285,221,1246,119,178,195,1,-1,-1,-1
285,222,1522,203,283,175,1,-1,-1,-1
285,223,975,203,163,134,1,-1,-1,-1
286,218,373,428,620,533,1,-1,-1,-1
286,221,1245,120,176,193,1,-1,-1,-1
286,222,1543,203,289,176,1,-1,-1,-1
286,223,973,203,164,135,1,-1,-1,-1
287,218,350,442,633,545,1,-1,-1,-1
287,221,1244,121,174,191,1,-1,-1,-1
287,222,1567,205,295,176,1,-1,-1,-1
287,223,970,204,166,135,1,-1,-1,-1
288,218,324,458,647,558,1,-1,-1,-1
288,221,1243,122,173,189,1,-1,-1,-1
288,222,1585,207,297,174,1,-1,-1,-1
288,223,968,204,167,136,1,-1,-1,-1
289,218,297,471,658,569,1,-1,-1,-1
289,221,1242,122,172,189,1,-1,-1,-1
289,222,1598,208,299,172,1,-1,-1,-1
289,223,966,205,168,136,1,-1,-1,-1
290,218,270,486,668,578,1,-1,-1,-1
290,221,1241,123,170,186,1,-1,-1,-1
290,222,1606,208,304,172,1,-1,-1,-1
290,223,963,205,172,139,1,-1,-1,-1
291,218,250,500,672,582,1,-1,-1,-1
291,221,1239,123,169,185,1,-1,-1,-1
291,222,1608,209,307,172,1,-1,-1,-1
291,223,959,205,175,141,1,-1,-1,-1
292,218,230,516,667,576,1,-1,-1,-1
292,221,1238,123,167,183,1,-1,-1,-1
292,222,1608,209,314,173,1,-1,-1,-1
292,223,956,205,178,142,1,-1,-1,-1
293,218,211,529,670,579,1,-1,-1,-1
293,221,1238,125,164,180,1,-1,-1,-1
293,222,1619,209,319,174,1,-1,-1,-1
293,223,954,205,178,143,1,-1,-1,-1
294,218,192,540,679,587,1,-1,-1,-1
294,221,1238,127,161,176,1,-1,-1,-1
294,222,1639,210,318,174,1,-1,-1,-1
294,223,951,205,180,144,1,-1,-1,-1
295,221,1238,130,158,172,1,-1,-1,-1
295,223,948,206,181,144,1,-1,-1,-1
296,221,1238,131,154,169,1,-1,-1,-1
296,223,943,206,183,146,1,-1,-1,-1
297,221,1238,132,153,167,1,-1,-1,-1
297,223,941,207,184,146,1,-1,-1,-1
297,224,580,347,399,314,1,-1,-1,-1
298,221,1238,134,152,165,1,-1,-1,-1
298,223,938,206,186,148,1,-1,-1,-1
298,224,568,352,411,323,1,-1,-1,-1
299,221,1238,135,150,163,1,-1,-1,-1
299,223,932,205,191,151,1,-1,-1,-1
299,224,551,357,422,332,1,-1,-1,-1
300,221,1237,136,150,163,1,-1,-1,-1
300,223,930,205,192,152,1,-1,-1,-1
300,224,539,363,429,337,1,-1,-1,-1
301,221,1236,137,149,162,1,-1,-1,-1
301,223,927,205,193,153,1,-1,-1,-1
301,224,524,371,438,345,1,-1,-1,-1
302,221,1235,136,149,162,1,-1,-1,-1
302,223,926,205,194,154,1,-1,-1,-1
302,224,516,382,439,346,1,-1,-1,-1
303,221,1235,137,147,160,1,-1,-1,-1
303,223,925,207,194,153,1,-1,-1,-1
303,224,504,390,448,353,1,-1,-1,-1
304,221,1236,137,146,159,1,-1,-1,-1
304,223,922,207,197,155,1,-1,-1,-1
304,224,487,397,461,363,1,-1,-1,-1
305,221,1237,138,145,157,1,-1,-1,-1
305,223,919,208,199,156,1,-1,-1,-1
305,224,469,406,469,369,1,-1,-1,-1
306,221,1237,137,145,158,1,-1,-1,-1
306,223,915,208,203,159,1,-1,-1,-1
306,224,452,415,484,381,1,-1,-1,-1
307,221,1237,136,145,158,1,-1,-1,-1
307,223,911,209,206,160,1,-1,-1,-1
307,224,440,424,492,388,1,-1,-1,-1
308,221,1237,137,145,157,1,-1,-1,-1
308,223,909,210,206,161,1,-1,-1,-1
308,224,429,431,498,394,1,-1,-1,-1
309,221,1237,137,145,156,1,-1,-1,-1
309,223,906,212,208,161,1,-1,-1,-1
309,224,419,444,499,395,1,-1,-1,-1
309,225,1450,185,288,131,1,-1,-1,-1
310,221,1238,138,144,155,1,-1,-1,-1
310,223,904,214,208,162,1,-1,-1,-1
310,224,403,451,511,406,1,-1,-1,-1
310,225,1432,186,285,130,1,-1,-1,-1
311,221,1239,139,143,154,1,-1,-1,-1
311,223,902,216,209,162,1,-1,-1,-1
311,224,391,459,517,412,1,-1,-1,-1
311,225,1406,187,286,130,1,-1,-1,-1
312,221,1240,140,142,153,1,-1,-1,-1
312,223,897,217,211,163,1,-1,-1,-1
312,224,380,468,523,418,1,-1,-1,-1
312,225,1381,188,286,130,1,-1,-1,-1
313,221,1241,140,142,152,1,-1,-1,-1
313,223,892,217,211,164,1,-1,-1,-1
313,224,369,479,528,422,1,-1,-1,-1
313,225,1358,188,287,130,1,-1,-1,-1
314,218,95,368,383,327,1,-1,-1,-1
314,221,1243,140,141,152,1,-1,-1,-1
314,223,893,218,211,164,1,-1,-1,-1
314,224,356,489,535,430,1,-1,-1,-1
314,225,1328,186,289,131,1,-1,-1,-1
315,218,90,358,380,319,1,-1,-1,-1
315,221,1243,140,142,152,1,-1,-1,-1
315,223,894,221,211,163,1,-1,-1,-1
315,224,342,498,538,433,1,-1,-1,-1
315,225,1297,187,291,131,1,-1,-1,-1
316,218,74,360,386,321,1,-1,-1,-1
316,221,1244,140,141,152,1,-1,-1,-1
316,223,890,221,216,167,1,-1,-1,-1
316,224,331,509,537,433,1,-1,-1,-1
316,225,1266,188,290,131,1,-1,-1,-1
317,218,51,367,397,326,1,-1,-1,-1
317,223,886,222,220,169,1,-1,-1,-1
317,224,322,521,534,432,1,-1,-1,-1
317,225,1236,187,295,133,1,-1,-1,-1
318,218,29,373,412,336,1,-1,-1,-1
318,223,885,223,222,170,1,-1,-1,-1
318,224,303,528,544,441,1,-1,-1,-1
318,225,1210,189,292,132,1,-1,-1,-1
319,218,11,376,420,339,1,-1,-1,-1
319,223,884,222,226,173,1,-1,-1,-1
319,224,292,538,546,444,1,-1,-1,-1
319,225,1182,192,291,131,1,-1,-1,-1
320,218,5,385,430,346,1,-1,-1,-1
320,223,884,225,226,173,1,-1,-1,-1
320,224,278,546,551,448,1,-1,-1,-1
320,225,1156,192,293,132,1,-1,-1,-1
321,218,-5,390,436,349,1,-1,-1,-1
321,223,882,224,231,177,1,-1,-1,-1
321,224,265,553,557,454,1,-1,-1,-1
321,225,1141,195,288,129,1,-1,-1,-1
322,218,-16,392,437,351,1,-1,-1,-1
322,223,879,226,234,179,1,-1,-1,-1
322,224,251,564,558,456,1,-1,-1,-1
322,225,1123,196,288,129,1,-1,-1,-1
323,223,878,229,234,179,1,-1,-1,-1
323,224,236,573,562,460,1,-1,-1,-1
323,225,1101,197,289,129,1,-1,-1,-1
324,223,870,229,239,182,1,-1,-1,-1
324,224,225,583,566,463,1,-1,-1,-1
324,225,1080,196,292,131,1,-1,-1,-1
325,223,867,230,245,186,1,-1,-1,-1
325,224,213,590,574,469,1,-1,-1,-1
325,225,1058,197,294,132,1,-1,-1,-1
326,223,865,231,249,189,1,-1,-1,-1
326,224,205,595,581,476,1,-1,-1,-1
326,225,1039,197,298,134,1,-1,-1,-1
327,221,1253,143,126,136,1,-1,-1,-1
327,223,865,232,252,191,1,-1,-1,-1
327,224,195,601,587,480,1,-1,-1,-1
327,225,1024,197,296,134,1,-1,-1,-1
328,221,1252,143,126,135,1,-1,-1,-1
328,223,862,232,255,194,1,-1,-1,-1
328,224,184,611,580,474,1,-1,-1,-1
328,225,1012,197,293,133,1,-1,-1,-1
329,221,1250,142,128,136,1,-1,-1,-1
329,223,858,233,258,196,1,-1,-1,-1
329,224,171,616,579,472,1,-1,-1,-1
329,225,1002,196,289,133,1,-1,-1,-1
330,221,1248,141,128,136,1,-1,-1,-1
330,223,854,236,260,198,1,-1,-1,-1
330,224,158,622,581,473,1,-1,-1,-1
330,225,995,196,286,132,1,-1,-1,-1
331,221,1247,141,129,137,1,-1,-1,-1
331,223,851,239,262,200,1,-1,-1,-1
331,224,146,629,584,477,1,-1,-1,-1
331,225,988,196,284,133,1,-1,-1,-1
332,221,1247,141,128,136,1,-1,-1,-1
332,223,848,244,263,200,1,-1,-1,-1
332,225,977,197,281,133,1,-1,-1,-1
333,221,1246,141,130,137,1,-1,-1,-1
333,223,845,246,265,202,1,-1,-1,-1
333,225,960,198,281,132,1,-1,-1,-1
334,221,1247,141,128,134,1,-1,-1,-1
334,223,840,248,269,204,1,-1,-1,-1
335,221,1247,140,128,135,1,-1,-1,-1
335,223,835,248,273,208,1,-1,-1,-1
336,221,1246,138,129,136,1,-1,-1,-1
336,223,830,249,277,210,1,-1,-1,-1
337,221,1247,139,127,132,1,-1,-1,-1
337,223,825,250,282,214,1,-1,-1,-1
338,221,1247,139,126,131,1,-1,-1,-1
338,223,820,252,286,218,1,-1,-1,-1
339,221,1247,139,126,131,1,-1,-1,-1
339,223,816,255,290,220,1,-1,-1,-1
340,221,1248,140,124,129,1,-1,-1,-1
340,223,812,256,293,224,1,-1,-1,-1
341,221,1248,140,124,129,1,-1,-1,-1
341,223,805,258,296,226,1,-1,-1,-1
342,221,1247,140,124,128,1,-1,-1,-1
342,223,799,260,301,229,1,-1,-1,-1
343,221,1247,140,123,127,1,-1,-1,-1
343,223,793,264,300,229,1,-1,-1,-1
344,221,1246,139,123,127,1,-1,-1,-1
344,223,787,266,304,231,1,-1,-1,-1
345,221,1245,139,123,126,1,-1,-1,-1
345,223,781,269,307,234,1,-1,-1,-1
346,221,1245,138,122,126,1,-1,-1,-1
346,223,771,271,313,238,1,-1,-1,-1
347,221,1246,138,121,125,1,-1,-1,-1
347,223,765,274,315,239,1,-1,-1,-1
347,226,1078,443,843,600,1,-1,-1,-1
348,221,1245,138,122,124,1,-1,-1,-1
348,223,759,276,320,244,1,-1,-1,-1
348,226,1085,421,840,599,1,-1,-1,-1
349,221,1245,138,121,123,1,-1,-1,-1
349,223,754,280,322,245,1,-1,-1,-1
349,226,1107,406,810,579,1,-1,-1,-1
350,221,1245,138,121,123,1,-1,-1,-1
350,223,743,280,326,249,1,-1,-1,-1
350,226,1109,386,794,568,1,-1,-1,-1
351,221,1245,137,120,123,1,-1,-1,-1
351,223,733,281,333,254,1,-1,-1,-1
351,226,1129,379,752,540,1,-1,-1,-1
352,221,1244,137,121,122,1,-1,-1,-1
352,223,726,283,338,257,1,-1,-1,-1
352,226,1136,361,736,531,1,-1,-1,-1
353,221,1243,136,121,123,1,-1,-1,-1
353,223,719,285,341,259,1,-1,-1,-1
353,226,1148,348,709,514,1,-1,-1,-1
354,221,1243,136,122,124,1,-1,-1,-1
354,223,713,290,342,260,1,-1,-1,-1
354,226,1153,335,690,503,1,-1,-1,-1
355,221,1243,137,121,123,1,-1,-1,-1
355,223,709,292,345,262,1,-1,-1,-1
355,226,1159,324,667,489,1,-1,-1,-1
356,221,1243,137,121,123,1,-1,-1,-1
356,223,704,295,348,264,1,-1,-1,-1
356,226,1170,315,634,468,1,-1,-1,-1
357,221,1242,137,122,122,1,-1,-1,-1
357,223,699,297,350,267,1,-1,-1,-1
357,226,1175,302,616,459,1,-1,-1,-1
358,221,1242,137,122,122,1,-1,-1,-1
358,223,694,298,354,269,1,-1,-1,-1
358,226,1177,292,600,450,1,-1,-1,-1
359,221,1242,136,122,123,1,-1,-1,-1
359,223,693,300,354,269,1,-1,-1,-1
359,226,1183,282,583,441,1,-1,-1,-1
