4,227,368,111,231,194,1,-1,-1,-1
4,228,1120,306,655,504,1,-1,-1,-1
5,227,365,111,232,195,1,-1,-1,-1
5,228,1130,305,668,515,1,-1,-1,-1
6,227,362,113,231,194,1,-1,-1,-1
6,228,1138,313,674,519,1,-1,-1,-1
7,227,356,113,233,195,1,-1,-1,-1
7,228,1148,321,681,525,1,-1,-1,-1
8,227,350,113,235,197,1,-1,-1,-1
8,228,1166,327,697,538,1,-1,-1,-1
9,227,345,113,238,199,1,-1,-1,-1
9,228,1182,335,712,550,1,-1,-1,-1
10,227,341,113,239,201,1,-1,-1,-1
10,228,1204,343,726,561,1,-1,-1,-1
10,229,1494,136,341,279,1,-1,-1,-1
11,227,336,115,240,201,1,-1,-1,-1
11,228,1219,350,738,572,1,-1,-1,-1
11,229,1482,137,326,268,1,-1,-1,-1
12,227,332,114,242,204,1,-1,-1,-1
12,228,1223,358,748,581,1,-1,-1,-1
12,229,1465,136,320,263,1,-1,-1,-1
13,227,327,117,241,202,1,-1,-1,-1
13,228,1227,367,754,587,1,-1,-1,-1
13,229,1447,128,329,270,1,-1,-1,-1
14,227,323,119,240,201,1,-1,-1,-1
14,228,1232,376,762,595,1,-1,-1,-1
14,229,1430,122,330,271,1,-1,-1,-1
15,227,318,120,240,201,1,-1,-1,-1
15,228,1239,386,763,599,1,-1,-1,-1
15,229,1415,121,329,270,1,-1,-1,-1
16,227,312,120,244,204,1,-1,-1,-1
16,228,1242,397,775,612,1,-1,-1,-1
16,229,1403,122,323,265,1,-1,-1,-1
17,227,305,121,248,207,1,-1,-1,-1
17,228,1243,408,791,629,1,-1,-1,-1
17,229,1391,120,325,267,1,-1,-1,-1
18,227,298,120,253,211,1,-1,-1,-1
18,228,1253,421,795,637,1,-1,-1,-1
18,229,1382,118,322,265,1,-1,-1,-1
19,227,294,121,254,212,1,-1,-1,-1
19,228,1264,431,800,647,1,-1,-1,-1
19,229,1368,112,327,269,1,-1,-1,-1
20,227,289,122,256,213,1,-1,-1,-1
20,228,1272,439,811,657,1,-1,-1,-1
20,229,1356,110,328,269,1,-1,-1,-1
21,227,286,122,258,215,1,-1,-1,-1
21,229,1351,110,327,269,1,-1,-1,-1
22,227,285,123,258,214,1,-1,-1,-1
22,229,1349,110,326,269,1,-1,-1,-1
23,227,285,123,259,214,1,-1,-1,-1
23,229,1349,111,325,268,1,-1,-1,-1
24,227,285,123,259,214,1,-1,-1,-1
24,229,1349,111,325,268,1,-1,-1,-1
25,227,285,123,259,214,1,-1,-1,-1
25,229,1351,111,324,268,1,-1,-1,-1
26,227,285,123,259,214,1,-1,-1,-1
26,229,1352,112,323,268,1,-1,-1,-1
27,227,285,122,259,214,1,-1,-1,-1
27,229,1353,112,323,268,1,-1,-1,-1
28,227,285,122,260,214,1,-1,-1,-1
28,229,1354,112,323,269,1,-1,-1,-1
29,227,285,122,260,214,1,-1,-1,-1
29,229,1355,112,322,269,1,-1,-1,-1
30,227,285,122,260,214,1,-1,-1,-1
30,229,1356,112,322,269,1,-1,-1,-1
31,227,272,126,271,223,1,-1,-1,-1
31,229,1313,113,305,255,1,-1,-1,-1
32,227,263,129,281,231,1,-1,-1,-1
32,229,1277,115,291,243,1,-1,-1,-1
33,227,255,131,291,239,1,-1,-1,-1
33,229,1254,117,279,233,1,-1,-1,-1
34,227,251,135,295,242,1,-1,-1,-1
34,229,1239,115,273,229,1,-1,-1,-1
35,227,249,138,299,246,1,-1,-1,-1
35,228,1541,156,381,313,1,-1,-1,-1
35,229,1224,107,278,233,1,-1,-1,-1
36,227,248,141,302,249,1,-1,-1,-1
36,228,1539,141,357,296,1,-1,-1,-1
36,229,1214,103,277,233,1,-1,-1,-1
37,227,246,143,303,250,1,-1,-1,-1
37,228,1531,137,349,289,1,-1,-1,-1
37,229,1204,102,276,232,1,-1,-1,-1
38,227,244,145,305,252,1,-1,-1,-1
38,228,1516,136,345,287,1,-1,-1,-1
38,229,1196,104,272,229,1,-1,-1,-1
39,227,244,147,305,252,1,-1,-1,-1
39,228,1507,137,341,283,1,-1,-1,-1
39,229,1192,105,270,228,1,-1,-1,-1
40,227,247,146,304,251,1,-1,-1,-1
40,228,1503,138,344,286,1,-1,-1,-1
40,229,1190,105,271,229,1,-1,-1,-1
41,227,251,146,311,257,1,-1,-1,-1
41,228,1483,134,342,284,1,-1,-1,-1
41,229,1180,101,271,229,1,-1,-1,-1
42,227,254,147,317,263,1,-1,-1,-1
42,228,1464,130,340,283,1,-1,-1,-1
42,229,1166,95,274,232,1,-1,-1,-1
43,227,257,149,322,267,1,-1,-1,-1
43,228,1446,125,338,280,1,-1,-1,-1
43,229,1155,94,273,231,1,-1,-1,-1
44,227,260,151,325,270,1,-1,-1,-1
44,228,1428,117,339,282,1,-1,-1,-1
44,229,1144,93,273,231,1,-1,-1,-1
45,227,264,156,322,268,1,-1,-1,-1
45,228,1407,108,341,283,1,-1,-1,-1
45,229,1136,91,272,230,1,-1,-1,-1
46,227,268,161,321,267,1,-1,-1,-1
46,228,1396,111,335,278,1,-1,-1,-1
46,229,1131,91,269,228,1,-1,-1,-1
47,227,271,165,325,270,1,-1,-1,-1
47,228,1384,113,332,275,1,-1,-1,-1
47,229,1125,89,268,228,1,-1,-1,-1
48,227,276,169,327,273,1,-1,-1,-1
48,228,1373,115,325,269,1,-1,-1,-1
48,229,1120,90,264,226,1,-1,-1,-1
49,227,277,173,331,276,1,-1,-1,-1
49,228,1361,115,322,267,1,-1,-1,-1
49,229,1114,92,260,222,1,-1,-1,-1
50,227,278,174,338,281,1,-1,-1,-1
50,228,1349,114,321,265,1,-1,-1,-1
50,229,1106,91,257,220,1,-1,-1,-1
51,227,279,175,341,283,1,-1,-1,-1
51,228,1342,114,321,264,1,-1,-1,-1
51,229,1101,90,257,220,1,-1,-1,-1
52,227,279,175,342,285,1,-1,-1,-1
52,228,1340,114,320,264,1,-1,-1,-1
52,229,1100,90,255,219,1,-1,-1,-1
53,227,279,175,343,285,1,-1,-1,-1
53,228,1340,114,319,263,1,-1,-1,-1
53,229,1100,90,254,219,1,-1,-1,-1
54,227,279,174,344,287,1,-1,-1,-1
54,228,1340,115,320,263,1,-1,-1,-1
54,229,1101,90,254,219,1,-1,-1,-1
55,227,279,174,343,286,1,-1,-1,-1
55,228,1341,115,321,264,1,-1,-1,-1
55,229,1101,90,255,219,1,-1,-1,-1
56,227,279,173,343,286,1,-1,-1,-1
56,228,1341,115,323,266,1,-1,-1,-1
56,229,1102,89,254,220,1,-1,-1,-1
57,227,278,173,343,286,1,-1,-1,-1
57,228,1342,115,323,266,1,-1,-1,-1
57,229,1102,89,255,220,1,-1,-1,-1
58,227,278,173,343,286,1,-1,-1,-1
58,228,1346,116,318,261,1,-1,-1,-1
58,229,1103,89,254,220,1,-1,-1,-1
59,227,278,173,343,286,1,-1,-1,-1
59,228,1348,116,315,259,1,-1,-1,-1
59,229,1104,89,254,220,1,-1,-1,-1
60,227,281,174,341,284,1,-1,-1,-1
60,228,1347,115,319,262,1,-1,-1,-1
60,229,1105,89,254,221,1,-1,-1,-1
61,227,296,194,358,299,1,-1,-1,-1
61,228,1298,114,307,252,1,-1,-1,-1
61,229,1082,86,249,215,1,-1,-1,-1
62,227,309,208,376,314,1,-1,-1,-1
62,228,1257,112,297,243,1,-1,-1,-1
62,229,1061,85,239,208,1,-1,-1,-1
63,227,318,218,385,322,1,-1,-1,-1
63,228,1230,109,292,239,1,-1,-1,-1
63,229,1043,84,236,205,1,-1,-1,-1
64,227,323,225,393,327,1,-1,-1,-1
64,228,1210,106,292,238,1,-1,-1,-1
64,229,1032,81,234,204,1,-1,-1,-1
65,227,324,230,400,333,1,-1,-1,-1
65,228,1197,103,292,239,1,-1,-1,-1
65,229,1023,78,233,203,1,-1,-1,-1
66,227,327,235,403,336,1,-1,-1,-1
66,228,1187,101,291,239,1,-1,-1,-1
66,229,1017,81,227,197,1,-1,-1,-1
67,227,330,240,407,338,1,-1,-1,-1
67,228,1181,103,286,234,1,-1,-1,-1
67,229,1015,83,223,195,1,-1,-1,-1
67,231,303,93,219,172,1,-1,-1,-1
68,227,333,244,411,342,1,-1,-1,-1
68,228,1175,104,283,231,1,-1,-1,-1
68,229,1010,86,220,191,1,-1,-1,-1
68,231,297,91,222,175,1,-1,-1,-1
69,227,331,247,420,349,1,-1,-1,-1
69,228,1170,103,280,229,1,-1,-1,-1
69,229,1004,86,218,189,1,-1,-1,-1
69,231,291,90,224,176,1,-1,-1,-1
70,227,334,250,428,354,1,-1,-1,-1
70,228,1160,100,280,230,1,-1,-1,-1
70,229,1000,86,215,187,1,-1,-1,-1
70,231,284,90,227,178,1,-1,-1,-1
71,227,337,254,434,359,1,-1,-1,-1
71,228,1150,99,280,229,1,-1,-1,-1
71,229,993,87,215,186,1,-1,-1,-1
71,231,279,90,227,179,1,-1,-1,-1
72,227,339,259,440,364,1,-1,-1,-1
72,228,1144,100,277,227,1,-1,-1,-1
72,229,989,89,211,183,1,-1,-1,-1
72,231,274,91,229,181,1,-1,-1,-1
73,227,341,265,446,369,1,-1,-1,-1
73,228,1136,100,276,226,1,-1,-1,-1
73,229,985,91,211,183,1,-1,-1,-1
73,231,270,91,231,183,1,-1,-1,-1
74,227,343,268,449,371,1,-1,-1,-1
74,228,1132,100,276,226,1,-1,-1,-1
74,229,982,91,211,183,1,-1,-1,-1
74,231,267,91,232,184,1,-1,-1,-1
75,227,344,270,450,373,1,-1,-1,-1
75,228,1130,99,276,227,1,-1,-1,-1
75,229,982,92,211,183,1,-1,-1,-1
75,231,266,91,233,185,1,-1,-1,-1
76,227,344,270,451,373,1,-1,-1,-1
76,228,1130,99,276,227,1,-1,-1,-1
76,229,981,93,212,183,1,-1,-1,-1
76,231,267,91,232,185,1,-1,-1,-1
77,227,344,270,451,373,1,-1,-1,-1
77,228,1131,99,276,228,1,-1,-1,-1
77,229,981,93,213,183,1,-1,-1,-1
77,231,267,91,231,185,1,-1,-1,-1
78,227,342,269,453,374,1,-1,-1,-1
78,228,1132,99,275,228,1,-1,-1,-1
78,229,982,93,213,183,1,-1,-1,-1
78,231,268,91,230,185,1,-1,-1,-1
79,227,342,269,452,374,1,-1,-1,-1
79,228,1133,99,275,228,1,-1,-1,-1
79,229,982,93,214,183,1,-1,-1,-1
79,231,269,91,229,185,1,-1,-1,-1
80,227,342,269,452,373,1,-1,-1,-1
80,228,1134,99,275,229,1,-1,-1,-1
80,229,981,93,215,184,1,-1,-1,-1
80,231,269,91,229,185,1,-1,-1,-1
81,227,342,269,451,372,1,-1,-1,-1
81,228,1135,99,275,229,1,-1,-1,-1
81,229,980,93,216,184,1,-1,-1,-1
81,231,269,91,228,186,1,-1,-1,-1
82,227,342,269,450,371,1,-1,-1,-1
82,228,1136,99,275,229,1,-1,-1,-1
82,229,980,93,216,184,1,-1,-1,-1
82,231,269,91,229,186,1,-1,-1,-1
83,227,342,268,450,371,1,-1,-1,-1
83,228,1136,99,275,229,1,-1,-1,-1
83,229,979,93,217,184,1,-1,-1,-1
83,231,269,91,229,186,1,-1,-1,-1
84,227,341,265,454,375,1,-1,-1,-1
84,228,1137,99,275,230,1,-1,-1,-1
84,229,980,93,217,185,1,-1,-1,-1
84,231,270,90,227,186,1,-1,-1,-1
85,227,341,263,456,377,1,-1,-1,-1
85,228,1138,99,274,230,1,-1,-1,-1
85,229,980,93,218,185,1,-1,-1,-1
85,231,271,90,226,186,1,-1,-1,-1
86,227,340,262,458,377,1,-1,-1,-1
86,228,1138,99,274,230,1,-1,-1,-1
86,229,980,93,219,185,1,-1,-1,-1
86,231,271,90,226,186,1,-1,-1,-1
87,227,340,261,458,378,1,-1,-1,-1
87,228,1139,99,273,230,1,-1,-1,-1
87,229,980,93,219,185,1,-1,-1,-1
87,231,271,90,226,186,1,-1,-1,-1
88,227,341,261,457,378,1,-1,-1,-1
88,228,1139,99,274,230,1,-1,-1,-1
88,229,980,93,220,185,1,-1,-1,-1
88,231,272,89,224,187,1,-1,-1,-1
89,227,341,261,457,378,1,-1,-1,-1
89,228,1140,99,273,230,1,-1,-1,-1
89,229,980,93,220,185,1,-1,-1,-1
89,231,272,89,224,187,1,-1,-1,-1
90,227,341,261,457,377,1,-1,-1,-1
90,228,1141,99,272,230,1,-1,-1,-1
90,229,980,93,221,185,1,-1,-1,-1
90,231,273,89,223,187,1,-1,-1,-1
91,227,341,261,458,378,1,-1,-1,-1
91,228,1140,99,272,230,1,-1,-1,-1
91,229,986,89,234,196,1,-1,-1,-1
91,231,254,97,237,199,1,-1,-1,-1
92,227,342,261,458,379,1,-1,-1,-1
92,228,1139,99,272,230,1,-1,-1,-1
92,229,987,86,243,203,1,-1,-1,-1
92,231,240,105,246,206,1,-1,-1,-1
93,229,992,82,252,210,1,-1,-1,-1
93,231,232,108,253,213,1,-1,-1,-1
94,229,997,82,255,211,1,-1,-1,-1
94,231,228,111,257,217,1,-1,-1,-1
95,229,998,81,255,212,1,-1,-1,-1
95,231,227,113,259,219,1,-1,-1,-1
95,232,1349,131,320,253,1,-1,-1,-1
96,229,996,79,258,213,1,-1,-1,-1
96,231,227,113,261,222,1,-1,-1,-1
96,232,1334,127,321,253,1,-1,-1,-1
97,229,991,82,254,209,1,-1,-1,-1
97,231,225,113,266,225,1,-1,-1,-1
97,232,1322,125,318,251,1,-1,-1,-1
98,229,984,84,253,207,1,-1,-1,-1
98,231,223,112,271,230,1,-1,-1,-1
98,232,1312,124,315,249,1,-1,-1,-1
99,229,977,83,253,207,1,-1,-1,-1
99,231,223,113,274,233,1,-1,-1,-1
99,232,1302,122,314,248,1,-1,-1,-1
100,229,973,86,247,201,1,-1,-1,-1
100,231,225,114,275,235,1,-1,-1,-1
100,232,1294,125,308,244,1,-1,-1,-1
101,229,964,88,245,198,1,-1,-1,-1
101,231,225,114,278,238,1,-1,-1,-1
101,232,1287,129,301,238,1,-1,-1,-1
102,229,959,87,245,197,1,-1,-1,-1
102,231,225,114,281,240,1,-1,-1,-1
102,232,1278,131,298,236,1,-1,-1,-1
103,229,955,87,246,197,1,-1,-1,-1
103,231,228,113,285,244,1,-1,-1,-1
103,232,1268,132,297,235,1,-1,-1,-1
104,229,953,87,245,196,1,-1,-1,-1
104,231,230,116,284,243,1,-1,-1,-1
104,232,1260,133,294,233,1,-1,-1,-1
105,231,231,117,288,246,1,-1,-1,-1
105,232,1250,131,293,233,1,-1,-1,-1
106,231,232,118,291,250,1,-1,-1,-1
106,232,1241,129,289,229,1,-1,-1,-1
107,229,944,88,238,189,1,-1,-1,-1
107,231,231,121,295,253,1,-1,-1,-1
107,232,1234,126,286,228,1,-1,-1,-1
108,229,945,91,235,185,1,-1,-1,-1
108,231,232,124,297,255,1,-1,-1,-1
108,232,1225,126,284,226,1,-1,-1,-1
109,229,946,91,232,182,1,-1,-1,-1
109,231,232,125,301,258,1,-1,-1,-1
109,232,1218,127,280,223,1,-1,-1,-1
110,229,942,91,233,181,1,-1,-1,-1
110,231,233,127,304,260,1,-1,-1,-1
110,232,1209,125,281,224,1,-1,-1,-1
111,229,936,87,240,185,1,-1,-1,-1
111,231,233,127,306,261,1,-1,-1,-1
111,232,1204,124,281,224,1,-1,-1,-1
112,229,932,85,245,187,1,-1,-1,-1
112,231,234,127,306,261,1,-1,-1,-1
112,232,1202,123,282,225,1,-1,-1,-1
113,229,931,84,247,188,1,-1,-1,-1
113,231,234,127,306,261,1,-1,-1,-1
113,232,1202,122,282,226,1,-1,-1,-1
114,229,930,83,249,189,1,-1,-1,-1
114,231,234,127,307,261,1,-1,-1,-1
114,232,1202,122,282,227,1,-1,-1,-1
115,229,929,82,251,190,1,-1,-1,-1
115,231,233,127,307,261,1,-1,-1,-1
115,232,1203,122,281,227,1,-1,-1,-1
116,229,928,82,253,190,1,-1,-1,-1
116,231,233,127,307,261,1,-1,-1,-1
116,232,1204,122,281,228,1,-1,-1,-1
117,229,928,82,253,190,1,-1,-1,-1
117,231,232,127,308,261,1,-1,-1,-1
117,232,1204,122,282,228,1,-1,-1,-1
118,229,928,82,254,190,1,-1,-1,-1
118,231,232,127,307,260,1,-1,-1,-1
118,232,1205,122,281,228,1,-1,-1,-1
119,229,928,82,254,190,1,-1,-1,-1
119,231,232,127,307,260,1,-1,-1,-1
119,232,1207,122,280,228,1,-1,-1,-1
120,229,927,82,257,192,1,-1,-1,-1
120,231,232,127,308,260,1,-1,-1,-1
120,232,1207,122,280,228,1,-1,-1,-1
121,229,926,82,258,192,1,-1,-1,-1
121,231,240,143,324,273,1,-1,-1,-1
121,232,1178,122,266,218,1,-1,-1,-1
122,229,926,92,244,182,1,-1,-1,-1
122,231,249,157,337,285,1,-1,-1,-1
122,232,1154,120,255,210,1,-1,-1,-1
123,229,926,97,235,175,1,-1,-1,-1
123,231,252,164,350,296,1,-1,-1,-1
123,232,1135,119,250,205,1,-1,-1,-1
124,229,926,100,230,172,1,-1,-1,-1
124,231,255,170,360,304,1,-1,-1,-1
124,232,1121,118,248,203,1,-1,-1,-1
125,229,925,101,228,170,1,-1,-1,-1
125,231,257,176,366,309,1,-1,-1,-1
125,232,1111,117,246,202,1,-1,-1,-1
126,231,258,179,369,312,1,-1,-1,-1
126,232,1106,117,245,201,1,-1,-1,-1
127,231,259,180,370,313,1,-1,-1,-1
127,232,1105,117,243,201,1,-1,-1,-1
128,231,259,180,370,313,1,-1,-1,-1
128,232,1105,117,243,200,1,-1,-1,-1
129,231,259,180,370,313,1,-1,-1,-1
129,232,1105,117,244,200,1,-1,-1,-1
130,231,258,180,371,313,1,-1,-1,-1
130,232,1106,117,243,201,1,-1,-1,-1
131,231,268,191,384,325,1,-1,-1,-1
131,232,1092,113,241,198,1,-1,-1,-1
132,231,276,200,394,333,1,-1,-1,-1
132,232,1080,109,243,198,1,-1,-1,-1
133,231,281,206,404,343,1,-1,-1,-1
133,232,1072,109,238,195,1,-1,-1,-1
134,231,287,214,411,347,1,-1,-1,-1
134,232,1064,107,238,195,1,-1,-1,-1
135,231,293,219,417,352,1,-1,-1,-1
135,232,1058,107,238,195,1,-1,-1,-1
135,233,1482,141,332,268,1,-1,-1,-1
135,234,199,94,235,187,1,-1,-1,-1
136,231,297,222,423,358,1,-1,-1,-1
136,232,1054,108,236,193,1,-1,-1,-1
136,233,1468,134,336,270,1,-1,-1,-1
136,234,198,94,237,188,1,-1,-1,-1
137,231,300,226,430,365,1,-1,-1,-1
137,232,1051,107,235,193,1,-1,-1,-1
137,233,1456,131,337,271,1,-1,-1,-1
137,234,195,94,242,192,1,-1,-1,-1
138,231,301,231,440,372,1,-1,-1,-1
138,232,1046,108,233,192,1,-1,-1,-1
138,233,1445,129,334,269,1,-1,-1,-1
138,234,195,94,245,195,1,-1,-1,-1
139,231,305,239,446,377,1,-1,-1,-1
139,232,1041,107,233,191,1,-1,-1,-1
139,233,1434,127,333,268,1,-1,-1,-1
139,234,194,94,249,198,1,-1,-1,-1
140,231,307,245,454,384,1,-1,-1,-1
140,232,1038,108,228,189,1,-1,-1,-1
140,233,1428,125,330,265,1,-1,-1,-1
140,234,195,97,248,198,1,-1,-1,-1
141,231,308,247,463,393,1,-1,-1,-1
141,232,1032,108,228,189,1,-1,-1,-1
141,233,1419,127,325,260,1,-1,-1,-1
141,234,196,99,248,198,1,-1,-1,-1
142,231,309,254,474,401,1,-1,-1,-1
142,232,1026,107,228,189,1,-1,-1,-1
142,233,1409,127,321,258,1,-1,-1,-1
142,234,196,100,249,199,1,-1,-1,-1
143,231,311,264,479,405,1,-1,-1,-1
143,232,1021,107,229,189,1,-1,-1,-1
143,233,1399,126,319,256,1,-1,-1,-1
143,234,197,101,253,203,1,-1,-1,-1
143,235,417,141,185,131,1,-1,-1,-1
144,231,312,271,481,407,1,-1,-1,-1
144,232,1019,106,229,190,1,-1,-1,-1
144,233,1393,124,318,256,1,-1,-1,-1
144,234,198,102,255,204,1,-1,-1,-1
144,235,419,139,186,132,1,-1,-1,-1
145,231,313,274,481,407,1,-1,-1,-1
145,232,1018,105,229,191,1,-1,-1,-1
145,233,1390,123,319,256,1,-1,-1,-1
145,234,198,102,256,205,1,-1,-1,-1
145,235,420,137,188,133,1,-1,-1,-1
146,231,312,275,483,407,1,-1,-1,-1
146,232,1019,105,228,191,1,-1,-1,-1
146,233,1390,123,319,255,1,-1,-1,-1
146,234,199,103,255,205,1,-1,-1,-1
146,235,420,139,187,132,1,-1,-1,-1
147,231,313,276,482,406,1,-1,-1,-1
147,232,1020,105,228,191,1,-1,-1,-1
147,233,1390,123,319,255,1,-1,-1,-1
147,234,199,103,255,205,1,-1,-1,-1
147,235,421,140,185,131,1,-1,-1,-1
148,231,312,276,482,406,1,-1,-1,-1
148,232,1021,105,228,191,1,-1,-1,-1
148,233,1390,123,320,255,1,-1,-1,-1
148,234,199,103,254,205,1,-1,-1,-1
148,235,421,141,184,131,1,-1,-1,-1
149,231,312,276,481,405,1,-1,-1,-1
149,232,1021,105,228,191,1,-1,-1,-1
149,233,1391,123,320,256,1,-1,-1,-1
149,234,200,103,253,205,1,-1,-1,-1
149,235,421,141,184,131,1,-1,-1,-1
150,231,311,275,481,405,1,-1,-1,-1
150,232,1021,105,228,191,1,-1,-1,-1
150,233,1390,125,320,256,1,-1,-1,-1
150,234,200,101,253,207,1,-1,-1,-1
150,235,420,141,184,131,1,-1,-1,-1
151,231,336,309,509,428,1,-1,-1,-1
151,232,1000,103,224,187,1,-1,-1,-1
151,233,1360,124,314,250,1,-1,-1,-1
151,234,204,104,258,211,1,-1,-1,-1
151,235,426,133,195,138,1,-1,-1,-1
152,231,353,336,540,453,1,-1,-1,-1
152,232,988,101,220,184,1,-1,-1,-1
152,233,1342,123,311,248,1,-1,-1,-1
152,234,209,107,262,214,1,-1,-1,-1
152,235,432,126,201,143,1,-1,-1,-1
153,231,365,354,569,476,1,-1,-1,-1
153,232,973,102,217,181,1,-1,-1,-1
153,233,1318,121,309,246,1,-1,-1,-1
153,234,215,111,264,216,1,-1,-1,-1
153,235,436,123,205,146,1,-1,-1,-1
154,231,379,368,592,494,1,-1,-1,-1
154,232,959,103,214,178,1,-1,-1,-1
154,233,1302,122,300,239,1,-1,-1,-1
154,234,219,113,266,218,1,-1,-1,-1
154,235,439,122,208,149,1,-1,-1,-1
155,231,389,379,614,512,1,-1,-1,-1
155,232,953,103,213,176,1,-1,-1,-1
155,233,1287,121,299,239,1,-1,-1,-1
155,234,220,113,269,221,1,-1,-1,-1
155,235,442,122,210,150,1,-1,-1,-1
156,231,392,385,636,530,1,-1,-1,-1
156,232,951,102,216,177,1,-1,-1,-1
156,233,1276,119,300,239,1,-1,-1,-1
156,234,220,112,272,223,1,-1,-1,-1
156,235,446,122,212,152,1,-1,-1,-1
157,231,394,391,661,550,1,-1,-1,-1
157,232,950,101,219,178,1,-1,-1,-1
157,233,1267,119,299,238,1,-1,-1,-1
157,234,219,111,276,227,1,-1,-1,-1
157,235,449,122,215,154,1,-1,-1,-1
158,231,401,404,681,567,1,-1,-1,-1
158,232,950,100,220,178,1,-1,-1,-1
158,233,1260,120,294,235,1,-1,-1,-1
158,234,220,110,280,230,1,-1,-1,-1
158,235,452,121,218,157,1,-1,-1,-1
159,231,412,416,702,585,1,-1,-1,-1
159,232,948,100,219,177,1,-1,-1,-1
159,233,1256,122,288,231,1,-1,-1,-1
159,234,222,111,282,232,1,-1,-1,-1
159,235,456,121,219,157,1,-1,-1,-1
160,231,418,428,724,603,1,-1,-1,-1
160,232,947,102,218,174,1,-1,-1,-1
160,233,1250,124,282,225,1,-1,-1,-1
160,234,223,112,285,234,1,-1,-1,-1
160,235,460,122,219,159,1,-1,-1,-1
161,231,421,435,737,614,1,-1,-1,-1
161,232,946,104,217,172,1,-1,-1,-1
161,233,1247,124,279,223,1,-1,-1,-1
161,234,223,112,289,237,1,-1,-1,-1
161,235,463,123,219,159,1,-1,-1,-1
162,231,422,438,743,619,1,-1,-1,-1
162,232,944,104,219,172,1,-1,-1,-1
162,233,1245,124,279,223,1,-1,-1,-1
162,234,223,112,290,238,1,-1,-1,-1
162,235,464,125,219,158,1,-1,-1,-1
163,231,422,439,744,621,1,-1,-1,-1
163,232,945,105,219,171,1,-1,-1,-1
163,233,1245,125,278,222,1,-1,-1,-1
163,234,222,112,291,239,1,-1,-1,-1
163,235,465,124,218,159,1,-1,-1,-1
164,231,422,439,744,621,1,-1,-1,-1
164,232,944,105,221,171,1,-1,-1,-1
164,233,1245,125,279,222,1,-1,-1,-1
164,234,222,112,290,239,1,-1,-1,-1
164,235,465,125,218,159,1,-1,-1,-1
165,231,422,439,742,620,1,-1,-1,-1
165,232,943,106,223,170,1,-1,-1,-1
165,233,1246,125,279,222,1,-1,-1,-1
165,234,223,112,289,239,1,-1,-1,-1
165,235,465,125,217,159,1,-1,-1,-1
166,231,422,438,740,619,1,-1,-1,-1
166,232,943,106,224,170,1,-1,-1,-1
166,233,1245,125,281,224,1,-1,-1,-1
166,234,223,112,289,239,1,-1,-1,-1
166,235,466,125,215,159,1,-1,-1,-1
167,231,422,437,738,618,1,-1,-1,-1
167,232,942,106,226,170,1,-1,-1,-1
167,233,1247,125,279,223,1,-1,-1,-1
167,234,223,112,289,238,1,-1,-1,-1
167,235,466,125,214,158,1,-1,-1,-1
168,231,422,437,736,616,1,-1,-1,-1
168,232,939,104,229,172,1,-1,-1,-1
168,233,1248,125,279,223,1,-1,-1,-1
168,234,223,112,288,237,1,-1,-1,-1
168,235,466,125,214,158,1,-1,-1,-1
169,231,423,436,732,615,1,-1,-1,-1
169,232,937,104,231,172,1,-1,-1,-1
169,233,1250,126,279,222,1,-1,-1,-1
169,234,223,112,287,238,1,-1,-1,-1
169,235,466,124,213,159,1,-1,-1,-1
170,231,423,436,731,613,1,-1,-1,-1
170,232,936,104,232,171,1,-1,-1,-1
170,233,1251,126,279,222,1,-1,-1,-1
170,234,224,113,286,237,1,-1,-1,-1
170,235,465,124,214,159,1,-1,-1,-1
171,231,425,438,733,616,1,-1,-1,-1
171,232,934,103,234,172,1,-1,-1,-1
171,233,1250,126,278,221,1,-1,-1,-1
171,234,234,117,303,252,1,-1,-1,-1
171,235,488,131,214,160,1,-1,-1,-1
172,231,427,441,738,621,1,-1,-1,-1
172,232,933,103,233,172,1,-1,-1,-1
172,233,1247,126,278,221,1,-1,-1,-1
172,234,241,123,318,264,1,-1,-1,-1
172,235,504,133,223,166,1,-1,-1,-1
173,234,248,127,328,272,1,-1,-1,-1
173,235,518,136,226,169,1,-1,-1,-1
174,234,255,131,333,277,1,-1,-1,-1
174,235,527,138,230,172,1,-1,-1,-1
175,233,1157,108,274,219,1,-1,-1,-1
175,234,258,134,338,281,1,-1,-1,-1
175,235,534,139,233,175,1,-1,-1,-1
176,233,1139,105,273,218,1,-1,-1,-1
176,234,260,136,344,286,1,-1,-1,-1
176,235,541,142,231,175,1,-1,-1,-1
177,233,1128,103,272,218,1,-1,-1,-1
177,234,267,142,346,288,1,-1,-1,-1
177,235,544,143,233,177,1,-1,-1,-1
178,233,1123,105,267,213,1,-1,-1,-1
178,234,274,146,348,290,1,-1,-1,-1
178,235,548,144,231,176,1,-1,-1,-1
179,233,1115,103,265,212,1,-1,-1,-1
179,234,276,149,355,295,1,-1,-1,-1
179,235,551,145,232,177,1,-1,-1,-1
180,233,1108,103,265,211,1,-1,-1,-1
180,234,275,150,363,303,1,-1,-1,-1
180,235,555,146,232,178,1,-1,-1,-1
181,233,1100,102,264,211,1,-1,-1,-1
181,234,276,154,368,307,1,-1,-1,-1
181,235,560,147,234,179,1,-1,-1,-1
182,233,1091,101,263,210,1,-1,-1,-1
182,234,278,159,373,310,1,-1,-1,-1
183,234,281,164,377,314,1,-1,-1,-1
184,234,282,165,387,323,1,-1,-1,-1
185,234,283,169,392,327,1,-1,-1,-1
186,234,285,173,398,332,1,-1,-1,-1
187,234,289,178,401,335,1,-1,-1,-1
188,234,291,182,404,336,1,-1,-1,-1
189,234,293,183,404,337,1,-1,-1,-1
190,234,294,184,406,338,1,-1,-1,-1
191,234,303,194,413,344,1,-1,-1,-1
192,234,310,204,420,349,1,-1,-1,-1
193,234,316,212,424,353,1,-1,-1,-1
194,234,320,214,433,359,1,-1,-1,-1
195,234,323,216,446,370,1,-1,-1,-1
196,234,327,219,457,379,1,-1,-1,-1
197,234,331,224,467,387,1,-1,-1,-1
198,234,336,228,478,396,1,-1,-1,-1
198,235,420,99,222,172,1,-1,-1,-1
199,234,342,232,490,404,1,-1,-1,-1
199,235,409,97,226,175,1,-1,-1,-1
200,234,347,240,500,412,1,-1,-1,-1
200,235,401,94,230,180,1,-1,-1,-1
201,234,350,245,505,417,1,-1,-1,-1
201,235,397,93,233,183,1,-1,-1,-1
202,234,351,248,508,418,1,-1,-1,-1
202,235,395,93,234,184,1,-1,-1,-1
203,234,354,252,506,417,1,-1,-1,-1
203,235,395,92,234,186,1,-1,-1,-1
204,234,348,251,513,421,1,-1,-1,-1
204,235,396,93,233,185,1,-1,-1,-1
205,234,349,253,510,419,1,-1,-1,-1
205,235,397,93,231,185,1,-1,-1,-1
206,234,352,255,507,416,1,-1,-1,-1
206,235,398,93,231,185,1,-1,-1,-1
207,234,352,255,506,415,1,-1,-1,-1
207,235,399,93,230,185,1,-1,-1,-1
208,234,352,255,505,413,1,-1,-1,-1
208,235,400,93,229,185,1,-1,-1,-1
209,234,353,255,503,412,1,-1,-1,-1
209,235,401,93,227,185,1,-1,-1,-1
210,234,352,255,503,411,1,-1,-1,-1
210,235,401,93,227,185,1,-1,-1,-1
211,234,391,296,571,467,1,-1,-1,-1
211,235,397,81,236,193,1,-1,-1,-1
212,234,424,324,630,515,1,-1,-1,-1
212,235,395,72,243,200,1,-1,-1,-1
213,234,450,352,670,547,1,-1,-1,-1
213,235,396,66,247,205,1,-1,-1,-1
214,234,465,366,705,576,1,-1,-1,-1
214,235,398,62,250,209,1,-1,-1,-1
215,234,474,375,742,606,1,-1,-1,-1
215,235,398,58,254,214,1,-1,-1,-1
215,237,1220,185,360,281,1,-1,-1,-1
216,234,488,394,766,626,1,-1,-1,-1
216,235,399,56,255,215,1,-1,-1,-1
216,237,1198,179,356,278,1,-1,-1,-1
217,234,496,414,784,640,1,-1,-1,-1
217,235,401,53,257,219,1,-1,-1,-1
217,237,1181,176,353,275,1,-1,-1,-1
218,234,515,437,788,643,1,-1,-1,-1
218,235,404,51,257,221,1,-1,-1,-1
218,237,1165,173,346,270,1,-1,-1,-1
219,234,532,456,786,642,1,-1,-1,-1
219,235,406,50,258,222,1,-1,-1,-1
219,237,1145,170,339,264,1,-1,-1,-1
220,234,553,476,775,631,1,-1,-1,-1
220,235,409,49,259,226,1,-1,-1,-1
220,237,1132,163,336,262,1,-1,-1,-1
221,234,609,499,752,611,1,-1,-1,-1
221,235,412,48,261,229,1,-1,-1,-1
221,237,1117,159,334,260,1,-1,-1,-1
222,234,669,524,726,586,1,-1,-1,-1
222,235,414,47,263,232,1,-1,-1,-1
222,237,1100,155,332,258,1,-1,-1,-1
222,238,558,297,409,292,1,-1,-1,-1
223,234,726,545,703,563,1,-1,-1,-1
223,235,417,46,263,235,1,-1,-1,-1
223,237,1087,150,329,257,1,-1,-1,-1
223,238,561,303,421,301,1,-1,-1,-1
224,234,756,557,693,548,1,-1,-1,-1
224,235,418,45,265,238,1,-1,-1,-1
224,237,1081,148,327,256,1,-1,-1,-1
224,238,562,307,426,304,1,-1,-1,-1
225,234,768,562,692,540,1,-1,-1,-1
225,235,419,45,265,239,1,-1,-1,-1
225,237,1078,147,327,256,1,-1,-1,-1
225,238,562,308,429,307,1,-1,-1,-1
226,234,769,564,697,536,1,-1,-1,-1
226,235,420,45,264,240,1,-1,-1,-1
226,237,1078,147,327,256,1,-1,-1,-1
226,238,562,309,429,307,1,-1,-1,-1
227,234,764,564,706,535,1,-1,-1,-1
227,235,421,45,262,241,1,-1,-1,-1
227,237,1079,147,327,256,1,-1,-1,-1
227,238,562,309,428,306,1,-1,-1,-1
228,234,757,563,717,534,1,-1,-1,-1
228,235,422,46,259,240,1,-1,-1,-1
228,237,1080,147,327,257,1,-1,-1,-1
228,238,563,309,426,305,1,-1,-1,-1
229,234,750,562,727,534,1,-1,-1,-1
229,235,422,45,258,240,1,-1,-1,-1
229,237,1081,147,328,257,1,-1,-1,-1
229,238,564,309,424,305,1,-1,-1,-1
230,234,741,560,741,535,1,-1,-1,-1
230,235,423,44,256,241,1,-1,-1,-1
230,237,1081,149,327,257,1,-1,-1,-1
230,238,562,309,422,304,1,-1,-1,-1
231,234,742,563,752,535,1,-1,-1,-1
231,235,429,42,264,249,1,-1,-1,-1
231,237,1077,150,326,255,1,-1,-1,-1
231,238,567,344,458,331,1,-1,-1,-1
232,234,755,570,751,534,1,-1,-1,-1
232,235,437,43,267,254,1,-1,-1,-1
232,237,1071,148,324,255,1,-1,-1,-1
232,238,572,372,490,355,1,-1,-1,-1
233,235,443,44,269,258,1,-1,-1,-1
233,238,577,394,513,372,1,-1,-1,-1
234,235,447,44,272,262,1,-1,-1,-1
234,238,582,412,530,386,1,-1,-1,-1
235,235,450,43,275,266,1,-1,-1,-1
235,238,588,428,542,396,1,-1,-1,-1
236,235,452,43,275,267,1,-1,-1,-1
236,237,958,109,308,242,1,-1,-1,-1
236,238,591,442,559,409,1,-1,-1,-1
237,235,455,42,276,270,1,-1,-1,-1
237,237,931,99,309,243,1,-1,-1,-1
237,238,598,459,568,416,1,-1,-1,-1
238,235,459,44,276,272,1,-1,-1,-1
238,237,915,90,310,246,1,-1,-1,-1
238,238,602,471,582,429,1,-1,-1,-1
239,235,464,47,275,271,1,-1,-1,-1
239,237,906,93,300,238,1,-1,-1,-1
239,238,608,485,597,441,1,-1,-1,-1
240,235,465,47,277,274,1,-1,-1,-1
240,237,904,100,287,228,1,-1,-1,-1
240,238,617,501,610,452,1,-1,-1,-1
241,235,466,46,278,277,1,-1,-1,-1
241,237,905,105,279,221,1,-1,-1,-1
241,238,623,512,616,457,1,-1,-1,-1
242,235,466,46,279,278,1,-1,-1,-1
242,237,906,107,275,219,1,-1,-1,-1
242,238,627,517,616,459,1,-1,-1,-1
243,235,466,45,279,279,1,-1,-1,-1
243,237,908,109,273,217,1,-1,-1,-1
243,238,629,519,615,460,1,-1,-1,-1
244,235,467,45,277,279,1,-1,-1,-1
244,237,910,110,271,216,1,-1,-1,-1
244,238,631,519,612,460,1,-1,-1,-1
245,235,467,44,276,280,1,-1,-1,-1
245,237,911,110,271,217,1,-1,-1,-1
245,238,632,518,609,459,1,-1,-1,-1
246,235,467,44,275,279,1,-1,-1,-1
246,237,913,110,271,217,1,-1,-1,-1
246,238,632,518,603,456,1,-1,-1,-1
247,235,468,44,273,279,1,-1,-1,-1
247,237,914,110,271,217,1,-1,-1,-1
247,238,633,516,601,457,1,-1,-1,-1
248,235,468,44,273,279,1,-1,-1,-1
248,237,915,110,270,217,1,-1,-1,-1
248,238,634,516,599,455,1,-1,-1,-1
249,235,468,44,272,279,1,-1,-1,-1
249,237,916,110,270,217,1,-1,-1,-1
249,238,634,516,594,453,1,-1,-1,-1
250,235,468,44,271,279,1,-1,-1,-1
250,237,916,110,271,218,1,-1,-1,-1
250,238,634,515,590,452,1,-1,-1,-1
251,235,490,44,278,286,1,-1,-1,-1
251,237,915,110,269,217,1,-1,-1,-1
251,238,636,518,589,453,1,-1,-1,-1
252,234,1158,202,366,257,1,-1,-1,-1
252,235,511,44,284,293,1,-1,-1,-1
252,237,912,110,268,216,1,-1,-1,-1
252,238,637,523,593,455,1,-1,-1,-1
253,234,1176,184,348,242,1,-1,-1,-1
253,235,526,44,288,298,1,-1,-1,-1
254,234,1196,166,329,229,1,-1,-1,-1
254,235,533,44,292,302,1,-1,-1,-1
255,235,541,46,297,309,1,-1,-1,-1
256,235,550,49,297,310,1,-1,-1,-1
257,235,555,48,302,314,1,-1,-1,-1
258,235,560,48,305,318,1,-1,-1,-1
259,235,566,51,306,318,1,-1,-1,-1
260,235,572,51,309,322,1,-1,-1,-1
261,235,576,48,318,331,1,-1,-1,-1
262,235,580,45,325,340,1,-1,-1,-1
263,235,585,45,327,342,1,-1,-1,-1
263,240,1036,159,352,242,1,-1,-1,-1
264,235,594,49,327,343,1,-1,-1,-1
264,240,1040,163,339,234,1,-1,-1,-1
265,235,601,51,331,346,1,-1,-1,-1
265,240,1035,161,334,231,1,-1,-1,-1
266,235,608,53,334,350,1,-1,-1,-1
266,240,1035,163,326,225,1,-1,-1,-1
267,235,617,57,335,352,1,-1,-1,-1
268,235,626,63,335,352,1,-1,-1,-1
269,235,633,63,338,356,1,-1,-1,-1
270,235,640,63,343,360,1,-1,-1,-1
271,235,648,67,345,364,1,-1,-1,-1
272,235,661,73,348,365,1,-1,-1,-1
273,235,669,75,353,371,1,-1,-1,-1
274,235,678,78,356,374,1,-1,-1,-1
275,235,684,80,358,377,1,-1,-1,-1
276,235,691,81,366,385,1,-1,-1,-1
277,235,699,84,372,391,1,-1,-1,-1
278,235,707,88,377,395,1,-1,-1,-1
279,235,712,90,378,398,1,-1,-1,-1
280,235,713,92,379,398,1,-1,-1,-1
281,235,714,93,377,397,1,-1,-1,-1
282,235,714,93,376,396,1,-1,-1,-1
283,235,713,93,377,396,1,-1,-1,-1
284,235,712,93,377,395,1,-1,-1,-1
285,235,712,93,376,395,1,-1,-1,-1
286,235,711,93,376,394,1,-1,-1,-1
287,235,711,93,375,394,1,-1,-1,-1
288,235,710,92,376,394,1,-1,-1,-1
289,235,710,92,375,394,1,-1,-1,-1
290,235,710,92,375,393,1,-1,-1,-1
291,235,711,93,376,393,1,-1,-1,-1
292,235,713,93,376,394,1,-1,-1,-1
