4,241,1242,739,366,219,1,-1,-1,-1
5,241,1230,735,370,223,1,-1,-1,-1
6,241,1211,732,377,226,1,-1,-1,-1
7,241,1193,730,381,228,1,-1,-1,-1
8,241,1178,728,385,231,1,-1,-1,-1
9,241,1161,725,391,234,1,-1,-1,-1
10,241,1144,723,397,238,1,-1,-1,-1
11,241,1128,720,402,241,1,-1,-1,-1
12,241,1106,717,406,243,1,-1,-1,-1
13,241,1089,714,410,246,1,-1,-1,-1
14,241,1078,714,414,247,1,-1,-1,-1
15,241,1064,712,420,250,1,-1,-1,-1
16,241,1044,709,426,253,1,-1,-1,-1
17,241,1026,707,432,256,1,-1,-1,-1
18,241,1009,704,437,259,1,-1,-1,-1
19,241,993,701,442,262,1,-1,-1,-1
20,241,976,699,448,263,1,-1,-1,-1
21,241,961,696,453,266,1,-1,-1,-1
22,241,940,693,464,271,1,-1,-1,-1
23,241,925,691,471,275,1,-1,-1,-1
24,241,912,690,476,276,1,-1,-1,-1
25,241,901,688,481,279,1,-1,-1,-1
26,241,890,686,485,281,1,-1,-1,-1
27,241,880,685,488,281,1,-1,-1,-1
28,241,872,684,491,282,1,-1,-1,-1
29,241,864,684,494,283,1,-1,-1,-1
30,241,851,682,502,287,1,-1,-1,-1
31,241,837,680,510,290,1,-1,-1,-1
32,241,827,678,516,293,1,-1,-1,-1
33,241,811,676,524,296,1,-1,-1,-1
34,241,795,671,531,300,1,-1,-1,-1
35,241,787,671,535,300,1,-1,-1,-1
35,242,381,898,921,667,1,-1,-1,-1
36,241,783,671,533,299,1,-1,-1,-1
36,242,569,903,868,626,1,-1,-1,-1
37,241,781,671,535,299,1,-1,-1,-1
37,242,781,907,812,585,1,-1,-1,-1
38,241,779,672,539,300,1,-1,-1,-1
38,242,991,918,742,532,1,-1,-1,-1
39,241,777,672,541,300,1,-1,-1,-1
39,242,1169,933,673,480,1,-1,-1,-1
40,241,773,671,545,302,1,-1,-1,-1
40,242,1321,944,614,436,1,-1,-1,-1
41,241,767,670,547,303,1,-1,-1,-1
41,242,1424,951,561,396,1,-1,-1,-1
42,241,760,669,549,303,1,-1,-1,-1
42,242,1500,956,523,367,1,-1,-1,-1
43,241,752,668,551,303,1,-1,-1,-1
43,242,1559,955,496,347,1,-1,-1,-1
44,241,746,667,556,304,1,-1,-1,-1
44,242,1617,954,467,326,1,-1,-1,-1
45,241,742,665,559,307,1,-1,-1,-1
45,242,1678,956,429,299,1,-1,-1,-1
46,241,738,665,561,307,1,-1,-1,-1
46,242,1725,957,404,281,1,-1,-1,-1
46,243,1647,790,180,136,1,-1,-1,-1
47,241,734,664,568,310,1,-1,-1,-1
47,242,1771,959,379,263,1,-1,-1,-1
47,243,1634,789,180,136,1,-1,-1,-1
48,241,723,661,578,315,1,-1,-1,-1
48,242,1799,958,364,253,1,-1,-1,-1
48,243,1624,788,181,136,1,-1,-1,-1
49,241,715,660,582,316,1,-1,-1,-1
49,242,1826,963,338,235,1,-1,-1,-1
49,243,1616,788,181,137,1,-1,-1,-1
50,241,707,659,584,317,1,-1,-1,-1
50,242,1878,966,307,214,1,-1,-1,-1
50,243,1606,787,182,138,1,-1,-1,-1
51,241,704,660,583,316,1,-1,-1,-1
51,242,1938,968,276,193,1,-1,-1,-1
51,243,1594,787,179,135,1,-1,-1,-1
52,241,682,657,587,317,1,-1,-1,-1
52,243,1580,787,180,135,1,-1,-1,-1
53,241,666,654,592,319,1,-1,-1,-1
53,243,1559,784,183,137,1,-1,-1,-1
54,241,655,652,595,320,1,-1,-1,-1
54,243,1544,781,186,140,1,-1,-1,-1
55,241,637,648,603,324,1,-1,-1,-1
55,243,1530,778,191,142,1,-1,-1,-1
56,241,616,644,612,328,1,-1,-1,-1
56,243,1515,774,195,146,1,-1,-1,-1
57,241,598,640,619,332,1,-1,-1,-1
57,243,1501,771,198,148,1,-1,-1,-1
58,241,580,637,627,334,1,-1,-1,-1
58,243,1484,769,201,149,1,-1,-1,-1
59,241,564,635,637,338,1,-1,-1,-1
59,243,1467,767,203,150,1,-1,-1,-1
60,241,545,632,643,342,1,-1,-1,-1
60,243,1446,763,206,153,1,-1,-1,-1
61,241,535,633,645,341,1,-1,-1,-1
61,243,1426,759,211,156,1,-1,-1,-1
62,241,509,630,653,345,1,-1,-1,-1
62,243,1403,755,219,161,1,-1,-1,-1
63,241,468,624,668,352,1,-1,-1,-1
63,243,1381,751,224,165,1,-1,-1,-1
64,241,442,622,676,354,1,-1,-1,-1
64,243,1360,749,227,165,1,-1,-1,-1
65,241,438,621,682,357,1,-1,-1,-1
65,243,1336,746,232,168,1,-1,-1,-1
66,241,413,618,689,359,1,-1,-1,-1
66,243,1307,743,234,170,1,-1,-1,-1
67,241,388,615,699,364,1,-1,-1,-1
67,243,1279,739,239,172,1,-1,-1,-1
68,241,302,603,721,373,1,-1,-1,-1
68,243,1251,735,244,175,1,-1,-1,-1
69,241,226,593,738,380,1,-1,-1,-1
69,243,1223,730,251,179,1,-1,-1,-1
70,241,150,581,763,391,1,-1,-1,-1
70,243,1194,727,256,181,1,-1,-1,-1
71,241,86,569,793,405,1,-1,-1,-1
71,243,1163,724,261,183,1,-1,-1,-1
72,241,31,560,821,417,1,-1,-1,-1
72,243,1131,719,269,187,1,-1,-1,-1
73,241,4,555,842,426,1,-1,-1,-1
73,243,1104,716,272,188,1,-1,-1,-1
74,241,-10,543,877,443,1,-1,-1,-1
74,243,1063,709,283,194,1,-1,-1,-1
75,241,-14,533,904,456,1,-1,-1,-1
75,243,1020,702,296,201,1,-1,-1,-1
76,241,-40,524,922,464,1,-1,-1,-1
76,243,978,696,307,206,1,-1,-1,-1
77,241,-69,516,939,472,1,-1,-1,-1
77,243,935,689,318,212,1,-1,-1,-1
78,241,-100,509,955,480,1,-1,-1,-1
78,243,892,683,328,217,1,-1,-1,-1
79,243,842,676,339,222,1,-1,-1,-1
80,243,790,668,352,227,1,-1,-1,-1
81,243,750,661,362,233,1,-1,-1,-1
82,243,691,652,379,241,1,-1,-1,-1
83,243,622,642,396,248,1,-1,-1,-1
84,243,556,631,413,256,1,-1,-1,-1
85,243,483,620,430,264,1,-1,-1,-1
86,243,413,611,449,272,1,-1,-1,-1
87,243,343,600,469,281,1,-1,-1,-1
88,243,269,587,493,292,1,-1,-1,-1
89,241,71,566,626,313,1,-1,-1,-1
89,243,208,577,511,300,1,-1,-1,-1
90,241,44,567,604,300,1,-1,-1,-1
90,243,157,569,522,306,1,-1,-1,-1
91,241,16,564,601,298,1,-1,-1,-1
92,241,0,563,592,292,1,-1,-1,-1
93,241,-8,563,577,286,1,-1,-1,-1
97,244,462,700,751,611,1,-1,-1,-1
98,244,693,731,640,520,1,-1,-1,-1
99,244,895,754,558,452,1,-1,-1,-1
100,244,1032,769,499,403,1,-1,-1,-1
101,244,1147,781,459,369,1,-1,-1,-1
102,244,1245,791,420,337,1,-1,-1,-1
103,244,1320,794,397,316,1,-1,-1,-1
104,244,1390,803,365,290,1,-1,-1,-1
105,244,1454,809,342,270,1,-1,-1,-1
106,244,1506,801,337,264,1,-1,-1,-1
107,244,1548,802,326,254,1,-1,-1,-1
108,244,1589,823,297,230,1,-1,-1,-1
109,244,1628,838,273,212,1,-1,-1,-1
110,244,1664,846,255,198,1,-1,-1,-1
111,244,1694,852,245,189,1,-1,-1,-1
112,244,1712,852,245,189,1,-1,-1,-1
113,244,1736,852,241,185,1,-1,-1,-1
114,244,1758,852,237,182,1,-1,-1,-1
115,244,1780,856,227,174,1,-1,-1,-1
116,244,1799,861,215,165,1,-1,-1,-1
117,244,1816,863,208,160,1,-1,-1,-1
117,245,1541,769,220,147,1,-1,-1,-1
118,244,1830,863,204,157,1,-1,-1,-1
118,245,1525,766,222,149,1,-1,-1,-1
119,244,1844,865,199,153,1,-1,-1,-1
119,245,1505,763,226,151,1,-1,-1,-1
120,244,1855,865,197,152,1,-1,-1,-1
120,245,1487,760,228,153,1,-1,-1,-1
120,246,694,792,694,413,1,-1,-1,-1
121,244,1864,865,194,150,1,-1,-1,-1
121,245,1464,755,233,156,1,-1,-1,-1
121,246,865,806,612,364,1,-1,-1,-1
122,244,1879,865,185,144,1,-1,-1,-1
122,245,1443,752,236,158,1,-1,-1,-1
122,246,1027,816,549,326,1,-1,-1,-1
123,244,1891,864,181,141,1,-1,-1,-1
123,245,1420,749,237,159,1,-1,-1,-1
123,246,1134,818,517,307,1,-1,-1,-1
124,244,1902,864,177,138,1,-1,-1,-1
124,245,1401,748,237,159,1,-1,-1,-1
124,246,1242,826,463,275,1,-1,-1,-1
125,244,1912,865,172,134,1,-1,-1,-1
125,245,1379,747,233,156,1,-1,-1,-1
125,246,1333,837,416,247,1,-1,-1,-1
126,244,1922,866,166,129,1,-1,-1,-1
126,245,1361,746,228,153,1,-1,-1,-1
126,246,1398,842,385,229,1,-1,-1,-1
127,244,1930,865,163,128,1,-1,-1,-1
127,245,1337,745,229,153,1,-1,-1,-1
127,246,1463,845,359,214,1,-1,-1,-1
128,244,1938,864,161,126,1,-1,-1,-1
128,245,1308,739,243,162,1,-1,-1,-1
128,246,1510,845,339,204,1,-1,-1,-1
129,244,1944,862,159,125,1,-1,-1,-1
129,245,1279,733,255,171,1,-1,-1,-1
129,246,1556,853,314,189,1,-1,-1,-1
130,244,1950,863,156,123,1,-1,-1,-1
130,245,1245,726,268,179,1,-1,-1,-1
130,246,1589,859,301,181,1,-1,-1,-1
131,244,1955,864,154,122,1,-1,-1,-1
131,245,1214,720,278,185,1,-1,-1,-1
131,246,1624,863,286,173,1,-1,-1,-1
132,244,1960,865,151,119,1,-1,-1,-1
132,245,1181,715,286,190,1,-1,-1,-1
132,246,1657,866,266,163,1,-1,-1,-1
133,244,1967,865,146,116,1,-1,-1,-1
133,245,1145,711,294,194,1,-1,-1,-1
133,246,1682,866,258,159,1,-1,-1,-1
134,244,1976,866,142,113,1,-1,-1,-1
134,245,1114,707,300,198,1,-1,-1,-1
134,246,1706,869,251,155,1,-1,-1,-1
135,244,1985,867,136,109,1,-1,-1,-1
135,245,1080,704,308,202,1,-1,-1,-1
135,246,1731,871,243,151,1,-1,-1,-1
136,244,1995,868,130,105,1,-1,-1,-1
136,245,1049,700,309,202,1,-1,-1,-1
136,246,1753,872,235,148,1,-1,-1,-1
136,247,797,788,655,343,1,-1,-1,-1
137,244,2005,869,126,101,1,-1,-1,-1
137,245,1027,690,308,200,1,-1,-1,-1
137,246,1773,872,228,144,1,-1,-1,-1
137,247,948,806,581,304,1,-1,-1,-1
138,245,981,682,316,204,1,-1,-1,-1
138,246,1790,873,221,142,1,-1,-1,-1
138,247,1066,819,525,275,1,-1,-1,-1
139,245,927,674,337,215,1,-1,-1,-1
139,246,1805,873,218,141,1,-1,-1,-1
139,247,1182,828,478,251,1,-1,-1,-1
140,244,2016,869,123,99,1,-1,-1,-1
140,245,876,668,354,225,1,-1,-1,-1
140,246,1818,872,215,140,1,-1,-1,-1
140,247,1287,838,433,227,1,-1,-1,-1
141,244,2021,867,124,100,1,-1,-1,-1
141,245,816,659,374,236,1,-1,-1,-1
141,246,1833,872,206,136,1,-1,-1,-1
141,247,1358,841,401,211,1,-1,-1,-1
142,244,2028,868,121,97,1,-1,-1,-1
142,245,749,649,393,245,1,-1,-1,-1
142,246,1844,871,201,134,1,-1,-1,-1
142,247,1422,846,376,198,1,-1,-1,-1
143,244,2035,868,119,95,1,-1,-1,-1
143,245,676,637,415,256,1,-1,-1,-1
143,246,1857,871,197,132,1,-1,-1,-1
143,247,1478,850,350,185,1,-1,-1,-1
144,245,613,628,431,264,1,-1,-1,-1
144,246,1868,867,195,132,1,-1,-1,-1
144,247,1524,853,328,175,1,-1,-1,-1
145,245,542,617,454,275,1,-1,-1,-1
145,246,1882,870,183,125,1,-1,-1,-1
145,247,1559,854,315,169,1,-1,-1,-1
146,245,470,607,474,284,1,-1,-1,-1
146,246,1896,873,171,118,1,-1,-1,-1
146,247,1595,858,300,162,1,-1,-1,-1
147,245,391,592,500,297,1,-1,-1,-1
147,246,1908,874,163,113,1,-1,-1,-1
147,247,1626,862,287,157,1,-1,-1,-1
148,245,303,576,529,311,1,-1,-1,-1
148,246,1918,875,157,110,1,-1,-1,-1
148,247,1652,864,274,151,1,-1,-1,-1
148,248,1252,938,724,448,1,-1,-1,-1
149,245,215,563,556,323,1,-1,-1,-1
149,246,1927,875,152,108,1,-1,-1,-1
149,247,1673,866,270,150,1,-1,-1,-1
149,248,1386,894,662,410,1,-1,-1,-1
150,245,145,552,574,329,1,-1,-1,-1
150,246,1935,876,149,106,1,-1,-1,-1
150,247,1696,867,262,148,1,-1,-1,-1
150,248,1560,866,560,347,1,-1,-1,-1
151,245,77,539,595,338,1,-1,-1,-1
151,246,1943,877,146,104,1,-1,-1,-1
151,247,1726,869,248,141,1,-1,-1,-1
151,248,1701,839,477,296,1,-1,-1,-1
152,245,15,529,615,346,1,-1,-1,-1
152,246,1952,877,142,102,1,-1,-1,-1
152,247,1748,866,243,139,1,-1,-1,-1
153,245,-42,520,629,353,1,-1,-1,-1
153,246,1960,876,138,100,1,-1,-1,-1
153,247,1768,861,231,134,1,-1,-1,-1
154,246,1967,876,135,98,1,-1,-1,-1
154,247,1784,858,219,129,1,-1,-1,-1
155,246,1972,874,134,99,1,-1,-1,-1
155,247,1806,863,199,118,1,-1,-1,-1
156,246,1978,873,134,99,1,-1,-1,-1
156,247,1828,867,180,108,1,-1,-1,-1
157,246,1984,872,133,100,1,-1,-1,-1
157,247,1838,868,177,107,1,-1,-1,-1
158,246,1992,872,131,98,1,-1,-1,-1
158,247,1851,869,172,105,1,-1,-1,-1
159,246,2001,872,129,96,1,-1,-1,-1
159,247,1872,870,163,101,1,-1,-1,-1
160,247,1895,872,154,95,1,-1,-1,-1
169,249,1626,781,182,143,1,-1,-1,-1
170,249,1613,778,186,146,1,-1,-1,-1
171,249,1599,777,187,147,1,-1,-1,-1
172,249,1577,772,195,153,1,-1,-1,-1
173,249,1559,770,194,152,1,-1,-1,-1
174,249,1539,765,200,156,1,-1,-1,-1
175,249,1520,762,204,159,1,-1,-1,-1
176,249,1497,757,211,163,1,-1,-1,-1
177,249,1474,752,215,166,1,-1,-1,-1
178,249,1451,748,220,170,1,-1,-1,-1
179,249,1427,747,222,171,1,-1,-1,-1
180,249,1402,744,225,172,1,-1,-1,-1
181,249,1372,742,226,173,1,-1,-1,-1
182,249,1339,738,233,177,1,-1,-1,-1
182,250,735,794,605,419,1,-1,-1,-1
183,249,1311,732,241,182,1,-1,-1,-1
183,250,942,809,534,369,1,-1,-1,-1
184,249,1279,727,248,185,1,-1,-1,-1
184,250,1093,818,476,328,1,-1,-1,-1
185,249,1251,721,250,186,1,-1,-1,-1
185,250,1210,827,427,294,1,-1,-1,-1
186,249,1220,715,252,185,1,-1,-1,-1
186,250,1311,836,386,265,1,-1,-1,-1
187,249,1183,709,263,191,1,-1,-1,-1
187,250,1396,838,359,246,1,-1,-1,-1
188,249,1140,701,283,202,1,-1,-1,-1
188,250,1468,842,327,224,1,-1,-1,-1
189,249,1095,695,300,212,1,-1,-1,-1
189,250,1529,846,307,209,1,-1,-1,-1
190,249,1046,687,315,220,1,-1,-1,-1
190,250,1577,856,280,191,1,-1,-1,-1
191,249,993,677,332,229,1,-1,-1,-1
191,250,1612,864,264,180,1,-1,-1,-1
192,249,927,663,355,242,1,-1,-1,-1
192,250,1647,869,252,172,1,-1,-1,-1
193,249,868,654,370,249,1,-1,-1,-1
193,250,1681,873,238,163,1,-1,-1,-1
194,249,804,645,390,259,1,-1,-1,-1
194,250,1711,876,228,155,1,-1,-1,-1
195,249,721,633,414,272,1,-1,-1,-1
195,250,1738,876,220,151,1,-1,-1,-1
196,249,641,620,440,284,1,-1,-1,-1
196,250,1760,874,218,149,1,-1,-1,-1
197,249,553,607,465,296,1,-1,-1,-1
197,250,1780,873,215,147,1,-1,-1,-1
198,249,458,591,489,308,1,-1,-1,-1
198,250,1798,873,210,144,1,-1,-1,-1
198,251,1593,795,178,132,1,-1,-1,-1
199,249,351,573,518,321,1,-1,-1,-1
199,250,1817,873,204,141,1,-1,-1,-1
199,251,1571,796,181,133,1,-1,-1,-1
200,249,239,557,546,333,1,-1,-1,-1
200,250,1831,872,200,139,1,-1,-1,-1
200,251,1552,796,181,132,1,-1,-1,-1
201,249,130,539,572,344,1,-1,-1,-1
201,250,1842,871,197,138,1,-1,-1,-1
201,251,1532,794,182,133,1,-1,-1,-1
202,249,45,525,597,355,1,-1,-1,-1
202,250,1855,873,189,132,1,-1,-1,-1
202,251,1511,791,185,135,1,-1,-1,-1
203,249,-20,514,611,364,1,-1,-1,-1
203,250,1868,874,181,127,1,-1,-1,-1
203,251,1484,786,190,139,1,-1,-1,-1
204,250,1878,874,178,125,1,-1,-1,-1
204,251,1459,781,197,144,1,-1,-1,-1
205,250,1887,874,175,124,1,-1,-1,-1
205,251,1435,776,204,149,1,-1,-1,-1
206,250,1899,875,170,121,1,-1,-1,-1
206,251,1409,772,209,152,1,-1,-1,-1
207,250,1911,876,163,117,1,-1,-1,-1
207,251,1384,767,213,155,1,-1,-1,-1
208,250,1920,876,160,115,1,-1,-1,-1
208,251,1354,764,215,156,1,-1,-1,-1
209,250,1928,877,155,112,1,-1,-1,-1
209,251,1326,761,215,155,1,-1,-1,-1
210,250,1937,877,152,110,1,-1,-1,-1
210,251,1293,757,221,158,1,-1,-1,-1
211,250,1947,877,148,108,1,-1,-1,-1
211,251,1259,754,224,159,1,-1,-1,-1
212,250,1955,877,145,107,1,-1,-1,-1
212,251,1227,748,232,164,1,-1,-1,-1
213,250,1961,878,143,104,1,-1,-1,-1
213,251,1188,743,239,167,1,-1,-1,-1
214,250,1966,877,140,103,1,-1,-1,-1
214,251,1148,737,247,172,1,-1,-1,-1
215,250,1972,877,139,102,1,-1,-1,-1
215,251,1105,731,255,176,1,-1,-1,-1
216,250,1981,877,134,100,1,-1,-1,-1
216,251,1064,727,260,177,1,-1,-1,-1
217,250,1988,875,134,100,1,-1,-1,-1
217,251,1024,722,266,180,1,-1,-1,-1
218,250,1994,873,134,100,1,-1,-1,-1
218,251,980,716,275,184,1,-1,-1,-1
219,250,2000,872,131,99,1,-1,-1,-1
219,251,924,709,286,189,1,-1,-1,-1
220,250,2005,872,129,97,1,-1,-1,-1
220,251,863,701,298,195,1,-1,-1,-1
221,250,2012,871,127,96,1,-1,-1,-1
221,251,799,693,310,200,1,-1,-1,-1
222,250,2020,870,125,95,1,-1,-1,-1
222,251,737,685,324,205,1,-1,-1,-1
223,251,663,674,345,216,1,-1,-1,-1
224,251,583,662,366,226,1,-1,-1,-1
225,251,482,649,388,235,1,-1,-1,-1
226,251,389,640,406,243,1,-1,-1,-1
227,251,299,629,428,252,1,-1,-1,-1
228,251,201,617,449,260,1,-1,-1,-1
229,251,102,601,476,271,1,-1,-1,-1
230,251,36,589,495,278,1,-1,-1,-1
231,251,-28,580,511,283,1,-1,-1,-1
232,251,-92,571,523,290,1,-1,-1,-1
257,252,1836,803,162,137,1,-1,-1,-1
258,252,1823,800,166,140,1,-1,-1,-1
259,252,1809,796,171,145,1,-1,-1,-1
260,252,1797,795,172,146,1,-1,-1,-1
261,252,1781,790,179,152,1,-1,-1,-1
262,252,1765,787,184,156,1,-1,-1,-1
263,252,1753,786,184,156,1,-1,-1,-1
264,252,1742,784,188,159,1,-1,-1,-1
265,252,1729,781,193,163,1,-1,-1,-1
266,252,1712,778,198,168,1,-1,-1,-1
267,252,1693,775,203,171,1,-1,-1,-1
268,252,1675,771,207,176,1,-1,-1,-1
269,252,1656,771,209,176,1,-1,-1,-1
270,252,1635,769,212,179,1,-1,-1,-1
271,252,1614,768,213,180,1,-1,-1,-1
272,252,1594,764,217,183,1,-1,-1,-1
273,252,1568,759,226,191,1,-1,-1,-1
274,252,1540,754,236,198,1,-1,-1,-1
275,252,1507,750,243,202,1,-1,-1,-1
276,252,1475,743,250,208,1,-1,-1,-1
277,252,1440,736,261,215,1,-1,-1,-1
278,252,1402,731,272,224,1,-1,-1,-1
279,252,1359,722,284,232,1,-1,-1,-1
280,252,1304,711,303,245,1,-1,-1,-1
281,252,1248,699,323,259,1,-1,-1,-1
282,252,1190,683,346,275,1,-1,-1,-1
283,252,1129,669,366,289,1,-1,-1,-1
284,252,1063,658,386,301,1,-1,-1,-1
285,252,986,644,410,316,1,-1,-1,-1
286,252,897,630,433,331,1,-1,-1,-1
287,252,793,613,461,349,1,-1,-1,-1
288,252,675,590,505,378,1,-1,-1,-1
289,252,593,575,535,395,1,-1,-1,-1
290,252,538,564,551,408,1,-1,-1,-1
293,253,622,679,717,529,1,-1,-1,-1
293,254,1637,929,461,374,1,-1,-1,-1
294,253,841,711,625,461,1,-1,-1,-1
294,254,1748,929,386,313,1,-1,-1,-1
295,253,1010,746,554,408,1,-1,-1,-1
295,254,1815,924,339,275,1,-1,-1,-1
296,253,1139,766,505,370,1,-1,-1,-1
296,254,1864,922,300,244,1,-1,-1,-1
297,253,1255,782,452,331,1,-1,-1,-1
297,254,1889,920,285,231,1,-1,-1,-1
298,253,1340,792,413,302,1,-1,-1,-1
298,254,1918,920,261,212,1,-1,-1,-1
299,253,1406,793,393,287,1,-1,-1,-1
299,254,1941,918,243,199,1,-1,-1,-1
300,253,1466,797,371,270,1,-1,-1,-1
300,254,1963,917,232,188,1,-1,-1,-1
301,253,1511,799,356,258,1,-1,-1,-1
301,254,1983,916,219,178,1,-1,-1,-1
302,253,1550,806,338,246,1,-1,-1,-1
302,254,1998,914,208,171,1,-1,-1,-1
303,253,1590,812,323,235,1,-1,-1,-1
303,254,2013,915,196,161,1,-1,-1,-1
304,253,1625,821,302,219,1,-1,-1,-1
304,254,2026,916,185,152,1,-1,-1,-1
305,253,1659,827,282,205,1,-1,-1,-1
305,254,2037,912,180,149,1,-1,-1,-1
306,253,1689,832,261,190,1,-1,-1,-1
306,254,2048,911,173,143,1,-1,-1,-1
307,253,1714,836,252,183,1,-1,-1,-1
307,254,2055,908,170,141,1,-1,-1,-1
308,253,1737,837,245,178,1,-1,-1,-1
308,254,2060,906,167,139,1,-1,-1,-1
309,253,1755,836,242,176,1,-1,-1,-1
309,254,2067,905,162,135,1,-1,-1,-1
310,253,1770,834,242,177,1,-1,-1,-1
310,254,2074,905,156,130,1,-1,-1,-1
311,253,1788,833,238,175,1,-1,-1,-1
311,254,2081,905,150,126,1,-1,-1,-1
312,253,1806,837,230,170,1,-1,-1,-1
312,254,2089,904,145,123,1,-1,-1,-1
313,253,1820,839,225,167,1,-1,-1,-1
313,254,2094,903,142,121,1,-1,-1,-1
314,253,1833,843,216,161,1,-1,-1,-1
314,254,2098,902,139,118,1,-1,-1,-1
315,253,1841,845,213,159,1,-1,-1,-1
315,254,2103,902,133,113,1,-1,-1,-1
316,253,1850,847,207,155,1,-1,-1,-1
316,254,2105,899,131,112,1,-1,-1,-1
316,255,1458,918,646,451,1,-1,-1,-1
317,253,1857,848,202,152,1,-1,-1,-1
317,254,2108,897,128,109,1,-1,-1,-1
317,255,1590,904,548,383,1,-1,-1,-1
318,253,1867,849,193,145,1,-1,-1,-1
318,254,2115,896,122,104,1,-1,-1,-1
318,255,1667,886,506,354,1,-1,-1,-1
319,253,1882,849,186,140,1,-1,-1,-1
319,254,2122,894,117,101,1,-1,-1,-1
319,255,1724,880,457,321,1,-1,-1,-1
320,253,1896,850,173,131,1,-1,-1,-1
320,255,1817,872,388,273,1,-1,-1,-1
321,253,1912,852,164,124,1,-1,-1,-1
321,255,1904,863,325,229,1,-1,-1,-1
322,253,1929,854,156,117,1,-1,-1,-1
427,256,1641,789,179,127,1,-1,-1,-1
428,256,1631,787,184,130,1,-1,-1,-1
429,256,1617,785,187,133,1,-1,-1,-1
430,256,1600,781,194,138,1,-1,-1,-1
431,256,1588,780,194,139,1,-1,-1,-1
432,256,1572,778,198,141,1,-1,-1,-1
433,256,1556,774,201,143,1,-1,-1,-1
434,256,1544,772,203,144,1,-1,-1,-1
435,256,1529,769,205,147,1,-1,-1,-1
436,256,1517,768,204,146,1,-1,-1,-1
437,256,1498,764,211,150,1,-1,-1,-1
438,256,1479,759,214,152,1,-1,-1,-1
439,256,1461,756,217,154,1,-1,-1,-1
440,256,1442,753,219,155,1,-1,-1,-1
441,256,1422,752,219,155,1,-1,-1,-1
442,256,1401,750,224,158,1,-1,-1,-1
443,256,1381,747,228,161,1,-1,-1,-1
444,256,1357,743,233,164,1,-1,-1,-1
445,256,1334,740,237,166,1,-1,-1,-1
446,256,1307,736,240,167,1,-1,-1,-1
447,256,1279,731,248,172,1,-1,-1,-1
448,256,1252,726,255,176,1,-1,-1,-1
449,256,1227,721,263,181,1,-1,-1,-1
450,256,1200,717,267,184,1,-1,-1,-1
451,256,1171,714,270,185,1,-1,-1,-1
452,256,1141,711,277,188,1,-1,-1,-1
453,256,1114,707,282,191,1,-1,-1,-1
454,256,1081,701,292,197,1,-1,-1,-1
455,256,1047,694,302,203,1,-1,-1,-1
456,256,1009,687,313,209,1,-1,-1,-1
