4,257,1558,477,941,536,1,-1,-1,-1
5,257,1559,477,940,536,1,-1,-1,-1
6,257,1559,477,940,535,1,-1,-1,-1
7,257,1559,477,939,535,1,-1,-1,-1
8,257,1559,477,939,535,1,-1,-1,-1
9,257,1559,477,939,535,1,-1,-1,-1
10,257,1560,477,938,535,1,-1,-1,-1
11,257,1565,478,938,536,1,-1,-1,-1
12,257,1569,478,939,536,1,-1,-1,-1
13,257,1571,478,940,537,1,-1,-1,-1
14,257,1572,479,939,536,1,-1,-1,-1
15,257,1574,479,936,536,1,-1,-1,-1
16,257,1575,480,935,535,1,-1,-1,-1
17,257,1575,480,935,535,1,-1,-1,-1
18,257,1576,480,934,535,1,-1,-1,-1
19,257,1576,480,934,535,1,-1,-1,-1
20,257,1574,480,937,536,1,-1,-1,-1
21,257,1573,480,938,536,1,-1,-1,-1
22,257,1572,480,939,537,1,-1,-1,-1
23,257,1571,480,940,538,1,-1,-1,-1
23,258,279,655,991,681,1,-1,-1,-1
24,257,1568,479,945,541,1,-1,-1,-1
24,258,409,668,1086,744,1,-1,-1,-1
25,257,1568,477,945,541,1,-1,-1,-1
25,258,577,677,1199,820,1,-1,-1,-1
26,257,1572,479,940,538,1,-1,-1,-1
26,258,761,688,1313,894,1,-1,-1,-1
27,257,1591,483,914,523,1,-1,-1,-1
27,258,925,702,1406,952,1,-1,-1,-1
28,257,1600,484,902,517,1,-1,-1,-1
28,258,1044,714,1451,977,1,-1,-1,-1
29,257,1603,485,898,514,1,-1,-1,-1
29,258,1202,743,1397,936,1,-1,-1,-1
30,257,1617,482,819,468,1,-1,-1,-1
30,258,1379,768,1352,903,1,-1,-1,-1
31,257,1589,482,870,497,1,-1,-1,-1
31,258,1519,784,1366,910,1,-1,-1,-1
32,257,1578,481,905,517,1,-1,-1,-1
32,258,1651,798,1409,938,1,-1,-1,-1
33,257,1572,481,927,528,1,-1,-1,-1
34,257,1570,481,937,533,1,-1,-1,-1
35,257,1568,480,944,537,1,-1,-1,-1
36,257,1567,480,946,538,1,-1,-1,-1
37,257,1566,479,948,539,1,-1,-1,-1
38,257,1566,479,948,539,1,-1,-1,-1
39,257,1566,479,948,538,1,-1,-1,-1
40,257,1562,479,945,537,1,-1,-1,-1
41,257,1560,479,941,535,1,-1,-1,-1
42,257,1559,479,938,533,1,-1,-1,-1
43,257,1555,477,939,534,1,-1,-1,-1
44,257,1540,477,946,537,1,-1,-1,-1
45,257,1528,477,948,539,1,-1,-1,-1
46,257,1516,477,951,540,1,-1,-1,-1
47,257,1511,479,946,537,1,-1,-1,-1
48,257,1502,481,937,531,1,-1,-1,-1
49,257,1481,481,937,530,1,-1,-1,-1
50,257,1458,481,941,531,1,-1,-1,-1
51,257,1436,481,944,531,1,-1,-1,-1
52,257,1397,479,947,531,1,-1,-1,-1
53,257,1348,477,951,531,1,-1,-1,-1
54,257,1300,477,956,531,1,-1,-1,-1
55,257,1246,480,962,532,1,-1,-1,-1
56,257,1202,477,984,539,1,-1,-1,-1
57,257,1137,475,1003,544,1,-1,-1,-1
58,257,1087,474,1014,545,1,-1,-1,-1
59,257,1022,475,1029,546,1,-1,-1,-1
60,257,937,479,1038,544,1,-1,-1,-1
61,257,822,482,1050,542,1,-1,-1,-1
62,257,698,482,1065,541,1,-1,-1,-1
63,257,563,488,1086,543,1,-1,-1,-1
64,257,439,489,1112,549,1,-1,-1,-1
65,257,335,488,1129,550,1,-1,-1,-1
66,257,237,485,1149,553,1,-1,-1,-1
67,257,111,482,1166,554,1,-1,-1,-1
68,257,13,482,1188,560,1,-1,-1,-1
69,257,-65,476,1211,568,1,-1,-1,-1
70,257,-130,470,1213,567,1,-1,-1,-1
71,257,-172,466,1204,562,1,-1,-1,-1
72,257,-233,463,1205,562,1,-1,-1,-1
73,257,-305,461,1207,564,1,-1,-1,-1
83,259,1169,472,1034,550,1,-1,-1,-1
84,259,1067,479,1029,547,1,-1,-1,-1
85,259,922,479,1034,548,1,-1,-1,-1
86,259,811,480,1043,550,1,-1,-1,-1
87,259,721,480,1049,554,1,-1,-1,-1
88,260,664,641,1027,951,1,-1,-1,-1
89,260,914,648,1011,933,1,-1,-1,-1
90,260,1118,647,1011,927,1,-1,-1,-1
91,259,106,485,1066,561,1,-1,-1,-1
91,260,1271,635,1016,933,1,-1,-1,-1
92,259,-9,480,1069,560,1,-1,-1,-1
93,259,-125,478,1077,562,1,-1,-1,-1
94,259,-243,478,1081,563,1,-1,-1,-1
98,261,1535,481,682,392,1,-1,-1,-1
99,261,1421,479,686,393,1,-1,-1,-1
100,261,1297,479,683,390,1,-1,-1,-1
101,261,1181,479,682,389,1,-1,-1,-1
102,261,1074,479,682,387,1,-1,-1,-1
103,261,980,482,672,380,1,-1,-1,-1
104,261,897,488,660,370,1,-1,-1,-1
105,261,806,496,636,354,1,-1,-1,-1
106,261,736,500,623,343,1,-1,-1,-1
107,261,657,501,618,338,1,-1,-1,-1
108,261,599,503,604,327,1,-1,-1,-1
109,261,539,501,604,324,1,-1,-1,-1
110,261,490,500,587,311,1,-1,-1,-1
111,261,436,495,598,313,1,-1,-1,-1
112,261,391,489,612,318,1,-1,-1,-1
112,262,958,745,1159,714,1,-1,-1,-1
113,261,338,485,624,321,1,-1,-1,-1
113,262,1263,744,1135,698,1,-1,-1,-1
114,261,289,479,636,324,1,-1,-1,-1
114,262,1525,742,1123,690,1,-1,-1,-1
115,261,245,476,633,321,1,-1,-1,-1
115,262,1737,739,1114,684,1,-1,-1,-1
116,261,204,473,628,318,1,-1,-1,-1
117,261,165,469,623,315,1,-1,-1,-1
118,261,124,463,622,314,1,-1,-1,-1
119,261,93,459,612,308,1,-1,-1,-1
120,261,70,454,599,303,1,-1,-1,-1
121,261,55,453,578,293,1,-1,-1,-1
122,261,50,451,546,278,1,-1,-1,-1
123,261,44,448,522,268,1,-1,-1,-1
124,261,35,446,498,257,1,-1,-1,-1
125,261,30,441,480,250,1,-1,-1,-1
126,261,23,434,463,243,1,-1,-1,-1
127,261,15,426,446,236,1,-1,-1,-1
128,261,8,417,440,237,1,-1,-1,-1
128,263,1308,725,1129,615,1,-1,-1,-1
129,261,-6,411,427,232,1,-1,-1,-1
129,263,1558,725,1117,609,1,-1,-1,-1
130,261,-28,406,417,227,1,-1,-1,-1
130,263,1737,725,1105,602,1,-1,-1,-1
159,264,1240,465,857,406,1,-1,-1,-1
160,264,1116,465,856,406,1,-1,-1,-1
161,264,997,466,856,405,1,-1,-1,-1
162,264,888,469,849,401,1,-1,-1,-1
163,264,796,469,837,395,1,-1,-1,-1
164,264,692,472,822,386,1,-1,-1,-1
165,264,569,477,817,382,1,-1,-1,-1
166,264,468,481,808,376,1,-1,-1,-1
167,264,387,481,797,369,1,-1,-1,-1
168,264,338,480,787,362,1,-1,-1,-1
169,264,284,477,784,360,1,-1,-1,-1
170,264,202,467,797,364,1,-1,-1,-1
171,264,161,466,782,356,1,-1,-1,-1
172,264,120,467,762,347,1,-1,-1,-1
173,264,109,468,731,333,1,-1,-1,-1
174,264,89,465,726,329,1,-1,-1,-1
175,264,70,463,723,329,1,-1,-1,-1
175,265,1146,759,942,721,1,-1,-1,-1
176,264,53,460,722,328,1,-1,-1,-1
176,265,1485,739,939,717,1,-1,-1,-1
177,264,29,452,726,332,1,-1,-1,-1
177,265,1782,730,936,713,1,-1,-1,-1
178,264,11,448,709,325,1,-1,-1,-1
178,265,2030,723,929,708,1,-1,-1,-1
179,264,-3,445,684,316,1,-1,-1,-1
180,264,-17,443,662,308,1,-1,-1,-1
181,264,-28,441,637,299,1,-1,-1,-1
182,264,-38,437,612,290,1,-1,-1,-1
183,264,-43,431,584,280,1,-1,-1,-1
184,264,-44,426,555,269,1,-1,-1,-1
185,264,-43,420,529,261,1,-1,-1,-1
186,264,-37,421,503,251,1,-1,-1,-1
187,264,-31,416,485,246,1,-1,-1,-1
188,264,-37,409,485,249,1,-1,-1,-1
189,264,-38,403,473,247,1,-1,-1,-1
190,264,-32,398,453,241,1,-1,-1,-1
191,264,-36,394,435,236,1,-1,-1,-1
192,264,-48,389,426,231,1,-1,-1,-1
209,266,1109,463,872,401,1,-1,-1,-1
210,266,989,460,867,398,1,-1,-1,-1
211,266,857,460,860,394,1,-1,-1,-1
212,266,735,458,848,389,1,-1,-1,-1
213,266,603,458,835,381,1,-1,-1,-1
214,266,497,457,825,376,1,-1,-1,-1
215,266,401,458,812,369,1,-1,-1,-1
216,266,318,458,802,364,1,-1,-1,-1
217,266,241,450,809,367,1,-1,-1,-1
218,266,187,442,812,368,1,-1,-1,-1
219,266,152,439,803,363,1,-1,-1,-1
220,266,123,436,793,358,1,-1,-1,-1
221,266,97,436,769,348,1,-1,-1,-1
222,266,73,435,744,337,1,-1,-1,-1
223,266,49,435,714,324,1,-1,-1,-1
224,266,27,433,690,315,1,-1,-1,-1
225,266,6,432,663,303,1,-1,-1,-1
226,266,-11,427,635,292,1,-1,-1,-1
227,266,-25,422,612,284,1,-1,-1,-1
228,266,-35,416,589,276,1,-1,-1,-1
229,266,-42,411,565,268,1,-1,-1,-1
230,266,-47,405,535,256,1,-1,-1,-1
231,266,-43,402,501,243,1,-1,-1,-1
232,266,-38,396,476,234,1,-1,-1,-1
233,266,-32,393,449,224,1,-1,-1,-1
234,266,-40,390,424,214,1,-1,-1,-1
235,266,-59,386,406,205,1,-1,-1,-1
236,267,1435,552,670,315,1,-1,-1,-1
237,267,1307,554,660,310,1,-1,-1,-1
238,267,1171,553,654,307,1,-1,-1,-1
239,267,1054,553,649,304,1,-1,-1,-1
240,267,942,552,649,302,1,-1,-1,-1
241,267,833,552,643,298,1,-1,-1,-1
242,267,752,553,628,290,1,-1,-1,-1
243,267,660,554,612,281,1,-1,-1,-1
244,267,577,553,607,277,1,-1,-1,-1
245,267,508,551,607,274,1,-1,-1,-1
246,267,450,547,611,274,1,-1,-1,-1
247,267,395,542,613,273,1,-1,-1,-1
248,267,346,537,610,271,1,-1,-1,-1
249,267,289,532,606,268,1,-1,-1,-1
250,267,243,527,604,267,1,-1,-1,-1
251,267,205,519,608,268,1,-1,-1,-1
252,267,170,513,603,266,1,-1,-1,-1
253,267,139,507,593,262,1,-1,-1,-1
254,267,116,501,576,255,1,-1,-1,-1
255,267,98,495,555,248,1,-1,-1,-1
256,267,83,489,532,239,1,-1,-1,-1
257,267,78,485,511,231,1,-1,-1,-1
258,267,71,478,495,227,1,-1,-1,-1
259,267,64,471,480,222,1,-1,-1,-1
260,267,55,465,467,219,1,-1,-1,-1
261,267,51,459,454,216,1,-1,-1,-1
262,267,46,454,439,213,1,-1,-1,-1
263,267,41,449,424,209,1,-1,-1,-1
264,267,38,446,406,203,1,-1,-1,-1
265,267,38,442,392,199,1,-1,-1,-1
266,267,39,437,378,196,1,-1,-1,-1
267,267,34,433,369,193,1,-1,-1,-1
268,267,30,430,355,190,1,-1,-1,-1
269,267,30,427,341,186,1,-1,-1,-1
270,267,30,423,336,186,1,-1,-1,-1
271,267,27,418,331,186,1,-1,-1,-1
272,267,26,415,323,184,1,-1,-1,-1
273,267,24,412,313,181,1,-1,-1,-1
274,267,20,410,301,176,1,-1,-1,-1
275,267,17,406,291,174,1,-1,-1,-1
276,267,14,405,285,171,1,-1,-1,-1
277,267,12,402,275,167,1,-1,-1,-1
278,267,10,399,266,164,1,-1,-1,-1
279,267,9,396,259,162,1,-1,-1,-1
280,267,7,392,256,163,1,-1,-1,-1
281,267,4,389,255,164,1,-1,-1,-1
282,267,5,388,247,160,1,-1,-1,-1
283,267,3,383,245,161,1,-1,-1,-1
284,267,0,380,242,161,1,-1,-1,-1
285,267,-1,379,232,156,1,-1,-1,-1
286,267,-2,378,226,154,1,-1,-1,-1
287,267,-2,377,219,150,1,-1,-1,-1
288,267,-3,373,216,150,1,-1,-1,-1
289,267,-5,368,214,150,1,-1,-1,-1
290,267,-8,364,213,151,1,-1,-1,-1
291,267,-7,362,208,148,1,-1,-1,-1
292,267,-7,361,202,145,1,-1,-1,-1
293,267,-7,360,195,142,1,-1,-1,-1
294,267,-5,361,187,137,1,-1,-1,-1
295,267,-5,361,178,132,1,-1,-1,-1
296,267,-5,360,171,128,1,-1,-1,-1
296,268,694,333,972,697,1,-1,-1,-1
297,267,-7,358,167,125,1,-1,-1,-1
297,268,398,343,959,687,1,-1,-1,-1
298,268,135,326,983,702,1,-1,-1,-1
299,268,-39,319,975,695,1,-1,-1,-1
300,268,-180,310,962,684,1,-1,-1,-1
301,268,-310,304,949,675,1,-1,-1,-1
302,268,-476,298,944,672,1,-1,-1,-1
303,268,-655,291,942,671,1,-1,-1,-1
444,269,291,679,989,1111,1,-1,-1,-1
445,269,418,692,1056,1182,1,-1,-1,-1
446,269,597,704,1103,1227,1,-1,-1,-1
447,269,776,712,1131,1247,1,-1,-1,-1
448,269,904,725,1141,1242,1,-1,-1,-1
449,269,987,741,1141,1224,1,-1,-1,-1
450,269,1122,750,1147,1211,1,-1,-1,-1
451,269,1235,759,1177,1224,1,-1,-1,-1
