236,-1,680,774,151,117,0.7743583917617798,-1,-1,-1
237,-1,689,775,162,117,0.8722736835479736,-1,-1,-1
238,-1,697,777,173,120,0.9137062430381775,-1,-1,-1
239,-1,702,776,174,127,0.9595012068748474,-1,-1,-1
240,-1,705,776,180,136,0.9775854349136353,-1,-1,-1
241,-1,715,776,179,137,0.9790431261062622,-1,-1,-1
242,-1,736,778,183,138,0.9769987463951111,-1,-1,-1
243,-1,752,780,180,142,0.9886743426322937,-1,-1,-1
244,-1,765,781,183,145,0.9906438589096069,-1,-1,-1
245,-1,777,781,190,149,0.9919571876525879,-1,-1,-1
246,-1,790,780,193,155,0.9933667778968811,-1,-1,-1
247,-1,806,785,190,157,0.9932308197021484,-1,-1,-1
248,-1,819,790,200,158,0.9922807812690735,-1,-1,-1
249,-1,834,793,208,164,0.9933983087539673,-1,-1,-1
250,-1,851,793,220,166,0.9929712414741516,-1,-1,-1
251,-1,870,792,222,169,0.9933470487594604,-1,-1,-1
252,-1,885,793,231,177,0.9954408407211304,-1,-1,-1
253,-1,906,799,257,181,0.993614912033081,-1,-1,-1
254,-1,933,801,269,192,0.9958971738815308,-1,-1,-1
255,-1,951,803,285,206,0.9956451654434204,-1,-1,-1
256,-1,977,806,306,213,0.9962841868400574,-1,-1,-1
257,-1,1008,806,330,229,0.9942169189453125,-1,-1,-1
258,-1,1039,812,350,239,0.9958016276359558,-1,-1,-1
259,-1,1069,811,386,256,0.992577850818634,-1,-1,-1
260,-1,1113,819,429,276,0.9925419092178345,-1,-1,-1
261,-1,1155,826,482,292,0.9934757351875305,-1,-1,-1
262,-1,1198,831,547,327,0.9941936135292053,-1,-1,-1
263,-1,1262,839,626,342,0.9940845370292664,-1,-1,-1
264,-1,1352,843,689,384,0.9944750666618347,-1,-1,-1
265,-1,1439,854,739,435,0.9929089546203613,-1,-1,-1
266,-1,1580,873,882,501,0.986851155757904,-1,-1,-1
267,-1,1693,887,866,605,0.8149945139884949,-1,-1,-1
508,-1,2272,642,229,164,0.7391987442970276,-1,-1,-1
510,-1,2216,650,207,152,0.8353238701820374,-1,-1,-1
511,-1,2188,652,202,150,0.8975468873977661,-1,-1,-1
512,-1,2162,647,198,157,0.8911683559417725,-1,-1,-1
513,-1,2139,649,189,151,0.8888823986053467,-1,-1,-1
514,-1,2105,647,190,152,0.8476141691207886,-1,-1,-1
515,-1,2081,650,185,153,0.9043040871620178,-1,-1,-1
516,-1,2055,651,186,151,0.8762373924255371,-1,-1,-1
517,-1,2030,654,182,143,0.8863106966018677,-1,-1,-1
518,-1,2007,650,178,148,0.8035309314727783,-1,-1,-1
519,-1,1982,651,177,151,0.9145919680595398,-1,-1,-1
520,-1,1957,653,176,148,0.9065170884132385,-1,-1,-1
521,-1,1930,655,175,146,0.9123932123184204,-1,-1,-1
522,-1,1912,658,174,139,0.8935238122940063,-1,-1,-1
523,-1,1890,657,166,137,0.8864389657974243,-1,-1,-1
524,-1,1869,650,166,143,0.6093447804450989,-1,-1,-1
525,-1,1853,662,153,132,0.8210595846176147,-1,-1,-1
526,-1,1827,655,157,138,0.6405143737792969,-1,-1,-1
528,-1,1782,653,155,141,0.7175504565238953,-1,-1,-1
529,-1,1771,672,147,121,0.7165005803108215,-1,-1,-1
530,-1,1745,662,149,130,0.675343930721283,-1,-1,-1
531,-1,1735,669,145,122,0.6178752183914185,-1,-1,-1
534,-1,1681,667,135,123,0.6271695494651794,-1,-1,-1
730,-1,1967,638,592,336,0.8794069290161133,-1,-1,-1
731,-1,1887,639,633,310,0.961607038974762,-1,-1,-1
732,-1,1803,644,593,292,0.9852985143661499,-1,-1,-1
733,-1,1689,642,561,284,0.9896900653839111,-1,-1,-1
734,-1,1635,648,494,268,0.9927350282669067,-1,-1,-1
735,-1,1579,656,444,251,0.9876804351806641,-1,-1,-1
736,-1,1518,657,403,240,0.9892674088478088,-1,-1,-1
737,-1,1477,663,367,230,0.9923702478408813,-1,-1,-1
738,-1,1431,666,329,216,0.9896077513694763,-1,-1,-1
739,-1,1388,670,308,204,0.9936314225196838,-1,-1,-1
740,-1,1352,670,298,202,0.993596076965332,-1,-1,-1
741,-1,1318,676,274,191,0.9922705888748169,-1,-1,-1
742,-1,1271,688,270,179,0.9883990287780762,-1,-1,-1
743,-1,1242,692,261,171,0.9912130236625671,-1,-1,-1
744,-1,1211,692,243,167,0.9891976714134216,-1,-1,-1
745,-1,1191,693,238,163,0.9935279488563538,-1,-1,-1
745,-1,571,759,152,112,0.6403279304504395,-1,-1,-1
746,-1,1164,695,227,160,0.9888643026351929,-1,-1,-1
746,-1,579,757,149,112,0.608501672744751,-1,-1,-1
747,-1,1138,701,218,147,0.9881812334060669,-1,-1,-1
747,-1,584,756,148,117,0.7743728756904602,-1,-1,-1
748,-1,1119,699,210,149,0.9888710379600525,-1,-1,-1
748,-1,591,758,145,117,0.914533793926239,-1,-1,-1
749,-1,1093,699,201,150,0.9918835163116455,-1,-1,-1
749,-1,593,760,146,115,0.9013918042182922,-1,-1,-1
750,-1,1078,703,196,142,0.9887789487838745,-1,-1,-1
750,-1,596,756,144,122,0.8795186877250671,-1,-1,-1
751,-1,1057,702,194,143,0.983470618724823,-1,-1,-1
751,-1,602,758,139,121,0.8515014052391052,-1,-1,-1
752,-1,1033,704,194,141,0.9753156304359436,-1,-1,-1
752,-1,609,762,136,118,0.790250301361084,-1,-1,-1
753,-1,1012,711,181,131,0.9763627648353577,-1,-1,-1
753,-1,617,760,137,119,0.8015860319137573,-1,-1,-1
754,-1,994,709,180,131,0.9748724699020386,-1,-1,-1
754,-1,629,760,141,114,0.8970840573310852,-1,-1,-1
755,-1,979,713,174,125,0.9766862988471985,-1,-1,-1
755,-1,636,757,140,121,0.8614975810050964,-1,-1,-1
756,-1,962,713,173,122,0.9709012508392334,-1,-1,-1
756,-1,645,755,144,118,0.8154700994491577,-1,-1,-1
757,-1,946,711,167,125,0.9803649187088013,-1,-1,-1
757,-1,654,754,152,119,0.8951533436775208,-1,-1,-1
758,-1,657,753,162,121,0.9659733176231384,-1,-1,-1
758,-1,934,712,163,124,0.9653308391571045,-1,-1,-1
759,-1,668,748,166,125,0.9562439322471619,-1,-1,-1
759,-1,920,714,155,120,0.941096842288971,-1,-1,-1
760,-1,676,747,174,132,0.9763150215148926,-1,-1,-1
760,-1,911,715,150,117,0.9201346635818481,-1,-1,-1
761,-1,685,752,173,129,0.983855664730072,-1,-1,-1
761,-1,891,716,151,117,0.8757782578468323,-1,-1,-1
762,-1,697,752,169,127,0.987792432308197,-1,-1,-1
762,-1,879,721,148,111,0.8673331141471863,-1,-1,-1
763,-1,708,755,170,128,0.977441132068634,-1,-1,-1
763,-1,867,721,144,112,0.8734190464019775,-1,-1,-1
764,-1,710,750,181,132,0.9869887828826904,-1,-1,-1
764,-1,855,725,141,112,0.7347463369369507,-1,-1,-1
765,-1,724,749,177,135,0.9848672747612,-1,-1,-1
766,-1,727,758,171,127,0.972917914390564,-1,-1,-1
767,-1,741,752,167,134,0.9828894734382629,-1,-1,-1
767,-1,1957,651,602,294,0.9503145217895508,-1,-1,-1
768,-1,743,749,176,142,0.9898281097412109,-1,-1,-1
768,-1,1874,645,651,289,0.9510291814804077,-1,-1,-1
769,-1,753,744,185,149,0.9939671754837036,-1,-1,-1
769,-1,1783,645,679,271,0.9645498394966125,-1,-1,-1
770,-1,764,742,192,158,0.994156002998352,-1,-1,-1
770,-1,1688,640,641,270,0.9801452159881592,-1,-1,-1
771,-1,770,741,203,164,0.9942389726638794,-1,-1,-1
771,-1,1631,637,578,265,0.9844374656677246,-1,-1,-1
772,-1,778,744,207,162,0.9930667877197266,-1,-1,-1
772,-1,1586,641,517,247,0.9875472784042358,-1,-1,-1
773,-1,792,749,200,164,0.9934053421020508,-1,-1,-1
773,-1,1549,650,448,226,0.9824704527854919,-1,-1,-1
774,-1,798,754,207,164,0.9953807592391968,-1,-1,-1
774,-1,1492,648,430,221,0.9825311303138733,-1,-1,-1
775,-1,805,753,215,164,0.9952364563941956,-1,-1,-1
775,-1,1452,655,383,211,0.9843981862068176,-1,-1,-1
776,-1,810,753,217,171,0.9957551956176758,-1,-1,-1
776,-1,1409,657,357,205,0.9842387437820435,-1,-1,-1
777,-1,819,756,222,171,0.9947142004966736,-1,-1,-1
777,-1,1364,656,338,198,0.9863107204437256,-1,-1,-1
778,-1,829,756,224,172,0.9948700666427612,-1,-1,-1
778,-1,1335,658,310,191,0.9873769879341125,-1,-1,-1
779,-1,835,757,227,174,0.9957037568092346,-1,-1,-1
779,-1,1306,665,284,182,0.9892661571502686,-1,-1,-1
780,-1,847,758,231,176,0.9953867793083191,-1,-1,-1
780,-1,1272,667,277,174,0.9879533052444458,-1,-1,-1
781,-1,851,755,235,186,0.9950841069221497,-1,-1,-1
781,-1,1244,673,269,168,0.9891180396080017,-1,-1,-1
782,-1,861,759,235,183,0.9954121708869934,-1,-1,-1
782,-1,1209,674,250,165,0.9886781573295593,-1,-1,-1
783,-1,873,757,239,194,0.9962905645370483,-1,-1,-1
783,-1,1189,674,242,163,0.9905597567558289,-1,-1,-1
784,-1,873,755,252,199,0.995919942855835,-1,-1,-1
784,-1,1151,678,241,166,0.9865222573280334,-1,-1,-1
785,-1,884,759,261,203,0.9952414035797119,-1,-1,-1
785,-1,1133,687,222,152,0.9883902072906494,-1,-1,-1
786,-1,895,758,270,210,0.995471715927124,-1,-1,-1
786,-1,1114,687,214,152,0.9757971167564392,-1,-1,-1
787,-1,906,764,291,214,0.9962355494499207,-1,-1,-1
787,-1,1081,693,212,152,0.9634574055671692,-1,-1,-1
788,-1,913,764,309,221,0.996080219745636,-1,-1,-1
788,-1,1073,693,195,142,0.697128415107727,-1,-1,-1
789,-1,922,762,334,234,0.9959551095962524,-1,-1,-1
790,-1,935,760,339,242,0.9949849843978882,-1,-1,-1
791,-1,946,760,345,256,0.9947924017906189,-1,-1,-1
792,-1,958,765,357,263,0.9953626394271851,-1,-1,-1
793,-1,978,771,382,265,0.9931118488311768,-1,-1,-1
793,-1,957,708,181,128,0.7754776477813721,-1,-1,-1
794,-1,988,771,404,277,0.9934211373329163,-1,-1,-1
794,-1,940,712,182,126,0.9373154044151306,-1,-1,-1
795,-1,1013,771,420,293,0.9928961396217346,-1,-1,-1
795,-1,927,715,170,117,0.8614203929901123,-1,-1,-1
796,-1,1032,771,451,303,0.9926885962486267,-1,-1,-1
796,-1,908,716,165,115,0.8729687333106995,-1,-1,-1
797,-1,1043,766,470,313,0.9944979548454285,-1,-1,-1
797,-1,900,718,155,114,0.8184947967529297,-1,-1,-1
798,-1,1061,771,499,324,0.9941447377204895,-1,-1,-1
798,-1,878,719,153,113,0.8754986524581909,-1,-1,-1
799,-1,1083,763,551,351,0.9941124320030212,-1,-1,-1
799,-1,871,726,142,105,0.7892553806304932,-1,-1,-1
800,-1,1107,764,615,363,0.9932692646980286,-1,-1,-1
800,-1,847,723,147,107,0.772185206413269,-1,-1,-1
801,-1,1140,769,624,385,0.99581378698349,-1,-1,-1
801,-1,840,729,141,102,0.7745229005813599,-1,-1,-1
802,-1,1169,766,664,402,0.9967004656791687,-1,-1,-1
803,-1,1209,772,706,423,0.9978658556938171,-1,-1,-1
804,-1,1252,766,730,450,0.9918268918991089,-1,-1,-1
804,-1,800,733,133,100,0.6997877955436707,-1,-1,-1
805,-1,1289,757,844,494,0.9938015341758728,-1,-1,-1
806,-1,1312,751,880,526,0.9924578666687012,-1,-1,-1
806,-1,774,739,135,93,0.6427822709083557,-1,-1,-1
807,-1,1365,750,912,563,0.9923526644706726,-1,-1,-1
807,-1,1941,649,601,305,0.8202780485153198,-1,-1,-1
807,-1,763,740,131,94,0.7541477680206299,-1,-1,-1
808,-1,1404,767,1046,596,0.9911512732505798,-1,-1,-1
808,-1,1883,636,644,308,0.6099446415901184,-1,-1,-1
809,-1,1468,763,1078,648,0.9833225011825562,-1,-1,-1
810,-1,1571,769,988,693,0.9680267572402954,-1,-1,-1
810,-1,1676,644,614,255,0.8059148192405701,-1,-1,-1
811,-1,1609,644,540,266,0.9746446013450623,-1,-1,-1
811,-1,1644,773,906,710,0.9434932470321655,-1,-1,-1
812,-1,1555,647,510,257,0.9896315932273865,-1,-1,-1
812,-1,1731,773,828,667,0.9381175637245178,-1,-1,-1
813,-1,1510,653,447,238,0.990708589553833,-1,-1,-1
814,-1,1466,656,402,224,0.9939858317375183,-1,-1,-1
815,-1,1416,658,373,215,0.9906501770019531,-1,-1,-1
816,-1,1383,660,329,206,0.9932751655578613,-1,-1,-1
817,-1,1335,661,329,205,0.9937751293182373,-1,-1,-1
818,-1,1293,668,317,197,0.9922022819519043,-1,-1,-1
819,-1,1263,671,303,191,0.9915698766708374,-1,-1,-1
820,-1,1231,677,298,179,0.9913395047187805,-1,-1,-1
821,-1,1197,678,279,177,0.9885518550872803,-1,-1,-1
822,-1,1171,679,261,173,0.9929500818252563,-1,-1,-1
823,-1,1145,679,253,174,0.9910898208618164,-1,-1,-1
824,-1,1121,687,245,164,0.9903856515884399,-1,-1,-1
825,-1,1096,691,236,159,0.9907941222190857,-1,-1,-1
826,-1,1080,694,220,151,0.9914869070053101,-1,-1,-1
827,-1,1062,695,216,150,0.992485761642456,-1,-1,-1
828,-1,1040,700,208,143,0.98813396692276,-1,-1,-1
829,-1,1018,706,196,136,0.9825103878974915,-1,-1,-1
830,-1,995,710,196,130,0.9798868894577026,-1,-1,-1
831,-1,976,711,191,130,0.9809337258338928,-1,-1,-1
832,-1,957,714,188,122,0.9798720479011536,-1,-1,-1
833,-1,946,710,190,129,0.9793131947517395,-1,-1,-1
834,-1,932,713,176,122,0.9763394594192505,-1,-1,-1
835,-1,912,717,173,121,0.9695992469787598,-1,-1,-1
836,-1,899,717,164,119,0.9623844027519226,-1,-1,-1
837,-1,879,717,168,120,0.9587804675102234,-1,-1,-1
838,-1,866,720,157,115,0.9429040551185608,-1,-1,-1
839,-1,857,724,152,109,0.8526020050048828,-1,-1,-1
840,-1,841,729,149,105,0.8347964286804199,-1,-1,-1
841,-1,837,731,138,104,0.846519410610199,-1,-1,-1
842,-1,822,729,138,105,0.731377124786377,-1,-1,-1
843,-1,800,732,142,102,0.7832878828048706,-1,-1,-1
844,-1,799,732,134,102,0.6113284230232239,-1,-1,-1
846,-1,769,736,137,97,0.7649286985397339,-1,-1,-1
943,-1,24,1177,631,309,0.8660496473312378,-1,-1,-1
944,-1,39,1171,634,299,0.8533972501754761,-1,-1,-1
945,-1,59,1162,636,301,0.8724700808525085,-1,-1,-1
946,-1,78,1147,649,314,0.9023591876029968,-1,-1,-1
947,-1,96,1133,656,324,0.9226886034011841,-1,-1,-1
948,-1,120,1127,656,321,0.925103485584259,-1,-1,-1
949,-1,123,1121,665,326,0.9220054149627686,-1,-1,-1
950,-1,174,1115,647,318,0.9598965644836426,-1,-1,-1
951,-1,192,1110,634,319,0.9682260751724243,-1,-1,-1
952,-1,213,1107,653,313,0.9725177884101868,-1,-1,-1
953,-1,230,1104,651,305,0.9744563102722168,-1,-1,-1
954,-1,259,1091,649,304,0.9733176231384277,-1,-1,-1
955,-1,286,1084,656,301,0.9714370965957642,-1,-1,-1
956,-1,303,1083,645,298,0.9764261841773987,-1,-1,-1
957,-1,318,1083,637,295,0.9737094044685364,-1,-1,-1
958,-1,339,1085,634,285,0.9742226004600525,-1,-1,-1
959,-1,365,1077,630,292,0.9746520519256592,-1,-1,-1
960,-1,359,1068,639,304,0.9758923649787903,-1,-1,-1
961,-1,400,1064,608,300,0.9789069294929504,-1,-1,-1
962,-1,413,1060,609,303,0.9797350168228149,-1,-1,-1
963,-1,419,1058,608,300,0.977212131023407,-1,-1,-1
964,-1,431,1056,596,301,0.978525698184967,-1,-1,-1
965,-1,427,1053,610,308,0.9816385507583618,-1,-1,-1
966,-1,418,1052,624,316,0.9836514592170715,-1,-1,-1
967,-1,405,1055,652,316,0.9866662621498108,-1,-1,-1
968,-1,423,1047,627,322,0.9841050505638123,-1,-1,-1
969,-1,411,1047,649,321,0.9796314835548401,-1,-1,-1
970,-1,423,1043,658,326,0.9815337061882019,-1,-1,-1
971,-1,440,1042,661,326,0.9816808104515076,-1,-1,-1
972,-1,463,1034,658,330,0.9854159951210022,-1,-1,-1
973,-1,472,1029,671,334,0.9869469404220581,-1,-1,-1
974,-1,465,1029,687,338,0.9886886477470398,-1,-1,-1
975,-1,481,1026,699,334,0.9875303506851196,-1,-1,-1
976,-1,510,1018,703,330,0.9879853129386902,-1,-1,-1
977,-1,536,1014,699,331,0.9863429665565491,-1,-1,-1
978,-1,539,1010,698,336,0.9853377342224121,-1,-1,-1
979,-1,551,1005,699,336,0.982991635799408,-1,-1,-1
980,-1,597,1002,672,324,0.9835061430931091,-1,-1,-1
981,-1,617,993,694,336,0.9851004481315613,-1,-1,-1
982,-1,645,981,720,333,0.9872351288795471,-1,-1,-1
983,-1,672,973,729,335,0.9887840747833252,-1,-1,-1
984,-1,708,968,721,335,0.9900864958763123,-1,-1,-1
985,-1,726,959,719,348,0.9896005988121033,-1,-1,-1
986,-1,773,950,737,345,0.9914862513542175,-1,-1,-1
987,-1,813,942,738,349,0.9918702840805054,-1,-1,-1
988,-1,851,935,743,353,0.9903653860092163,-1,-1,-1
989,-1,872,930,769,353,0.9921762347221375,-1,-1,-1
990,-1,915,926,767,362,0.9900743365287781,-1,-1,-1
991,-1,939,919,793,366,0.9912765026092529,-1,-1,-1
992,-1,984,917,781,372,0.9883082509040833,-1,-1,-1
993,-1,1009,914,837,379,0.9853797554969788,-1,-1,-1
994,-1,1052,917,801,379,0.9879322648048401,-1,-1,-1
995,-1,1091,903,879,407,0.9860129952430725,-1,-1,-1
996,-1,1138,906,856,413,0.9918586611747742,-1,-1,-1
997,-1,1174,914,857,422,0.9877105355262756,-1,-1,-1
998,-1,1210,912,879,446,0.9899178147315979,-1,-1,-1
999,-1,1270,906,927,483,0.986088216304779,-1,-1,-1
1000,-1,1324,918,945,497,0.9861776828765869,-1,-1,-1
1001,-1,1354,922,1001,520,0.9870636463165283,-1,-1,-1
1002,-1,1354,916,1089,546,0.9869066476821899,-1,-1,-1
1003,-1,1412,921,1106,563,0.9892784953117371,-1,-1,-1
1004,-1,1438,931,1118,606,0.965039074420929,-1,-1,-1
1005,-1,1498,939,1061,614,0.9288274049758911,-1,-1,-1
1006,-1,1569,957,990,615,0.8378018736839294,-1,-1,-1
1007,-1,1629,958,926,634,0.8684436082839966,-1,-1,-1
1008,-1,1693,948,866,678,0.7768111228942871,-1,-1,-1
1092,-1,1911,563,648,414,0.8427990078926086,-1,-1,-1
1093,-1,1863,554,696,425,0.9288699626922607,-1,-1,-1
1094,-1,1818,548,722,412,0.9519952535629272,-1,-1,-1
1095,-1,1762,557,761,401,0.9803261756896973,-1,-1,-1
1096,-1,1686,565,708,378,0.9956939220428467,-1,-1,-1
1097,-1,1636,572,655,360,0.9939034581184387,-1,-1,-1
1098,-1,1602,585,589,328,0.9937212467193604,-1,-1,-1
1099,-1,1548,592,580,319,0.9928089380264282,-1,-1,-1
1100,-1,1504,603,540,302,0.993731677532196,-1,-1,-1
1101,-1,1465,602,518,305,0.9952878952026367,-1,-1,-1
1102,-1,1440,606,488,292,0.9955734014511108,-1,-1,-1
1103,-1,1404,616,451,270,0.9946227073669434,-1,-1,-1
1104,-1,1380,615,425,256,0.9928675889968872,-1,-1,-1
1105,-1,1348,618,416,255,0.9920823574066162,-1,-1,-1
1106,-1,1331,626,385,244,0.9939325451850891,-1,-1,-1
1107,-1,1311,632,371,235,0.9931313395500183,-1,-1,-1
1108,-1,1274,633,352,231,0.9943581223487854,-1,-1,-1
1109,-1,1252,635,344,226,0.9954125285148621,-1,-1,-1
1110,-1,1242,637,314,218,0.9949483871459961,-1,-1,-1
1111,-1,1210,645,313,209,0.9936528205871582,-1,-1,-1
1112,-1,1192,647,302,204,0.9953227639198303,-1,-1,-1
1113,-1,1167,654,293,196,0.9936855435371399,-1,-1,-1
1114,-1,1158,646,283,199,0.9941131472587585,-1,-1,-1
1115,-1,1134,654,281,192,0.9946936964988708,-1,-1,-1
1116,-1,1125,652,266,191,0.994602620601654,-1,-1,-1
1117,-1,1111,657,258,183,0.9946340322494507,-1,-1,-1
1118,-1,1096,656,256,184,0.9936133027076721,-1,-1,-1
1119,-1,1082,660,246,178,0.995130181312561,-1,-1,-1
1120,-1,1062,662,244,179,0.9951074123382568,-1,-1,-1
1121,-1,1045,668,239,176,0.9961756467819214,-1,-1,-1
1122,-1,1038,665,233,173,0.9953719973564148,-1,-1,-1
1123,-1,1024,669,233,169,0.9945911765098572,-1,-1,-1
1124,-1,1008,672,226,165,0.9948567152023315,-1,-1,-1
1125,-1,993,680,226,159,0.9941565990447998,-1,-1,-1
1126,-1,969,676,234,161,0.988902747631073,-1,-1,-1
1127,-1,958,676,228,161,0.9921308159828186,-1,-1,-1
1128,-1,956,676,211,161,0.9925196170806885,-1,-1,-1
1129,-1,944,675,211,159,0.9930062294006348,-1,-1,-1
1130,-1,933,682,204,155,0.992861807346344,-1,-1,-1
1131,-1,924,681,198,153,0.994013249874115,-1,-1,-1
1132,-1,913,684,197,150,0.9940032362937927,-1,-1,-1
1133,-1,902,686,197,150,0.99338299036026,-1,-1,-1
1134,-1,885,690,197,147,0.9922325611114502,-1,-1,-1
1135,-1,879,689,192,147,0.992493212223053,-1,-1,-1
1136,-1,869,693,193,143,0.9912747144699097,-1,-1,-1
1137,-1,858,695,187,143,0.988514244556427,-1,-1,-1
1138,-1,847,698,189,138,0.9880673885345459,-1,-1,-1
1139,-1,839,695,184,143,0.9897794127464294,-1,-1,-1
1140,-1,830,701,181,136,0.9906299710273743,-1,-1,-1
1141,-1,822,699,182,142,0.9881011247634888,-1,-1,-1
1142,-1,818,706,174,133,0.9814499616622925,-1,-1,-1
1143,-1,807,709,173,131,0.9832354784011841,-1,-1,-1
1143,-1,1923,682,636,308,0.8859671354293823,-1,-1,-1
1144,-1,793,712,174,126,0.9855573773384094,-1,-1,-1
1144,-1,1873,665,664,321,0.9320782423019409,-1,-1,-1
1145,-1,786,713,163,129,0.9839694499969482,-1,-1,-1
1145,-1,1807,662,669,306,0.9481078386306763,-1,-1,-1
1146,-1,782,716,161,126,0.9728884696960449,-1,-1,-1
1146,-1,1735,661,675,297,0.9612703323364258,-1,-1,-1
1147,-1,1669,663,646,282,0.977622389793396,-1,-1,-1
1147,-1,774,721,162,115,0.9729248881340027,-1,-1,-1
1148,-1,1630,661,625,274,0.9783371686935425,-1,-1,-1
1148,-1,766,720,163,116,0.9677945375442505,-1,-1,-1
1149,-1,1602,669,567,264,0.9779474139213562,-1,-1,-1
1149,-1,757,722,161,114,0.9670854806900024,-1,-1,-1
1150,-1,1560,669,515,252,0.9845592379570007,-1,-1,-1
1150,-1,754,725,152,111,0.9457882046699524,-1,-1,-1
1151,-1,1513,675,483,243,0.9874545335769653,-1,-1,-1
1151,-1,747,728,151,109,0.9597380757331848,-1,-1,-1
1152,-1,1473,673,450,242,0.9910253286361694,-1,-1,-1
1152,-1,739,725,151,111,0.9610196352005005,-1,-1,-1
1153,-1,1440,675,423,233,0.9913613200187683,-1,-1,-1
1153,-1,731,728,151,106,0.926074743270874,-1,-1,-1
1154,-1,1400,674,403,226,0.9900062680244446,-1,-1,-1
1154,-1,718,729,153,107,0.9312037229537964,-1,-1,-1
1155,-1,1382,680,364,221,0.9888695478439331,-1,-1,-1
1155,-1,717,734,149,100,0.8591609001159668,-1,-1,-1
1156,-1,1364,679,332,207,0.9918509125709534,-1,-1,-1
1156,-1,708,735,150,99,0.8391424417495728,-1,-1,-1
1157,-1,1340,682,327,201,0.9958788156509399,-1,-1,-1
1157,-1,703,733,146,103,0.8313616514205933,-1,-1,-1
1158,-1,1315,685,311,196,0.9947571754455566,-1,-1,-1
1158,-1,701,733,142,102,0.6602932214736938,-1,-1,-1
1159,-1,1285,688,308,191,0.99332195520401,-1,-1,-1
1159,-1,702,731,132,103,0.8096932172775269,-1,-1,-1
1160,-1,1264,688,288,185,0.9917274713516235,-1,-1,-1
1160,-1,698,730,131,104,0.7585559487342834,-1,-1,-1
1161,-1,1242,691,278,181,0.9932275414466858,-1,-1,-1
1162,-1,1231,693,273,176,0.9929397106170654,-1,-1,-1
1163,-1,1216,693,257,172,0.9936090707778931,-1,-1,-1
1164,-1,1207,692,249,171,0.9941396713256836,-1,-1,-1
1165,-1,1194,690,239,168,0.9946870803833008,-1,-1,-1
1166,-1,1186,687,230,172,0.9934021830558777,-1,-1,-1
1167,-1,1181,687,220,164,0.9916186928749084,-1,-1,-1
1168,-1,1180,683,209,165,0.9923511147499084,-1,-1,-1
1169,-1,1176,682,194,163,0.9892463088035583,-1,-1,-1
1170,-1,1179,679,190,155,0.9877750873565674,-1,-1,-1
1171,-1,1178,679,181,154,0.9852801561355591,-1,-1,-1
1172,-1,1180,669,179,162,0.9849833846092224,-1,-1,-1
1173,-1,1184,670,171,155,0.9823693633079529,-1,-1,-1
1174,-1,1185,668,166,152,0.9806144833564758,-1,-1,-1
1175,-1,1186,659,171,152,0.9827324151992798,-1,-1,-1
1176,-1,1187,657,169,151,0.9791001677513123,-1,-1,-1
1177,-1,1192,649,173,152,0.9799408316612244,-1,-1,-1
1178,-1,1201,643,169,153,0.9830026030540466,-1,-1,-1
1179,-1,1204,641,172,152,0.9838553071022034,-1,-1,-1
1180,-1,1207,637,177,145,0.9802258610725403,-1,-1,-1
1181,-1,1217,632,171,143,0.9809682965278625,-1,-1,-1
1182,-1,1228,628,171,137,0.9624683856964111,-1,-1,-1
1183,-1,1237,622,174,136,0.9382476806640625,-1,-1,-1
1184,-1,1250,614,170,136,0.9544278979301453,-1,-1,-1
1185,-1,1259,609,165,132,0.8532586693763733,-1,-1,-1
1186,-1,1277,604,168,122,0.6997935175895691,-1,-1,-1
1214,-1,1939,632,620,352,0.8417903184890747,-1,-1,-1
1215,-1,1904,634,639,338,0.9318876266479492,-1,-1,-1
1216,-1,1836,604,666,355,0.916182279586792,-1,-1,-1
1217,-1,1801,616,649,330,0.9729862809181213,-1,-1,-1
1218,-1,1736,610,653,331,0.9862831234931946,-1,-1,-1
1219,-1,1675,617,623,318,0.9899557828903198,-1,-1,-1
1220,-1,1609,622,585,305,0.9888761639595032,-1,-1,-1
1221,-1,1567,620,546,304,0.9894892573356628,-1,-1,-1
1222,-1,1539,623,507,292,0.9920802712440491,-1,-1,-1
1223,-1,1500,626,473,280,0.9934192299842834,-1,-1,-1
1224,-1,1467,636,431,259,0.9926621913909912,-1,-1,-1
1225,-1,1437,637,406,257,0.989954948425293,-1,-1,-1
1226,-1,1408,642,383,244,0.9932417273521423,-1,-1,-1
1227,-1,1379,643,363,234,0.9948310256004333,-1,-1,-1
1228,-1,1353,649,337,227,0.994899570941925,-1,-1,-1
1229,-1,1327,649,332,228,0.9943453669548035,-1,-1,-1
1230,-1,1291,654,314,218,0.9933463335037231,-1,-1,-1
1231,-1,1269,656,307,214,0.9919866323471069,-1,-1,-1
1232,-1,1253,660,289,202,0.9904741644859314,-1,-1,-1
1233,-1,1221,662,279,196,0.9863213896751404,-1,-1,-1
1234,-1,1198,667,271,192,0.9914833903312683,-1,-1,-1
1235,-1,1180,668,256,188,0.9913473725318909,-1,-1,-1
1236,-1,1157,667,248,188,0.991540253162384,-1,-1,-1
1237,-1,1133,673,250,184,0.9895129799842834,-1,-1,-1
1238,-1,1117,676,235,180,0.9910140633583069,-1,-1,-1
1239,-1,1098,682,230,172,0.990174412727356,-1,-1,-1
1240,-1,1082,682,225,170,0.9904447197914124,-1,-1,-1
1241,-1,1067,685,216,163,0.991275429725647,-1,-1,-1
1242,-1,1049,686,216,164,0.9914014935493469,-1,-1,-1
1243,-1,1035,693,201,155,0.984114408493042,-1,-1,-1
1244,-1,1025,695,192,151,0.9879865050315857,-1,-1,-1
1245,-1,1006,697,196,146,0.9746160507202148,-1,-1,-1
1246,-1,989,701,191,144,0.9877417087554932,-1,-1,-1
1246,-1,592,765,142,116,0.745542585849762,-1,-1,-1
1247,-1,976,701,193,144,0.984978199005127,-1,-1,-1
1247,-1,592,765,147,118,0.8049088716506958,-1,-1,-1
1248,-1,961,703,181,140,0.9816575050354004,-1,-1,-1
1248,-1,597,764,142,118,0.8518518209457397,-1,-1,-1
1249,-1,950,701,184,140,0.9876610040664673,-1,-1,-1
1249,-1,602,765,142,117,0.7960115671157837,-1,-1,-1
1250,-1,935,709,171,130,0.9782692790031433,-1,-1,-1
1250,-1,605,765,143,124,0.8251000046730042,-1,-1,-1
1251,-1,923,702,176,139,0.9852012991905212,-1,-1,-1
1251,-1,619,767,138,119,0.6778408288955688,-1,-1,-1
1252,-1,909,706,172,132,0.9788843393325806,-1,-1,-1
1253,-1,898,709,166,128,0.9755113124847412,-1,-1,-1
1254,-1,888,706,166,130,0.9707379937171936,-1,-1,-1
1255,-1,877,707,160,126,0.9397986531257629,-1,-1,-1
1256,-1,865,713,155,124,0.9388332962989807,-1,-1,-1
1256,-1,657,769,156,111,0.755513608455658,-1,-1,-1
1257,-1,854,714,156,121,0.9465009570121765,-1,-1,-1
1257,-1,667,766,154,114,0.8599047064781189,-1,-1,-1
1258,-1,843,715,153,120,0.923431932926178,-1,-1,-1
1258,-1,672,769,165,113,0.9192696809768677,-1,-1,-1
1259,-1,676,764,174,120,0.9629917740821838,-1,-1,-1
1259,-1,832,722,149,113,0.9175298810005188,-1,-1,-1
1260,-1,685,765,171,122,0.9751343727111816,-1,-1,-1
1260,-1,821,721,150,117,0.9083034992218018,-1,-1,-1
1261,-1,694,763,168,127,0.9754931330680847,-1,-1,-1
1262,-1,702,769,170,125,0.9771329164505005,-1,-1,-1
1263,-1,705,772,174,127,0.986213743686676,-1,-1,-1
1264,-1,714,769,170,130,0.985822856426239,-1,-1,-1
1265,-1,718,771,178,133,0.9868567585945129,-1,-1,-1
1266,-1,729,767,188,140,0.9903258681297302,-1,-1,-1
1267,-1,743,757,185,152,0.9912670254707336,-1,-1,-1
1268,-1,754,757,187,157,0.9933859705924988,-1,-1,-1
1269,-1,762,763,198,157,0.9922967553138733,-1,-1,-1
1270,-1,769,765,200,159,0.9933339953422546,-1,-1,-1
1271,-1,777,766,202,162,0.9939348101615906,-1,-1,-1
1272,-1,787,762,209,165,0.994561493396759,-1,-1,-1
1273,-1,802,765,208,165,0.9954467415809631,-1,-1,-1
1274,-1,810,765,223,170,0.9956098198890686,-1,-1,-1
1275,-1,819,764,231,176,0.9958164095878601,-1,-1,-1
1276,-1,834,764,237,181,0.9949819445610046,-1,-1,-1
1277,-1,847,766,252,190,0.9936862587928772,-1,-1,-1
1278,-1,852,765,251,195,0.9944995641708374,-1,-1,-1
1279,-1,866,762,249,195,0.9946253895759583,-1,-1,-1
1280,-1,879,764,256,198,0.9952806830406189,-1,-1,-1
1281,-1,892,762,268,207,0.9949094653129578,-1,-1,-1
1282,-1,905,760,287,215,0.9974198341369629,-1,-1,-1
1283,-1,916,762,301,222,0.9966579675674438,-1,-1,-1
1284,-1,934,763,316,230,0.9956303834915161,-1,-1,-1
1285,-1,949,765,323,238,0.9966744184494019,-1,-1,-1
1286,-1,966,763,328,250,0.9959583878517151,-1,-1,-1
1287,-1,989,769,347,252,0.9965576529502869,-1,-1,-1
1288,-1,1004,766,361,273,0.9958052635192871,-1,-1,-1
1289,-1,1028,766,381,282,0.9950662851333618,-1,-1,-1
1290,-1,1044,766,412,295,0.9948680400848389,-1,-1,-1
1291,-1,1074,773,447,311,0.994717538356781,-1,-1,-1
1292,-1,1092,775,474,330,0.995130181312561,-1,-1,-1
1293,-1,1124,776,534,348,0.994611382484436,-1,-1,-1
1294,-1,1150,784,593,371,0.9950892329216003,-1,-1,-1
1295,-1,1190,779,627,394,0.9959458708763123,-1,-1,-1
1296,-1,1235,787,679,418,0.9962472319602966,-1,-1,-1
1297,-1,1285,792,760,446,0.9920004606246948,-1,-1,-1
1298,-1,1324,787,800,500,0.993759036064148,-1,-1,-1
1299,-1,1391,809,933,536,0.9894193410873413,-1,-1,-1
1300,-1,1466,799,1034,616,0.9836183190345764,-1,-1,-1
1301,-1,1505,792,1054,663,0.9397434592247009,-1,-1,-1
1302,-1,1616,789,943,720,0.8881787061691284,-1,-1,-1
1303,-1,1718,794,841,777,0.6202219128608704,-1,-1,-1
1465,-1,1842,742,717,360,0.9227963089942932,-1,-1,-1
1466,-1,1716,736,797,360,0.9609376192092896,-1,-1,-1
1467,-1,1642,744,796,353,0.9805051684379578,-1,-1,-1
1468,-1,1516,742,802,354,0.984557032585144,-1,-1,-1
1469,-1,1370,771,800,339,0.9827343821525574,-1,-1,-1
1470,-1,1297,786,745,334,0.9887464642524719,-1,-1,-1
1471,-1,1231,798,695,338,0.9829302430152893,-1,-1,-1
1472,-1,992,856,630,308,0.9890552759170532,-1,-1,-1
1473,-1,924,864,604,318,0.9902887344360352,-1,-1,-1
1474,-1,829,887,609,311,0.9884414672851562,-1,-1,-1
1475,-1,778,903,589,319,0.9855538010597229,-1,-1,-1
1476,-1,678,933,594,302,0.9865022897720337,-1,-1,-1
1477,-1,615,948,586,299,0.9847286343574524,-1,-1,-1
1478,-1,530,970,572,301,0.9834791421890259,-1,-1,-1
1479,-1,475,989,551,290,0.9864379167556763,-1,-1,-1
1480,-1,380,1021,544,270,0.9838654398918152,-1,-1,-1
1481,-1,302,1026,557,285,0.9801633954048157,-1,-1,-1
1482,-1,310,1049,482,247,0.9655201435089111,-1,-1,-1
1484,-1,81,1113,474,258,0.8166245818138123,-1,-1,-1
1485,-1,12,1129,512,255,0.9015265703201294,-1,-1,-1
1486,-1,0,1162,397,243,0.8585594296455383,-1,-1,-1
1629,-1,594,768,140,104,0.6885193586349487,-1,-1,-1
1630,-1,598,767,141,110,0.7542489171028137,-1,-1,-1
1631,-1,605,767,138,113,0.8334366083145142,-1,-1,-1
1632,-1,616,767,134,113,0.7256463766098022,-1,-1,-1
1633,-1,623,767,134,112,0.6270527243614197,-1,-1,-1
1636,-1,661,764,137,104,0.6838996410369873,-1,-1,-1
1637,-1,668,756,144,114,0.8536704182624817,-1,-1,-1
1638,-1,678,760,158,113,0.8793542981147766,-1,-1,-1
1639,-1,688,761,161,115,0.9567474722862244,-1,-1,-1
1640,-1,695,760,168,118,0.9693230390548706,-1,-1,-1
1641,-1,698,762,182,119,0.9716498851776123,-1,-1,-1
1642,-1,710,764,185,121,0.9811722636222839,-1,-1,-1
1643,-1,726,763,177,125,0.9780930280685425,-1,-1,-1
1644,-1,739,763,182,128,0.9835318326950073,-1,-1,-1
1645,-1,753,765,175,127,0.9891392588615417,-1,-1,-1
1646,-1,760,763,176,136,0.9906867146492004,-1,-1,-1
1647,-1,769,761,183,141,0.9922216534614563,-1,-1,-1
1648,-1,781,762,189,144,0.9934316277503967,-1,-1,-1
1649,-1,794,760,186,153,0.9933919310569763,-1,-1,-1
1650,-1,803,762,191,157,0.9931542873382568,-1,-1,-1
1651,-1,813,766,197,157,0.9952287673950195,-1,-1,-1
1652,-1,826,768,196,162,0.9949169158935547,-1,-1,-1
1653,-1,836,767,214,168,0.9958705306053162,-1,-1,-1
1654,-1,846,767,217,173,0.9955533146858215,-1,-1,-1
1655,-1,861,771,228,171,0.9957265853881836,-1,-1,-1
1656,-1,878,769,227,182,0.9945224523544312,-1,-1,-1
1657,-1,887,774,240,182,0.9950237274169922,-1,-1,-1
1658,-1,907,775,246,187,0.9960638880729675,-1,-1,-1
1659,-1,919,776,274,199,0.9952422380447388,-1,-1,-1
1660,-1,938,777,294,204,0.9968355298042297,-1,-1,-1
1661,-1,963,780,306,214,0.9967542290687561,-1,-1,-1
1662,-1,983,778,321,228,0.9946441650390625,-1,-1,-1
1663,-1,1008,781,349,233,0.9954257607460022,-1,-1,-1
1664,-1,1037,782,362,250,0.9947667121887207,-1,-1,-1
1665,-1,1073,786,391,267,0.9947201013565063,-1,-1,-1
1666,-1,1106,793,443,268,0.9933357238769531,-1,-1,-1
1667,-1,1145,797,503,287,0.991108775138855,-1,-1,-1
1668,-1,1191,794,537,313,0.9919314980506897,-1,-1,-1
1669,-1,1245,797,585,339,0.9943069815635681,-1,-1,-1
1670,-1,1307,795,663,380,0.9959061145782471,-1,-1,-1
1671,-1,1372,799,736,422,0.9969909191131592,-1,-1,-1
1672,-1,1460,797,816,472,0.9960112571716309,-1,-1,-1
1673,-1,1570,806,935,522,0.9941526055335999,-1,-1,-1
1674,-1,1684,801,875,608,0.9056972861289978,-1,-1,-1
1782,-1,595,766,143,112,0.6921737790107727,-1,-1,-1
1783,-1,600,766,142,114,0.8116964101791382,-1,-1,-1
1784,-1,611,766,138,117,0.7504668831825256,-1,-1,-1
1785,-1,611,765,143,121,0.6989902257919312,-1,-1,-1
1786,-1,620,765,144,122,0.6292731761932373,-1,-1,-1
1790,-1,660,761,148,118,0.8745906352996826,-1,-1,-1
1791,-1,666,762,153,119,0.9453862905502319,-1,-1,-1
1792,-1,670,761,168,126,0.9663838744163513,-1,-1,-1
1793,-1,682,764,170,126,0.9697401523590088,-1,-1,-1
1794,-1,692,768,172,125,0.9745089411735535,-1,-1,-1
1795,-1,697,766,180,132,0.9794541001319885,-1,-1,-1
1796,-1,699,764,195,133,0.9806575179100037,-1,-1,-1
1797,-1,709,765,195,138,0.9828876256942749,-1,-1,-1
1798,-1,717,764,193,144,0.9834057092666626,-1,-1,-1
1799,-1,738,764,184,146,0.9865135550498962,-1,-1,-1
1800,-1,748,766,188,149,0.9898930191993713,-1,-1,-1
1801,-1,760,767,195,154,0.9921767115592957,-1,-1,-1
1802,-1,772,767,192,162,0.9937484264373779,-1,-1,-1
1803,-1,783,764,196,165,0.9943934679031372,-1,-1,-1
1804,-1,793,767,201,170,0.9951853156089783,-1,-1,-1
1805,-1,806,767,206,173,0.9959659576416016,-1,-1,-1
1806,-1,816,768,214,185,0.995743453502655,-1,-1,-1
1807,-1,831,771,220,183,0.9965448975563049,-1,-1,-1
1808,-1,842,767,231,191,0.9961704611778259,-1,-1,-1
1809,-1,858,770,233,194,0.9958717226982117,-1,-1,-1
1810,-1,869,773,241,200,0.9961079955101013,-1,-1,-1
1811,-1,881,774,266,208,0.9962282180786133,-1,-1,-1
1812,-1,903,777,282,217,0.9969120025634766,-1,-1,-1
1813,-1,922,777,290,227,0.9954067468643188,-1,-1,-1
1814,-1,942,779,312,238,0.9957558512687683,-1,-1,-1
1815,-1,969,781,322,250,0.9952186942100525,-1,-1,-1
1816,-1,992,782,354,262,0.9956835508346558,-1,-1,-1
1817,-1,1017,783,376,282,0.9955216646194458,-1,-1,-1
1818,-1,1044,789,417,289,0.9949687123298645,-1,-1,-1
1819,-1,1078,788,433,314,0.9963615536689758,-1,-1,-1
1820,-1,1120,788,484,335,0.9960377216339111,-1,-1,-1
1821,-1,1167,796,567,362,0.9944605827331543,-1,-1,-1
1822,-1,1214,791,634,391,0.9958221912384033,-1,-1,-1
1823,-1,1287,800,671,435,0.9956252574920654,-1,-1,-1
1824,-1,1380,792,730,488,0.9967896342277527,-1,-1,-1
1825,-1,1463,798,832,565,0.9949855804443359,-1,-1,-1
1826,-1,1547,807,993,631,0.9921084046363831,-1,-1,-1
1827,-1,1681,811,878,723,0.8748587965965271,-1,-1,-1
2127,-1,1994,613,565,358,0.628820538520813,-1,-1,-1
2128,-1,1892,606,653,361,0.8783441185951233,-1,-1,-1
2129,-1,1835,591,679,369,0.9397416710853577,-1,-1,-1
2130,-1,1806,593,681,355,0.980724573135376,-1,-1,-1
2131,-1,1729,596,660,342,0.9877883791923523,-1,-1,-1
2132,-1,1679,594,629,333,0.9928881525993347,-1,-1,-1
2133,-1,1625,602,598,325,0.9897935390472412,-1,-1,-1
2134,-1,1584,602,553,315,0.9897584915161133,-1,-1,-1
2135,-1,1540,608,529,303,0.9933977127075195,-1,-1,-1
2136,-1,1497,612,501,289,0.99356609582901,-1,-1,-1
2137,-1,1477,617,458,268,0.9929230213165283,-1,-1,-1
2138,-1,1453,624,417,258,0.9935857653617859,-1,-1,-1
2139,-1,1414,626,407,249,0.9928523898124695,-1,-1,-1
2140,-1,1384,633,385,239,0.9936888217926025,-1,-1,-1
2141,-1,1356,633,365,237,0.9941743016242981,-1,-1,-1
2142,-1,1338,639,344,229,0.9944012761116028,-1,-1,-1
2143,-1,1308,644,338,222,0.9938284754753113,-1,-1,-1
2144,-1,1276,646,325,217,0.9935159683227539,-1,-1,-1
2145,-1,1265,649,312,215,0.9938540458679199,-1,-1,-1
2146,-1,1246,650,288,206,0.9944431185722351,-1,-1,-1
2147,-1,1218,650,288,202,0.9934601783752441,-1,-1,-1
2148,-1,1198,655,279,199,0.9943939447402954,-1,-1,-1
2149,-1,1178,659,261,192,0.9950300455093384,-1,-1,-1
2150,-1,1161,657,265,195,0.993846595287323,-1,-1,-1
2151,-1,1144,658,252,197,0.9933880567550659,-1,-1,-1
2152,-1,1124,660,241,192,0.9939900636672974,-1,-1,-1
2153,-1,1111,663,233,183,0.9941747784614563,-1,-1,-1
2154,-1,1093,665,225,183,0.993009090423584,-1,-1,-1
2155,-1,1078,665,232,183,0.9919752478599548,-1,-1,-1
2156,-1,1064,662,225,182,0.9939600229263306,-1,-1,-1
2157,-1,1055,665,219,177,0.993655800819397,-1,-1,-1
2158,-1,1042,671,215,173,0.9911904335021973,-1,-1,-1
2159,-1,1030,681,212,158,0.9871569275856018,-1,-1,-1
2160,-1,1016,681,206,162,0.9851263761520386,-1,-1,-1
2161,-1,1004,684,206,155,0.9883686304092407,-1,-1,-1
2162,-1,995,685,194,151,0.9795615077018738,-1,-1,-1
2163,-1,974,690,201,146,0.9787935018539429,-1,-1,-1
2164,-1,966,689,194,144,0.9813100099563599,-1,-1,-1
2165,-1,956,691,187,145,0.9790623188018799,-1,-1,-1
2166,-1,939,697,183,138,0.9850067496299744,-1,-1,-1
2167,-1,927,694,176,144,0.9864100813865662,-1,-1,-1
2168,-1,918,692,178,145,0.9836090207099915,-1,-1,-1
2169,-1,900,698,178,137,0.9833213090896606,-1,-1,-1
2170,-1,898,695,172,140,0.9806766510009766,-1,-1,-1
2171,-1,881,700,170,134,0.9823483824729919,-1,-1,-1
2172,-1,874,701,168,134,0.9678635597229004,-1,-1,-1
2173,-1,864,703,165,131,0.9703516960144043,-1,-1,-1
2174,-1,854,702,168,135,0.9583038091659546,-1,-1,-1
2175,-1,841,707,163,131,0.9597698450088501,-1,-1,-1
2176,-1,831,710,163,126,0.9754782915115356,-1,-1,-1
2177,-1,827,713,151,123,0.9669319987297058,-1,-1,-1
2178,-1,817,709,152,127,0.978196382522583,-1,-1,-1
2179,-1,806,714,152,123,0.9583567976951599,-1,-1,-1
2180,-1,795,721,152,116,0.9673053026199341,-1,-1,-1
2181,-1,789,719,150,120,0.9425860643386841,-1,-1,-1
2182,-1,780,723,154,114,0.9420843124389648,-1,-1,-1
2183,-1,770,725,146,111,0.9429317116737366,-1,-1,-1
2184,-1,768,725,139,112,0.9303205013275146,-1,-1,-1
2185,-1,760,726,136,109,0.8656017780303955,-1,-1,-1
2186,-1,754,726,135,111,0.9113836884498596,-1,-1,-1
2187,-1,744,732,133,103,0.856850266456604,-1,-1,-1
2188,-1,731,732,138,102,0.7437178492546082,-1,-1,-1
2189,-1,729,731,138,103,0.6543136239051819,-1,-1,-1
2190,-1,717,734,139,100,0.6681699156761169,-1,-1,-1
2192,-1,699,734,136,103,0.614937961101532,-1,-1,-1
2260,-1,603,776,146,116,0.6788383722305298,-1,-1,-1
2267,-1,668,771,157,125,0.8196343183517456,-1,-1,-1
2268,-1,672,772,168,123,0.8121090531349182,-1,-1,-1
2269,-1,681,771,174,130,0.9673652052879333,-1,-1,-1
2270,-1,686,777,183,133,0.9741382002830505,-1,-1,-1
2271,-1,693,775,190,134,0.9492202997207642,-1,-1,-1
2272,-1,700,777,193,139,0.9597252607345581,-1,-1,-1
2273,-1,707,778,195,145,0.9807410836219788,-1,-1,-1
2274,-1,727,780,186,143,0.9768285751342773,-1,-1,-1
2275,-1,744,780,184,146,0.9847549200057983,-1,-1,-1
2276,-1,759,783,192,147,0.9896189570426941,-1,-1,-1
2277,-1,767,782,199,153,0.9917463064193726,-1,-1,-1
2278,-1,780,787,189,156,0.9893669486045837,-1,-1,-1
2279,-1,790,787,194,159,0.9935245513916016,-1,-1,-1
2280,-1,805,791,191,163,0.9920939803123474,-1,-1,-1
2281,-1,815,796,198,166,0.9928160905838013,-1,-1,-1
2282,-1,827,798,206,172,0.9932396411895752,-1,-1,-1
2283,-1,838,798,218,182,0.9929332733154297,-1,-1,-1
2284,-1,850,801,222,183,0.9955242872238159,-1,-1,-1
2285,-1,861,800,230,195,0.9956576824188232,-1,-1,-1
2286,-1,883,805,232,194,0.995914876461029,-1,-1,-1
2287,-1,903,808,245,201,0.9965362548828125,-1,-1,-1
2288,-1,918,808,257,214,0.9962761402130127,-1,-1,-1
2289,-1,944,817,266,221,0.9953357577323914,-1,-1,-1
2290,-1,963,824,286,233,0.9960809350013733,-1,-1,-1
2291,-1,986,829,311,250,0.9945669174194336,-1,-1,-1
2292,-1,1008,829,353,269,0.9938598871231079,-1,-1,-1
2293,-1,1040,842,390,269,0.9943655729293823,-1,-1,-1
2294,-1,1069,842,424,304,0.9943526983261108,-1,-1,-1
2295,-1,1114,852,465,320,0.9948667287826538,-1,-1,-1
2296,-1,1152,861,534,349,0.99512779712677,-1,-1,-1
2297,-1,1216,859,573,384,0.996342122554779,-1,-1,-1
2298,-1,1285,883,650,403,0.994314968585968,-1,-1,-1
2299,-1,1359,881,724,466,0.9950860142707825,-1,-1,-1
2300,-1,1456,888,843,538,0.9966641068458557,-1,-1,-1
2301,-1,1578,934,981,576,0.9913562536239624,-1,-1,-1
2302,-1,1669,919,890,641,0.8305433988571167,-1,-1,-1
2364,-1,1896,658,662,311,0.94498211145401,-1,-1,-1
2365,-1,1815,650,671,309,0.957112193107605,-1,-1,-1
2366,-1,1534,653,558,274,0.9883503913879395,-1,-1,-1
2367,-1,1478,658,502,252,0.9916456341743469,-1,-1,-1
2368,-1,1442,666,428,237,0.9924575090408325,-1,-1,-1
2368,-1,585,766,142,116,0.6152614951133728,-1,-1,-1
2369,-1,1392,668,386,224,0.9907761216163635,-1,-1,-1
2369,-1,589,769,139,112,0.7355266809463501,-1,-1,-1
2370,-1,1358,673,342,211,0.9944804906845093,-1,-1,-1
2370,-1,591,764,146,123,0.7721129059791565,-1,-1,-1
2371,-1,1309,678,323,201,0.9927201271057129,-1,-1,-1
2371,-1,595,766,146,118,0.7855156660079956,-1,-1,-1
2372,-1,1278,688,309,189,0.9924845099449158,-1,-1,-1
2372,-1,599,766,146,122,0.8241867423057556,-1,-1,-1
2373,-1,1242,687,289,185,0.9909815192222595,-1,-1,-1
2373,-1,610,768,140,117,0.7898731827735901,-1,-1,-1
2374,-1,1209,690,277,179,0.9894424676895142,-1,-1,-1
2374,-1,614,771,137,113,0.7815974354743958,-1,-1,-1
2375,-1,1184,689,258,176,0.9921935796737671,-1,-1,-1
2375,-1,620,771,136,113,0.7098554372787476,-1,-1,-1
2376,-1,1167,687,252,173,0.991312563419342,-1,-1,-1
2377,-1,1142,690,244,168,0.9898592829704285,-1,-1,-1
2377,-1,640,766,133,116,0.7363369464874268,-1,-1,-1
2378,-1,1120,691,235,165,0.9924222826957703,-1,-1,-1
2378,-1,649,764,137,117,0.7530845403671265,-1,-1,-1
2379,-1,1104,694,221,158,0.9884219765663147,-1,-1,-1
2379,-1,651,764,157,118,0.9412305355072021,-1,-1,-1
2380,-1,1091,695,209,152,0.9920269846916199,-1,-1,-1
2380,-1,656,765,158,120,0.9460564851760864,-1,-1,-1
2381,-1,1073,697,211,147,0.9913777112960815,-1,-1,-1
2381,-1,667,765,158,120,0.9391788244247437,-1,-1,-1
2382,-1,1057,697,203,146,0.9899042248725891,-1,-1,-1
2382,-1,673,766,168,121,0.9508650898933411,-1,-1,-1
2383,-1,1038,701,196,140,0.9826960563659668,-1,-1,-1
2383,-1,683,765,169,126,0.9650792479515076,-1,-1,-1
2384,-1,1015,707,189,131,0.9816393852233887,-1,-1,-1
2384,-1,691,765,170,123,0.9612720608711243,-1,-1,-1
2385,-1,696,765,173,128,0.9761863946914673,-1,-1,-1
2385,-1,1006,707,180,131,0.9707568287849426,-1,-1,-1
2386,-1,703,772,182,128,0.9760305881500244,-1,-1,-1
2386,-1,990,708,185,127,0.9736782312393188,-1,-1,-1
2387,-1,714,769,178,130,0.9744234681129456,-1,-1,-1
2387,-1,970,712,177,120,0.9624835252761841,-1,-1,-1
2388,-1,719,766,182,137,0.9776565432548523,-1,-1,-1
2388,-1,961,707,178,126,0.9754157662391663,-1,-1,-1
2389,-1,730,766,184,138,0.9884287714958191,-1,-1,-1
2389,-1,946,715,170,116,0.9542633891105652,-1,-1,-1
2390,-1,743,766,182,141,0.9893180727958679,-1,-1,-1
2390,-1,938,712,169,120,0.9645400643348694,-1,-1,-1
2391,-1,754,766,181,143,0.9913357496261597,-1,-1,-1
2391,-1,926,714,165,116,0.9094143509864807,-1,-1,-1
2392,-1,761,766,189,149,0.993196964263916,-1,-1,-1
2392,-1,912,711,162,119,0.8474540710449219,-1,-1,-1
2393,-1,769,766,194,155,0.9932959675788879,-1,-1,-1
2393,-1,907,713,151,119,0.7670280933380127,-1,-1,-1
2394,-1,778,769,196,157,0.9935110211372375,-1,-1,-1
2395,-1,790,769,190,159,0.9932090640068054,-1,-1,-1
2396,-1,801,768,197,163,0.9948515295982361,-1,-1,-1
2397,-1,810,763,205,168,0.9956697225570679,-1,-1,-1
2398,-1,820,764,206,174,0.9948598146438599,-1,-1,-1
2399,-1,830,764,212,177,0.9960619807243347,-1,-1,-1
2400,-1,843,771,220,175,0.9962140917778015,-1,-1,-1
2401,-1,851,771,224,182,0.9963461756706238,-1,-1,-1
2402,-1,863,773,229,188,0.9968013763427734,-1,-1,-1
2403,-1,875,775,229,190,0.9973955154418945,-1,-1,-1
2404,-1,886,773,242,197,0.9970406889915466,-1,-1,-1
2405,-1,906,776,248,200,0.996880292892456,-1,-1,-1
2405,-1,773,732,140,100,0.660862922668457,-1,-1,-1
2406,-1,920,781,267,202,0.9967045187950134,-1,-1,-1
2407,-1,934,781,278,212,0.9963659048080444,-1,-1,-1
2408,-1,945,784,299,221,0.9963239431381226,-1,-1,-1
2409,-1,967,787,310,234,0.995797872543335,-1,-1,-1
2410,-1,989,790,322,243,0.9957874417304993,-1,-1,-1
2411,-1,1010,793,347,259,0.9927518367767334,-1,-1,-1
2412,-1,1028,797,377,270,0.9951151609420776,-1,-1,-1
2413,-1,1048,798,406,283,0.9935916066169739,-1,-1,-1
2414,-1,1081,802,447,303,0.9937700629234314,-1,-1,-1
2415,-1,1105,804,486,323,0.9942375421524048,-1,-1,-1
