59,209,1210,331,421,174,1,-1,-1,-1
60,209,1140,331,425,175,1,-1,-1,-1
61,209,1072,329,432,176,1,-1,-1,-1
62,209,997,329,437,177,1,-1,-1,-1
63,209,927,329,437,177,1,-1,-1,-1
64,209,860,331,436,176,1,-1,-1,-1
65,209,796,332,434,176,1,-1,-1,-1
66,209,719,334,433,176,1,-1,-1,-1
67,209,631,335,434,175,1,-1,-1,-1
68,209,545,337,433,175,1,-1,-1,-1
69,209,463,338,435,175,1,-1,-1,-1
70,209,371,340,434,175,1,-1,-1,-1
71,209,287,343,432,175,1,-1,-1,-1
72,209,203,346,429,174,1,-1,-1,-1
73,209,119,349,427,174,1,-1,-1,-1
74,209,38,350,424,174,1,-1,-1,-1
75,209,-31,353,417,173,1,-1,-1,-1
76,209,-79,357,404,171,1,-1,-1,-1
88,210,1185,309,470,202,1,-1,-1,-1
89,210,1110,308,471,203,1,-1,-1,-1
90,210,1046,314,466,201,1,-1,-1,-1
91,210,979,318,461,198,1,-1,-1,-1
92,210,912,323,456,195,1,-1,-1,-1
93,210,843,325,453,192,1,-1,-1,-1
94,210,776,326,449,189,1,-1,-1,-1
95,210,700,330,446,187,1,-1,-1,-1
96,211,1206,173,599,301,1,-1,-1,-1
96,210,618,332,445,185,1,-1,-1,-1
97,211,1142,177,573,293,1,-1,-1,-1
97,210,535,333,445,184,1,-1,-1,-1
98,211,1108,179,554,288,1,-1,-1,-1
98,210,456,335,442,183,1,-1,-1,-1
99,211,1084,180,543,286,1,-1,-1,-1
99,210,378,338,440,183,1,-1,-1,-1
100,211,1064,179,545,288,1,-1,-1,-1
100,210,295,341,439,182,1,-1,-1,-1
101,211,1033,178,549,290,1,-1,-1,-1
101,210,213,343,438,181,1,-1,-1,-1
102,211,1004,177,557,294,1,-1,-1,-1
102,210,136,346,437,181,1,-1,-1,-1
103,211,960,175,563,296,1,-1,-1,-1
103,210,56,347,435,181,1,-1,-1,-1
104,211,902,174,556,295,1,-1,-1,-1
104,210,-19,349,430,181,1,-1,-1,-1
105,211,868,174,553,295,1,-1,-1,-1
105,210,-68,352,419,180,1,-1,-1,-1
106,211,819,178,549,295,1,-1,-1,-1
106,210,-104,356,398,177,1,-1,-1,-1
107,212,1182,354,400,160,1,-1,-1,-1
107,211,756,181,537,294,1,-1,-1,-1
108,212,1103,354,400,160,1,-1,-1,-1
108,211,698,185,520,291,1,-1,-1,-1
109,212,1027,355,406,160,1,-1,-1,-1
109,211,649,190,501,289,1,-1,-1,-1
110,212,941,356,408,161,1,-1,-1,-1
110,211,610,194,481,286,1,-1,-1,-1
111,212,856,357,409,160,1,-1,-1,-1
111,211,575,197,462,284,1,-1,-1,-1
112,212,766,358,412,160,1,-1,-1,-1
112,211,537,198,444,282,1,-1,-1,-1
113,212,677,359,413,160,1,-1,-1,-1
113,211,498,199,427,281,1,-1,-1,-1
114,212,596,360,413,160,1,-1,-1,-1
114,211,464,203,411,280,1,-1,-1,-1
115,212,514,364,412,158,1,-1,-1,-1
116,212,441,366,410,157,1,-1,-1,-1
117,212,369,368,408,156,1,-1,-1,-1
118,212,276,371,407,155,1,-1,-1,-1
119,212,174,374,407,154,1,-1,-1,-1
120,212,80,376,406,155,1,-1,-1,-1
121,212,-5,378,403,154,1,-1,-1,-1
122,212,-62,380,395,154,1,-1,-1,-1
131,213,179,479,692,328,1,-1,-1,-1
132,213,250,480,692,322,1,-1,-1,-1
133,214,842,361,358,147,1,-1,-1,-1
133,213,327,483,684,317,1,-1,-1,-1
134,214,726,361,359,147,1,-1,-1,-1
134,213,394,480,692,317,1,-1,-1,-1
135,214,604,364,365,149,1,-1,-1,-1
135,213,459,479,700,317,1,-1,-1,-1
136,214,484,367,369,150,1,-1,-1,-1
136,213,538,477,701,315,1,-1,-1,-1
137,214,357,368,374,151,1,-1,-1,-1
137,213,615,475,707,315,1,-1,-1,-1
138,214,243,371,375,151,1,-1,-1,-1
138,213,696,476,715,315,1,-1,-1,-1
139,214,137,376,371,150,1,-1,-1,-1
139,213,796,478,707,312,1,-1,-1,-1
140,213,899,478,695,309,1,-1,-1,-1
141,213,1000,478,682,305,1,-1,-1,-1
142,213,1086,476,673,302,1,-1,-1,-1
143,213,1173,474,666,300,1,-1,-1,-1
144,215,125,423,504,269,1,-1,-1,-1
144,213,1262,473,660,298,1,-1,-1,-1
145,215,172,421,517,270,1,-1,-1,-1
145,213,1332,475,649,295,1,-1,-1,-1
146,215,223,420,524,270,1,-1,-1,-1
146,213,1395,477,628,292,1,-1,-1,-1
147,215,269,422,531,269,1,-1,-1,-1
148,215,334,420,536,268,1,-1,-1,-1
149,215,397,419,539,267,1,-1,-1,-1
150,215,465,418,540,265,1,-1,-1,-1
151,215,546,416,540,264,1,-1,-1,-1
152,215,632,414,540,264,1,-1,-1,-1
153,215,718,412,540,263,1,-1,-1,-1
154,216,225,606,731,462,1,-1,-1,-1
154,215,801,412,539,263,1,-1,-1,-1
155,216,308,616,776,476,1,-1,-1,-1
155,215,886,411,536,262,1,-1,-1,-1
156,216,391,624,815,484,1,-1,-1,-1
156,215,977,413,532,261,1,-1,-1,-1
157,216,474,637,844,483,1,-1,-1,-1
157,215,1067,412,529,260,1,-1,-1,-1
158,216,564,648,873,477,1,-1,-1,-1
158,215,1159,414,525,259,1,-1,-1,-1
159,215,1254,414,522,258,1,-1,-1,-1
160,215,1353,413,519,257,1,-1,-1,-1
161,215,1436,415,512,256,1,-1,-1,-1
162,218,80,376,359,149,1,-1,-1,-1
162,215,1496,419,500,253,1,-1,-1,-1
163,218,-34,381,352,147,1,-1,-1,-1
174,219,380,437,719,355,1,-1,-1,-1
175,219,487,436,733,354,1,-1,-1,-1
176,219,600,436,742,351,1,-1,-1,-1
177,219,723,438,743,347,1,-1,-1,-1
178,219,844,437,748,345,1,-1,-1,-1
179,219,962,438,752,342,1,-1,-1,-1
180,219,1078,439,748,338,1,-1,-1,-1
181,219,1172,440,747,336,1,-1,-1,-1
182,219,1268,439,733,333,1,-1,-1,-1
183,219,1359,444,702,327,1,-1,-1,-1
215,220,1081,412,631,279,1,-1,-1,-1
216,220,1302,413,622,273,1,-1,-1,-1
217,220,1469,419,587,262,1,-1,-1,-1
267,222,674,358,360,147,1,-1,-1,-1
268,222,536,359,361,148,1,-1,-1,-1
269,222,391,363,360,148,1,-1,-1,-1
270,222,256,366,357,147,1,-1,-1,-1
271,222,119,369,356,147,1,-1,-1,-1
272,222,-6,372,354,146,1,-1,-1,-1
273,222,-93,377,339,143,1,-1,-1,-1
322,224,921,349,321,133,1,-1,-1,-1
323,224,806,351,322,133,1,-1,-1,-1
324,224,683,353,329,134,1,-1,-1,-1
325,224,555,354,334,136,1,-1,-1,-1
326,224,428,356,337,136,1,-1,-1,-1
327,224,304,359,339,136,1,-1,-1,-1
328,224,182,362,339,136,1,-1,-1,-1
329,224,66,365,338,136,1,-1,-1,-1
330,224,-36,371,334,135,1,-1,-1,-1
342,225,1421,450,513,231,1,-1,-1,-1
344,226,823,344,398,165,1,-1,-1,-1
345,226,705,345,399,166,1,-1,-1,-1
346,226,588,345,404,169,1,-1,-1,-1
347,226,468,347,403,169,1,-1,-1,-1
348,226,342,350,404,171,1,-1,-1,-1
349,226,224,353,404,171,1,-1,-1,-1
350,226,106,355,401,171,1,-1,-1,-1
351,226,-5,358,396,171,1,-1,-1,-1
352,226,-82,363,383,169,1,-1,-1,-1
354,227,783,339,346,140,1,-1,-1,-1
355,227,648,342,350,141,1,-1,-1,-1
356,227,506,344,348,141,1,-1,-1,-1
357,227,366,349,347,140,1,-1,-1,-1
358,227,227,353,344,140,1,-1,-1,-1
359,227,97,357,341,139,1,-1,-1,-1
360,228,1273,483,660,292,1,-1,-1,-1
360,227,-25,363,335,138,1,-1,-1,-1
361,228,1466,495,610,275,1,-1,-1,-1
361,227,-105,367,319,134,1,-1,-1,-1
368,229,737,324,360,154,1,-1,-1,-1
369,229,585,326,366,157,1,-1,-1,-1
370,229,437,329,371,159,1,-1,-1,-1
371,229,292,334,374,160,1,-1,-1,-1
372,229,146,339,371,160,1,-1,-1,-1
373,229,12,342,370,160,1,-1,-1,-1
374,229,-84,347,358,157,1,-1,-1,-1
378,230,723,333,434,177,1,-1,-1,-1
379,230,572,333,436,177,1,-1,-1,-1
380,230,425,335,438,177,1,-1,-1,-1
381,230,280,341,438,177,1,-1,-1,-1
382,230,123,345,438,177,1,-1,-1,-1
383,230,-13,351,434,176,1,-1,-1,-1
384,230,-110,357,415,172,1,-1,-1,-1
407,231,575,357,355,156,1,-1,-1,-1
408,231,421,358,359,158,1,-1,-1,-1
409,231,269,360,359,158,1,-1,-1,-1
410,231,119,363,358,159,1,-1,-1,-1
411,231,-19,366,355,158,1,-1,-1,-1
426,232,888,237,71,65,1,-1,-1,-1
427,232,886,238,72,66,1,-1,-1,-1
428,232,885,239,73,66,1,-1,-1,-1
429,232,883,240,73,67,1,-1,-1,-1
430,232,880,239,74,68,1,-1,-1,-1
431,232,878,239,75,69,1,-1,-1,-1
432,232,876,239,76,71,1,-1,-1,-1
433,232,874,240,77,72,1,-1,-1,-1
434,232,872,240,77,72,1,-1,-1,-1
435,232,871,241,78,73,1,-1,-1,-1
436,233,1468,317,278,121,1,-1,-1,-1
436,232,868,242,79,73,1,-1,-1,-1
437,233,1426,316,277,120,1,-1,-1,-1
437,232,866,244,80,73,1,-1,-1,-1
438,233,1389,315,275,119,1,-1,-1,-1
438,232,864,245,81,73,1,-1,-1,-1
439,233,1357,311,273,119,1,-1,-1,-1
439,232,864,245,82,73,1,-1,-1,-1
440,233,1326,308,270,118,1,-1,-1,-1
440,232,863,245,83,73,1,-1,-1,-1
441,233,1301,306,265,117,1,-1,-1,-1
441,232,861,245,85,74,1,-1,-1,-1
442,233,1279,304,257,115,1,-1,-1,-1
442,232,860,245,87,74,1,-1,-1,-1
443,233,1259,302,250,113,1,-1,-1,-1
443,232,859,245,89,75,1,-1,-1,-1
444,233,1240,300,241,111,1,-1,-1,-1
444,232,857,245,90,76,1,-1,-1,-1
445,233,1221,299,231,109,1,-1,-1,-1
445,232,854,245,92,77,1,-1,-1,-1
446,233,1206,297,222,107,1,-1,-1,-1
446,232,854,245,93,79,1,-1,-1,-1
447,233,1190,296,214,105,1,-1,-1,-1
447,232,854,245,94,80,1,-1,-1,-1
448,233,1176,294,206,103,1,-1,-1,-1
448,232,853,245,96,82,1,-1,-1,-1
449,233,1165,292,197,101,1,-1,-1,-1
449,232,852,244,97,83,1,-1,-1,-1
450,233,1155,290,188,99,1,-1,-1,-1
450,232,852,244,99,84,1,-1,-1,-1
451,233,1145,289,179,98,1,-1,-1,-1
451,232,850,245,99,85,1,-1,-1,-1
452,233,1136,287,170,96,1,-1,-1,-1
452,232,849,246,99,86,1,-1,-1,-1
453,233,1130,286,162,94,1,-1,-1,-1
453,232,849,246,99,88,1,-1,-1,-1
454,233,1124,285,155,93,1,-1,-1,-1
454,232,849,246,99,89,1,-1,-1,-1
455,233,1120,284,147,91,1,-1,-1,-1
455,232,848,247,99,89,1,-1,-1,-1
456,233,1116,283,140,89,1,-1,-1,-1
456,232,849,247,99,90,1,-1,-1,-1
457,233,1111,283,134,86,1,-1,-1,-1
457,232,849,248,99,90,1,-1,-1,-1
458,233,1107,282,128,84,1,-1,-1,-1
458,232,848,249,99,91,1,-1,-1,-1
459,233,1103,281,122,82,1,-1,-1,-1
459,232,848,250,99,92,1,-1,-1,-1
460,233,1101,281,117,80,1,-1,-1,-1
460,232,848,250,99,92,1,-1,-1,-1
461,233,1098,280,112,79,1,-1,-1,-1
461,232,849,251,99,93,1,-1,-1,-1
462,233,1096,278,108,78,1,-1,-1,-1
462,232,849,252,99,93,1,-1,-1,-1
463,233,1092,277,105,77,1,-1,-1,-1
463,232,849,254,99,93,1,-1,-1,-1
464,233,1090,275,102,76,1,-1,-1,-1
464,232,849,256,100,94,1,-1,-1,-1
465,233,1088,273,99,76,1,-1,-1,-1
465,232,849,257,99,94,1,-1,-1,-1
466,233,1086,271,96,74,1,-1,-1,-1
466,232,849,258,99,95,1,-1,-1,-1
467,233,1084,270,94,73,1,-1,-1,-1
467,232,849,259,99,96,1,-1,-1,-1
468,235,735,369,344,134,1,-1,-1,-1
468,233,1082,269,91,72,1,-1,-1,-1
468,232,850,259,100,97,1,-1,-1,-1
469,235,590,370,352,136,1,-1,-1,-1
469,233,1080,268,88,70,1,-1,-1,-1
469,232,850,259,100,98,1,-1,-1,-1
470,235,453,371,352,137,1,-1,-1,-1
470,233,1080,268,86,68,1,-1,-1,-1
470,232,850,260,101,98,1,-1,-1,-1
471,235,312,375,350,137,1,-1,-1,-1
471,233,1079,268,84,67,1,-1,-1,-1
471,232,851,261,102,99,1,-1,-1,-1
472,235,168,379,348,137,1,-1,-1,-1
472,233,1079,268,82,67,1,-1,-1,-1
472,232,852,263,103,99,1,-1,-1,-1
473,235,34,382,344,136,1,-1,-1,-1
473,233,1078,267,80,66,1,-1,-1,-1
473,232,853,263,104,100,1,-1,-1,-1
474,235,-68,387,333,134,1,-1,-1,-1
474,233,1077,266,79,65,1,-1,-1,-1
474,232,853,263,105,100,1,-1,-1,-1
475,233,1075,264,77,64,1,-1,-1,-1
475,232,853,264,107,101,1,-1,-1,-1
476,233,1074,263,75,63,1,-1,-1,-1
476,232,854,265,108,102,1,-1,-1,-1
477,233,1074,261,74,62,1,-1,-1,-1
477,232,854,267,109,102,1,-1,-1,-1
478,233,1073,259,73,62,1,-1,-1,-1
478,232,854,268,110,102,1,-1,-1,-1
479,233,1072,258,72,62,1,-1,-1,-1
479,232,854,270,110,101,1,-1,-1,-1
480,233,1071,257,71,61,1,-1,-1,-1
480,232,855,271,111,101,1,-1,-1,-1
481,233,1069,256,71,61,1,-1,-1,-1
481,232,856,272,112,101,1,-1,-1,-1
482,233,1069,256,70,60,1,-1,-1,-1
482,232,857,273,113,102,1,-1,-1,-1
483,233,1068,254,70,60,1,-1,-1,-1
483,232,859,274,114,102,1,-1,-1,-1
484,233,1068,253,71,61,1,-1,-1,-1
484,232,860,276,115,102,1,-1,-1,-1
485,233,1066,252,71,61,1,-1,-1,-1
485,232,861,277,115,103,1,-1,-1,-1
486,233,1066,251,71,61,1,-1,-1,-1
486,232,863,278,116,103,1,-1,-1,-1
487,232,864,280,117,104,1,-1,-1,-1
488,232,865,280,118,105,1,-1,-1,-1
489,232,866,280,119,106,1,-1,-1,-1
490,236,1359,465,671,337,1,-1,-1,-1
490,232,867,281,120,107,1,-1,-1,-1
491,232,869,281,121,108,1,-1,-1,-1
492,232,870,281,121,109,1,-1,-1,-1
493,232,872,281,122,109,1,-1,-1,-1
494,232,873,282,123,110,1,-1,-1,-1
495,232,874,283,123,110,1,-1,-1,-1
496,232,874,284,124,111,1,-1,-1,-1
497,232,875,284,125,112,1,-1,-1,-1
498,232,877,284,126,112,1,-1,-1,-1
499,232,878,283,126,113,1,-1,-1,-1
500,232,877,284,127,113,1,-1,-1,-1
501,232,877,285,128,114,1,-1,-1,-1
502,232,876,286,129,115,1,-1,-1,-1
503,232,878,286,130,115,1,-1,-1,-1
504,232,878,287,131,115,1,-1,-1,-1
505,232,878,287,132,116,1,-1,-1,-1
506,232,878,287,133,116,1,-1,-1,-1
507,232,879,286,133,117,1,-1,-1,-1
508,232,880,287,134,118,1,-1,-1,-1
509,232,882,287,134,118,1,-1,-1,-1
510,232,882,288,135,118,1,-1,-1,-1
511,232,883,287,135,119,1,-1,-1,-1
512,232,884,288,135,120,1,-1,-1,-1
513,232,886,288,136,120,1,-1,-1,-1
514,232,887,289,136,120,1,-1,-1,-1
515,232,887,288,136,121,1,-1,-1,-1
516,232,887,288,136,121,1,-1,-1,-1
517,232,887,287,136,121,1,-1,-1,-1
518,232,888,287,136,121,1,-1,-1,-1
519,232,889,288,135,121,1,-1,-1,-1
520,232,889,288,135,122,1,-1,-1,-1
521,232,890,288,135,122,1,-1,-1,-1
522,232,891,288,135,122,1,-1,-1,-1
523,232,891,289,136,123,1,-1,-1,-1
524,232,892,290,136,123,1,-1,-1,-1
525,232,891,289,136,123,1,-1,-1,-1
526,232,891,289,136,123,1,-1,-1,-1
527,232,891,289,137,123,1,-1,-1,-1
528,232,891,290,137,123,1,-1,-1,-1
529,232,891,289,136,124,1,-1,-1,-1
530,232,892,290,137,124,1,-1,-1,-1
531,232,893,291,136,124,1,-1,-1,-1
532,232,893,290,136,124,1,-1,-1,-1
533,232,893,291,136,124,1,-1,-1,-1
534,232,894,291,135,124,1,-1,-1,-1
535,232,895,292,135,123,1,-1,-1,-1
536,232,895,292,134,123,1,-1,-1,-1
537,232,896,292,134,123,1,-1,-1,-1
538,237,751,280,153,124,1,-1,-1,-1
538,232,896,293,134,123,1,-1,-1,-1
539,237,747,280,155,125,1,-1,-1,-1
539,232,896,292,134,123,1,-1,-1,-1
540,237,745,280,154,125,1,-1,-1,-1
540,232,895,292,134,123,1,-1,-1,-1
541,237,743,281,154,125,1,-1,-1,-1
541,232,895,290,134,123,1,-1,-1,-1
542,238,726,344,308,133,1,-1,-1,-1
542,232,895,285,135,121,1,-1,-1,-1
543,238,571,348,309,134,1,-1,-1,-1
543,232,895,288,136,120,1,-1,-1,-1
544,238,411,352,308,133,1,-1,-1,-1
544,232,895,291,136,120,1,-1,-1,-1
545,239,287,554,934,581,1,-1,-1,-1
545,238,259,357,307,133,1,-1,-1,-1
545,232,894,292,136,120,1,-1,-1,-1
546,239,387,569,980,572,1,-1,-1,-1
546,238,108,361,304,133,1,-1,-1,-1
546,232,894,293,136,120,1,-1,-1,-1
547,238,-26,366,299,132,1,-1,-1,-1
547,232,894,293,136,121,1,-1,-1,-1
548,240,714,291,160,127,1,-1,-1,-1
548,232,894,293,136,121,1,-1,-1,-1
549,240,711,291,160,128,1,-1,-1,-1
549,232,895,293,136,122,1,-1,-1,-1
550,240,709,291,160,128,1,-1,-1,-1
550,232,895,293,136,122,1,-1,-1,-1
551,240,707,291,160,128,1,-1,-1,-1
551,232,895,293,136,122,1,-1,-1,-1
552,240,703,291,160,128,1,-1,-1,-1
552,232,895,292,137,122,1,-1,-1,-1
553,240,701,292,160,128,1,-1,-1,-1
553,232,894,292,137,122,1,-1,-1,-1
554,240,698,293,160,128,1,-1,-1,-1
554,232,894,292,137,122,1,-1,-1,-1
555,240,694,294,160,129,1,-1,-1,-1
555,232,895,293,137,122,1,-1,-1,-1
556,240,691,296,161,130,1,-1,-1,-1
556,232,896,294,137,122,1,-1,-1,-1
557,240,688,296,162,131,1,-1,-1,-1
557,232,895,293,136,122,1,-1,-1,-1
558,240,686,297,163,131,1,-1,-1,-1
558,232,896,294,136,122,1,-1,-1,-1
559,240,682,296,164,132,1,-1,-1,-1
559,232,895,293,136,122,1,-1,-1,-1
560,240,679,297,165,133,1,-1,-1,-1
560,232,895,294,136,122,1,-1,-1,-1
561,240,676,297,166,135,1,-1,-1,-1
561,232,895,294,135,121,1,-1,-1,-1
562,240,672,298,168,136,1,-1,-1,-1
562,232,895,294,135,121,1,-1,-1,-1
563,240,668,298,169,137,1,-1,-1,-1
563,232,896,294,134,121,1,-1,-1,-1
564,240,664,298,170,138,1,-1,-1,-1
564,232,896,294,134,121,1,-1,-1,-1
565,240,661,299,171,139,1,-1,-1,-1
565,232,896,293,134,121,1,-1,-1,-1
566,240,658,299,172,139,1,-1,-1,-1
566,232,896,294,134,121,1,-1,-1,-1
567,240,657,300,173,140,1,-1,-1,-1
567,232,896,294,134,120,1,-1,-1,-1
568,240,654,300,173,140,1,-1,-1,-1
568,232,896,294,133,120,1,-1,-1,-1
569,240,652,301,172,140,1,-1,-1,-1
569,232,896,294,133,120,1,-1,-1,-1
570,240,649,302,172,139,1,-1,-1,-1
570,232,896,294,133,120,1,-1,-1,-1
571,240,645,302,172,139,1,-1,-1,-1
571,232,896,295,133,120,1,-1,-1,-1
572,240,641,303,172,139,1,-1,-1,-1
572,232,895,295,133,120,1,-1,-1,-1
573,240,637,303,173,139,1,-1,-1,-1
573,232,895,295,133,121,1,-1,-1,-1
574,240,635,304,175,139,1,-1,-1,-1
574,232,896,294,133,121,1,-1,-1,-1
575,240,631,305,176,139,1,-1,-1,-1
575,232,896,294,133,121,1,-1,-1,-1
576,240,625,305,178,140,1,-1,-1,-1
576,232,896,295,133,121,1,-1,-1,-1
577,240,618,306,180,140,1,-1,-1,-1
577,232,896,294,132,121,1,-1,-1,-1
578,240,612,306,183,141,1,-1,-1,-1
578,232,896,294,132,122,1,-1,-1,-1
579,240,606,306,186,142,1,-1,-1,-1
579,232,897,294,132,121,1,-1,-1,-1
580,240,599,306,189,143,1,-1,-1,-1
580,232,897,294,132,121,1,-1,-1,-1
581,240,590,307,193,144,1,-1,-1,-1
581,232,897,294,132,121,1,-1,-1,-1
582,240,581,308,196,144,1,-1,-1,-1
582,232,897,294,132,121,1,-1,-1,-1
583,240,571,309,200,145,1,-1,-1,-1
583,232,897,294,132,121,1,-1,-1,-1
584,240,561,309,205,146,1,-1,-1,-1
584,232,897,294,132,121,1,-1,-1,-1
585,240,551,310,209,146,1,-1,-1,-1
585,232,898,294,132,121,1,-1,-1,-1
586,240,540,311,213,147,1,-1,-1,-1
586,232,898,295,132,121,1,-1,-1,-1
587,240,529,312,218,148,1,-1,-1,-1
587,232,898,295,133,121,1,-1,-1,-1
588,240,516,312,223,149,1,-1,-1,-1
588,232,897,295,133,121,1,-1,-1,-1
589,240,504,313,228,150,1,-1,-1,-1
589,232,897,295,133,120,1,-1,-1,-1
590,240,489,313,233,151,1,-1,-1,-1
590,232,896,295,133,120,1,-1,-1,-1
591,240,477,314,239,152,1,-1,-1,-1
591,232,896,295,133,120,1,-1,-1,-1
592,240,461,314,245,153,1,-1,-1,-1
592,232,896,295,133,120,1,-1,-1,-1
593,240,440,316,251,154,1,-1,-1,-1
593,232,896,295,133,120,1,-1,-1,-1
594,240,420,318,259,154,1,-1,-1,-1
594,232,896,295,133,120,1,-1,-1,-1
595,240,401,319,266,155,1,-1,-1,-1
595,232,896,295,134,121,1,-1,-1,-1
596,240,382,321,273,156,1,-1,-1,-1
596,232,896,295,134,121,1,-1,-1,-1
597,240,362,322,280,156,1,-1,-1,-1
597,232,896,294,134,121,1,-1,-1,-1
598,240,338,324,288,156,1,-1,-1,-1
598,232,896,294,134,121,1,-1,-1,-1
599,240,311,325,296,157,1,-1,-1,-1
599,232,896,295,134,121,1,-1,-1,-1
600,240,280,326,303,157,1,-1,-1,-1
600,232,895,295,135,121,1,-1,-1,-1
601,240,251,327,311,158,1,-1,-1,-1
601,232,895,295,135,121,1,-1,-1,-1
602,240,221,328,318,159,1,-1,-1,-1
602,232,896,294,135,121,1,-1,-1,-1
603,240,191,329,324,160,1,-1,-1,-1
603,232,896,294,135,121,1,-1,-1,-1
604,240,162,330,330,161,1,-1,-1,-1
604,232,895,294,136,121,1,-1,-1,-1
605,240,134,331,336,162,1,-1,-1,-1
605,232,895,294,136,121,1,-1,-1,-1
606,240,105,332,341,162,1,-1,-1,-1
606,232,895,294,136,121,1,-1,-1,-1
607,240,77,333,345,163,1,-1,-1,-1
607,232,894,294,136,121,1,-1,-1,-1
608,240,48,334,348,163,1,-1,-1,-1
608,232,895,294,136,121,1,-1,-1,-1
609,240,18,335,350,163,1,-1,-1,-1
609,232,894,294,136,121,1,-1,-1,-1
610,240,-5,337,350,164,1,-1,-1,-1
610,232,895,294,136,121,1,-1,-1,-1
611,240,-25,338,347,163,1,-1,-1,-1
611,232,895,294,136,121,1,-1,-1,-1
612,240,-38,340,341,163,1,-1,-1,-1
612,232,896,294,136,122,1,-1,-1,-1
613,240,-46,340,332,161,1,-1,-1,-1
613,232,896,294,136,122,1,-1,-1,-1
614,232,896,293,137,122,1,-1,-1,-1
615,232,896,293,137,122,1,-1,-1,-1
616,232,895,293,137,122,1,-1,-1,-1
617,232,896,293,137,122,1,-1,-1,-1
618,232,895,293,137,122,1,-1,-1,-1
619,232,894,294,137,122,1,-1,-1,-1
620,232,896,295,137,122,1,-1,-1,-1
621,232,895,294,137,122,1,-1,-1,-1
622,232,895,295,137,121,1,-1,-1,-1
623,232,895,295,136,121,1,-1,-1,-1
624,232,896,296,136,120,1,-1,-1,-1
625,232,897,297,136,120,1,-1,-1,-1
626,232,898,298,137,120,1,-1,-1,-1
627,232,898,299,137,119,1,-1,-1,-1
628,241,1498,346,278,157,1,-1,-1,-1
628,232,899,299,137,119,1,-1,-1,-1
629,241,1470,341,270,152,1,-1,-1,-1
629,232,898,299,138,119,1,-1,-1,-1
630,241,1446,336,262,147,1,-1,-1,-1
630,232,899,299,138,120,1,-1,-1,-1
631,241,1422,332,252,141,1,-1,-1,-1
631,232,901,301,139,120,1,-1,-1,-1
632,241,1403,328,242,136,1,-1,-1,-1
632,232,902,301,139,121,1,-1,-1,-1
633,241,1383,325,231,131,1,-1,-1,-1
633,232,903,302,140,121,1,-1,-1,-1
634,241,1360,322,222,126,1,-1,-1,-1
634,232,905,303,140,122,1,-1,-1,-1
635,241,1343,318,213,122,1,-1,-1,-1
635,232,908,303,140,122,1,-1,-1,-1
636,241,1326,315,203,118,1,-1,-1,-1
636,232,909,303,140,123,1,-1,-1,-1
637,241,1312,313,194,114,1,-1,-1,-1
637,232,911,304,140,124,1,-1,-1,-1
638,241,1297,311,186,110,1,-1,-1,-1
638,232,913,306,140,125,1,-1,-1,-1
639,241,1285,310,178,107,1,-1,-1,-1
639,232,915,306,140,125,1,-1,-1,-1
640,241,1271,308,171,103,1,-1,-1,-1
640,232,917,307,141,126,1,-1,-1,-1
641,241,1256,306,164,100,1,-1,-1,-1
641,232,920,309,142,126,1,-1,-1,-1
642,241,1245,305,158,97,1,-1,-1,-1
642,232,921,310,143,127,1,-1,-1,-1
643,241,1235,303,152,95,1,-1,-1,-1
643,232,923,311,144,128,1,-1,-1,-1
644,241,1222,300,147,92,1,-1,-1,-1
644,232,925,313,145,129,1,-1,-1,-1
645,241,1209,298,142,90,1,-1,-1,-1
645,232,928,315,146,129,1,-1,-1,-1
646,241,1199,296,138,88,1,-1,-1,-1
646,232,929,315,148,130,1,-1,-1,-1
647,241,1188,293,134,86,1,-1,-1,-1
647,232,932,317,150,132,1,-1,-1,-1
648,241,1180,292,129,84,1,-1,-1,-1
648,232,935,318,151,133,1,-1,-1,-1
649,241,1171,290,125,82,1,-1,-1,-1
649,232,939,320,152,134,1,-1,-1,-1
650,241,1162,288,120,81,1,-1,-1,-1
650,232,942,321,154,136,1,-1,-1,-1
651,241,1155,286,117,79,1,-1,-1,-1
651,232,945,323,155,137,1,-1,-1,-1
652,241,1149,284,114,78,1,-1,-1,-1
652,232,949,325,157,139,1,-1,-1,-1
653,241,1142,283,111,76,1,-1,-1,-1
653,232,952,327,159,141,1,-1,-1,-1
654,241,1137,282,108,74,1,-1,-1,-1
654,232,956,330,161,143,1,-1,-1,-1
655,241,1130,281,104,73,1,-1,-1,-1
655,232,961,333,163,145,1,-1,-1,-1
656,241,1124,279,101,71,1,-1,-1,-1
656,232,964,334,165,147,1,-1,-1,-1
657,241,1118,278,97,69,1,-1,-1,-1
657,232,968,337,168,149,1,-1,-1,-1
658,241,1113,277,94,68,1,-1,-1,-1
658,232,974,339,170,151,1,-1,-1,-1
659,241,1109,276,91,66,1,-1,-1,-1
659,232,978,342,173,154,1,-1,-1,-1
660,241,1106,275,88,64,1,-1,-1,-1
660,232,982,345,176,157,1,-1,-1,-1
661,241,1101,274,85,63,1,-1,-1,-1
661,232,987,348,179,159,1,-1,-1,-1
662,241,1097,272,82,61,1,-1,-1,-1
662,232,993,351,182,162,1,-1,-1,-1
663,241,1094,272,79,59,1,-1,-1,-1
663,232,998,354,185,165,1,-1,-1,-1
664,241,1091,271,77,58,1,-1,-1,-1
664,232,1004,358,188,168,1,-1,-1,-1
665,241,1088,269,75,57,1,-1,-1,-1
665,232,1011,361,191,171,1,-1,-1,-1
666,241,1086,268,74,57,1,-1,-1,-1
666,232,1018,364,195,174,1,-1,-1,-1
667,241,1085,267,72,57,1,-1,-1,-1
667,232,1025,369,199,177,1,-1,-1,-1
668,241,1082,265,71,56,1,-1,-1,-1
668,232,1032,374,203,181,1,-1,-1,-1
669,241,1081,263,70,56,1,-1,-1,-1
669,232,1040,379,208,185,1,-1,-1,-1
670,241,1079,262,68,55,1,-1,-1,-1
670,232,1048,383,214,189,1,-1,-1,-1
671,241,1077,262,67,54,1,-1,-1,-1
671,232,1056,388,220,194,1,-1,-1,-1
672,241,1076,261,67,54,1,-1,-1,-1
672,232,1065,392,226,200,1,-1,-1,-1
673,241,1076,260,67,54,1,-1,-1,-1
673,232,1076,398,232,206,1,-1,-1,-1
674,241,1074,259,66,54,1,-1,-1,-1
674,232,1088,408,239,211,1,-1,-1,-1
675,241,1073,257,65,53,1,-1,-1,-1
675,232,1102,416,246,216,1,-1,-1,-1
676,242,946,318,199,177,1,-1,-1,-1
676,241,1071,256,65,53,1,-1,-1,-1
676,232,1117,424,253,222,1,-1,-1,-1
677,242,950,320,205,182,1,-1,-1,-1
677,241,1070,255,64,53,1,-1,-1,-1
677,232,1132,434,262,229,1,-1,-1,-1
678,242,957,321,210,185,1,-1,-1,-1
678,241,1069,254,64,52,1,-1,-1,-1
678,232,1148,444,271,237,1,-1,-1,-1
679,243,708,293,176,134,1,-1,-1,-1
679,242,962,324,217,190,1,-1,-1,-1
679,232,1165,453,282,246,1,-1,-1,-1
680,243,686,294,180,135,1,-1,-1,-1
680,242,969,327,223,194,1,-1,-1,-1
680,232,1184,465,294,255,1,-1,-1,-1
681,243,665,297,183,136,1,-1,-1,-1
681,242,976,330,229,198,1,-1,-1,-1
681,232,1205,477,307,266,1,-1,-1,-1
682,243,643,299,187,137,1,-1,-1,-1
682,242,985,333,235,202,1,-1,-1,-1
682,232,1228,491,322,276,1,-1,-1,-1
683,243,617,301,195,139,1,-1,-1,-1
683,242,993,337,242,206,1,-1,-1,-1
683,232,1251,506,338,288,1,-1,-1,-1
684,243,589,303,202,140,1,-1,-1,-1
684,242,1003,341,249,211,1,-1,-1,-1
684,232,1276,522,356,300,1,-1,-1,-1
685,244,847,265,111,105,1,-1,-1,-1
685,243,556,306,210,142,1,-1,-1,-1
685,242,1011,346,257,217,1,-1,-1,-1
685,232,1307,539,375,312,1,-1,-1,-1
686,244,848,266,113,106,1,-1,-1,-1
686,243,524,309,219,144,1,-1,-1,-1
686,242,1022,352,265,222,1,-1,-1,-1
686,232,1338,558,394,325,1,-1,-1,-1
687,244,849,267,113,107,1,-1,-1,-1
687,243,489,311,228,146,1,-1,-1,-1
687,242,1036,358,273,228,1,-1,-1,-1
687,232,1372,578,416,340,1,-1,-1,-1
688,244,851,268,114,109,1,-1,-1,-1
688,243,450,313,237,148,1,-1,-1,-1
688,242,1049,364,281,233,1,-1,-1,-1
688,232,1407,598,438,355,1,-1,-1,-1
689,244,852,269,116,110,1,-1,-1,-1
689,243,408,315,246,149,1,-1,-1,-1
689,242,1063,370,289,239,1,-1,-1,-1
689,232,1432,620,456,370,1,-1,-1,-1
690,244,852,269,117,111,1,-1,-1,-1
690,243,363,318,256,151,1,-1,-1,-1
690,242,1076,377,301,246,1,-1,-1,-1
691,244,853,270,118,113,1,-1,-1,-1
691,243,313,321,264,152,1,-1,-1,-1
691,242,1090,384,312,252,1,-1,-1,-1
692,244,854,271,120,115,1,-1,-1,-1
692,243,263,324,272,153,1,-1,-1,-1
692,242,1105,391,324,260,1,-1,-1,-1
693,244,855,272,122,116,1,-1,-1,-1
693,243,213,328,280,154,1,-1,-1,-1
693,242,1118,400,338,268,1,-1,-1,-1
694,244,855,273,123,118,1,-1,-1,-1
694,243,162,331,289,156,1,-1,-1,-1
694,242,1133,410,353,277,1,-1,-1,-1
695,244,856,275,124,119,1,-1,-1,-1
695,243,108,332,297,157,1,-1,-1,-1
695,242,1153,420,370,286,1,-1,-1,-1
696,244,857,277,125,120,1,-1,-1,-1
696,243,52,335,304,158,1,-1,-1,-1
696,242,1172,430,386,296,1,-1,-1,-1
697,244,858,279,126,120,1,-1,-1,-1
697,243,4,338,309,159,1,-1,-1,-1
697,242,1198,443,404,307,1,-1,-1,-1
698,244,860,281,127,122,1,-1,-1,-1
698,243,-30,341,309,159,1,-1,-1,-1
698,242,1224,457,423,318,1,-1,-1,-1
699,244,861,282,129,123,1,-1,-1,-1
699,242,1251,470,442,329,1,-1,-1,-1
700,244,862,283,130,124,1,-1,-1,-1
700,242,1279,486,465,341,1,-1,-1,-1
701,244,865,284,132,125,1,-1,-1,-1
701,242,1306,501,487,354,1,-1,-1,-1
702,244,868,285,133,126,1,-1,-1,-1
702,242,1339,519,508,367,1,-1,-1,-1
703,244,870,286,135,127,1,-1,-1,-1
703,242,1366,539,527,379,1,-1,-1,-1
704,245,901,227,84,75,1,-1,-1,-1
704,244,872,288,137,129,1,-1,-1,-1
704,242,1387,558,541,393,1,-1,-1,-1
705,245,897,228,84,75,1,-1,-1,-1
705,244,874,291,139,130,1,-1,-1,-1
705,242,1405,577,546,406,1,-1,-1,-1
706,245,895,229,85,76,1,-1,-1,-1
706,244,877,293,141,132,1,-1,-1,-1
707,245,892,230,86,77,1,-1,-1,-1
707,244,878,296,143,134,1,-1,-1,-1
708,245,889,230,86,78,1,-1,-1,-1
708,244,882,298,146,136,1,-1,-1,-1
709,245,887,232,86,78,1,-1,-1,-1
709,244,886,301,148,137,1,-1,-1,-1
710,245,886,232,87,78,1,-1,-1,-1
710,244,890,303,150,139,1,-1,-1,-1
711,245,884,233,87,79,1,-1,-1,-1
711,244,895,306,152,140,1,-1,-1,-1
712,245,881,234,88,79,1,-1,-1,-1
712,244,900,310,154,142,1,-1,-1,-1
713,245,879,235,89,80,1,-1,-1,-1
713,244,906,313,157,143,1,-1,-1,-1
714,245,877,235,91,81,1,-1,-1,-1
714,244,910,316,160,145,1,-1,-1,-1
715,245,874,235,93,82,1,-1,-1,-1
715,244,915,319,163,147,1,-1,-1,-1
716,245,873,235,94,83,1,-1,-1,-1
716,244,920,323,166,150,1,-1,-1,-1
717,245,869,236,95,84,1,-1,-1,-1
717,244,927,327,170,153,1,-1,-1,-1
718,245,866,237,96,85,1,-1,-1,-1
718,244,934,331,174,156,1,-1,-1,-1
719,245,864,238,97,86,1,-1,-1,-1
719,244,941,334,178,160,1,-1,-1,-1
720,245,861,238,98,86,1,-1,-1,-1
720,244,948,339,183,164,1,-1,-1,-1
721,245,860,239,99,87,1,-1,-1,-1
721,244,957,344,188,168,1,-1,-1,-1
722,245,858,240,100,88,1,-1,-1,-1
722,244,967,348,193,172,1,-1,-1,-1
723,245,856,241,101,88,1,-1,-1,-1
723,244,977,352,199,177,1,-1,-1,-1
724,245,855,242,101,89,1,-1,-1,-1
724,244,990,359,205,182,1,-1,-1,-1
725,245,852,243,102,90,1,-1,-1,-1
725,244,1003,366,213,188,1,-1,-1,-1
726,245,851,245,103,91,1,-1,-1,-1
726,244,1014,372,221,194,1,-1,-1,-1
727,245,851,246,103,91,1,-1,-1,-1
727,244,1027,379,230,201,1,-1,-1,-1
728,245,851,247,104,92,1,-1,-1,-1
728,244,1044,387,240,208,1,-1,-1,-1
729,245,850,249,104,92,1,-1,-1,-1
729,244,1062,396,251,216,1,-1,-1,-1
730,245,850,251,105,93,1,-1,-1,-1
730,244,1082,408,262,224,1,-1,-1,-1
731,245,849,253,105,94,1,-1,-1,-1
731,244,1101,421,274,232,1,-1,-1,-1
732,245,848,254,106,95,1,-1,-1,-1
732,244,1123,433,287,242,1,-1,-1,-1
733,245,848,255,107,97,1,-1,-1,-1
733,244,1149,449,303,253,1,-1,-1,-1
734,245,846,257,109,98,1,-1,-1,-1
734,244,1176,467,321,265,1,-1,-1,-1
735,245,845,257,111,100,1,-1,-1,-1
735,244,1210,486,341,277,1,-1,-1,-1
736,245,846,258,113,102,1,-1,-1,-1
736,244,1242,507,362,290,1,-1,-1,-1
737,245,846,259,114,104,1,-1,-1,-1
737,244,1280,530,384,304,1,-1,-1,-1
738,245,846,260,116,106,1,-1,-1,-1
738,244,1329,555,407,318,1,-1,-1,-1
739,245,848,262,118,108,1,-1,-1,-1
739,244,1381,585,432,335,1,-1,-1,-1
740,245,848,263,120,110,1,-1,-1,-1
740,244,1422,616,454,352,1,-1,-1,-1
741,245,850,265,122,113,1,-1,-1,-1
742,245,851,266,123,115,1,-1,-1,-1
743,245,852,268,125,117,1,-1,-1,-1
744,245,854,271,127,120,1,-1,-1,-1
745,245,857,273,130,122,1,-1,-1,-1
746,245,860,276,132,124,1,-1,-1,-1
747,245,863,279,135,127,1,-1,-1,-1
748,245,868,283,138,129,1,-1,-1,-1
749,245,872,286,141,131,1,-1,-1,-1
750,245,877,290,145,134,1,-1,-1,-1
751,245,883,293,149,136,1,-1,-1,-1
752,245,890,296,153,139,1,-1,-1,-1
753,245,897,300,158,143,1,-1,-1,-1
754,245,904,303,162,146,1,-1,-1,-1
755,245,912,307,168,150,1,-1,-1,-1
756,245,923,312,173,155,1,-1,-1,-1
757,245,933,317,179,160,1,-1,-1,-1
758,245,946,323,186,165,1,-1,-1,-1
759,245,958,329,193,171,1,-1,-1,-1
760,245,972,334,201,177,1,-1,-1,-1
761,245,988,340,209,184,1,-1,-1,-1
762,245,1006,348,218,191,1,-1,-1,-1
763,245,1027,357,228,199,1,-1,-1,-1
764,245,1052,367,238,207,1,-1,-1,-1
765,245,1079,378,250,216,1,-1,-1,-1
766,245,1107,391,264,226,1,-1,-1,-1
767,245,1133,407,282,239,1,-1,-1,-1
768,245,1158,423,302,253,1,-1,-1,-1
769,245,1190,442,325,269,1,-1,-1,-1
770,245,1226,463,351,285,1,-1,-1,-1
771,245,1275,489,381,303,1,-1,-1,-1
772,245,1329,518,415,323,1,-1,-1,-1
773,245,1375,547,448,344,1,-1,-1,-1
774,245,1409,576,474,365,1,-1,-1,-1
779,246,987,344,432,201,1,-1,-1,-1
780,246,941,340,423,198,1,-1,-1,-1
781,246,899,339,414,194,1,-1,-1,-1
782,246,856,338,406,190,1,-1,-1,-1
783,246,813,337,399,185,1,-1,-1,-1
784,246,769,337,392,181,1,-1,-1,-1
785,246,726,336,387,177,1,-1,-1,-1
786,246,679,336,383,174,1,-1,-1,-1
787,246,632,334,382,172,1,-1,-1,-1
788,246,585,332,383,171,1,-1,-1,-1
789,246,535,330,384,170,1,-1,-1,-1
790,246,486,330,384,169,1,-1,-1,-1
791,246,434,330,383,168,1,-1,-1,-1
792,246,387,331,381,166,1,-1,-1,-1
793,246,342,332,379,164,1,-1,-1,-1
794,246,294,333,377,163,1,-1,-1,-1
795,246,249,334,375,161,1,-1,-1,-1
796,246,197,335,374,160,1,-1,-1,-1
797,246,146,336,372,159,1,-1,-1,-1
798,246,102,338,371,158,1,-1,-1,-1
799,246,48,339,369,157,1,-1,-1,-1
800,246,3,341,367,156,1,-1,-1,-1
801,246,-31,343,360,155,1,-1,-1,-1
802,246,-55,345,348,153,1,-1,-1,-1
803,246,-69,344,332,151,1,-1,-1,-1
880,247,217,398,435,200,1,-1,-1,-1
881,247,267,393,434,200,1,-1,-1,-1
882,247,319,388,434,200,1,-1,-1,-1
883,247,370,384,432,199,1,-1,-1,-1
884,247,424,381,429,198,1,-1,-1,-1
885,247,476,379,426,196,1,-1,-1,-1
886,247,527,377,423,195,1,-1,-1,-1
887,247,580,375,419,192,1,-1,-1,-1
888,247,632,374,414,190,1,-1,-1,-1
889,247,679,372,407,187,1,-1,-1,-1
890,247,729,369,399,184,1,-1,-1,-1
891,247,774,366,393,180,1,-1,-1,-1
892,247,816,363,386,177,1,-1,-1,-1
893,247,856,359,380,174,1,-1,-1,-1
894,247,895,354,373,171,1,-1,-1,-1
895,247,932,351,365,168,1,-1,-1,-1
896,247,970,347,355,166,1,-1,-1,-1
897,247,1008,342,345,163,1,-1,-1,-1
898,247,1042,339,333,160,1,-1,-1,-1
899,247,1073,335,320,156,1,-1,-1,-1
900,247,1100,332,306,153,1,-1,-1,-1
901,247,1127,329,291,149,1,-1,-1,-1
902,247,1148,326,275,145,1,-1,-1,-1
903,248,237,382,464,199,1,-1,-1,-1
903,247,1168,324,259,141,1,-1,-1,-1
904,248,288,379,462,198,1,-1,-1,-1
904,247,1186,320,243,137,1,-1,-1,-1
905,248,339,376,459,196,1,-1,-1,-1
905,247,1201,318,225,132,1,-1,-1,-1
906,248,395,372,457,195,1,-1,-1,-1
906,247,1213,316,208,127,1,-1,-1,-1
907,248,447,370,452,193,1,-1,-1,-1
907,247,1225,315,191,123,1,-1,-1,-1
908,248,497,368,446,191,1,-1,-1,-1
908,247,1235,314,175,118,1,-1,-1,-1
909,248,547,366,438,189,1,-1,-1,-1
909,247,1243,315,161,113,1,-1,-1,-1
910,248,596,364,429,186,1,-1,-1,-1
910,247,1249,314,148,108,1,-1,-1,-1
911,248,644,362,419,183,1,-1,-1,-1
911,247,1253,313,136,102,1,-1,-1,-1
912,248,687,358,410,181,1,-1,-1,-1
912,247,1254,312,126,98,1,-1,-1,-1
913,248,729,354,401,179,1,-1,-1,-1
913,247,1252,310,117,93,1,-1,-1,-1
914,248,768,352,392,176,1,-1,-1,-1
914,247,1249,308,111,89,1,-1,-1,-1
915,248,805,349,384,174,1,-1,-1,-1
915,247,1243,307,106,86,1,-1,-1,-1
916,248,842,346,377,171,1,-1,-1,-1
916,247,1237,305,102,83,1,-1,-1,-1
917,248,877,342,369,169,1,-1,-1,-1
917,247,1229,303,98,81,1,-1,-1,-1
918,248,912,339,362,166,1,-1,-1,-1
918,247,1221,300,96,79,1,-1,-1,-1
919,248,944,336,353,164,1,-1,-1,-1
919,247,1213,298,94,78,1,-1,-1,-1
920,249,303,388,428,196,1,-1,-1,-1
920,248,977,332,344,162,1,-1,-1,-1
920,247,1205,295,93,77,1,-1,-1,-1
921,249,361,383,432,197,1,-1,-1,-1
921,248,1007,329,334,159,1,-1,-1,-1
922,249,424,380,431,196,1,-1,-1,-1
922,248,1032,325,322,157,1,-1,-1,-1
923,249,483,376,429,194,1,-1,-1,-1
923,248,1057,322,310,154,1,-1,-1,-1
924,249,542,374,426,192,1,-1,-1,-1
924,248,1081,318,297,151,1,-1,-1,-1
925,249,602,373,419,188,1,-1,-1,-1
925,248,1103,315,283,147,1,-1,-1,-1
926,249,661,372,409,185,1,-1,-1,-1
926,248,1123,312,267,144,1,-1,-1,-1
927,249,720,369,398,181,1,-1,-1,-1
927,248,1143,310,251,140,1,-1,-1,-1
928,249,772,367,389,177,1,-1,-1,-1
928,248,1159,309,236,136,1,-1,-1,-1
929,249,819,364,381,173,1,-1,-1,-1
929,248,1174,308,221,131,1,-1,-1,-1
930,249,866,362,372,170,1,-1,-1,-1
930,248,1187,308,206,127,1,-1,-1,-1
931,249,911,358,364,167,1,-1,-1,-1
931,248,1198,307,191,123,1,-1,-1,-1
932,249,957,354,354,164,1,-1,-1,-1
932,248,1208,306,176,118,1,-1,-1,-1
933,249,999,350,345,162,1,-1,-1,-1
933,248,1218,304,163,113,1,-1,-1,-1
934,249,1037,346,335,159,1,-1,-1,-1
935,249,1070,343,324,156,1,-1,-1,-1
936,249,1099,341,312,153,1,-1,-1,-1
937,249,1130,338,299,149,1,-1,-1,-1
938,249,1159,336,285,145,1,-1,-1,-1
939,249,1183,331,271,141,1,-1,-1,-1
940,249,1206,329,256,137,1,-1,-1,-1
941,249,1224,326,241,133,1,-1,-1,-1
942,249,1241,324,224,129,1,-1,-1,-1
943,250,103,357,546,251,1,-1,-1,-1
943,249,1254,323,208,124,1,-1,-1,-1
944,250,145,352,561,252,1,-1,-1,-1
944,249,1266,322,192,119,1,-1,-1,-1
945,250,187,349,572,252,1,-1,-1,-1
945,249,1274,322,177,114,1,-1,-1,-1
946,250,236,347,576,250,1,-1,-1,-1
946,249,1282,322,163,110,1,-1,-1,-1
947,250,275,346,579,247,1,-1,-1,-1
947,249,1289,321,150,106,1,-1,-1,-1
948,250,321,345,577,244,1,-1,-1,-1
948,249,1295,321,139,101,1,-1,-1,-1
949,250,376,343,575,242,1,-1,-1,-1
949,249,1298,320,128,97,1,-1,-1,-1
950,250,431,338,570,241,1,-1,-1,-1
950,249,1298,318,120,93,1,-1,-1,-1
951,250,476,334,566,239,1,-1,-1,-1
951,249,1297,317,112,89,1,-1,-1,-1
952,250,510,333,561,237,1,-1,-1,-1
952,249,1293,316,106,85,1,-1,-1,-1
953,250,560,330,555,236,1,-1,-1,-1
953,249,1287,313,102,82,1,-1,-1,-1
954,250,611,327,549,235,1,-1,-1,-1
954,249,1280,311,98,79,1,-1,-1,-1
955,250,662,323,542,234,1,-1,-1,-1
955,249,1274,310,95,77,1,-1,-1,-1
956,250,708,321,532,232,1,-1,-1,-1
956,249,1264,308,94,76,1,-1,-1,-1
957,250,751,320,520,229,1,-1,-1,-1
957,249,1255,305,92,74,1,-1,-1,-1
958,250,794,319,507,225,1,-1,-1,-1
958,249,1246,302,90,73,1,-1,-1,-1
959,250,833,317,495,221,1,-1,-1,-1
959,249,1237,300,90,73,1,-1,-1,-1
960,250,868,315,483,217,1,-1,-1,-1
960,249,1228,298,88,72,1,-1,-1,-1
961,250,901,311,471,213,1,-1,-1,-1
962,250,933,309,457,209,1,-1,-1,-1
963,250,962,307,442,205,1,-1,-1,-1
964,250,990,306,425,200,1,-1,-1,-1
965,250,1015,305,408,196,1,-1,-1,-1
966,251,363,523,610,273,1,-1,-1,-1
966,250,1040,303,390,191,1,-1,-1,-1
967,251,430,522,626,275,1,-1,-1,-1
967,250,1067,299,373,187,1,-1,-1,-1
968,251,529,523,627,273,1,-1,-1,-1
968,250,1089,296,354,183,1,-1,-1,-1
969,251,639,523,619,270,1,-1,-1,-1
969,250,1107,295,335,179,1,-1,-1,-1
970,251,750,524,608,266,1,-1,-1,-1
970,250,1124,294,315,174,1,-1,-1,-1
971,251,857,526,591,261,1,-1,-1,-1
971,250,1138,293,294,169,1,-1,-1,-1
972,251,973,526,574,256,1,-1,-1,-1
972,250,1150,292,274,164,1,-1,-1,-1
973,251,1090,528,557,251,1,-1,-1,-1
973,250,1164,293,254,159,1,-1,-1,-1
974,252,666,447,541,231,1,-1,-1,-1
974,251,1205,530,543,248,1,-1,-1,-1
974,250,1176,294,235,154,1,-1,-1,-1
975,252,754,445,533,233,1,-1,-1,-1
975,251,1314,530,533,245,1,-1,-1,-1
975,250,1186,294,217,149,1,-1,-1,-1
976,252,843,442,530,235,1,-1,-1,-1
976,251,1420,527,521,243,1,-1,-1,-1
976,250,1195,294,200,144,1,-1,-1,-1
977,252,940,440,524,236,1,-1,-1,-1
977,251,1478,530,509,241,1,-1,-1,-1
977,250,1202,294,184,139,1,-1,-1,-1
978,252,1039,437,519,237,1,-1,-1,-1
978,250,1208,293,169,134,1,-1,-1,-1
979,252,1136,434,516,239,1,-1,-1,-1
979,250,1212,293,157,129,1,-1,-1,-1
980,252,1232,432,512,240,1,-1,-1,-1
980,250,1216,293,146,123,1,-1,-1,-1
981,252,1331,429,509,242,1,-1,-1,-1
981,250,1216,293,136,118,1,-1,-1,-1
982,252,1417,429,505,242,1,-1,-1,-1
982,250,1215,293,128,113,1,-1,-1,-1
983,252,1487,432,494,240,1,-1,-1,-1
983,250,1213,292,122,109,1,-1,-1,-1
984,252,1546,435,474,237,1,-1,-1,-1
984,250,1209,292,117,105,1,-1,-1,-1
985,253,350,403,637,282,1,-1,-1,-1
985,250,1205,290,113,101,1,-1,-1,-1
986,253,458,404,642,281,1,-1,-1,-1
986,250,1200,289,110,98,1,-1,-1,-1
987,253,560,404,644,280,1,-1,-1,-1
987,250,1195,286,107,95,1,-1,-1,-1
988,253,651,404,653,280,1,-1,-1,-1
988,250,1190,284,106,93,1,-1,-1,-1
989,253,763,404,656,280,1,-1,-1,-1
989,250,1184,283,104,91,1,-1,-1,-1
990,253,875,403,657,278,1,-1,-1,-1
990,250,1177,282,103,90,1,-1,-1,-1
991,254,273,491,630,318,1,-1,-1,-1
991,253,976,404,659,278,1,-1,-1,-1
991,250,1171,281,103,89,1,-1,-1,-1
992,254,360,486,659,323,1,-1,-1,-1
992,253,1081,404,656,276,1,-1,-1,-1
992,250,1165,280,103,88,1,-1,-1,-1
993,254,452,486,676,322,1,-1,-1,-1
993,253,1187,405,653,274,1,-1,-1,-1
993,250,1158,278,103,87,1,-1,-1,-1
994,254,549,485,686,319,1,-1,-1,-1
994,253,1296,407,646,272,1,-1,-1,-1
994,250,1150,277,103,86,1,-1,-1,-1
995,254,652,486,691,317,1,-1,-1,-1
995,253,1384,407,629,269,1,-1,-1,-1
995,250,1143,276,103,85,1,-1,-1,-1
996,254,764,489,699,316,1,-1,-1,-1
996,250,1135,275,102,84,1,-1,-1,-1
997,254,888,486,696,312,1,-1,-1,-1
997,250,1129,275,102,83,1,-1,-1,-1
998,254,1013,486,687,307,1,-1,-1,-1
998,250,1123,273,101,82,1,-1,-1,-1
999,254,1132,485,675,303,1,-1,-1,-1
999,250,1118,271,100,81,1,-1,-1,-1
1000,254,1252,484,662,299,1,-1,-1,-1
1000,250,1113,270,99,79,1,-1,-1,-1
1001,254,1361,486,640,294,1,-1,-1,-1
1001,250,1108,269,97,78,1,-1,-1,-1
1002,254,1428,488,616,289,1,-1,-1,-1
1002,250,1104,268,96,77,1,-1,-1,-1
1003,250,1100,266,94,75,1,-1,-1,-1
1004,250,1096,265,93,74,1,-1,-1,-1
1005,250,1093,265,91,73,1,-1,-1,-1
1006,250,1090,264,89,72,1,-1,-1,-1
1007,250,1088,262,88,71,1,-1,-1,-1
1008,250,1085,263,86,69,1,-1,-1,-1
1009,250,1082,262,83,68,1,-1,-1,-1
1010,250,1080,261,81,66,1,-1,-1,-1
1011,250,1079,260,79,65,1,-1,-1,-1
1012,250,1077,260,77,64,1,-1,-1,-1
1013,250,1076,259,75,63,1,-1,-1,-1
1014,250,1074,258,74,63,1,-1,-1,-1
1015,250,1072,257,72,62,1,-1,-1,-1
1016,250,1070,256,71,61,1,-1,-1,-1
1017,250,1068,254,70,61,1,-1,-1,-1
1018,250,1067,254,68,60,1,-1,-1,-1
1019,250,1065,254,66,58,1,-1,-1,-1
1020,250,1063,252,65,57,1,-1,-1,-1
1021,250,1062,253,62,55,1,-1,-1,-1
1022,250,1062,254,60,53,1,-1,-1,-1
1026,255,1052,244,77,70,1,-1,-1,-1
1027,255,1053,243,75,68,1,-1,-1,-1
1028,255,1054,242,73,66,1,-1,-1,-1
1029,255,1054,242,71,65,1,-1,-1,-1
1030,255,1055,241,70,65,1,-1,-1,-1
1031,255,1055,240,68,64,1,-1,-1,-1
1085,256,941,405,904,413,1,-1,-1,-1
1091,257,897,243,86,78,1,-1,-1,-1
1092,257,894,244,87,78,1,-1,-1,-1
1093,257,892,244,87,78,1,-1,-1,-1
1094,257,891,245,87,78,1,-1,-1,-1
1095,257,889,246,88,78,1,-1,-1,-1
1096,257,886,247,89,79,1,-1,-1,-1
1097,257,884,247,91,80,1,-1,-1,-1
1098,257,881,247,92,81,1,-1,-1,-1
1099,257,879,248,93,82,1,-1,-1,-1
1100,257,877,249,94,83,1,-1,-1,-1
1101,257,874,250,96,84,1,-1,-1,-1
1102,257,872,251,96,85,1,-1,-1,-1
1103,257,871,252,97,86,1,-1,-1,-1
1104,258,896,320,481,198,1,-1,-1,-1
1104,257,869,252,98,86,1,-1,-1,-1
1105,258,773,321,482,197,1,-1,-1,-1
1105,257,867,253,98,87,1,-1,-1,-1
1106,258,654,320,486,198,1,-1,-1,-1
1106,257,865,254,99,88,1,-1,-1,-1
1107,258,524,323,488,198,1,-1,-1,-1
1107,257,864,255,99,88,1,-1,-1,-1
1108,258,406,326,486,196,1,-1,-1,-1
1108,257,862,256,100,89,1,-1,-1,-1
1109,258,292,331,482,195,1,-1,-1,-1
1109,257,860,257,101,89,1,-1,-1,-1
1110,258,174,335,477,193,1,-1,-1,-1
1110,257,858,259,101,90,1,-1,-1,-1
1111,258,57,338,474,192,1,-1,-1,-1
1111,257,856,260,102,90,1,-1,-1,-1
1112,258,-42,342,466,190,1,-1,-1,-1
1112,257,854,261,102,91,1,-1,-1,-1
1113,259,730,321,367,158,1,-1,-1,-1
1113,258,-111,346,447,187,1,-1,-1,-1
1113,257,852,262,103,92,1,-1,-1,-1
1114,259,583,324,372,159,1,-1,-1,-1
1114,257,850,263,103,93,1,-1,-1,-1
1115,259,445,327,371,158,1,-1,-1,-1
1115,257,848,264,104,94,1,-1,-1,-1
1116,259,308,333,368,157,1,-1,-1,-1
1116,257,847,265,104,95,1,-1,-1,-1
1117,259,172,339,365,156,1,-1,-1,-1
1117,257,846,266,104,96,1,-1,-1,-1
1118,259,41,342,361,155,1,-1,-1,-1
1118,257,845,267,105,96,1,-1,-1,-1
1119,259,-62,347,351,154,1,-1,-1,-1
1119,257,844,267,106,97,1,-1,-1,-1
1120,260,1041,301,139,105,1,-1,-1,-1
1120,257,842,268,106,98,1,-1,-1,-1
1121,260,1042,302,139,105,1,-1,-1,-1
1121,257,841,268,107,99,1,-1,-1,-1
1122,260,1043,302,138,105,1,-1,-1,-1
1122,257,840,268,108,100,1,-1,-1,-1
1123,260,1044,302,138,105,1,-1,-1,-1
1123,257,838,268,109,101,1,-1,-1,-1
1124,260,1045,302,137,105,1,-1,-1,-1
1124,257,837,269,109,102,1,-1,-1,-1
1125,260,1045,302,138,105,1,-1,-1,-1
1125,257,836,269,110,103,1,-1,-1,-1
1126,260,1045,303,139,106,1,-1,-1,-1
1126,257,835,270,110,104,1,-1,-1,-1
1127,260,1046,302,139,106,1,-1,-1,-1
1127,257,835,270,111,105,1,-1,-1,-1
1128,260,1047,302,140,106,1,-1,-1,-1
1128,257,834,271,111,106,1,-1,-1,-1
1129,260,1048,303,140,106,1,-1,-1,-1
1129,257,833,272,111,107,1,-1,-1,-1
1130,260,1048,303,140,106,1,-1,-1,-1
1130,257,833,273,112,107,1,-1,-1,-1
1131,260,1048,303,140,106,1,-1,-1,-1
1131,257,832,275,112,108,1,-1,-1,-1
1132,260,1048,302,140,107,1,-1,-1,-1
1132,257,831,276,112,107,1,-1,-1,-1
1133,260,1049,301,140,107,1,-1,-1,-1
1133,257,831,277,113,108,1,-1,-1,-1
1134,261,675,361,407,154,1,-1,-1,-1
1134,260,1049,301,140,108,1,-1,-1,-1
1134,257,830,278,113,108,1,-1,-1,-1
1135,261,518,362,411,155,1,-1,-1,-1
1135,260,1049,302,140,108,1,-1,-1,-1
1135,257,831,279,113,109,1,-1,-1,-1
1136,261,362,366,410,154,1,-1,-1,-1
1136,260,1050,302,141,108,1,-1,-1,-1
1136,257,831,279,113,110,1,-1,-1,-1
1137,261,213,371,407,153,1,-1,-1,-1
1137,260,1050,302,141,108,1,-1,-1,-1
1137,257,831,279,113,110,1,-1,-1,-1
1138,261,70,375,402,152,1,-1,-1,-1
1138,260,1051,302,141,108,1,-1,-1,-1
1138,257,830,280,113,111,1,-1,-1,-1
1139,261,-51,379,393,150,1,-1,-1,-1
1139,260,1051,302,141,108,1,-1,-1,-1
1139,257,831,280,114,112,1,-1,-1,-1
1140,260,1050,302,141,108,1,-1,-1,-1
1140,257,831,280,114,112,1,-1,-1,-1
1141,260,1051,302,141,108,1,-1,-1,-1
1141,257,831,281,114,113,1,-1,-1,-1
1142,260,1051,302,141,108,1,-1,-1,-1
1142,257,831,281,115,113,1,-1,-1,-1
1143,260,1050,302,142,108,1,-1,-1,-1
1143,257,831,281,115,114,1,-1,-1,-1
1144,260,1050,302,142,108,1,-1,-1,-1
1144,257,831,282,116,115,1,-1,-1,-1
1145,260,1049,302,143,108,1,-1,-1,-1
1145,257,830,283,116,116,1,-1,-1,-1
1146,260,1049,302,143,108,1,-1,-1,-1
1146,257,829,283,117,117,1,-1,-1,-1
1147,260,1049,302,144,108,1,-1,-1,-1
1147,257,828,284,118,117,1,-1,-1,-1
1148,260,1049,302,145,108,1,-1,-1,-1
1148,257,828,284,118,118,1,-1,-1,-1
1149,260,1049,303,146,108,1,-1,-1,-1
1149,257,828,284,118,119,1,-1,-1,-1
1150,260,1049,303,146,108,1,-1,-1,-1
1150,257,829,284,119,119,1,-1,-1,-1
1151,260,1048,303,146,108,1,-1,-1,-1
1151,257,829,286,119,119,1,-1,-1,-1
1152,262,1248,442,723,334,1,-1,-1,-1
1152,260,1048,303,145,108,1,-1,-1,-1
1152,257,829,286,119,119,1,-1,-1,-1
1153,260,1048,302,145,108,1,-1,-1,-1
1153,257,829,286,120,120,1,-1,-1,-1
1154,260,1049,302,144,109,1,-1,-1,-1
1154,257,829,287,120,119,1,-1,-1,-1
1155,260,1049,302,143,109,1,-1,-1,-1
1155,257,828,289,120,119,1,-1,-1,-1
1156,260,1049,302,143,108,1,-1,-1,-1
1156,257,828,290,120,119,1,-1,-1,-1
1157,260,1049,302,142,108,1,-1,-1,-1
1157,257,828,290,120,118,1,-1,-1,-1
1158,260,1050,302,141,108,1,-1,-1,-1
1158,257,827,290,121,118,1,-1,-1,-1
1159,260,1050,302,141,108,1,-1,-1,-1
1159,257,827,291,121,117,1,-1,-1,-1
1160,260,1050,302,141,108,1,-1,-1,-1
1160,257,827,290,121,117,1,-1,-1,-1
1161,260,1051,302,141,108,1,-1,-1,-1
1161,257,827,290,122,117,1,-1,-1,-1
1162,260,1051,302,141,108,1,-1,-1,-1
1162,257,827,291,122,117,1,-1,-1,-1
1163,260,1050,302,140,108,1,-1,-1,-1
1163,257,827,292,122,117,1,-1,-1,-1
1164,263,1350,469,614,305,1,-1,-1,-1
1164,260,1050,302,140,108,1,-1,-1,-1
1164,257,827,291,123,117,1,-1,-1,-1
1165,260,1050,302,140,108,1,-1,-1,-1
1165,257,827,291,123,117,1,-1,-1,-1
1166,260,1050,302,140,108,1,-1,-1,-1
1166,257,827,290,123,117,1,-1,-1,-1
1167,260,1050,302,140,108,1,-1,-1,-1
1167,257,827,290,124,117,1,-1,-1,-1
1168,260,1050,302,140,108,1,-1,-1,-1
1168,257,826,289,124,117,1,-1,-1,-1
1169,260,1051,302,140,108,1,-1,-1,-1
1169,257,827,289,125,117,1,-1,-1,-1
1170,260,1051,302,140,108,1,-1,-1,-1
1170,257,826,290,125,117,1,-1,-1,-1
1171,260,1051,302,140,108,1,-1,-1,-1
1171,257,827,289,126,117,1,-1,-1,-1
1172,260,1050,302,140,108,1,-1,-1,-1
1172,257,826,289,126,118,1,-1,-1,-1
1173,260,1050,301,140,108,1,-1,-1,-1
1173,257,826,289,127,118,1,-1,-1,-1
1174,260,1050,301,140,108,1,-1,-1,-1
1174,257,826,289,127,118,1,-1,-1,-1
1175,260,1050,302,140,108,1,-1,-1,-1
1175,257,826,289,127,118,1,-1,-1,-1
1176,260,1050,302,140,108,1,-1,-1,-1
1176,257,826,289,128,119,1,-1,-1,-1
1177,260,1050,302,140,108,1,-1,-1,-1
1177,257,826,289,128,119,1,-1,-1,-1
1178,260,1050,302,140,108,1,-1,-1,-1
1178,257,827,289,128,119,1,-1,-1,-1
1179,260,1050,302,140,108,1,-1,-1,-1
1179,257,828,289,128,119,1,-1,-1,-1
1180,260,1050,302,140,108,1,-1,-1,-1
1180,257,827,290,128,119,1,-1,-1,-1
1181,260,1050,301,140,108,1,-1,-1,-1
1181,257,826,290,128,119,1,-1,-1,-1
1182,260,1051,301,140,108,1,-1,-1,-1
1182,257,826,290,127,118,1,-1,-1,-1
1183,260,1051,301,140,108,1,-1,-1,-1
1183,257,826,291,127,118,1,-1,-1,-1
1184,260,1051,301,139,107,1,-1,-1,-1
1184,257,826,290,128,118,1,-1,-1,-1
1185,260,1051,301,139,107,1,-1,-1,-1
1185,257,826,290,128,118,1,-1,-1,-1
1186,260,1051,301,139,107,1,-1,-1,-1
1186,257,827,290,128,118,1,-1,-1,-1
1187,260,1051,301,139,107,1,-1,-1,-1
1187,257,828,290,128,118,1,-1,-1,-1
1188,260,1051,301,139,107,1,-1,-1,-1
1188,257,827,290,129,119,1,-1,-1,-1
1189,260,1051,301,139,107,1,-1,-1,-1
1189,257,826,289,129,119,1,-1,-1,-1
1190,260,1051,301,139,107,1,-1,-1,-1
1190,257,825,290,129,119,1,-1,-1,-1
1191,260,1051,301,139,107,1,-1,-1,-1
1191,257,825,290,129,119,1,-1,-1,-1
1192,260,1052,302,139,107,1,-1,-1,-1
1192,257,825,290,129,118,1,-1,-1,-1
1193,260,1052,303,139,107,1,-1,-1,-1
1193,257,825,291,130,119,1,-1,-1,-1
1194,260,1051,303,139,107,1,-1,-1,-1
1194,257,825,292,130,119,1,-1,-1,-1
1195,260,1052,303,139,107,1,-1,-1,-1
1195,257,825,292,130,119,1,-1,-1,-1
1196,260,1052,303,139,107,1,-1,-1,-1
1196,257,825,292,130,120,1,-1,-1,-1
1197,260,1051,302,139,107,1,-1,-1,-1
1197,257,824,292,130,120,1,-1,-1,-1
1198,260,1052,302,139,107,1,-1,-1,-1
1198,257,823,293,131,121,1,-1,-1,-1
1199,260,1051,302,140,107,1,-1,-1,-1
1199,257,822,293,131,121,1,-1,-1,-1
1200,260,1051,302,140,107,1,-1,-1,-1
1200,257,820,292,132,122,1,-1,-1,-1
1201,260,1050,302,141,108,1,-1,-1,-1
1201,257,818,294,133,123,1,-1,-1,-1
1202,260,1051,303,141,108,1,-1,-1,-1
1202,257,815,294,134,124,1,-1,-1,-1
1203,260,1051,303,141,108,1,-1,-1,-1
1203,257,813,294,134,124,1,-1,-1,-1
1204,260,1051,303,141,108,1,-1,-1,-1
1204,257,809,296,135,124,1,-1,-1,-1
1205,260,1050,302,141,108,1,-1,-1,-1
1205,257,807,297,136,125,1,-1,-1,-1
1206,260,1050,302,141,108,1,-1,-1,-1
1206,257,803,298,137,126,1,-1,-1,-1
1207,260,1050,302,141,108,1,-1,-1,-1
1207,257,799,298,138,126,1,-1,-1,-1
1208,260,1050,302,140,108,1,-1,-1,-1
1208,257,794,299,141,128,1,-1,-1,-1
1209,260,1050,302,140,108,1,-1,-1,-1
1209,257,788,299,144,129,1,-1,-1,-1
1210,260,1050,301,140,108,1,-1,-1,-1
1210,257,781,300,147,129,1,-1,-1,-1
1211,260,1050,301,140,109,1,-1,-1,-1
1211,257,773,301,151,130,1,-1,-1,-1
1212,260,1050,302,140,109,1,-1,-1,-1
1212,257,762,302,156,131,1,-1,-1,-1
1213,260,1049,302,141,109,1,-1,-1,-1
1213,257,750,304,161,132,1,-1,-1,-1
1214,260,1049,302,142,109,1,-1,-1,-1
1214,257,738,305,166,132,1,-1,-1,-1
1215,260,1050,302,142,109,1,-1,-1,-1
1215,257,726,307,172,133,1,-1,-1,-1
1216,260,1049,303,142,109,1,-1,-1,-1
1216,257,710,309,177,133,1,-1,-1,-1
1217,260,1049,302,142,109,1,-1,-1,-1
1217,257,693,310,183,134,1,-1,-1,-1
1218,260,1049,302,142,109,1,-1,-1,-1
1218,257,675,311,190,134,1,-1,-1,-1
1219,260,1050,302,141,109,1,-1,-1,-1
1219,257,655,313,197,135,1,-1,-1,-1
1220,260,1050,302,141,109,1,-1,-1,-1
1220,257,636,313,205,136,1,-1,-1,-1
1221,260,1050,302,141,109,1,-1,-1,-1
1221,257,613,314,212,138,1,-1,-1,-1
1222,264,1405,496,580,291,1,-1,-1,-1
1222,260,1050,302,141,109,1,-1,-1,-1
1222,257,588,316,220,139,1,-1,-1,-1
1223,260,1050,302,141,109,1,-1,-1,-1
1223,257,558,317,228,141,1,-1,-1,-1
1224,260,1050,302,141,109,1,-1,-1,-1
1224,257,531,318,237,142,1,-1,-1,-1
1225,260,1050,302,141,109,1,-1,-1,-1
1225,257,504,319,245,144,1,-1,-1,-1
1226,260,1051,301,141,109,1,-1,-1,-1
1226,257,471,322,253,145,1,-1,-1,-1
1227,260,1049,301,141,109,1,-1,-1,-1
1227,257,435,324,260,146,1,-1,-1,-1
1228,260,1050,302,142,109,1,-1,-1,-1
1228,257,400,327,267,147,1,-1,-1,-1
1229,265,1376,434,519,245,1,-1,-1,-1
1229,260,1049,302,142,109,1,-1,-1,-1
1229,257,365,329,274,148,1,-1,-1,-1
1230,265,1552,438,488,235,1,-1,-1,-1
1230,260,1049,302,142,109,1,-1,-1,-1
1230,257,326,332,282,149,1,-1,-1,-1
1231,260,1049,301,142,108,1,-1,-1,-1
1231,257,284,334,290,151,1,-1,-1,-1
1232,260,1049,301,142,108,1,-1,-1,-1
1232,257,239,336,298,153,1,-1,-1,-1
1233,260,1049,301,143,108,1,-1,-1,-1
1233,257,194,338,305,155,1,-1,-1,-1
1234,260,1049,302,143,108,1,-1,-1,-1
1234,257,151,340,313,157,1,-1,-1,-1
1235,260,1049,302,144,108,1,-1,-1,-1
1235,257,105,342,319,158,1,-1,-1,-1
1236,260,1048,303,144,108,1,-1,-1,-1
1236,257,59,343,325,159,1,-1,-1,-1
1237,260,1049,303,145,108,1,-1,-1,-1
1237,257,16,346,329,160,1,-1,-1,-1
1238,260,1048,303,145,108,1,-1,-1,-1
1238,257,-18,349,328,160,1,-1,-1,-1
1239,260,1048,302,145,108,1,-1,-1,-1
1239,257,-42,351,321,159,1,-1,-1,-1
1240,260,1048,302,144,108,1,-1,-1,-1
1241,260,1048,302,144,108,1,-1,-1,-1
1242,260,1049,302,143,108,1,-1,-1,-1
1243,260,1049,302,142,108,1,-1,-1,-1
1244,260,1050,302,142,108,1,-1,-1,-1
1245,260,1049,302,142,108,1,-1,-1,-1
1246,260,1049,302,142,108,1,-1,-1,-1
1247,260,1049,302,143,108,1,-1,-1,-1
1248,260,1049,302,143,108,1,-1,-1,-1
1249,260,1048,303,142,108,1,-1,-1,-1
1250,260,1048,303,142,108,1,-1,-1,-1
1251,260,1049,303,142,108,1,-1,-1,-1
1252,260,1049,303,142,108,1,-1,-1,-1
1253,260,1049,302,141,108,1,-1,-1,-1
1254,260,1049,302,142,108,1,-1,-1,-1
1255,260,1050,303,142,108,1,-1,-1,-1
1256,260,1050,303,142,108,1,-1,-1,-1
1257,260,1049,303,143,108,1,-1,-1,-1
1258,260,1049,303,143,108,1,-1,-1,-1
1259,260,1050,303,142,108,1,-1,-1,-1
1260,260,1050,303,142,108,1,-1,-1,-1
1261,260,1050,303,143,108,1,-1,-1,-1
1262,260,1050,303,143,108,1,-1,-1,-1
1263,260,1050,303,143,108,1,-1,-1,-1
1264,260,1049,303,142,108,1,-1,-1,-1
1265,260,1049,302,142,108,1,-1,-1,-1
1266,260,1049,302,142,108,1,-1,-1,-1
1267,260,1049,302,142,108,1,-1,-1,-1
1268,260,1048,302,142,108,1,-1,-1,-1
1271,266,565,348,348,135,1,-1,-1,-1
1272,266,393,354,345,135,1,-1,-1,-1
1273,266,227,357,342,135,1,-1,-1,-1
1274,266,64,363,340,135,1,-1,-1,-1
1275,267,1048,302,143,108,1,-1,-1,-1
1275,266,-65,369,329,133,1,-1,-1,-1
1276,267,1047,303,143,108,1,-1,-1,-1
1277,267,1047,303,144,108,1,-1,-1,-1
1278,267,1047,303,144,108,1,-1,-1,-1
1279,267,1048,303,144,108,1,-1,-1,-1
1280,267,1049,303,145,108,1,-1,-1,-1
1281,267,1048,303,145,108,1,-1,-1,-1
1282,267,1048,303,145,108,1,-1,-1,-1
1283,267,1047,303,145,108,1,-1,-1,-1
1284,267,1047,303,145,108,1,-1,-1,-1
1285,267,1047,303,145,108,1,-1,-1,-1
1286,267,1048,303,144,108,1,-1,-1,-1
1287,267,1048,303,143,108,1,-1,-1,-1
1288,267,1048,303,143,108,1,-1,-1,-1
1289,267,1049,302,142,108,1,-1,-1,-1
1290,267,1049,302,141,108,1,-1,-1,-1
1291,267,1048,302,141,108,1,-1,-1,-1
1294,268,574,328,417,184,1,-1,-1,-1
1295,268,399,333,415,183,1,-1,-1,-1
1296,268,225,338,411,182,1,-1,-1,-1
1297,268,60,344,406,180,1,-1,-1,-1
1298,269,1049,302,140,108,1,-1,-1,-1
1298,268,-72,352,393,176,1,-1,-1,-1
1299,269,1050,302,139,108,1,-1,-1,-1
1300,269,1051,302,139,108,1,-1,-1,-1
1301,269,1051,302,139,108,1,-1,-1,-1
1302,269,1050,302,139,108,1,-1,-1,-1
1303,269,1050,302,139,108,1,-1,-1,-1
1304,269,1050,302,139,108,1,-1,-1,-1
1305,269,1050,302,139,108,1,-1,-1,-1
1306,269,1050,301,139,108,1,-1,-1,-1
1307,269,1050,301,139,108,1,-1,-1,-1
1308,269,1051,301,139,108,1,-1,-1,-1
1309,269,1051,301,139,108,1,-1,-1,-1
1310,269,1051,301,139,108,1,-1,-1,-1
1311,269,1050,302,140,108,1,-1,-1,-1
1312,269,1050,302,140,108,1,-1,-1,-1
1313,269,1050,302,140,108,1,-1,-1,-1
1314,269,1050,303,140,108,1,-1,-1,-1
1315,269,1050,302,140,107,1,-1,-1,-1
1316,269,1050,302,140,107,1,-1,-1,-1
1317,269,1050,302,140,107,1,-1,-1,-1
1318,269,1050,303,140,107,1,-1,-1,-1
1319,269,1050,303,140,107,1,-1,-1,-1
1320,269,1050,303,140,107,1,-1,-1,-1
1321,269,1051,303,140,107,1,-1,-1,-1
1322,269,1050,302,139,107,1,-1,-1,-1
1323,269,1050,302,139,107,1,-1,-1,-1
1324,269,1050,302,139,107,1,-1,-1,-1
1325,269,1051,303,140,108,1,-1,-1,-1
1326,269,1051,302,140,108,1,-1,-1,-1
1327,269,1050,302,140,108,1,-1,-1,-1
1328,269,1050,302,140,108,1,-1,-1,-1
1329,269,1049,301,140,108,1,-1,-1,-1
1330,269,1049,301,140,108,1,-1,-1,-1
1331,269,1049,301,140,107,1,-1,-1,-1
1332,269,1049,301,139,107,1,-1,-1,-1
1335,271,550,329,362,161,1,-1,-1,-1
1336,271,382,332,360,161,1,-1,-1,-1
1337,271,217,338,354,159,1,-1,-1,-1
1338,271,58,344,349,157,1,-1,-1,-1
1339,272,1052,302,138,107,1,-1,-1,-1
1339,271,-68,350,337,155,1,-1,-1,-1
1340,272,1052,302,138,107,1,-1,-1,-1
1341,273,885,303,136,114,1,-1,-1,-1
1341,272,1052,302,139,107,1,-1,-1,-1
1342,273,885,303,136,114,1,-1,-1,-1
1342,272,1052,302,139,107,1,-1,-1,-1
1343,273,885,303,136,114,1,-1,-1,-1
1343,272,1051,302,139,107,1,-1,-1,-1
1344,273,885,303,136,114,1,-1,-1,-1
1344,272,1051,302,139,107,1,-1,-1,-1
1345,273,885,303,136,114,1,-1,-1,-1
1345,272,1051,303,139,107,1,-1,-1,-1
1346,273,885,303,136,114,1,-1,-1,-1
1346,272,1051,303,139,107,1,-1,-1,-1
1347,273,886,303,136,114,1,-1,-1,-1
1347,272,1051,302,139,107,1,-1,-1,-1
1348,273,885,303,136,114,1,-1,-1,-1
1348,272,1051,302,139,107,1,-1,-1,-1
1349,273,885,303,136,114,1,-1,-1,-1
1349,272,1051,302,139,107,1,-1,-1,-1
1350,273,886,303,136,114,1,-1,-1,-1
1350,272,1051,301,139,108,1,-1,-1,-1
1351,273,885,303,137,114,1,-1,-1,-1
1351,272,1051,301,139,108,1,-1,-1,-1
1352,273,886,303,137,114,1,-1,-1,-1
1352,272,1051,301,139,108,1,-1,-1,-1
1353,274,1421,528,539,252,1,-1,-1,-1
1353,273,885,303,137,114,1,-1,-1,-1
1353,272,1051,302,139,108,1,-1,-1,-1
1354,273,885,304,137,113,1,-1,-1,-1
1354,272,1051,302,139,108,1,-1,-1,-1
1355,273,885,304,137,113,1,-1,-1,-1
1355,272,1051,302,139,108,1,-1,-1,-1
1356,273,886,304,137,113,1,-1,-1,-1
1356,272,1052,302,139,108,1,-1,-1,-1
1357,273,885,304,136,113,1,-1,-1,-1
1357,272,1052,302,139,108,1,-1,-1,-1
1358,273,886,304,136,113,1,-1,-1,-1
1358,272,1051,302,139,108,1,-1,-1,-1
1359,273,886,304,136,113,1,-1,-1,-1
1359,272,1051,302,139,108,1,-1,-1,-1
1360,273,886,305,136,112,1,-1,-1,-1
1360,272,1051,302,139,108,1,-1,-1,-1
1361,273,886,305,136,112,1,-1,-1,-1
1361,272,1051,302,140,108,1,-1,-1,-1
1362,273,886,305,136,112,1,-1,-1,-1
1362,272,1051,302,140,108,1,-1,-1,-1
1363,273,886,305,135,112,1,-1,-1,-1
1363,272,1051,302,140,108,1,-1,-1,-1
1364,273,886,305,135,112,1,-1,-1,-1
1364,272,1051,302,140,108,1,-1,-1,-1
1365,273,886,305,135,112,1,-1,-1,-1
1365,272,1050,302,140,108,1,-1,-1,-1
1366,273,886,305,135,112,1,-1,-1,-1
1366,272,1050,302,140,108,1,-1,-1,-1
1367,273,886,305,135,112,1,-1,-1,-1
1367,272,1050,302,140,108,1,-1,-1,-1
1368,273,886,305,135,112,1,-1,-1,-1
1368,272,1051,302,140,108,1,-1,-1,-1
1369,273,886,305,135,112,1,-1,-1,-1
1369,272,1051,302,140,108,1,-1,-1,-1
1370,273,886,305,135,112,1,-1,-1,-1
1370,272,1051,302,140,108,1,-1,-1,-1
1371,273,886,305,135,112,1,-1,-1,-1
1371,272,1051,302,140,108,1,-1,-1,-1
1372,273,885,304,135,112,1,-1,-1,-1
1372,272,1051,303,140,108,1,-1,-1,-1
1373,273,885,304,135,112,1,-1,-1,-1
1373,272,1051,303,140,108,1,-1,-1,-1
1374,273,885,304,135,112,1,-1,-1,-1
1374,272,1051,303,140,108,1,-1,-1,-1
1375,273,885,304,135,112,1,-1,-1,-1
1375,272,1052,303,140,108,1,-1,-1,-1
1376,273,885,304,135,112,1,-1,-1,-1
1376,272,1052,303,141,108,1,-1,-1,-1
1377,273,885,304,135,112,1,-1,-1,-1
1377,272,1051,303,141,109,1,-1,-1,-1
1378,273,885,304,134,112,1,-1,-1,-1
1378,272,1051,302,142,109,1,-1,-1,-1
1379,273,885,304,134,112,1,-1,-1,-1
1379,272,1051,302,142,109,1,-1,-1,-1
1380,273,886,304,134,112,1,-1,-1,-1
1380,272,1051,302,142,109,1,-1,-1,-1
1381,273,886,304,134,112,1,-1,-1,-1
1381,272,1051,302,143,109,1,-1,-1,-1
1382,273,886,304,134,112,1,-1,-1,-1
1382,272,1051,302,143,109,1,-1,-1,-1
1383,273,886,304,134,112,1,-1,-1,-1
1383,272,1052,303,143,109,1,-1,-1,-1
1384,273,887,304,134,113,1,-1,-1,-1
1384,272,1053,304,144,109,1,-1,-1,-1
1385,273,887,305,134,113,1,-1,-1,-1
1385,272,1053,305,145,109,1,-1,-1,-1
1386,273,888,306,135,114,1,-1,-1,-1
1386,272,1052,305,145,109,1,-1,-1,-1
1387,273,890,307,136,114,1,-1,-1,-1
1387,272,1054,305,146,109,1,-1,-1,-1
1388,273,891,309,136,114,1,-1,-1,-1
1388,272,1057,305,147,109,1,-1,-1,-1
1389,273,892,310,137,114,1,-1,-1,-1
1389,272,1057,306,148,109,1,-1,-1,-1
1390,273,893,311,138,114,1,-1,-1,-1
1390,272,1059,307,148,109,1,-1,-1,-1
1391,273,894,312,139,115,1,-1,-1,-1
1391,272,1061,308,148,109,1,-1,-1,-1
1392,273,896,314,140,115,1,-1,-1,-1
1392,272,1063,309,149,109,1,-1,-1,-1
1393,273,898,316,141,116,1,-1,-1,-1
1393,272,1066,310,149,110,1,-1,-1,-1
1394,273,899,317,142,117,1,-1,-1,-1
1394,272,1069,312,150,110,1,-1,-1,-1
1395,273,901,318,143,118,1,-1,-1,-1
1395,272,1072,312,151,111,1,-1,-1,-1
1396,273,903,320,144,119,1,-1,-1,-1
1396,272,1075,313,152,111,1,-1,-1,-1
1397,273,906,322,145,120,1,-1,-1,-1
1397,272,1077,314,154,111,1,-1,-1,-1
1398,273,908,324,147,120,1,-1,-1,-1
1398,272,1080,316,155,112,1,-1,-1,-1
1399,273,912,326,149,121,1,-1,-1,-1
1399,272,1085,317,156,113,1,-1,-1,-1
1400,273,915,328,151,122,1,-1,-1,-1
1400,272,1089,319,158,113,1,-1,-1,-1
1401,273,918,331,153,124,1,-1,-1,-1
1401,272,1096,320,160,114,1,-1,-1,-1
1402,273,922,333,155,125,1,-1,-1,-1
1402,272,1102,321,163,116,1,-1,-1,-1
1403,273,926,336,157,126,1,-1,-1,-1
1403,272,1108,322,166,117,1,-1,-1,-1
1404,273,930,339,159,128,1,-1,-1,-1
1404,272,1113,325,169,118,1,-1,-1,-1
1405,273,935,343,163,130,1,-1,-1,-1
1405,272,1118,326,173,120,1,-1,-1,-1
1406,273,939,346,166,133,1,-1,-1,-1
1406,272,1128,327,177,121,1,-1,-1,-1
1407,273,945,350,169,135,1,-1,-1,-1
1407,272,1138,329,181,123,1,-1,-1,-1
1408,273,951,354,173,138,1,-1,-1,-1
1408,272,1149,330,184,124,1,-1,-1,-1
1409,273,957,359,176,141,1,-1,-1,-1
1409,272,1158,331,189,125,1,-1,-1,-1
1410,273,964,363,181,144,1,-1,-1,-1
1410,272,1169,332,194,126,1,-1,-1,-1
1411,273,971,368,185,147,1,-1,-1,-1
1411,272,1184,334,201,128,1,-1,-1,-1
1412,273,980,375,189,151,1,-1,-1,-1
1412,272,1200,334,208,129,1,-1,-1,-1
1413,273,991,381,194,154,1,-1,-1,-1
1413,272,1217,337,217,130,1,-1,-1,-1
1414,273,1000,386,200,158,1,-1,-1,-1
1414,272,1234,338,226,132,1,-1,-1,-1
1415,273,1011,394,205,163,1,-1,-1,-1
1415,272,1253,341,235,133,1,-1,-1,-1
1416,273,1024,402,212,169,1,-1,-1,-1
1416,272,1278,344,244,135,1,-1,-1,-1
1417,273,1036,410,221,174,1,-1,-1,-1
1417,272,1306,347,253,136,1,-1,-1,-1
1418,273,1052,420,231,179,1,-1,-1,-1
1418,272,1335,352,262,138,1,-1,-1,-1
1419,273,1067,429,242,186,1,-1,-1,-1
1419,272,1358,355,272,139,1,-1,-1,-1
1420,273,1089,443,253,192,1,-1,-1,-1
1420,272,1384,360,283,141,1,-1,-1,-1
1421,273,1116,457,266,198,1,-1,-1,-1
1421,272,1421,363,294,143,1,-1,-1,-1
1422,273,1137,472,282,207,1,-1,-1,-1
1422,272,1460,366,306,145,1,-1,-1,-1
1423,273,1164,488,299,216,1,-1,-1,-1
1423,272,1498,369,319,147,1,-1,-1,-1
1424,273,1194,508,319,226,1,-1,-1,-1
1424,272,1532,371,331,149,1,-1,-1,-1
1425,273,1228,529,340,238,1,-1,-1,-1
1425,272,1561,375,341,152,1,-1,-1,-1
1426,273,1267,555,362,250,1,-1,-1,-1
1426,272,1586,380,345,153,1,-1,-1,-1
1427,273,1310,583,389,264,1,-1,-1,-1
1427,272,1612,385,342,154,1,-1,-1,-1
1428,273,1357,612,418,279,1,-1,-1,-1
1429,273,1402,642,445,295,1,-1,-1,-1
1430,273,1432,673,465,310,1,-1,-1,-1
1446,275,100,571,563,414,1,-1,-1,-1
1447,275,123,572,611,428,1,-1,-1,-1
1448,275,163,585,638,435,1,-1,-1,-1
1449,275,191,599,667,441,1,-1,-1,-1
1450,275,234,612,696,447,1,-1,-1,-1
1451,275,297,625,716,454,1,-1,-1,-1
1452,275,365,638,740,459,1,-1,-1,-1
1453,275,429,649,760,460,1,-1,-1,-1
1454,275,486,660,777,457,1,-1,-1,-1
1455,275,546,665,799,453,1,-1,-1,-1
1456,275,620,676,814,445,1,-1,-1,-1
1457,275,696,690,829,435,1,-1,-1,-1
1525,276,1485,363,297,167,1,-1,-1,-1
1526,276,1455,357,294,163,1,-1,-1,-1
1527,276,1430,351,285,157,1,-1,-1,-1
1528,276,1411,347,274,151,1,-1,-1,-1
1529,276,1396,343,262,145,1,-1,-1,-1
1530,276,1382,338,251,139,1,-1,-1,-1
1531,276,1367,334,239,133,1,-1,-1,-1
1532,276,1353,331,226,127,1,-1,-1,-1
1533,276,1338,328,214,122,1,-1,-1,-1
1534,276,1324,325,204,117,1,-1,-1,-1
1535,276,1312,324,193,112,1,-1,-1,-1
1536,276,1298,322,183,107,1,-1,-1,-1
1537,277,896,233,77,67,1,-1,-1,-1
1537,276,1285,320,174,103,1,-1,-1,-1
1538,277,894,234,77,67,1,-1,-1,-1
1538,276,1275,318,166,99,1,-1,-1,-1
1539,277,891,235,76,67,1,-1,-1,-1
1539,276,1262,316,158,95,1,-1,-1,-1
1540,277,889,235,77,67,1,-1,-1,-1
1540,276,1253,313,151,92,1,-1,-1,-1
1541,277,887,235,78,67,1,-1,-1,-1
1541,276,1241,311,146,90,1,-1,-1,-1
1542,278,1414,323,308,183,1,-1,-1,-1
1542,277,884,235,79,68,1,-1,-1,-1
1542,276,1231,309,141,88,1,-1,-1,-1
1543,278,1392,319,295,175,1,-1,-1,-1
1543,277,881,236,81,69,1,-1,-1,-1
1543,276,1220,306,137,86,1,-1,-1,-1
1544,278,1371,317,283,168,1,-1,-1,-1
1544,277,879,236,82,70,1,-1,-1,-1
1544,276,1210,304,132,84,1,-1,-1,-1
1545,278,1350,314,272,162,1,-1,-1,-1
1545,277,876,237,82,71,1,-1,-1,-1
1545,276,1202,301,128,82,1,-1,-1,-1
1546,278,1333,310,260,155,1,-1,-1,-1
1546,277,873,237,83,71,1,-1,-1,-1
1546,276,1194,298,125,81,1,-1,-1,-1
1547,278,1317,308,248,149,1,-1,-1,-1
1547,277,871,238,83,72,1,-1,-1,-1
1547,276,1186,296,121,79,1,-1,-1,-1
1548,278,1302,306,235,142,1,-1,-1,-1
1548,277,869,239,83,72,1,-1,-1,-1
1548,276,1178,295,117,78,1,-1,-1,-1
1549,278,1288,303,223,137,1,-1,-1,-1
1549,277,867,240,84,73,1,-1,-1,-1
1549,276,1171,293,114,77,1,-1,-1,-1
1550,278,1274,300,212,131,1,-1,-1,-1
1550,277,865,240,84,73,1,-1,-1,-1
1550,276,1165,291,111,76,1,-1,-1,-1
1551,278,1262,299,201,126,1,-1,-1,-1
1551,277,863,241,85,73,1,-1,-1,-1
1551,276,1160,289,108,75,1,-1,-1,-1
1552,278,1253,298,191,121,1,-1,-1,-1
1552,277,860,242,86,74,1,-1,-1,-1
1552,276,1153,287,105,74,1,-1,-1,-1
1553,278,1241,297,182,116,1,-1,-1,-1
1553,277,858,242,87,74,1,-1,-1,-1
1553,276,1148,285,102,73,1,-1,-1,-1
1554,278,1232,295,174,112,1,-1,-1,-1
1554,277,856,243,88,75,1,-1,-1,-1
1554,276,1142,284,100,72,1,-1,-1,-1
1555,278,1222,293,165,108,1,-1,-1,-1
1555,277,854,244,89,75,1,-1,-1,-1
1555,276,1137,282,98,71,1,-1,-1,-1
1556,278,1214,292,157,104,1,-1,-1,-1
1556,277,853,245,90,76,1,-1,-1,-1
1556,276,1133,280,96,71,1,-1,-1,-1
1557,279,1524,359,298,175,1,-1,-1,-1
1557,278,1205,291,150,100,1,-1,-1,-1
1557,277,852,247,91,76,1,-1,-1,-1
1557,276,1127,278,93,70,1,-1,-1,-1
1558,279,1497,351,296,171,1,-1,-1,-1
1558,278,1194,290,143,96,1,-1,-1,-1
1558,277,850,248,91,77,1,-1,-1,-1
1558,276,1121,276,90,68,1,-1,-1,-1
1559,279,1470,343,291,166,1,-1,-1,-1
1559,278,1184,289,138,93,1,-1,-1,-1
1559,277,849,249,92,77,1,-1,-1,-1
1559,276,1116,273,86,66,1,-1,-1,-1
1560,279,1446,339,283,159,1,-1,-1,-1
1560,278,1175,288,133,91,1,-1,-1,-1
1560,277,849,249,93,77,1,-1,-1,-1
1560,276,1111,273,83,64,1,-1,-1,-1
1561,279,1427,337,271,152,1,-1,-1,-1
1561,278,1168,286,128,89,1,-1,-1,-1
1561,277,848,250,94,78,1,-1,-1,-1
1561,276,1108,272,80,62,1,-1,-1,-1
1562,279,1411,334,259,145,1,-1,-1,-1
1562,278,1160,284,124,86,1,-1,-1,-1
1562,277,845,251,95,79,1,-1,-1,-1
1562,276,1104,272,76,60,1,-1,-1,-1
1563,279,1397,332,249,139,1,-1,-1,-1
1563,278,1154,281,120,84,1,-1,-1,-1
1563,277,844,251,96,80,1,-1,-1,-1
1563,276,1100,272,73,57,1,-1,-1,-1
1564,279,1381,329,237,133,1,-1,-1,-1
1564,278,1148,281,115,82,1,-1,-1,-1
1564,277,843,251,98,81,1,-1,-1,-1
1564,276,1098,272,69,55,1,-1,-1,-1
1565,279,1361,326,226,127,1,-1,-1,-1
1565,278,1143,279,111,80,1,-1,-1,-1
1565,277,842,251,99,82,1,-1,-1,-1
1566,279,1347,323,215,122,1,-1,-1,-1
1566,278,1137,278,107,78,1,-1,-1,-1
1566,277,842,252,100,83,1,-1,-1,-1
1567,279,1334,321,204,117,1,-1,-1,-1
1567,278,1132,277,103,76,1,-1,-1,-1
1567,277,842,252,101,85,1,-1,-1,-1
1568,279,1321,319,194,113,1,-1,-1,-1
1568,278,1124,275,100,75,1,-1,-1,-1
1568,277,842,253,102,86,1,-1,-1,-1
1569,279,1309,317,186,109,1,-1,-1,-1
1569,278,1120,274,97,73,1,-1,-1,-1
1569,277,842,255,103,87,1,-1,-1,-1
1570,279,1296,315,177,105,1,-1,-1,-1
1570,278,1116,273,94,71,1,-1,-1,-1
1570,277,841,255,104,88,1,-1,-1,-1
1571,279,1287,314,169,102,1,-1,-1,-1
1571,278,1112,271,91,70,1,-1,-1,-1
1571,277,841,256,105,89,1,-1,-1,-1
1572,279,1277,312,162,99,1,-1,-1,-1
1572,278,1108,270,88,68,1,-1,-1,-1
1572,277,841,258,106,90,1,-1,-1,-1
1573,279,1266,311,156,97,1,-1,-1,-1
1573,278,1105,269,86,66,1,-1,-1,-1
1573,277,840,259,106,91,1,-1,-1,-1
1574,279,1255,309,150,94,1,-1,-1,-1
1574,278,1101,268,83,65,1,-1,-1,-1
1574,277,840,261,106,93,1,-1,-1,-1
1575,279,1243,308,146,92,1,-1,-1,-1
1575,278,1096,267,82,63,1,-1,-1,-1
1575,277,840,261,107,94,1,-1,-1,-1
1576,279,1233,305,141,90,1,-1,-1,-1
1576,278,1091,265,80,63,1,-1,-1,-1
1576,277,839,262,107,95,1,-1,-1,-1
1577,279,1222,303,137,88,1,-1,-1,-1
1577,278,1087,263,78,62,1,-1,-1,-1
1577,277,838,263,108,97,1,-1,-1,-1
1578,279,1212,301,133,86,1,-1,-1,-1
1578,278,1085,263,77,62,1,-1,-1,-1
1578,277,838,264,108,98,1,-1,-1,-1
1579,280,1457,331,278,168,1,-1,-1,-1
1579,279,1203,299,130,85,1,-1,-1,-1
1579,278,1083,261,75,61,1,-1,-1,-1
1579,277,836,265,110,100,1,-1,-1,-1
1580,280,1433,327,269,162,1,-1,-1,-1
1580,279,1192,297,127,83,1,-1,-1,-1
1580,278,1081,260,74,61,1,-1,-1,-1
1580,277,836,265,111,102,1,-1,-1,-1
1581,280,1415,323,258,155,1,-1,-1,-1
1581,279,1183,294,123,82,1,-1,-1,-1
1581,278,1077,257,72,61,1,-1,-1,-1
1581,277,836,266,112,103,1,-1,-1,-1
1582,280,1395,319,246,149,1,-1,-1,-1
1582,279,1175,293,119,80,1,-1,-1,-1
1582,278,1076,256,71,61,1,-1,-1,-1
1582,277,835,266,113,105,1,-1,-1,-1
1583,280,1380,314,236,144,1,-1,-1,-1
1583,279,1167,290,116,79,1,-1,-1,-1
1583,278,1074,254,70,61,1,-1,-1,-1
1583,277,833,267,114,106,1,-1,-1,-1
1584,280,1362,312,227,139,1,-1,-1,-1
1584,279,1161,288,113,78,1,-1,-1,-1
1584,278,1070,253,70,61,1,-1,-1,-1
1584,277,831,269,115,107,1,-1,-1,-1
1585,280,1344,309,218,134,1,-1,-1,-1
1585,279,1155,286,111,77,1,-1,-1,-1
1585,278,1066,252,70,61,1,-1,-1,-1
1585,277,828,270,116,108,1,-1,-1,-1
1586,280,1328,306,210,130,1,-1,-1,-1
1586,279,1148,285,109,76,1,-1,-1,-1
1586,278,1064,251,69,61,1,-1,-1,-1
1586,277,824,272,118,109,1,-1,-1,-1
1587,280,1315,304,201,126,1,-1,-1,-1
1587,279,1143,284,106,74,1,-1,-1,-1
1587,278,1060,250,68,60,1,-1,-1,-1
1587,277,820,274,119,110,1,-1,-1,-1
1588,280,1302,302,193,122,1,-1,-1,-1
1588,279,1136,282,104,73,1,-1,-1,-1
1588,278,1057,250,67,60,1,-1,-1,-1
1588,277,814,275,121,111,1,-1,-1,-1
1589,280,1290,300,185,118,1,-1,-1,-1
1589,279,1130,280,102,72,1,-1,-1,-1
1589,278,1056,250,66,59,1,-1,-1,-1
1589,277,810,276,123,113,1,-1,-1,-1
1590,280,1279,299,178,114,1,-1,-1,-1
1590,279,1124,279,100,71,1,-1,-1,-1
1590,278,1055,250,65,58,1,-1,-1,-1
1590,277,800,278,126,115,1,-1,-1,-1
1591,280,1268,297,171,111,1,-1,-1,-1
1591,279,1120,278,98,70,1,-1,-1,-1
1591,278,1053,249,64,58,1,-1,-1,-1
1591,277,790,279,130,117,1,-1,-1,-1
1592,280,1258,297,165,108,1,-1,-1,-1
1592,279,1115,276,95,69,1,-1,-1,-1
1592,278,1053,248,62,56,1,-1,-1,-1
1592,277,779,282,135,118,1,-1,-1,-1
1593,280,1246,296,159,104,1,-1,-1,-1
1593,279,1112,275,93,68,1,-1,-1,-1
1593,278,1053,248,61,55,1,-1,-1,-1
1593,277,768,283,140,120,1,-1,-1,-1
1594,280,1235,295,153,101,1,-1,-1,-1
1594,279,1107,274,90,67,1,-1,-1,-1
1594,278,1053,247,59,54,1,-1,-1,-1
1594,277,755,285,145,122,1,-1,-1,-1
1595,280,1225,294,149,98,1,-1,-1,-1
1595,279,1103,273,88,66,1,-1,-1,-1
1595,278,1053,247,58,53,1,-1,-1,-1
1595,277,742,285,150,123,1,-1,-1,-1
1596,280,1215,291,144,96,1,-1,-1,-1
1596,279,1099,271,85,65,1,-1,-1,-1
1596,278,1053,248,57,52,1,-1,-1,-1
1596,277,727,286,156,125,1,-1,-1,-1
1597,280,1206,289,140,94,1,-1,-1,-1
1597,279,1097,270,82,64,1,-1,-1,-1
1597,278,1054,247,56,51,1,-1,-1,-1
1597,277,711,288,161,127,1,-1,-1,-1
1598,281,1443,313,304,187,1,-1,-1,-1
1598,280,1197,287,135,92,1,-1,-1,-1
1598,279,1093,270,80,63,1,-1,-1,-1
1598,278,1054,247,56,51,1,-1,-1,-1
1598,277,693,289,167,129,1,-1,-1,-1
1599,282,852,260,97,86,1,-1,-1,-1
1599,281,1417,308,295,181,1,-1,-1,-1
1599,280,1188,286,131,90,1,-1,-1,-1
1599,279,1090,268,77,62,1,-1,-1,-1
1599,277,675,291,173,131,1,-1,-1,-1
1600,282,850,261,99,88,1,-1,-1,-1
1600,281,1393,305,285,175,1,-1,-1,-1
1600,280,1178,285,127,88,1,-1,-1,-1
1600,279,1088,267,76,62,1,-1,-1,-1
1600,277,655,294,178,133,1,-1,-1,-1
1601,282,850,262,100,89,1,-1,-1,-1
1601,281,1375,301,274,169,1,-1,-1,-1
1601,280,1171,284,122,86,1,-1,-1,-1
1601,279,1086,264,75,62,1,-1,-1,-1
1601,277,636,296,184,135,1,-1,-1,-1
1602,282,849,263,101,91,1,-1,-1,-1
1602,281,1356,298,263,162,1,-1,-1,-1
1602,280,1165,282,119,84,1,-1,-1,-1
1602,279,1083,263,73,61,1,-1,-1,-1
1602,277,618,296,190,136,1,-1,-1,-1
1603,282,849,264,102,92,1,-1,-1,-1
1603,281,1339,296,251,156,1,-1,-1,-1
1603,280,1158,280,116,83,1,-1,-1,-1
1603,279,1081,261,73,61,1,-1,-1,-1
1603,277,595,298,197,138,1,-1,-1,-1
1604,282,848,266,102,92,1,-1,-1,-1
1604,281,1326,292,238,150,1,-1,-1,-1
1604,280,1155,279,113,82,1,-1,-1,-1
1604,279,1079,260,72,61,1,-1,-1,-1
1604,277,572,300,205,140,1,-1,-1,-1
1605,282,848,266,103,93,1,-1,-1,-1
1605,281,1312,290,227,145,1,-1,-1,-1
1605,280,1149,277,110,80,1,-1,-1,-1
1605,279,1078,258,70,60,1,-1,-1,-1
1605,277,545,302,215,142,1,-1,-1,-1
1606,282,847,268,104,95,1,-1,-1,-1
1606,281,1298,290,216,140,1,-1,-1,-1
1606,280,1142,275,107,79,1,-1,-1,-1
1606,277,516,304,223,143,1,-1,-1,-1
1607,282,846,269,104,96,1,-1,-1,-1
1607,281,1287,289,206,135,1,-1,-1,-1
1607,280,1137,274,105,78,1,-1,-1,-1
1607,277,486,307,231,145,1,-1,-1,-1
1608,282,846,270,105,97,1,-1,-1,-1
1608,281,1276,288,196,130,1,-1,-1,-1
1608,280,1132,272,102,76,1,-1,-1,-1
1608,277,450,310,239,147,1,-1,-1,-1
1609,282,845,270,106,98,1,-1,-1,-1
1609,281,1265,287,186,125,1,-1,-1,-1
1609,280,1126,270,100,76,1,-1,-1,-1
1609,277,413,312,248,148,1,-1,-1,-1
1610,282,842,271,107,99,1,-1,-1,-1
1610,281,1255,285,178,121,1,-1,-1,-1
1610,280,1121,269,99,75,1,-1,-1,-1
1610,277,377,314,255,149,1,-1,-1,-1
1611,282,840,272,109,101,1,-1,-1,-1
1611,281,1244,284,170,117,1,-1,-1,-1
1611,280,1116,269,97,75,1,-1,-1,-1
1611,277,335,315,264,151,1,-1,-1,-1
1612,282,838,273,110,102,1,-1,-1,-1
1612,281,1234,282,163,113,1,-1,-1,-1
1612,280,1113,268,95,74,1,-1,-1,-1
1612,277,290,317,273,153,1,-1,-1,-1
1613,282,835,274,112,104,1,-1,-1,-1
1613,281,1223,281,157,109,1,-1,-1,-1
1613,280,1110,266,92,72,1,-1,-1,-1
1613,277,246,320,282,154,1,-1,-1,-1
1614,282,832,275,114,105,1,-1,-1,-1
1614,281,1213,280,151,105,1,-1,-1,-1
1614,280,1106,265,90,71,1,-1,-1,-1
1614,277,203,323,291,156,1,-1,-1,-1
1615,282,828,277,115,107,1,-1,-1,-1
1615,281,1204,279,146,102,1,-1,-1,-1
1615,280,1103,264,87,69,1,-1,-1,-1
1615,277,158,325,300,157,1,-1,-1,-1
1616,282,823,278,117,109,1,-1,-1,-1
1616,281,1198,279,140,99,1,-1,-1,-1
1616,280,1098,263,86,69,1,-1,-1,-1
1616,277,115,327,308,158,1,-1,-1,-1
1617,282,819,280,118,110,1,-1,-1,-1
1617,281,1190,279,135,95,1,-1,-1,-1
1617,280,1093,262,85,69,1,-1,-1,-1
1617,277,72,329,314,159,1,-1,-1,-1
1618,282,813,282,120,112,1,-1,-1,-1
1618,281,1184,278,129,92,1,-1,-1,-1
1618,280,1088,260,84,68,1,-1,-1,-1
1618,277,29,331,320,160,1,-1,-1,-1
1619,282,807,284,122,113,1,-1,-1,-1
1619,281,1177,276,124,89,1,-1,-1,-1
1619,280,1085,257,84,69,1,-1,-1,-1
1619,277,-8,332,321,161,1,-1,-1,-1
1620,282,798,284,124,115,1,-1,-1,-1
1620,281,1170,275,120,87,1,-1,-1,-1
1620,280,1082,255,84,69,1,-1,-1,-1
1620,277,-34,335,318,161,1,-1,-1,-1
1621,282,788,285,127,117,1,-1,-1,-1
1621,281,1164,274,116,85,1,-1,-1,-1
1621,280,1080,253,84,69,1,-1,-1,-1
1621,277,-52,336,310,160,1,-1,-1,-1
1622,282,777,287,131,118,1,-1,-1,-1
1622,281,1158,273,112,83,1,-1,-1,-1
1622,280,1078,251,84,69,1,-1,-1,-1
1623,282,764,288,135,120,1,-1,-1,-1
1623,281,1150,272,109,81,1,-1,-1,-1
1623,280,1077,249,83,68,1,-1,-1,-1
1624,282,750,290,139,121,1,-1,-1,-1
1624,281,1143,271,105,80,1,-1,-1,-1
1624,280,1075,248,81,67,1,-1,-1,-1
1625,282,734,293,144,123,1,-1,-1,-1
1625,281,1137,271,102,78,1,-1,-1,-1
1625,280,1073,249,80,66,1,-1,-1,-1
1626,282,717,296,149,124,1,-1,-1,-1
1626,281,1132,269,100,76,1,-1,-1,-1
1626,280,1071,248,77,64,1,-1,-1,-1
1627,282,698,297,153,125,1,-1,-1,-1
1627,281,1128,268,97,74,1,-1,-1,-1
1628,282,679,298,158,125,1,-1,-1,-1
1628,281,1124,267,94,73,1,-1,-1,-1
1629,282,657,300,163,126,1,-1,-1,-1
1629,281,1121,266,92,72,1,-1,-1,-1
1630,282,634,302,168,127,1,-1,-1,-1
1630,281,1118,265,90,71,1,-1,-1,-1
1631,282,611,305,174,128,1,-1,-1,-1
1631,281,1115,264,88,70,1,-1,-1,-1
1632,282,584,307,180,129,1,-1,-1,-1
1632,281,1111,264,86,69,1,-1,-1,-1
1633,282,552,310,187,131,1,-1,-1,-1
1633,281,1106,263,84,68,1,-1,-1,-1
1634,282,523,312,194,133,1,-1,-1,-1
1634,281,1102,261,83,68,1,-1,-1,-1
1635,282,490,314,202,135,1,-1,-1,-1
1635,281,1098,258,82,68,1,-1,-1,-1
1636,282,457,315,210,137,1,-1,-1,-1
1636,281,1094,255,82,69,1,-1,-1,-1
1637,282,419,318,218,138,1,-1,-1,-1
1637,281,1090,253,81,69,1,-1,-1,-1
1638,282,382,321,226,139,1,-1,-1,-1
1638,281,1088,252,80,69,1,-1,-1,-1
1639,282,341,323,234,141,1,-1,-1,-1
1639,281,1087,251,79,69,1,-1,-1,-1
1640,282,294,325,242,142,1,-1,-1,-1
1640,281,1085,250,78,69,1,-1,-1,-1
1641,282,248,328,250,143,1,-1,-1,-1
1641,281,1084,250,77,69,1,-1,-1,-1
1642,282,205,330,257,144,1,-1,-1,-1
1642,281,1082,250,76,68,1,-1,-1,-1
1643,282,161,332,264,145,1,-1,-1,-1
1643,281,1081,249,75,67,1,-1,-1,-1
1644,282,111,335,269,146,1,-1,-1,-1
1644,281,1080,249,73,66,1,-1,-1,-1
1645,282,63,337,275,147,1,-1,-1,-1
1645,281,1079,248,72,64,1,-1,-1,-1
1646,282,17,339,278,148,1,-1,-1,-1
1646,281,1077,248,70,64,1,-1,-1,-1
1647,281,1076,247,69,63,1,-1,-1,-1
1648,283,904,229,80,70,1,-1,-1,-1
1648,281,1076,246,68,62,1,-1,-1,-1
1649,283,901,229,81,71,1,-1,-1,-1
1649,281,1075,245,68,61,1,-1,-1,-1
1650,283,898,229,82,71,1,-1,-1,-1
1650,281,1074,245,67,61,1,-1,-1,-1
1651,283,893,229,82,71,1,-1,-1,-1
1651,281,1072,244,67,60,1,-1,-1,-1
1652,283,890,229,82,71,1,-1,-1,-1
1652,281,1071,243,66,60,1,-1,-1,-1
1653,283,887,230,83,71,1,-1,-1,-1
1653,281,1071,242,65,59,1,-1,-1,-1
1654,283,885,230,83,72,1,-1,-1,-1
1654,281,1070,241,64,59,1,-1,-1,-1
1655,283,883,231,84,72,1,-1,-1,-1
1655,281,1070,240,63,58,1,-1,-1,-1
1656,283,881,231,85,73,1,-1,-1,-1
1656,281,1071,239,62,58,1,-1,-1,-1
1657,283,879,232,86,73,1,-1,-1,-1
1657,281,1071,239,61,57,1,-1,-1,-1
1658,283,878,233,86,73,1,-1,-1,-1
1658,281,1071,237,60,57,1,-1,-1,-1
1659,284,1443,339,239,145,1,-1,-1,-1
1659,283,875,233,86,74,1,-1,-1,-1
1659,281,1071,236,58,56,1,-1,-1,-1
1660,284,1420,334,229,140,1,-1,-1,-1
1660,283,872,234,86,74,1,-1,-1,-1
1660,281,1071,236,58,56,1,-1,-1,-1
1661,284,1397,328,220,134,1,-1,-1,-1
1661,283,870,235,87,75,1,-1,-1,-1
1661,281,1072,235,57,55,1,-1,-1,-1
1662,284,1377,324,209,128,1,-1,-1,-1
1662,283,867,236,87,75,1,-1,-1,-1
1662,281,1072,234,57,55,1,-1,-1,-1
1663,284,1357,321,197,123,1,-1,-1,-1
1663,283,865,237,87,75,1,-1,-1,-1
1664,284,1339,318,187,117,1,-1,-1,-1
1664,283,863,238,88,75,1,-1,-1,-1
1665,284,1322,315,177,112,1,-1,-1,-1
1665,283,861,239,89,76,1,-1,-1,-1
1666,284,1308,313,168,107,1,-1,-1,-1
1666,283,860,240,89,76,1,-1,-1,-1
1667,284,1295,311,160,103,1,-1,-1,-1
1667,283,858,241,90,77,1,-1,-1,-1
1668,284,1283,308,151,99,1,-1,-1,-1
1668,283,857,242,91,78,1,-1,-1,-1
1669,284,1269,306,144,95,1,-1,-1,-1
1669,283,857,243,91,78,1,-1,-1,-1
1670,284,1256,305,138,92,1,-1,-1,-1
1670,283,857,243,92,79,1,-1,-1,-1
1671,284,1243,304,132,88,1,-1,-1,-1
1671,283,855,244,93,80,1,-1,-1,-1
1672,284,1230,302,127,86,1,-1,-1,-1
1672,283,854,244,94,81,1,-1,-1,-1
1673,284,1218,299,123,83,1,-1,-1,-1
1673,283,854,245,94,81,1,-1,-1,-1
1674,284,1206,297,119,81,1,-1,-1,-1
1674,283,853,247,95,82,1,-1,-1,-1
1675,284,1195,294,115,79,1,-1,-1,-1
1675,283,852,248,96,83,1,-1,-1,-1
1676,284,1185,292,112,78,1,-1,-1,-1
1676,283,852,249,97,84,1,-1,-1,-1
1677,284,1175,291,108,76,1,-1,-1,-1
1677,283,851,250,97,85,1,-1,-1,-1
1678,284,1166,288,106,75,1,-1,-1,-1
1678,283,852,251,98,86,1,-1,-1,-1
1679,284,1160,286,104,74,1,-1,-1,-1
1679,283,851,252,99,87,1,-1,-1,-1
1680,284,1151,284,101,73,1,-1,-1,-1
1680,283,852,253,100,87,1,-1,-1,-1
1681,284,1143,282,98,71,1,-1,-1,-1
1681,283,851,254,101,88,1,-1,-1,-1
1682,284,1136,280,95,70,1,-1,-1,-1
1682,283,852,254,101,89,1,-1,-1,-1
1683,284,1129,278,92,69,1,-1,-1,-1
1683,283,852,255,102,90,1,-1,-1,-1
1684,284,1123,276,89,68,1,-1,-1,-1
1684,283,852,256,103,91,1,-1,-1,-1
1685,284,1117,274,87,67,1,-1,-1,-1
1685,283,852,257,104,93,1,-1,-1,-1
1686,284,1112,272,85,67,1,-1,-1,-1
1686,283,851,258,105,94,1,-1,-1,-1
1687,284,1108,271,83,66,1,-1,-1,-1
1687,283,851,258,106,96,1,-1,-1,-1
1688,285,1485,349,271,148,1,-1,-1,-1
1688,284,1104,270,80,64,1,-1,-1,-1
1688,283,852,259,107,98,1,-1,-1,-1
1689,285,1461,344,261,142,1,-1,-1,-1
1689,284,1099,269,78,63,1,-1,-1,-1
1689,283,852,260,108,99,1,-1,-1,-1
1690,285,1440,339,250,136,1,-1,-1,-1
1690,284,1095,269,75,62,1,-1,-1,-1
1690,283,852,260,109,101,1,-1,-1,-1
1691,285,1421,334,240,131,1,-1,-1,-1
1691,284,1091,267,73,60,1,-1,-1,-1
1691,283,852,261,111,102,1,-1,-1,-1
1692,285,1401,331,229,126,1,-1,-1,-1
1692,284,1089,266,70,59,1,-1,-1,-1
1692,283,852,261,112,104,1,-1,-1,-1
1693,285,1384,328,218,121,1,-1,-1,-1
1693,284,1087,265,68,57,1,-1,-1,-1
1693,283,852,262,112,105,1,-1,-1,-1
1694,285,1365,325,209,116,1,-1,-1,-1
1694,284,1085,264,66,56,1,-1,-1,-1
1694,283,851,264,114,107,1,-1,-1,-1
1695,285,1350,322,201,112,1,-1,-1,-1
1695,284,1083,263,64,54,1,-1,-1,-1
1695,283,850,264,114,108,1,-1,-1,-1
1696,285,1333,320,192,108,1,-1,-1,-1
1696,284,1082,263,61,52,1,-1,-1,-1
1696,283,849,265,115,110,1,-1,-1,-1
1697,285,1318,318,183,105,1,-1,-1,-1
1697,284,1081,263,58,49,1,-1,-1,-1
1697,283,847,266,116,112,1,-1,-1,-1
1698,285,1306,315,175,101,1,-1,-1,-1
1698,284,1080,262,55,47,1,-1,-1,-1
1698,283,844,267,117,114,1,-1,-1,-1
1699,285,1294,314,167,98,1,-1,-1,-1
1699,284,1078,262,53,45,1,-1,-1,-1
1699,283,841,268,118,115,1,-1,-1,-1
1700,285,1283,311,160,95,1,-1,-1,-1
1700,284,1077,263,51,43,1,-1,-1,-1
1700,283,838,269,120,117,1,-1,-1,-1
1701,285,1271,310,153,92,1,-1,-1,-1
1701,284,1075,262,50,42,1,-1,-1,-1
1701,283,833,270,122,119,1,-1,-1,-1
1702,285,1257,309,147,89,1,-1,-1,-1
1702,284,1073,262,49,41,1,-1,-1,-1
1702,283,829,270,124,120,1,-1,-1,-1
1703,285,1246,307,141,87,1,-1,-1,-1
1703,284,1072,261,48,40,1,-1,-1,-1
1703,283,823,272,126,121,1,-1,-1,-1
1704,285,1236,305,137,84,1,-1,-1,-1
1704,284,1072,261,46,39,1,-1,-1,-1
1704,283,817,274,128,122,1,-1,-1,-1
1705,285,1225,303,133,82,1,-1,-1,-1
1705,283,809,276,131,123,1,-1,-1,-1
1706,285,1214,301,129,80,1,-1,-1,-1
1706,283,799,278,135,125,1,-1,-1,-1
1707,285,1205,299,126,79,1,-1,-1,-1
1707,283,789,278,139,127,1,-1,-1,-1
1708,285,1195,296,122,78,1,-1,-1,-1
1708,283,780,280,144,128,1,-1,-1,-1
1709,285,1185,294,120,77,1,-1,-1,-1
1709,283,766,282,148,129,1,-1,-1,-1
1710,285,1177,292,116,76,1,-1,-1,-1
1710,283,753,282,154,131,1,-1,-1,-1
1711,285,1169,290,113,75,1,-1,-1,-1
1711,283,738,283,160,133,1,-1,-1,-1
1712,285,1164,288,110,74,1,-1,-1,-1
1712,283,719,285,167,135,1,-1,-1,-1
1713,285,1159,287,107,73,1,-1,-1,-1
1713,283,702,286,176,137,1,-1,-1,-1
1714,285,1154,285,104,71,1,-1,-1,-1
1714,283,681,287,184,139,1,-1,-1,-1
1715,285,1148,284,101,70,1,-1,-1,-1
1715,283,663,288,194,141,1,-1,-1,-1
1716,285,1141,283,97,68,1,-1,-1,-1
1716,283,640,290,204,142,1,-1,-1,-1
1717,285,1135,280,94,67,1,-1,-1,-1
1717,283,615,292,214,143,1,-1,-1,-1
1718,285,1130,279,91,66,1,-1,-1,-1
1718,283,590,293,225,145,1,-1,-1,-1
1719,285,1126,277,88,65,1,-1,-1,-1
1719,283,562,295,236,147,1,-1,-1,-1
1720,285,1123,275,85,63,1,-1,-1,-1
1720,283,533,297,247,148,1,-1,-1,-1
1721,285,1119,275,83,63,1,-1,-1,-1
1721,283,501,299,257,149,1,-1,-1,-1
1722,285,1115,274,81,62,1,-1,-1,-1
1722,283,469,302,266,151,1,-1,-1,-1
1723,285,1111,273,79,61,1,-1,-1,-1
1723,283,432,304,276,152,1,-1,-1,-1
1724,285,1108,272,78,60,1,-1,-1,-1
1724,283,397,307,285,153,1,-1,-1,-1
1725,285,1104,271,77,59,1,-1,-1,-1
1725,283,362,309,296,154,1,-1,-1,-1
1726,285,1100,270,76,59,1,-1,-1,-1
1726,283,314,311,305,156,1,-1,-1,-1
1727,285,1097,268,76,59,1,-1,-1,-1
1727,283,266,313,315,158,1,-1,-1,-1
1728,285,1094,266,76,59,1,-1,-1,-1
1728,283,225,316,322,158,1,-1,-1,-1
1729,285,1092,264,76,60,1,-1,-1,-1
1729,283,179,318,329,159,1,-1,-1,-1
1730,285,1090,262,75,60,1,-1,-1,-1
1730,283,132,320,335,160,1,-1,-1,-1
1731,285,1089,260,74,60,1,-1,-1,-1
1731,283,83,322,342,161,1,-1,-1,-1
1732,285,1087,259,73,58,1,-1,-1,-1
1732,283,34,322,347,162,1,-1,-1,-1
1733,285,1085,258,71,57,1,-1,-1,-1
1733,283,0,323,349,161,1,-1,-1,-1
1734,285,1084,258,70,56,1,-1,-1,-1
1735,285,1082,257,68,54,1,-1,-1,-1
1736,285,1081,257,66,53,1,-1,-1,-1
1737,285,1080,256,65,53,1,-1,-1,-1
1738,285,1080,255,63,52,1,-1,-1,-1
1739,285,1080,254,63,52,1,-1,-1,-1
1740,287,1406,307,284,176,1,-1,-1,-1
1740,285,1079,253,62,51,1,-1,-1,-1
1741,287,1377,302,272,168,1,-1,-1,-1
1741,285,1078,253,62,51,1,-1,-1,-1
1742,287,1355,298,260,160,1,-1,-1,-1
1742,285,1077,252,61,51,1,-1,-1,-1
1743,287,1333,295,246,152,1,-1,-1,-1
1743,285,1077,251,61,51,1,-1,-1,-1
1744,287,1310,290,234,146,1,-1,-1,-1
1744,285,1076,251,60,50,1,-1,-1,-1
1745,287,1292,289,222,139,1,-1,-1,-1
1745,285,1076,250,60,50,1,-1,-1,-1
1746,287,1278,288,209,133,1,-1,-1,-1
1747,287,1265,287,196,126,1,-1,-1,-1
1748,287,1253,286,183,120,1,-1,-1,-1
1749,287,1239,285,172,113,1,-1,-1,-1
1750,287,1227,284,161,107,1,-1,-1,-1
1751,287,1216,284,151,102,1,-1,-1,-1
1752,287,1205,282,142,97,1,-1,-1,-1
1753,287,1195,281,134,92,1,-1,-1,-1
1754,287,1187,280,126,88,1,-1,-1,-1
1755,287,1176,279,119,84,1,-1,-1,-1
1756,287,1168,278,113,80,1,-1,-1,-1
1757,287,1161,277,108,78,1,-1,-1,-1
1758,287,1154,275,103,75,1,-1,-1,-1
1759,287,1146,274,98,73,1,-1,-1,-1
1760,287,1140,273,94,70,1,-1,-1,-1
1761,287,1134,272,89,67,1,-1,-1,-1
1762,287,1129,271,84,65,1,-1,-1,-1
1763,287,1123,270,81,63,1,-1,-1,-1
1764,287,1120,270,78,61,1,-1,-1,-1
1765,287,1115,269,76,60,1,-1,-1,-1
1766,287,1111,268,73,58,1,-1,-1,-1
1767,287,1105,266,71,57,1,-1,-1,-1
1768,287,1100,265,69,56,1,-1,-1,-1
1772,288,1079,249,88,75,1,-1,-1,-1
1773,288,1077,248,86,73,1,-1,-1,-1
1774,288,1074,247,83,71,1,-1,-1,-1
1775,288,1073,247,80,69,1,-1,-1,-1
1776,288,1072,247,78,68,1,-1,-1,-1
1777,288,1071,247,76,66,1,-1,-1,-1
1778,288,1068,247,75,65,1,-1,-1,-1
1779,288,1066,246,74,65,1,-1,-1,-1
1780,288,1065,246,73,64,1,-1,-1,-1
1781,288,1064,245,73,64,1,-1,-1,-1
1782,288,1063,243,72,64,1,-1,-1,-1
1783,288,1061,242,71,63,1,-1,-1,-1
1784,288,1061,240,69,63,1,-1,-1,-1
1785,289,38,399,432,215,1,-1,-1,-1
1785,288,1061,238,68,62,1,-1,-1,-1
1786,289,45,398,442,215,1,-1,-1,-1
1786,288,1061,238,66,61,1,-1,-1,-1
1787,289,56,397,449,214,1,-1,-1,-1
1787,288,1062,237,65,60,1,-1,-1,-1
1788,289,78,396,453,212,1,-1,-1,-1
1789,289,101,396,455,210,1,-1,-1,-1
1790,289,125,395,456,208,1,-1,-1,-1
1791,289,149,394,460,207,1,-1,-1,-1
1792,289,176,392,464,207,1,-1,-1,-1
1793,289,205,390,466,207,1,-1,-1,-1
1794,289,234,389,468,207,1,-1,-1,-1
1795,289,267,387,469,206,1,-1,-1,-1
1796,289,306,384,469,205,1,-1,-1,-1
1797,289,346,382,468,203,1,-1,-1,-1
1798,289,386,380,466,202,1,-1,-1,-1
1799,289,424,379,461,200,1,-1,-1,-1
1800,289,461,378,457,198,1,-1,-1,-1
1801,289,500,376,451,196,1,-1,-1,-1
1802,289,536,374,445,193,1,-1,-1,-1
1803,289,571,372,440,191,1,-1,-1,-1
1804,289,597,369,437,190,1,-1,-1,-1
1805,289,627,365,434,189,1,-1,-1,-1
1806,289,666,362,428,187,1,-1,-1,-1
1807,289,704,358,422,186,1,-1,-1,-1
1808,289,742,354,414,184,1,-1,-1,-1
1809,289,778,350,406,182,1,-1,-1,-1
1810,289,806,347,399,180,1,-1,-1,-1
1811,289,838,344,390,178,1,-1,-1,-1
1812,289,870,342,378,176,1,-1,-1,-1
1813,289,903,339,367,173,1,-1,-1,-1
1814,289,936,336,355,171,1,-1,-1,-1
1815,289,963,332,342,168,1,-1,-1,-1
1816,289,989,330,328,165,1,-1,-1,-1
1817,289,1014,327,313,162,1,-1,-1,-1
1818,289,1038,325,298,158,1,-1,-1,-1
1819,289,1061,323,282,154,1,-1,-1,-1
1820,289,1081,320,266,150,1,-1,-1,-1
1821,289,1099,318,250,146,1,-1,-1,-1
1822,289,1116,315,235,141,1,-1,-1,-1
1823,289,1133,313,221,137,1,-1,-1,-1
1824,289,1146,313,207,133,1,-1,-1,-1
1825,289,1157,312,194,130,1,-1,-1,-1
1826,289,1167,310,181,126,1,-1,-1,-1
1827,289,1177,309,170,122,1,-1,-1,-1
1828,290,238,401,408,190,1,-1,-1,-1
1828,289,1185,308,159,118,1,-1,-1,-1
1829,290,287,397,408,190,1,-1,-1,-1
1829,289,1192,306,149,114,1,-1,-1,-1
1830,290,334,392,409,190,1,-1,-1,-1
1830,289,1198,304,140,110,1,-1,-1,-1
1831,290,384,387,412,191,1,-1,-1,-1
1831,289,1203,304,132,106,1,-1,-1,-1
1832,290,436,384,413,191,1,-1,-1,-1
1832,289,1207,303,124,102,1,-1,-1,-1
1833,290,487,382,413,191,1,-1,-1,-1
1833,289,1209,302,118,99,1,-1,-1,-1
1834,290,539,380,414,190,1,-1,-1,-1
1834,289,1209,301,112,96,1,-1,-1,-1
1835,290,590,377,412,188,1,-1,-1,-1
1835,289,1207,299,108,93,1,-1,-1,-1
1836,290,644,375,409,186,1,-1,-1,-1
1836,289,1204,296,105,90,1,-1,-1,-1
1837,290,693,372,405,184,1,-1,-1,-1
1837,289,1199,294,102,88,1,-1,-1,-1
1838,290,742,369,399,182,1,-1,-1,-1
1838,289,1195,292,99,86,1,-1,-1,-1
1839,290,790,367,391,179,1,-1,-1,-1
1839,289,1190,291,97,84,1,-1,-1,-1
1840,290,838,363,384,177,1,-1,-1,-1
1840,289,1185,290,96,82,1,-1,-1,-1
1841,290,880,359,377,174,1,-1,-1,-1
1841,289,1179,289,94,81,1,-1,-1,-1
1842,290,921,356,370,172,1,-1,-1,-1
1842,289,1175,287,93,80,1,-1,-1,-1
1843,290,960,351,364,170,1,-1,-1,-1
1844,290,993,348,357,168,1,-1,-1,-1
1845,290,1025,345,349,166,1,-1,-1,-1
1846,290,1058,342,340,164,1,-1,-1,-1
1847,290,1084,338,330,161,1,-1,-1,-1
1848,290,1108,336,319,158,1,-1,-1,-1
1849,290,1131,334,305,155,1,-1,-1,-1
1850,290,1157,330,289,151,1,-1,-1,-1
1851,290,1179,328,273,148,1,-1,-1,-1
1852,290,1199,324,255,144,1,-1,-1,-1
1853,290,1215,323,236,139,1,-1,-1,-1
1854,290,1228,321,218,134,1,-1,-1,-1
1855,290,1241,321,201,129,1,-1,-1,-1
1856,290,1252,321,184,124,1,-1,-1,-1
1857,290,1260,321,169,119,1,-1,-1,-1
1858,290,1266,321,155,113,1,-1,-1,-1
1859,290,1270,321,142,108,1,-1,-1,-1
1860,290,1271,320,132,103,1,-1,-1,-1
1861,290,1270,318,124,99,1,-1,-1,-1
1862,290,1267,317,117,95,1,-1,-1,-1
1863,290,1263,315,111,92,1,-1,-1,-1
1864,290,1257,313,107,89,1,-1,-1,-1
1865,290,1251,312,104,86,1,-1,-1,-1
1866,290,1244,310,101,84,1,-1,-1,-1
1867,290,1235,308,100,83,1,-1,-1,-1
1868,290,1226,305,99,82,1,-1,-1,-1
1869,290,1217,303,99,81,1,-1,-1,-1
1870,290,1208,300,98,81,1,-1,-1,-1
1871,290,1198,298,97,79,1,-1,-1,-1
1872,290,1191,296,95,78,1,-1,-1,-1
1873,290,1185,294,94,77,1,-1,-1,-1
1874,290,1178,294,92,75,1,-1,-1,-1
1875,290,1172,292,90,74,1,-1,-1,-1
1876,290,1168,291,88,72,1,-1,-1,-1
1877,290,1163,290,85,71,1,-1,-1,-1
1878,290,1158,289,83,69,1,-1,-1,-1
1879,290,1153,288,80,68,1,-1,-1,-1
1880,290,1147,286,78,66,1,-1,-1,-1
1881,290,1142,284,77,65,1,-1,-1,-1
1882,290,1137,283,75,64,1,-1,-1,-1
1883,290,1132,281,74,63,1,-1,-1,-1
1884,290,1128,279,73,62,1,-1,-1,-1
1885,290,1124,278,72,62,1,-1,-1,-1
1886,290,1121,276,71,62,1,-1,-1,-1
1887,290,1117,275,70,61,1,-1,-1,-1
1888,290,1113,274,69,60,1,-1,-1,-1
1889,290,1111,274,67,59,1,-1,-1,-1
1890,290,1108,272,66,58,1,-1,-1,-1
1891,290,1105,269,65,57,1,-1,-1,-1
1892,290,1102,268,65,57,1,-1,-1,-1
1893,290,1100,265,65,58,1,-1,-1,-1
1894,290,1098,263,65,58,1,-1,-1,-1
1895,290,1096,262,64,57,1,-1,-1,-1
1896,290,1096,262,63,56,1,-1,-1,-1
1897,290,1096,261,61,55,1,-1,-1,-1
1898,290,1095,261,60,54,1,-1,-1,-1
1899,290,1094,260,58,52,1,-1,-1,-1
1900,290,1093,259,56,50,1,-1,-1,-1
1901,290,1092,258,54,49,1,-1,-1,-1
1902,290,1092,258,52,48,1,-1,-1,-1
1903,290,1091,258,50,46,1,-1,-1,-1
1939,291,1121,323,459,188,1,-1,-1,-1
1940,291,1041,324,461,188,1,-1,-1,-1
1941,291,966,324,461,187,1,-1,-1,-1
1942,291,887,325,462,188,1,-1,-1,-1
1943,291,806,326,462,187,1,-1,-1,-1
1944,291,721,326,464,187,1,-1,-1,-1
1945,291,627,325,468,188,1,-1,-1,-1
1946,291,525,328,471,187,1,-1,-1,-1
1947,291,427,330,473,187,1,-1,-1,-1
1948,291,334,334,471,187,1,-1,-1,-1
1949,292,1314,333,337,139,1,-1,-1,-1
1949,291,237,337,468,186,1,-1,-1,-1
1950,292,1248,332,342,139,1,-1,-1,-1
1950,291,137,341,465,185,1,-1,-1,-1
1951,292,1184,332,344,139,1,-1,-1,-1
1951,291,42,344,461,184,1,-1,-1,-1
1952,292,1118,333,347,139,1,-1,-1,-1
1952,291,-38,346,453,183,1,-1,-1,-1
1953,292,1050,334,347,138,1,-1,-1,-1
1953,291,-94,350,435,181,1,-1,-1,-1
1954,292,983,335,346,138,1,-1,-1,-1
